	albatross	alligator	ant	anteater	antelope	aphid	armadillo	baboon	badger	barbel	barracuda	bat	bear	beaver	bee	beetle	bengal_tiger	biddy	bison	black_bear	blackbird	blindworm	blue_whale	boa	bonobo	buffalo	bullock	bumblebee	butterfly	caiman	camel	canary	carp	cat	caterpillar	catfish	centipede	chameleon	chicken	chimpanzee	chipmunk	clown_fish	cockroach	cod	constrictor_snake	copperhead	coral_snake	cottonmouth	cow	coyote	crab	crocodile	crow	cuckoo	cuttlefish	dachshund	deer	diamondback_rattlesnake	dingo	dog	dolphin	donkey	dove	dragonfly	duck	eagle	earthworm	eel	elephant	elk	emu	falcon	finch	fin_whale	flamingo	flea	fly	fox	frog	frogspawn	gadfly	gazelle	gecko	gerbil	gibbon	giraffe	goat	goldfish	goose	gorilla	grasshopper	grizzly_bear	guinea_pig	gull	haddock	halibut	hamster	hare	harvestman	hawk	hedgehog	horse	hyena	iguana	jackdaw	jaguar	jay	jellyfish	kangaroo	kestrel	killer_whale	kiwi	koala	ladybug	lemur	lemming	leopard	lion	lizard	llama	lobster	louse	lynx	mandril	mallard	mammoth	marmot	midge	millipede	mink	mole	mongoose	monkey	moose	moth	mouse	mule	newt	nightingale	nuthatch	nymph	octopus	okapi	ostrich	otter	owl	oyster	panda	panther	parakeet	parrot	peacock	pekingese	pelican	penguin	perch	pheasant	pig	pigeon	pike	piranha	plaice	platypus	polar_bear	polecat	pony	poodle	porcupine	prairie_dog	prawn	puma	python	rabbit	racoon	rat	rattlesnake	raven	ray	red_admiral	red_panda	reindeer	rhinoceros	robin	rooster	round_worm	salamander	salmon	saurian	sawfish	scallop	scorpion	sea_cow	sea_lion	sea_snake	seal	shark	sheep	shell	shrimp	sidewinder	silkworm	skunk	sloth	slug	snail	snake	sparrow	sperm_whale	spider	squid	squirrel	starfish	stingray	stork	swallow	swallowtail	swan	swift	tapir	termite	tarantula	tiger	tit	toad	tortoise	toucan	trout	turkey	turtle	vulture	walrus	wasp	weasel	whale	wolf	wombat	woodpecker	wren	yak	zebra
albatross	0.0	0.012768268999989592	0.012058651482398614	0.013296846123788019	0.011673216391568963	0.012167258100370322	0.010757825309765203	0.013127538441733467	0.012762531956286403	0.011947686806093392	0.01351777788181375	0.012163928797701866	0.01309696733718256	0.012821476590458663	0.011360296949135661	0.008960474036571443	0.013327402500894495	0.014001208649188824	0.012238334636810176	0.012491021995629409	0.01184033564810411	0.013614674992530731	0.012699464885980036	0.012618897796636839	0.012140010123404748	0.012873994287161754	0.012231469125650912	0.012650568314042172	0.012354152563063835	0.012588974484646312	0.011565661658161608	0.013282304452276777	0.013072490616105463	0.013246328907349668	0.012504239943302874	0.012025933509671745	0.012594267410902495	0.011024596577663678	0.0121468508763039	0.01079878664889498	0.01295384197412396	0.013015095592102502	0.013078468406103345	0.012971116095041315	0.013188246434884641	0.013072131331896011	0.01298844915427471	0.011528147772176492	0.011890326897784147	0.012233766525326366	0.012743254875791627	0.011984924256664555	0.01093296389015034	0.012586746280275639	0.011928246576990336	0.012510364951539777	0.011327148190722582	0.011529298941702334	0.012522554744089295	0.011871754473831583	0.01150773876086364	0.012101185075471666	0.013118261189992961	0.010768178260731091	0.01178322159117231	0.013074704294825056	0.013363802234735487	0.011895277506321824	0.012544293881712158	0.01266240790669518	0.013009910509234533	0.012275579783794944	0.010624152334740216	0.011790532525213554	0.012504263261479161	0.012408179332545257	0.010012063774812207	0.010693178746341004	0.012224263000479296	0.012102493165059616	0.013179926170274824	0.01173778433405563	0.012868493565767825	0.011914616717237488	0.013241050575567865	0.011532007123251958	0.01210033225343551	0.01117321254879159	0.012883068216637593	0.011463871889354596	0.011809684565969836	0.012672490341336173	0.013657037136673102	0.011795908125298427	0.012308711917795652	0.012407323359339337	0.012361775138428429	0.012336712402198642	0.01257026701517859	0.012408486520862953	0.011082616984506804	0.013339159188916342	0.011412878558913042	0.013234046624086029	0.012104031939395599	0.012406951911530024	0.013807905688337173	0.013332757576063956	0.013235617523962328	0.01161943118325513	0.011889802765433166	0.011246099441212222	0.011409576421904488	0.011296975308983577	0.010239496175081488	0.012886250916973558	0.012063980869625467	0.013242561969839133	0.012881067565692225	0.01191499790268843	0.012620734506186868	0.012075883705103095	0.012764571529160239	0.014413483743859845	0.01200391950530734	0.011298734515044024	0.009346083142112535	0.013008177071105962	0.010734130773506776	0.01330038092445567	0.011521673811528578	0.01230437160933177	0.012216268114435153	0.011399182515953682	0.012795632139102479	0.011525682380231472	0.011529941587170037	0.013076352377553144	0.010289248872435618	0.013571309037539319	0.013009442514020022	0.012336846146726158	0.012643709983386603	0.011903218889831795	0.012915195454661682	0.011894936358089263	0.012077044868451127	0.011634522421287432	0.012636188147786602	0.013098907912161884	0.013235567546788715	0.011360488767903364	0.012552501420430346	0.012026840049421696	0.009507995745781959	0.011827532037360927	0.01217770376006675	0.01190989800638977	0.0130254058346757	0.013012166733675922	0.01170775843893771	0.012301579833088534	0.011409784056198724	0.012202199035887826	0.011862344114896273	0.011947658478657393	0.012884672512393702	0.013151096382078484	0.011755839684548347	0.012559414675773846	0.010948349700017339	0.012752319580346798	0.012856858013282756	0.01387869906905131	0.012658949853161993	0.011766313449073338	0.010856291256629924	0.013518946178116728	0.011971194724153058	0.011634494191692338	0.01251730945998807	0.012149359244555551	0.013654536303828149	0.010912050783444885	0.013396191769811478	0.012543994592445519	0.013426609403702366	0.011093696549417904	0.012582641029090654	0.011493460478311962	0.010640248745350602	0.012763360989335358	0.013103007191062084	0.01197991236991458	0.012312866000361671	0.01270544542579855	0.011018581770984259	0.01045864293565507	0.0124634521488886	0.011811647223787308	0.013469311365542597	0.012209205583966092	0.012864127224891416	0.011479465797809577	0.012592536879527287	0.012834585061840077	0.011708429399997767	0.013230595382533848	0.0124424546991316	0.011598468152013772	0.011658922755863992	0.011641868142216787	0.012824688663168644	0.010942867151634663	0.014405715517060191	0.012394834465291396	0.012782494976796462	0.012774056917787564	0.011452902287135138	0.012873975195098525	0.009817889859817552	0.012174200227575394	0.012514059579056687	0.01132878914138832	0.011580412762724021	0.01263969259804502	0.01125249719717325	0.014543870940661573	0.011144144713958462	0.014179540218513238	0.010703265030582982	0.012706849754269873	0.012828044693723666	0.012122765993565416	0.012527708529635417	0.011936522584916016	0.012701707889625956	0.013318657224525417	0.013720283283369853	0.012591093937340274
alligator	0.012768268999989592	0.0	0.013293565906771611	0.01311479863171415	0.01251489265392979	0.01322023191563249	0.013207824714307878	0.012706318207580785	0.01284418767660394	0.013054661632729846	0.01387026941055393	0.014148293799603315	0.013182894519452837	0.013565674437300678	0.013500197521927864	0.013527988473906523	0.013700118914420557	0.013571125486925406	0.013217229944653363	0.013261388582726498	0.01301265912956025	0.013820133015621522	0.01264197324825401	0.013715643275989762	0.012354660941228508	0.013476660220776506	0.013304713287295385	0.013765920967928204	0.010678508645465648	0.013027751394926792	0.013053794335808066	0.01335135971754544	0.012831179055784523	0.01390098999642643	0.012941351091531359	0.01306104338868806	0.012632443142352408	0.01214923262583353	0.01436694167717551	0.013525866757175002	0.012794421217762442	0.012615413478436815	0.012973863494756644	0.013878788359164129	0.013982311800394885	0.014012282825486283	0.013726589755246463	0.012974721208147681	0.012968443171356916	0.013189265027684954	0.013785306424446267	0.01352791732916051	0.012553651221701524	0.012911967677671655	0.013061356985022851	0.013265877254867229	0.011529584453856698	0.012335803833452246	0.01258987377273756	0.01223400364848663	0.013655081615547278	0.01280436990755825	0.013694719541735201	0.011042567290426693	0.012817552260396974	0.013719890140321503	0.013390852917268239	0.012639428371795	0.012866897142277827	0.013606553480406586	0.012709465976045019	0.013964020313927503	0.013906637496174063	0.01243539057990549	0.013526914962424343	0.013437681213003216	0.01379140913715617	0.013373682354525131	0.013430225775648888	0.013177420106978342	0.014004659846295526	0.013945628563039856	0.014177072158398299	0.01367948008687967	0.01446369458228914	0.01289263304148353	0.01258942079569223	0.013531353045838548	0.013680428332564575	0.01317513923931211	0.011369126373112097	0.012608563111300305	0.014131051782810527	0.011691041944258735	0.012939665129086342	0.013047132407296444	0.012479436709223508	0.01207079257035074	0.01237085182921998	0.01347194789120558	0.012835483028643426	0.014392464155838936	0.012206251464575308	0.012492087034725914	0.013357465806063897	0.013847973045892135	0.013757059004745205	0.014104923490084423	0.01385839801281451	0.012876342677001202	0.012368044869569767	0.01346192394452931	0.013224342625444092	0.01328029457479279	0.012841955844262311	0.01383903798349736	0.01222407996921531	0.013644260478831995	0.012629536601070341	0.013724639952391766	0.013149503390986665	0.012155448319735309	0.013961161288019573	0.013389644163065414	0.0133547825894897	0.013736364962282373	0.013612823188749814	0.0143193439045167	0.013379877246580773	0.01445065012539684	0.013925812488277258	0.013323135718221793	0.013231438507699375	0.012752946753079369	0.013473165240949391	0.013508914520389352	0.013595064253090093	0.01343656065504967	0.01337035615131227	0.014273201831972443	0.013598618189659803	0.01365335634911299	0.013549714366042933	0.013197916869800047	0.010776682673799397	0.01336455949731064	0.013721557983033483	0.013684644751908125	0.012534105597976932	0.013837745192365181	0.012390537566942066	0.01287557198754785	0.013321226604218977	0.013660040417177211	0.012441833013523695	0.012768266971581009	0.013756313084724702	0.013478764032075484	0.013139392191159019	0.014249123253026599	0.014102697406802369	0.01209290591655532	0.013499442937342844	0.012580509948216589	0.01311844781274769	0.013581330855397868	0.014071196510836638	0.013334992335382633	0.012340772844997098	0.014354025682268097	0.01272074973754634	0.01305611465342469	0.014130591874807787	0.013970109243473394	0.01400653582027018	0.01285977261882783	0.013095995326763699	0.013585858617597337	0.013250154982174365	0.012079538858717627	0.012667369015160947	0.012744975096111492	0.013439676321795548	0.013996583619867144	0.013646985437190128	0.012170632569731317	0.013555805067496254	0.01420813483041698	0.013396918746296789	0.012059217266712361	0.01285504898273095	0.013239473275153246	0.013904487551671419	0.01295526099589582	0.013808605080824796	0.012969239765465013	0.013291861132362017	0.012136594191127965	0.013476591480376996	0.012377358791101169	0.012347254667457315	0.013185283759918977	0.013339595117312787	0.011662582917454763	0.012957363078725685	0.013305056413358466	0.013246175466682927	0.014512944049912373	0.0144262062146423	0.013216271350479186	0.013153253064317978	0.012987120366496074	0.013373119955983184	0.012681062256332778	0.013853084483558771	0.01337486967451573	0.012738021504955949	0.013254313743627627	0.013766442140279458	0.013325372295683861	0.013295800890690927	0.012964787937022828	0.013712925892482589	0.01130458336721044	0.013771165317332074	0.013619721782546335	0.012729732732053696	0.014754319079508945	0.012891949266450731	0.014320249893038048	0.0127407073804539	0.013323167367353707	0.013366664661026475	0.01191956932868265	0.014123358793711082	0.01289440520190971	0.013968362076121267	0.01358349230205922	0.012970552302077588	0.013106713660796245
ant	0.012058651482398614	0.013293565906771611	0.0	0.012597786783888766	0.011909573274339154	0.01286081901901839	0.011905014132982965	0.011989833101635006	0.012916509640993463	0.011812279106219417	0.013758019249101947	0.012096359296080335	0.012286817781526089	0.01268722689625337	0.011137064725997207	0.012371946679156826	0.012548557035540253	0.012973793965697904	0.012361034071627737	0.012401318387501642	0.011494404570139534	0.012603577288830072	0.012700175169090593	0.013588833139994358	0.012092737455555358	0.011901837562224238	0.012901260239605425	0.012046481097519785	0.013410094776939961	0.012319632103967162	0.011311910334322437	0.013183324507430315	0.01251182503119784	0.01260293183374004	0.011627810829439917	0.010809077723406385	0.011999218655582806	0.012454808964885915	0.012483002832030566	0.012511296642701411	0.011839901039250129	0.011982070477522146	0.012676415631797817	0.01343031533074733	0.012725147264195977	0.012916155864954324	0.012324134881549494	0.011611349380756244	0.012899672557086244	0.011899240443659333	0.012360651892827933	0.01211457493458317	0.011852998393684469	0.012122145764459205	0.011295872998049534	0.012601275832219747	0.012866160933221453	0.012092729581424544	0.0110866878736318	0.012503707384197068	0.012626030078145669	0.011263703617116405	0.012774188467216403	0.012473539440844072	0.011788409790348914	0.012513938109270584	0.013520455196452568	0.011890616877502503	0.011655380635395651	0.012385892377160434	0.013240892908254672	0.012318014535901034	0.012351169561455513	0.012387232305732498	0.012767752235169403	0.012414565223091936	0.012056924784618886	0.01268908520329955	0.01120421083804768	0.011322193996745973	0.012194592570991153	0.01156521069211243	0.013365530196364798	0.01374458632773926	0.012911139590650836	0.011596739543396194	0.011249686926092675	0.012136246896577517	0.013244083040227282	0.012477565549361122	0.012046084076775845	0.012201502547527731	0.012769541666123312	0.013188870462443745	0.012275039719444193	0.01259791215879808	0.011791757179817999	0.012506739020359233	0.012717742436763642	0.012864399141093491	0.011615817647256879	0.012352439341866604	0.011978009395206594	0.012729641562769319	0.01186537588481099	0.011673499264544578	0.0129176091135766	0.011872100788129397	0.011104036353167996	0.012002994730340413	0.0117803963453824	0.012183142056486249	0.01285750921046154	0.012069100366700081	0.012037680539314762	0.012088065897001838	0.01172862950504076	0.013609266989893256	0.01208964893865191	0.012990224582707535	0.010778422699798718	0.012561208475703972	0.011845668591491125	0.014017786822386477	0.01125747753120696	0.012489306502893727	0.012269169910916136	0.012602925555088872	0.010990690984380045	0.01148834245016803	0.012467158410391976	0.01259341031654078	0.01163309710492667	0.01247353513398774	0.012673499628028051	0.012889586469279523	0.013052803273488834	0.012729093061780382	0.01276418165262615	0.012176697043240016	0.012206934481639014	0.011871570810526534	0.012767849997059077	0.011699940025132026	0.01251911492863676	0.012444500502937193	0.012587883330287493	0.012430382186225908	0.01251805530882246	0.011041543883651419	0.012832288726314065	0.012260768022691498	0.012682641114861845	0.012078657857737065	0.012237715450506606	0.011354369087870804	0.012163431159953582	0.011451492292472627	0.01185744160220784	0.012655461504014611	0.012511112631778449	0.01211319781974203	0.012297497343502335	0.011613862209166312	0.012345957027098016	0.012896191989073824	0.012240852273904555	0.012161641001094715	0.012694260181976795	0.013255284686074627	0.012033464564769298	0.013349569993639798	0.012786522875205349	0.012958605709953443	0.012099219484589498	0.011606433271308707	0.012787682210980674	0.013621231278088881	0.011946767995270008	0.01176034936659875	0.012066911722357949	0.011341014993082372	0.014102090856049989	0.012451551780987948	0.013648234799275153	0.012860184637053136	0.012497117135098448	0.012207272967541595	0.013082089338316253	0.012759269440024172	0.012218881009757161	0.011086017172996404	0.01248539935104536	0.012466933127184691	0.013721190064270165	0.013199410218283471	0.013052399427003753	0.011816272671309136	0.012456974643253677	0.012324149934268846	0.012169616693174692	0.012280975594507195	0.01185782852013209	0.012989483565763113	0.012295794889566876	0.011838940534487204	0.011922475562071402	0.01391175578060606	0.013378566921598915	0.01264669492348833	0.01110617694243276	0.01263990725594172	0.012703645065318302	0.011794926562814929	0.013839858917055461	0.011780809365028616	0.012186821477543583	0.013784201163165866	0.013002305548323035	0.01288426407166999	0.011946789098801178	0.012817959728108466	0.012755424305984331	0.012299665790143428	0.013051456623514668	0.012070661779499366	0.012065574497536993	0.014013315676050846	0.011609811086438325	0.013084148815851859	0.012343380467907648	0.012178271650645056	0.012444488232777431	0.01172264764674952	0.012359852616302758	0.012016403407051058	0.012672887172295755	0.012380511597356593	0.012884269162606501	0.011508400419761452
anteater	0.013296846123788019	0.01311479863171415	0.012597786783888766	4.214684851089403e-10	0.01225822233649409	0.012999027062760696	0.012667240765113708	0.012732340098567316	0.011584655169246979	0.012139582249008397	0.014014332055909856	0.013570426982252907	0.012227863258391687	0.013880365335636507	0.01243233931762004	0.012873083635305071	0.012632820978571092	0.01311710980522955	0.013190988000901157	0.012931475342901873	0.012115477330411961	0.01335823837712949	0.012782971133541671	0.013710858267380367	0.01351090958667873	0.012996047179250507	0.013513556217016323	0.0127464926617853	0.014072101519923386	0.010492557484533371	0.011951017826459027	0.013930375531216304	0.012104751824985353	0.013030902723199013	0.012583767371153163	0.01328646899072644	0.012012916717118221	0.01256995074015235	0.01337792055853902	0.012187814104797079	0.012819951193253718	0.012569976450963574	0.01316170925632492	0.012856771096741978	0.012838163887721915	0.013609201993821245	0.01274327661229685	0.012726627640923615	0.013005396758704331	0.011579595509355564	0.013257662359525222	0.013875202686731827	0.011908012590492885	0.013572553255294727	0.012782670222044963	0.012577325837302802	0.011973846642449215	0.012236040798162047	0.013418522109193767	0.013453434895283778	0.01291992960693097	0.011590958961387413	0.01285719164155564	0.013147944843974507	0.012185027618105288	0.01276024719334942	0.013760839455625005	0.012453766617449888	0.012186887073725582	0.012855097678380223	0.01312399923126262	0.013631320914620566	0.012487822191594214	0.01267195316578416	0.013084584356687827	0.013319624255782704	0.013238391699751889	0.012114530931689477	0.012803909315568603	0.011929302928410386	0.01367905198084419	0.013382007479300849	0.012166810875031398	0.013189487337300862	0.01311875220295908	0.012784437891146486	0.012555172933707549	0.012539109053661861	0.012820640305254333	0.012555666704167493	0.012417251277767015	0.013384019302644705	0.0120051897744013	0.013369786317786807	0.012163866241087744	0.012223013943109958	0.012128978491512144	0.013477815722220936	0.013435254579088816	0.012127711269269155	0.01136734350498866	0.012604999122640216	0.013560197217240689	0.0122467024384345	0.011775179892446128	0.013951453838842567	0.014410693875583462	0.01405643706923621	0.011544926341714381	0.012139583678733933	0.012467125359917093	0.01356771340354901	0.012383732837921956	0.011905334018982347	0.012475677873876984	0.013326598877193374	0.012076924241836106	0.013548077874960153	0.012898925046469034	0.01237385453069182	0.012512692983026756	0.013484676638968804	0.012172233377945691	0.013958689440946968	0.013329786177245194	0.012338661499616068	0.013043325782900793	0.013774809257693761	0.013133157829168997	0.013515725140455886	0.013532380159952848	0.013762512310936859	0.012655291036161767	0.012166357524966843	0.013427886601701484	0.011955360608330167	0.012456893421113955	0.012851685909950202	0.013157557725757375	0.013967444822365617	0.012194727065012161	0.013079158906410123	0.013020139696276991	0.012554172493118585	0.013727825792487158	0.013376179191770138	0.012870228065180818	0.01210421536635916	0.011781993597156789	0.013741272183771828	0.012084912801270404	0.013170836855895018	0.012967336861393688	0.013225734821691155	0.012609380034384094	0.01212120423409631	0.013273162318334666	0.013077926638858293	0.01331713700336657	0.013582594877187087	0.01211834582735723	0.012496500202007559	0.012607964041248936	0.014040246202303297	0.01305022327566857	0.012763697866421942	0.013067765097064676	0.01386838297174322	0.01320952463982748	0.012832985932912284	0.012271616402003756	0.012467523964507758	0.01268044490317545	0.012789276933676461	0.012760604866374864	0.010934493200804784	0.01264534128279655	0.014219234716635524	0.013249807024608292	0.012235484754174337	0.012939559437385131	0.011883859432264847	0.013899199534120657	0.011851116025505126	0.012887221701113642	0.01356808249341763	0.013017613117860882	0.011769958218114723	0.012750597543387698	0.011796258752138857	0.012899681650615107	0.0130577106826521	0.013822804793075074	0.012292313581642162	0.014110748950407238	0.01275837884346763	0.01189100830819826	0.011704778559452662	0.01218786566858665	0.012355010916611201	0.011632747262612103	0.011722419635984218	0.013176848677166677	0.013786151363074421	0.012747727203422092	0.012715128739341261	0.012230740534610134	0.01428616456756275	0.0133225733059389	0.012786974021382715	0.012508471690499285	0.011994026013881194	0.013499145705838343	0.01238944650917527	0.013136557794641296	0.013284476273253682	0.011185635239458648	0.013659639569783485	0.012690878422373151	0.012610911370546173	0.011986325124201698	0.013085466180462366	0.013062018894020887	0.013293424393677943	0.013294211529879285	0.012848314637948615	0.012516040665147849	0.014342354493165755	0.012817418513453588	0.011925548755823254	0.013491741858690884	0.013098454901535803	0.011558478275911437	0.012918639234483855	0.013261318590589535	0.011503284430748923	0.013486199985497571	0.012949050968943025	0.013408698240769106	0.013614865987830451
antelope	0.011673216391568963	0.01251489265392979	0.011909573274339154	0.01225822233649409	0.0	0.011574743887203809	0.010759143774615332	0.011643492953546542	0.011424136973640253	0.01070393101787751	0.013496151063163249	0.01322498977217115	0.012185021103329651	0.012882678194050727	0.011012382856366942	0.012028574511178376	0.012252962719754236	0.013325304073366072	0.01197286955683038	0.009430086670386407	0.010709234503657255	0.012005105120560631	0.01261718119476782	0.012093069186347625	0.011833843530981858	0.010026865080837635	0.012602484718939481	0.011787529647369071	0.013167084887188598	0.011024090873697389	0.01146243918074498	0.013378681636590948	0.01137384684083994	0.013058643330427269	0.012134695048282317	0.01125390923286341	0.012286211263640726	0.011807798836120674	0.01228267149494035	0.011697152174413637	0.01232279330828583	0.012282461995645675	0.012223754755582208	0.012564402407726055	0.012581973870249128	0.012258615177155027	0.01147782684482474	0.01082240876790088	0.012415475065837088	0.010464845924605656	0.012213321721853047	0.012198566348201904	0.010158904938441661	0.012070242209392179	0.011026162239564432	0.012616747573267034	0.011879972825989625	0.011047861019324381	0.012799534004726084	0.012663781602633973	0.009800868313954835	0.01190576758152123	0.012435313289750229	0.01079666347328548	0.008843549095909928	0.012399414032156915	0.012496868178738938	0.010429470714546286	0.011765720180664876	0.01150975406073	0.013396556222484979	0.012245424951981802	0.011967533363523526	0.010023297054001649	0.01170298526757936	0.011905061020035334	0.012537791321142024	0.011747419580950798	0.011542491853322673	0.011664271272170044	0.013389857962771512	0.011703607285691371	0.013103297352271264	0.012676311439454961	0.01363174982312088	0.012395734002072596	0.011418961714140068	0.011331030259326863	0.011715454411876262	0.011894056867557162	0.009756391308952277	0.01113573327117879	0.01213011784504963	0.011921011465803372	0.009839453860498244	0.011822710737854698	0.009836273718813767	0.012921868001662618	0.012285728136094562	0.011520930699860588	0.011066774583805217	0.012175852598721186	0.011431776294019392	0.011365137485102181	0.009565329376509335	0.012775268963005676	0.013852443777039463	0.01336728408854959	0.012014203559788755	0.011355493002253041	0.010653040088890923	0.01241812819775589	0.011342486929641037	0.010972974414127758	0.009610721899712285	0.012135573242456144	0.011561578330277869	0.012547989892108152	0.010720247121094255	0.011912921779212137	0.01186050204762394	0.012668857815398228	0.01129258802265559	0.013933715490511278	0.011872051358768296	0.011669848095465713	0.012303813030679924	0.013245932005451438	0.012500668534050675	0.012596117701234017	0.012980580405349027	0.012253687591005029	0.010494989895574548	0.012147678727180254	0.01162662931827315	0.011831578742982289	0.012352519528922972	0.01232590800811666	0.012394099842921004	0.012415285223425195	0.01167975963714709	0.011774932424179652	0.011658843413561	0.011573425821438256	0.012775434814265976	0.012070950453907422	0.01310164771653499	0.010306032358112479	0.0105303337768964	0.010541140219593403	0.011943030141538953	0.012212842683377509	0.012812714840969068	0.012521254283218436	0.010629688880069911	0.01057572918882453	0.013033712756450646	0.012249575595249392	0.012703663572259478	0.012520672621546974	0.012436350931620497	0.011962550812522706	0.010465097201490137	0.012399014006757867	0.011440487378355893	0.012148055430611635	0.012789286357848801	0.012688772203585906	0.011784086954423305	0.012414311674293086	0.010272079830280525	0.011914544728223946	0.012140471582744757	0.012563406223170322	0.012509704900486994	0.011061617895341354	0.01106371409305678	0.013316993022521604	0.00869215272813068	0.011560107976561096	0.012247131659188192	0.010815047180901632	0.01337793258632952	0.011676656490915992	0.01288929326360897	0.011941463298897044	0.010913558906527425	0.011846895216753727	0.012107720680028893	0.012030226461083315	0.011995811200460471	0.012300545083982312	0.01333113132383405	0.0104270740845873	0.01285542432572239	0.012881060745073787	0.011458842656964244	0.009852050189132405	0.011437552191730958	0.01164677029545029	0.011573539203995904	0.011939595757816663	0.011795566862369804	0.012925478486793913	0.012181391778001973	0.011261546156895707	0.011197657778959914	0.013630375871976788	0.01289084563941958	0.012656199620768986	0.01063573200492076	0.00928873437919662	0.012254630088400088	0.011510860688796769	0.013411774077459247	0.011843048578132476	0.011294998993899035	0.0134131984591724	0.012314008506020995	0.012574836491193448	0.01225351938238043	0.01062234521436931	0.012514551897082204	0.011467927478823674	0.012698804490196183	0.011451705472812436	0.01124342690499769	0.014341530616946327	0.01203369865327413	0.01313294137358492	0.012499322545945504	0.012219048783938025	0.011825209352368278	0.011833388640307071	0.011584001234494263	0.01145000318520082	0.013568938760868086	0.012187805102817353	0.013369254915632173	0.012303666206064243
aphid	0.012167258100370322	0.01322023191563249	0.01286081901901839	0.012999027062760696	0.011574743887203809	0.0	0.012084070455424624	0.011685781652494313	0.0124781601621695	0.013017532797101692	0.014307524960997145	0.013747156950235201	0.013181900224224162	0.012777551667065346	0.011902008554437776	0.013144400901543007	0.01176781177985198	0.01279230663718713	0.013413557129746501	0.012339227374141948	0.012626899562120264	0.013462420677303653	0.013924552524141593	0.012797628519839378	0.012683698982806692	0.012747609161584477	0.013006789651127372	0.013634180361592498	0.01380198285034165	0.012361071106814314	0.012762816784687152	0.013214337099159996	0.01229818549321194	0.013425188067103931	0.013584639738229097	0.012317923511012706	0.013080185289232039	0.012488722700713327	0.012982381174488404	0.011997131625604025	0.012589414313375983	0.012109045252897587	0.01447932141442671	0.013354590788663275	0.013544873520979812	0.014089855187131144	0.013336190737668136	0.012846888463835358	0.012994937640667996	0.01161764470507427	0.012993648261372249	0.012172153485569553	0.01191556032214589	0.013353003409711264	0.0121549334694855	0.01373360207412828	0.012638631482221819	0.013279889267474554	0.013348933647491021	0.013548983527367728	0.012886037822141734	0.012685615990927032	0.01355531257339898	0.011573045696528334	0.01183416726919019	0.012013496777077486	0.014097610268861598	0.012690254963383704	0.01301429900413029	0.01355732037129799	0.014407334386513706	0.01297438354542642	0.01412554689768152	0.011786356227321984	0.012905816653136466	0.013729556052269856	0.013021101851211721	0.013058182384915889	0.012625205551321126	0.013013110364581568	0.01397835533458729	0.012531953651994512	0.013047909429274	0.01342463375964661	0.014621022063766798	0.013035170131139823	0.012736209322758379	0.01255430606177802	0.013473937886848586	0.013166866800591677	0.011618826617700622	0.012972759371029475	0.013377893546794275	0.012649412027509821	0.012892589599761663	0.012655727893245105	0.011739810730873006	0.012950764275014359	0.01306127002829667	0.012151566790315801	0.012653407929570681	0.01370009471443914	0.012289443982226813	0.01236990900489282	0.01189486017612793	0.013080998520533486	0.013487842676231477	0.013769778737489585	0.012344358267790042	0.012999587336013951	0.01196538193461234	0.012700626330322986	0.012490696803370631	0.01274836882756047	0.012318622064528793	0.009836670262921964	0.01337250848512301	0.013783130303670297	0.012716542368653716	0.012671518920912448	0.013248111856458602	0.013559292747052065	0.013237325006732472	0.013667034570108337	0.011879366565220595	0.012957188418295329	0.013383689450705645	0.013054055456465525	0.012677382663791226	0.012698909250974695	0.014188868369074981	0.012350449404603156	0.013087184267604584	0.012661437569168026	0.012606821895018123	0.012405193287142251	0.01236449804173908	0.01380129315005712	0.013064165122810894	0.013076450988384931	0.012622479042139933	0.012339108944020192	0.013233903913261949	0.012604918982998124	0.01347082506256337	0.013663272094963565	0.013350746095338777	0.012374025487135676	0.013113919492310307	0.013388297571791656	0.012141632447141957	0.012193368967499974	0.013827249269818605	0.010751378626734507	0.012195564520670379	0.013002739292211095	0.012593204748817097	0.012635871794025326	0.013237602677980518	0.013421733768043509	0.013924587890856044	0.013808009988809641	0.01191594646833749	0.0139073130284607	0.012990671988530824	0.013562621204980132	0.013347468880305031	0.013918559487884887	0.011716304121705797	0.01305441273716203	0.012580730193734546	0.013108213248153588	0.013381007276667654	0.01088254006023434	0.013375579865163028	0.012898775002013413	0.012479188254578267	0.013263249690964667	0.012989280334594075	0.010224438393380567	0.013475652792866943	0.012153686651079854	0.013172129256745508	0.013296313020072897	0.014058285092580088	0.013760959630022124	0.01361639499420475	0.012903076100244677	0.013280169455821335	0.012511273917857803	0.012987363699447309	0.011639231698547773	0.012400440535278154	0.012261913186678786	0.013644834200610531	0.013337746711049118	0.011847899308863454	0.012130641945189688	0.013464833457398422	0.013816292354486918	0.011627379400292856	0.013632167564932683	0.013259603064408355	0.01338505582803114	0.013329917335187107	0.01323442129154017	0.013040015962349417	0.014374054749524159	0.013898367710684695	0.012511317499401813	0.012730844594706471	0.011098506790730744	0.013646017422853785	0.01240175002907007	0.015049984471350315	0.01282989583578739	0.013845658807055088	0.013618982866983037	0.013463505225171472	0.012822340650824429	0.013041132193375113	0.012567536884103989	0.013127178279484517	0.012478521297213212	0.013248317514667289	0.01333294330117984	0.013308461948948708	0.014394287131590062	0.013134655563519709	0.013096044854192095	0.012202331118626937	0.012355076120898924	0.012438582079273421	0.012610510373014907	0.012175343307686411	0.012886080959276087	0.014218449603191097	0.013762633257735347	0.014158906234431683	0.01179572748938851
armadillo	0.010757825309765203	0.013207824714307878	0.011905014132982965	0.012667240765113708	0.010759143774615332	0.012084070455424624	4.214684851089403e-10	0.013115041552783847	0.012841289962087528	0.009783629740803016	0.013015270133693368	0.013658082470736056	0.013337892782406706	0.013512481860372707	0.010887337607348788	0.011061743252764085	0.012715077032835326	0.013487368489006175	0.011409668360557195	0.013171145021004629	0.010553199819962486	0.013467344967949884	0.011835237000278125	0.013056053006653428	0.01178286677781274	0.012842448101345154	0.011752784322538186	0.012275366003822308	0.01322633084650191	0.012235327622672655	0.010900434236041437	0.013464971517251744	0.011709566797453774	0.013566290158626737	0.012243396199921737	0.012412991374273232	0.012182254653212644	0.013138398810422742	0.01341596340003467	0.011559226524870339	0.012725727188234257	0.013348601411716154	0.012173896812572207	0.013590342254963821	0.013016704381307403	0.01232078952766201	0.012620733362196263	0.010341676325253447	0.010260755989519194	0.01173546872663333	0.01295962661695059	0.012449992292266643	0.009677155586928535	0.011809229793361978	0.011303172637222986	0.011940779114291892	0.013213718477544491	0.011369930382393695	0.013222529809039232	0.012738432050078581	0.012632429120316391	0.009869879512160852	0.012258038501972091	0.010440174105644661	0.011507156652276753	0.012536704915386367	0.011690309833407853	0.01040095182429797	0.011959638673174941	0.011853057691577582	0.013173008617648963	0.012720285545350415	0.011782590149043719	0.011573183525439332	0.01137087817714457	0.011070964199140316	0.012579918805508922	0.012888007082565838	0.01261294443404827	0.011126281444849135	0.01389475449430897	0.011245927392995037	0.013263964623943143	0.013105414054846725	0.012786928295266373	0.012016728047148127	0.011532370873434273	0.011688926263780524	0.013061950999108188	0.012056081680143202	0.011661957723482712	0.01164903979446163	0.012671171543412494	0.012126649853907297	0.010965969909069687	0.011527518801171963	0.011722913513905016	0.013445541139052757	0.0135430444726271	0.01192345085866989	0.011209752252804375	0.012371534917556963	0.009376434797222319	0.012650677378018765	0.011121414423503577	0.012744141561417337	0.014094220596306953	0.0135604322442611	0.01232870539474893	0.010068559829095665	0.011006191617079933	0.012161582998469547	0.012176101499221676	0.011119947921667863	0.010862276774823397	0.012562476396587783	0.01157763332136318	0.012913213380788878	0.012279565482762444	0.012440281591824	0.012208467019224503	0.01179999565999757	0.012056401535774443	0.014819787473109424	0.012152369036785357	0.011935363003884172	0.011785908220192615	0.013302544835499135	0.011629047221122703	0.012932519127023529	0.013456077713842359	0.012504364948436314	0.01028498740846058	0.010765786424784627	0.012445859163227577	0.012238885390317762	0.012582396756505075	0.01245186494407854	0.011447454004940072	0.013222873722267485	0.011888212121859592	0.011972922401585082	0.011151987108990437	0.011329097154977914	0.0135742853503124	0.011769056849522692	0.013030496768566864	0.012065508417349158	0.01216566777508149	0.01305305661144779	0.01253708246030011	0.01082060759064166	0.011762721597417616	0.01281821867927646	0.011326903507298132	0.010704502842057192	0.012179433821821975	0.01150249390215306	0.012783479917604708	0.013056402433063887	0.011040160270651548	0.011924973552823735	0.011799044501968064	0.012473738844469093	0.010805879658198292	0.011989488640715458	0.012678337341175058	0.012306321471454934	0.01149760661816691	0.012933730893103828	0.010696372353034082	0.012252192413872124	0.01320917389415515	0.013392910304885406	0.012109618999367498	0.011400407274325905	0.011776461683161432	0.013694758045609094	0.0121158012635465	0.012078699868550107	0.012016589083257069	0.010351441379443651	0.013959429609819485	0.012449999782657633	0.013955773641673608	0.010617661288829024	0.013398224500564375	0.012380923963509125	0.011311422455489854	0.010949306800283881	0.01075543162827078	0.01221588251751819	0.013146978599697276	0.01225789084786814	0.012573535483503696	0.013067272140046087	0.011875261756593236	0.010301074602161422	0.011968184724117474	0.01112435218949501	0.012355249882473964	0.011971086540258895	0.011893228642295266	0.013775289923461357	0.010713643301812119	0.012230845924680753	0.009169477952251504	0.01431241390526979	0.013049684984467031	0.01127088454100292	0.010841787069749824	0.011038364016906513	0.011006618841207709	0.009691428840438734	0.013945158478588666	0.011789771504930857	0.012476696952074874	0.013815598268440855	0.012441454972019407	0.012807013112261047	0.011581084586298845	0.012084876727026317	0.012756036742654329	0.010702264278609186	0.013000247449597309	0.01055588298794633	0.012400934160580784	0.014062758010422791	0.011394620260081595	0.013376979434656011	0.011870566662605088	0.011859509059140166	0.012795852046564233	0.012540108539399433	0.012432675905985338	0.01153793917193524	0.013692450767914867	0.011970949751335723	0.013102263569980151	0.01288499163953679
baboon	0.013127538441733467	0.012706318207580785	0.011989833101635006	0.012732340098567316	0.011643492953546542	0.011685781652494313	0.013115041552783847	4.214684851089403e-10	0.012540917803674178	0.013083627461872693	0.013865471123704112	0.013285189434737594	0.013369228526346217	0.01250232328319225	0.01211029064755505	0.013482650601339108	0.012116658087865413	0.01282617762709028	0.013266010776856367	0.012287896189552774	0.012162078852980913	0.012913853416422639	0.012512064114185126	0.01302704773752566	0.012482911702643098	0.012158753755781206	0.013115177399912647	0.012786940180977946	0.011947190657983924	0.011927979981812876	0.012720578881188091	0.013367613463138233	0.01153916104823512	0.01364613476733295	0.012867803750487523	0.012043995404358456	0.01240329560921187	0.013179417722727989	0.012695483747443566	0.013155947437778648	0.012219767424650627	0.011687249041440558	0.013122271568149295	0.0138004978180952	0.013140474341841629	0.013442967726006325	0.013257141327365742	0.012600048473633442	0.013695443581151245	0.011364399486503583	0.012926802097557605	0.012802995042555897	0.011489198843637449	0.012931389816371814	0.012438456876598438	0.013260036018298194	0.01228464993829439	0.012231431331330504	0.012045656069972656	0.013349067827785244	0.01286871943428381	0.012336055491765297	0.013546341324345582	0.012312003150505966	0.011680081869232434	0.012191315944540997	0.012778427723735124	0.012151855752718422	0.012207023433151856	0.013011430573931169	0.013609320875081352	0.013199744625700578	0.013823175436052729	0.011996899082239987	0.01301998652138836	0.012713930719681958	0.013557781390368697	0.013227889064973908	0.01276875380267482	0.012519280156415971	0.013113134959261401	0.012413245344737691	0.013262565725308048	0.013836154209250615	0.013607910532660248	0.012549931201602058	0.012176243081676665	0.01224308007427942	0.013740113666933977	0.01321813029276683	0.011537144376778703	0.01274864289451546	0.01268210951393643	0.01306123646980965	0.012138033435149884	0.01173909920682592	0.012209513262133724	0.012325970407991967	0.012315102842308889	0.013004806788988325	0.012987333525144812	0.012809178566512631	0.012642482986570593	0.012046473028890482	0.011685805967148313	0.01294914139114527	0.013567866842054965	0.013141297587930206	0.0125591587680653	0.012671031071633492	0.012190608024474851	0.012645848106376336	0.012917088512841138	0.012649286800186652	0.012454541592998289	0.011920126448204282	0.012141433004135484	0.014015246567577166	0.01203622383652603	0.01297542345855367	0.012129211549971524	0.012152611778672417	0.01250361936531318	0.013404606143931115	0.012136573945325566	0.01301856166579937	0.013940286103435664	0.01335506594149259	0.012265416702844043	0.013049007533870983	0.014056054377246885	0.0133103606120142	0.011913475733207774	0.01331283078420189	0.012423126819690098	0.012659503271962726	0.013729429361586196	0.01303165536002021	0.013510536844371073	0.013144729493387899	0.012142899520131159	0.012492590674149767	0.013160129030656111	0.012400346427583708	0.012584542205674143	0.012946969026469211	0.013128061631101053	0.012643112500398733	0.012260803681967278	0.013049335499371628	0.011364647000120645	0.012214827982732513	0.01257567408123643	0.012156807121972283	0.012856225782025056	0.012281421491014466	0.013453365057532201	0.012020542287423563	0.012525043860118918	0.01361388698441703	0.013108532594588935	0.013238047250303786	0.012410735517065612	0.013090273147747864	0.012759248456712405	0.01299390259445413	0.01335069361255948	0.013678740577896607	0.012531350319149719	0.01394778018831685	0.012693105207863778	0.013205746776530096	0.012818288991419603	0.012537923108097336	0.012990057036486822	0.012184378456385654	0.012747270730086023	0.013938775077055522	0.012348039337334644	0.011311616318257278	0.012411862824923818	0.011725658180619053	0.014141524670900955	0.012992989581979747	0.013828045024214022	0.012594398059517523	0.01262122896124589	0.013137192342774993	0.013716029886631382	0.01261333488246893	0.01292268185209384	0.011328821585046717	0.013233973812949345	0.012372217692387411	0.014179348566899175	0.01344563687972739	0.012839606744592131	0.011989744664282988	0.013039895511964604	0.013113509034094998	0.011095415397834374	0.012335322958065685	0.012411295579905796	0.012938523199930578	0.012756903167562344	0.011864026461443767	0.012922106103122742	0.014326101810535657	0.013728296423350663	0.012963483298664855	0.01160271562130557	0.011485654572245875	0.01330146760327342	0.012440552161614509	0.014234629348340761	0.012232059620328854	0.013124891487851214	0.013087251733259758	0.013564375128067954	0.012136876175507278	0.013502561042985204	0.012231059372653855	0.013667266210425154	0.0124209083711069	0.013698409330926607	0.012501235511066395	0.012724719590138815	0.014073656923285771	0.012684933909590461	0.012826992747229158	0.01261253241402642	0.012334372143692178	0.012543480432744232	0.012247430335542701	0.01224744977852165	0.012400621894709786	0.013804353395908731	0.01298603960046258	0.013328403125690154	0.012326220077679542
badger	0.012762531956286403	0.01284418767660394	0.012916509640993463	0.011584655169246979	0.011424136973640253	0.0124781601621695	0.012841289962087528	0.012540917803674178	0.0	0.012919231109891372	0.014500893319273794	0.012972702153464306	0.012940803201519973	0.013187497855483801	0.012871214740562647	0.012542804176057203	0.012863849155881367	0.01295705378186222	0.01347589796267362	0.012651471875746848	0.011629229202786926	0.01329460164813342	0.012930141919927448	0.013301553146246876	0.012988803463107624	0.011942814101291005	0.012683390983337648	0.0127881884443973	0.013033832790729392	0.011055165378026978	0.012691792489640964	0.013720341192851695	0.011657596886736192	0.013573794549731219	0.012783010303039967	0.012814074701345473	0.011934674433640104	0.012118037919303437	0.01331027050127682	0.012088286349429331	0.012148367688501457	0.012113359769401522	0.013650437406675497	0.013230209425322355	0.014331985512173401	0.014309122911579444	0.012603196530246412	0.01188447303318306	0.013628629001517758	0.011321159969494454	0.013412055736130494	0.013682123224234627	0.011597218207680109	0.013056271600445368	0.012631613097650152	0.01313326964215136	0.01141646625611116	0.01251512994562076	0.013260293830778288	0.013335830873438344	0.012319162756323079	0.013257429448019378	0.013367020176115347	0.012502544947662524	0.011726877485048076	0.012654000164845795	0.013457341475408916	0.011883380892985643	0.011777098241686384	0.013450004157509726	0.013823053225972331	0.01364260502080724	0.012905916249447147	0.012182616350034925	0.013732072230721003	0.013989213557849746	0.013207967067424364	0.012225068527163565	0.012930738242396645	0.012238196327700237	0.013753629582871131	0.012943943497016799	0.012134713014693157	0.013215003640652858	0.014360210901793019	0.013395074144924902	0.01264090088990045	0.011732161495694166	0.012839184322182323	0.012905160862404874	0.01131194124915276	0.013119539710070169	0.012771979003013077	0.012556173014792343	0.011522584804689737	0.011707364523820176	0.011291869470522005	0.01330222401996425	0.0120343213190596	0.009762466415864172	0.012467070533737048	0.013033901406715754	0.013037187078748872	0.011938414879973942	0.01156432001707371	0.013053906235477473	0.014323253570573423	0.013670648691994443	0.013651385169820538	0.012198174419427991	0.011851759671418943	0.013326313851817522	0.01258559091647002	0.01141356030241583	0.01198568164480472	0.012878836946962867	0.012273147018569953	0.011209562662626611	0.012882454874347528	0.012295951788700944	0.01275525355015929	0.013919582398084582	0.012289970221317696	0.013455227352625236	0.012806165435945614	0.01249402784020484	0.013282959420731287	0.01334954387562429	0.012612503546677043	0.014116292972269405	0.013103998008961558	0.013934782841129818	0.012544057016794279	0.012980725929375637	0.012572196033051684	0.011044791871322563	0.012564903843433506	0.013534360684082316	0.013240273025640424	0.013481919863144749	0.0126084401773792	0.012836336839608269	0.012795244494358333	0.012142836476550845	0.013490746793912305	0.013412810867896353	0.013831206813432164	0.011835953052685493	0.011668607075588498	0.013288200015114122	0.012200375748672838	0.012872302178651745	0.013877146071887366	0.013399192199355925	0.012065547069244714	0.012564128423312787	0.013353997574720883	0.013381719912993023	0.012908099551835478	0.014067918808263762	0.013568112427067805	0.013239559599045143	0.011467688586219387	0.013447551224570453	0.013012258050091777	0.01314612467962844	0.013677637696138271	0.013577672863776962	0.013966411108286267	0.013161444615037795	0.012403021592911945	0.012904915621568156	0.013121275682880082	0.012162144439776791	0.013335881586498517	0.011996130578582636	0.012080528823297361	0.013977709068963196	0.01245120054384686	0.012114625096572473	0.012515746879955278	0.011840619690164422	0.013441670906045294	0.011244505093607408	0.013733947532577699	0.013193701116377797	0.012696610536905704	0.011724635896777129	0.013017333176174439	0.012295206666193841	0.012173193014151752	0.01306612208564379	0.014110495292672933	0.012362448279678107	0.013229192143752663	0.013859232646484955	0.01114430561294915	0.012263766118721599	0.012619124122462239	0.013194260440352995	0.01110051337265547	0.01244642937598473	0.013204743626857448	0.012892392596470927	0.012137994639900918	0.011993815755594151	0.013285906655790197	0.01348292932631155	0.01310715615750251	0.013545241834853783	0.012872242284084791	0.011669551510604378	0.013166711285166763	0.012867437629938232	0.01435243574642562	0.013609850699311374	0.012611907075754793	0.013339861458552418	0.01308800715591614	0.01285994307024419	0.012699374845644287	0.012826213423844364	0.012900987563463966	0.012945509753387718	0.01214803715780143	0.013141961462285492	0.012755768559083993	0.014634065560290706	0.012059623088286201	0.012267300242284184	0.012896852050135299	0.01186164554676832	0.012399595091703006	0.012648439164466037	0.012944367309618484	0.011573380401218268	0.01361613872951139	0.013081339784244292	0.013631421865857196	0.013229418466377572
barbel	0.011947686806093392	0.013054661632729846	0.011812279106219417	0.012139582249008397	0.01070393101787751	0.013017532797101692	0.009783629740803016	0.013083627461872693	0.012919231109891372	0.0	0.013400129740763309	0.01396448699327113	0.012402409761153149	0.013394555835908695	0.010536270151696918	0.011946115791859703	0.012345153748378806	0.012854276709680517	0.011563102945405246	0.012197874053684464	0.010577749994132732	0.012814890843988657	0.011589913636519076	0.0131417520823059	0.013022009525731888	0.01222777231956314	0.012456112540559672	0.010745043793484978	0.013077421715568466	0.011819644031672367	0.00994162187194963	0.013069519266992848	0.011932232638044004	0.012917469639114715	0.012257363306364875	0.012283536579396855	0.012086859811885276	0.012489583854472084	0.012869720358627655	0.012365312940392831	0.012296420517220536	0.012413304600033348	0.012144469905706527	0.013562606734509102	0.013222469175205007	0.012591910400511695	0.011381135230705308	0.010654409301378245	0.01096121605068944	0.0109978436078648	0.012798774123915389	0.013038029144247685	0.009873293528640385	0.01145311886538108	0.011531553499800623	0.011437246921584932	0.013256464461510648	0.010552418697951144	0.012852660698946533	0.012734706208015936	0.011723953483834206	0.01061374521652341	0.012221044842886379	0.011700098744727478	0.010982236390687471	0.012232978316972554	0.01247025542366508	0.010730215164596895	0.011219588360530901	0.01167557990934892	0.013253461278970612	0.01192385081607305	0.011395913170721023	0.010965959238305813	0.011896995023065474	0.0117785456008292	0.012328020509097593	0.012027475531338129	0.013156026815630916	0.010814957172488078	0.013783479078090709	0.011927323096728362	0.013518582131743246	0.013700037938449277	0.012797890587582517	0.011286928010213328	0.011109692736460577	0.012514977548647223	0.012917486923004741	0.012754123506254164	0.011566449648108254	0.011837565501748928	0.012001148968324708	0.012594667641566972	0.011036330771632998	0.011576383858670087	0.01078819917835221	0.012992327769761993	0.013633069438836283	0.012514726749787349	0.010319045942250497	0.011985000366885691	0.011001052815968092	0.012248159407825006	0.011100874835121684	0.013493383547605242	0.014067012075392338	0.01355203183032233	0.01216918219397573	0.010019901252718042	0.01112002088732899	0.012965254052914502	0.012477601794927294	0.011731076723998984	0.01101810500703949	0.01245388499809438	0.011524580236677457	0.013335136295324972	0.011846566201076124	0.01318010302822089	0.011560735589500326	0.011368514982320457	0.011492879492948319	0.014502700883617867	0.012335667621480164	0.012362668822045106	0.011673052590877005	0.01306841404921496	0.01231973940108711	0.012245465845166788	0.013813794305596714	0.013453012711675611	0.010449524720492938	0.010692625366119222	0.011993558329761367	0.01236087321568876	0.012538728676324355	0.01256319581958048	0.011892841935125367	0.012504135245425992	0.011939583839652091	0.01234371912846426	0.011720246385199772	0.01190280463211389	0.01340464204217944	0.011586078732679994	0.012999643507399168	0.012791716887558327	0.011375743429269093	0.0123574071633476	0.01210473291813337	0.01110968704727593	0.01082979224491813	0.012628119644975835	0.011686018456769467	0.009191037255770333	0.012632928439590272	0.012196661361236786	0.011997528317530174	0.013332812003422394	0.0093225519357866	0.010761758789906711	0.01222351623143	0.0122994314241821	0.011136684809648528	0.01139379176876155	0.012122971193687245	0.012105968170833486	0.012539214919754743	0.013302823939869677	0.01112223611300657	0.012547844225947229	0.013244462379252489	0.013162072316693639	0.012322308080193623	0.010686627198375343	0.011602096609533161	0.014255620646647916	0.011869823513459214	0.012435331315232731	0.011182425305694344	0.011063708550139465	0.01414481684960302	0.01248954210300112	0.013337207233050423	0.011478945528275653	0.012707717765856141	0.011764262454704237	0.011836111144707648	0.011188945818126175	0.011157338814178812	0.012681791645499436	0.01359184294076743	0.012271627010455845	0.01331454844434633	0.01301929795647314	0.011916581993812318	0.010241450482116088	0.011313688021199317	0.010530847001353837	0.01232268402474484	0.01117347851867807	0.0118242461831679	0.013743221200949028	0.011351278048696149	0.0115537806023552	0.009858708073020117	0.014331838214574526	0.013947452265328432	0.01025656825626384	0.010780120061379366	0.011207832588851923	0.012350955011684006	0.009516802243981869	0.013457751792855363	0.012199243860675238	0.011329869275835108	0.014145083070152968	0.011888612433563263	0.01298395315723853	0.011478507941183708	0.012050774774260137	0.012532752921289554	0.01109930254798407	0.013500213747197374	0.010937763099059536	0.011798119968929368	0.013833423004350299	0.01160556736118704	0.013094183326589787	0.012531647172812988	0.01245321059186709	0.011466559343294817	0.013010872227066034	0.012534254655606224	0.01138303745331691	0.013583785311267929	0.011908095354840817	0.013300671711680445	0.013329797860624326
barracuda	0.01351777788181375	0.01387026941055393	0.013758019249101947	0.014014332055909856	0.013496151063163249	0.014307524960997145	0.013015270133693368	0.013865471123704112	0.014500893319273794	0.013400129740763309	5.960464477539063e-10	0.014012456664476959	0.013879982734609607	0.01432326047729758	0.014246046726047063	0.013589424566616291	0.01386867776903081	0.014521262814721965	0.012385531355894057	0.014071282524191202	0.013245229859454923	0.01419994472645418	0.013658783383812234	0.014357417393448688	0.012097599894230702	0.012764140540605177	0.013425770017624863	0.014112560369957254	0.01406826671460038	0.014036629849635164	0.013755052301494396	0.014297063390773515	0.01442190842413405	0.013653817943031485	0.012335350268876286	0.0135374964569384	0.014464448404774139	0.013772544567384738	0.014448893895293096	0.014097785547534953	0.0143164203468493	0.014090385014502485	0.010842160027009868	0.013097708348918848	0.011174463249068478	0.010946667202153973	0.014850148343087654	0.013434989835803173	0.013670294535031671	0.014399742904008528	0.014173055689710787	0.013478674035008877	0.013649290020729224	0.01389845395369785	0.013602457295063122	0.013333301145323355	0.013853450065914095	0.013629482619810573	0.014191305048656164	0.013757677856386456	0.014387890328318123	0.013487108982355958	0.013172220920449387	0.012274807635883981	0.013815712731939038	0.014534436418482302	0.012911418328350514	0.014077442474695036	0.013575053928470714	0.013000759352978371	0.013431260207114082	0.013982787912595456	0.01410430095828123	0.01389302235065474	0.011953364391874862	0.011791352123075383	0.014080789252269556	0.014297523839523835	0.01397894249304464	0.013035905723420988	0.014736819606429297	0.012668240130403472	0.014677640653372561	0.013480278663644223	0.013960597762242241	0.013606702552693879	0.013443216702215937	0.01342607328881567	0.014668052096584916	0.01280650826113387	0.013690697047795694	0.012820416283968907	0.014062082027568009	0.012944753326585082	0.013759457771319625	0.014430898733972212	0.014234535170416302	0.012887659679526701	0.014219523694307812	0.014401268170593381	0.013209085441104093	0.012527481973043608	0.013198610571553858	0.014188683662526562	0.014148161869905388	0.013858172083772421	0.01471279875837458	0.013857887925757137	0.012493490472370805	0.013330353556826541	0.014080358461548474	0.012950002073652864	0.01310258007296527	0.01443212941571008	0.013054477066260227	0.01425084203748949	0.013396537742784794	0.014378271268829523	0.012326177178535713	0.014143995939071285	0.013577018626081181	0.01382211508084986	0.013893226615599562	0.014531745170414011	0.014090538187071431	0.01425918122556211	0.014146910636321279	0.01409416680441194	0.013676334473414325	0.014148805112701217	0.013776343942664271	0.013213834707732774	0.012717673421574332	0.014163535537544358	0.013717062408310362	0.014554352269721677	0.014298090991471654	0.01110916420579825	0.014068378264966801	0.01471871967120205	0.012831328443694395	0.012595274487016007	0.013384282262956187	0.013024495937305229	0.014057463826615112	0.014123730996348114	0.012995047463274451	0.013642282390776035	0.013897819599558388	0.014141228245876918	0.013894137457795299	0.013167863962858404	0.012747008518716074	0.014415450408955154	0.013449013330542697	0.013762539744610813	0.01397927689710859	0.012990215767451775	0.01397382246073741	0.012380350956254971	0.014111975538934068	0.013640769290221531	0.013878420051766522	0.013335800405309952	0.01252698797318653	0.013961535316499069	0.013417819643051849	0.014386122829614639	0.013275945964324964	0.013711719935999041	0.012562789946621179	0.014429615006017846	0.013957572482316043	0.014601351919295642	0.014054257727770832	0.013631451040637281	0.014080425838096367	0.013360372381410269	0.012359118276207108	0.01427340923011824	0.013924842449431811	0.013692531450178888	0.01376001698328483	0.014485053894412854	0.013756382856481389	0.012983580106280397	0.013481800807445947	0.014601625695078876	0.01232465458610974	0.013879095704642462	0.013136111020775214	0.014206580509853623	0.014564194120356515	0.014084421092881844	0.014145743940903644	0.012200794853417116	0.014692140912741045	0.01329042467931358	0.014414252010856237	0.013668952598652674	0.014209921979741915	0.014166899824380477	0.013143197043161602	0.013738535330633706	0.013997820623081945	0.013337817036061987	0.012691663258537515	0.012952738334053195	0.013299087646766697	0.013959340147853423	0.013568370934808352	0.01395806494988493	0.013284906469148308	0.013166791687226778	0.012947559267812372	0.012743074974421622	0.013951524822467792	0.013663035893396598	0.014231547553972553	0.01452645663108236	0.013874848586563354	0.014774081043893226	0.013013488985679125	0.013342000936482724	0.014348079195201133	0.01254819793952847	0.014025926492642317	0.014191271546991329	0.013613684340098868	0.014647786951870865	0.012700328457553978	0.013325882217284145	0.014090903116002907	0.012402834738930895	0.014180234039883053	0.014269727137533147	0.014744609599564926	0.013581138111206028	0.01382820106892402	0.013355075285749555
bat	0.012163928797701866	0.014148293799603315	0.012096359296080335	0.013570426982252907	0.01322498977217115	0.013747156950235201	0.013658082470736056	0.013285189434737594	0.012972702153464306	0.01396448699327113	0.014012456664476959	7.300048299977713e-10	0.01291989227136446	0.013016165395113785	0.012725979063614262	0.011287443903162149	0.013208341652643387	0.013455791436114107	0.012346929400154187	0.012376367228454395	0.01266691221355572	0.013327395841797575	0.014077298736619526	0.014127182943292767	0.013520053543551666	0.012381462687683946	0.014148001368726276	0.01319689127753133	0.014047485166228725	0.012724975706984989	0.013297063220934284	0.013675701126241852	0.013497481443988537	0.01350250634785215	0.012781459655180743	0.013350202943850484	0.013627072106366689	0.011913184318215973	0.010902633486281841	0.01194910984310807	0.013745861858039315	0.012910265023951267	0.01297925302568371	0.011574118668474055	0.013312377692970098	0.013560677001904284	0.01347186537240722	0.013353534923372285	0.01380487411322412	0.012660542255796341	0.011055485420063984	0.01323489695198537	0.013516946584800476	0.013449427411663925	0.013341949552737764	0.01304941681284578	0.01271580913362422	0.013373528466738662	0.012634297893936336	0.01310091188262358	0.011488052878448942	0.013095496542149669	0.01311136559723879	0.01353213946612259	0.013586689255275886	0.01317546239003127	0.014147996793602131	0.012995876306220528	0.012891950191562158	0.013353841173033749	0.014084137687172895	0.013354608051472405	0.011408347897033645	0.013726925383122045	0.013532237344914787	0.013929122300560697	0.01066737851363376	0.011234162472784961	0.012877170388303258	0.01344377612786377	0.01329361824638275	0.013300541759312754	0.012400016842594105	0.010908704245597674	0.013449332140960508	0.012934493643310683	0.013074556820824283	0.010147379487870945	0.013333204887170668	0.012587341055186708	0.013490898446602608	0.013299902740749641	0.013394182427181194	0.014152854684492677	0.01319422449432106	0.013497201477524073	0.013188548000481286	0.013351640454744967	0.013890680945241922	0.013101528115631667	0.012970059595623345	0.013521027206071998	0.013709099454700937	0.01377779497438077	0.01310222677875075	0.012380035168571914	0.01410287438192362	0.013355302802280618	0.013873859293881517	0.013709973384853216	0.012953592400109338	0.013021043696376584	0.011394019050783324	0.012161703317568655	0.012752545729419933	0.012964014645190132	0.013602475391924718	0.013367247189577967	0.01366276880282612	0.01032953232323616	0.011507281725126635	0.013503207130286016	0.011667727849314911	0.014374588059727567	0.01265249215118865	0.010529664898581571	0.01208084744866058	0.013031490248909877	0.012042883100800676	0.013419571572572177	0.00866575387805986	0.013241019449420254	0.013347352074545505	0.01382828300045379	0.013187903030207431	0.012019543404786368	0.012568750748606243	0.013414421556538977	0.012146180466076023	0.013323900616900097	0.012488568604840109	0.013545123299520314	0.013683668866143956	0.013148903425642528	0.014187773808072431	0.01348729454663538	0.012626680144000906	0.011036084653885914	0.013381690965975655	0.01248820609944266	0.013657889078333619	0.012467436680572494	0.013268917177644233	0.012355126025993758	0.01164243668665455	0.013126118839845338	0.013402407111351173	0.013086943311924372	0.013468060724924076	0.012841076522568053	0.013277283794996451	0.013505829179405248	0.01110605030817781	0.01344311193411496	0.012921669333006744	0.013491375889638568	0.013373782809369522	0.013445626275868624	0.013170572073246739	0.011872828440940479	0.012390543632660185	0.013415634117248281	0.012898236308661689	0.013757029581884564	0.012933129175089254	0.013069128565623242	0.013097316343606988	0.01348071533444704	0.013019150333710795	0.012980193186267135	0.013293933272731122	0.012761494757778024	0.013785318860577244	0.011306298992043454	0.012863858866410671	0.013719941478968928	0.013539565729244968	0.010496989048659882	0.013582110659832416	0.013980119168599456	0.01272608781507951	0.013133750194295898	0.013502798711912414	0.013329586986220499	0.013397478547357707	0.01360335273057317	0.012268914502462947	0.012470980262310319	0.013798330419628912	0.012824496311864804	0.013375695271539215	0.012926349575053064	0.014213992014934168	0.012322660558604029	0.013785810282579348	0.013141598809403963	0.013147406820180244	0.010990114008164562	0.012073226228933554	0.013135626515756577	0.013199337784099468	0.01334345536179954	0.013625999084344406	0.013297186212452065	0.014041109687017574	0.01285369319960554	0.013896830903530872	0.013339233420141294	0.012228766673275857	0.012935269675332497	0.011510139696599607	0.013596906498894848	0.011503560555209864	0.013206047018937033	0.011005651528981008	0.013493045200405628	0.012799958738412503	0.01410096445123141	0.01181942406817303	0.013012475919478851	0.013309760249019349	0.012801359954767303	0.012685757295003501	0.01356199332948038	0.012988570543732257	0.01329272143418879	0.01147580928127833	0.012995180499107894	0.013764349129555374	0.0137436717503508
bear	0.01309696733718256	0.013182894519452837	0.012286817781526089	0.012227863258391687	0.012185021103329651	0.013181900224224162	0.013337892782406706	0.013369228526346217	0.012940803201519973	0.012402409761153149	0.013879982734609607	0.01291989227136446	0.0	0.01348812685598012	0.012657797067929239	0.012470738974998667	0.013418244184471911	0.012504227313182615	0.012336835908307755	0.012469164643440285	0.012815807331535114	0.012677310741359906	0.01331247842343084	0.013687803153336047	0.013520467122041482	0.013139561573203087	0.013531914614986245	0.01193141302585759	0.01376098123366982	0.012455169250190157	0.012052549235295236	0.01363979259021241	0.013108631235770557	0.012901452484257812	0.011833367649910333	0.01264076364289974	0.012674673353701957	0.013223970045229969	0.012850229951384731	0.013072822277121011	0.012917273999295249	0.013342211263668073	0.012667212992117953	0.012696694076084078	0.012852830565344928	0.013197526465043725	0.01291771807046285	0.01236028225581974	0.013268953392861289	0.01213334717211741	0.013136762499466851	0.01351424301906925	0.012522554012292188	0.013186602982567852	0.012170333892141599	0.01143460051794214	0.013466204261088672	0.012554124459929174	0.01296998553755182	0.012794797157060122	0.012142381220166048	0.013098256916860682	0.01278444811131265	0.012937363452729465	0.012710584825408735	0.013538098743267366	0.013505003333216227	0.012570751915051361	0.012080260642974645	0.012869695870827534	0.013556010432112534	0.013527201716759857	0.012938608168875747	0.012904933123715873	0.012980890949302736	0.01300927980960248	0.01217986487904333	0.012929773598244985	0.013041227506714815	0.012201548598920961	0.013256877169407355	0.012877729704068556	0.013858278100993606	0.012602814277866406	0.012850869451187812	0.012917637214501978	0.012834315321566698	0.012809778269702919	0.013115611835743009	0.012126694593784779	0.013199712760084638	0.011792114480429097	0.01299647969652278	0.013549729890003366	0.011507519591672274	0.012248545252356966	0.013642193628503264	0.012856750369071827	0.01371917856662263	0.013148094852662417	0.012553901398630735	0.01263159742871943	0.013240507449089677	0.013552132220373669	0.01209934961948852	0.012901675880712065	0.013389138678558834	0.012680264920489	0.012853808633520163	0.012834392860437393	0.012472189595703821	0.013025123053916532	0.012800608203710474	0.013498908785253075	0.012522922087695856	0.0132897119301866	0.012598453746142421	0.014084148440771146	0.012510066470545766	0.01342467085419766	0.011546989969927845	0.012802471796183528	0.012412414565282567	0.014427620217170206	0.012508727947604915	0.012933204906216664	0.012710842734226204	0.013421659181792832	0.013064191696269434	0.013057027446401456	0.012760000958860353	0.01307358689831563	0.012972453258993533	0.012591100045998584	0.013095806045339775	0.01333170575040991	0.013511452933161295	0.012536001586423538	0.012759126714420135	0.012859127780145623	0.013540289093959969	0.012668434537206601	0.01293741526967015	0.013132502032890216	0.013308561083141456	0.012598235917228291	0.012916468896713712	0.013091884808485412	0.012803721704643188	0.012872906721828867	0.013401729567016258	0.01301617123628051	0.013083216225005644	0.013314150918945626	0.012738344359928173	0.012008856422157117	0.012807133653954377	0.012567763407339116	0.012292068074706562	0.013325081502732448	0.012779240530832474	0.012395754296825443	0.013030361863099664	0.013551515088138502	0.01205567158795438	0.011951735140711694	0.010887467034202174	0.01315287496863649	0.013245671947584345	0.01357967815076352	0.01257097232761945	0.013413932665444548	0.011746791781062695	0.013625355662220826	0.012361587029366823	0.011675965752687532	0.013143002946632825	0.013341458944142282	0.013086374211761504	0.013082874959201607	0.012130246597375702	0.012115341191473143	0.013413234871313726	0.01306265711133572	0.012818944767059968	0.013417848526161277	0.013058112383141397	0.013338059280419428	0.012999562077782361	0.013017301836620344	0.011193530583447806	0.012942553183675563	0.01322668568096219	0.012114425359126348	0.01386838417709224	0.012372387184315185	0.013749674496895048	0.012925237663735345	0.011878284698572552	0.012001186683747752	0.012878656827703849	0.01224887216995373	0.013510351498154933	0.013682728145232375	0.013187804835817045	0.012889550925959545	0.013055663197653451	0.013822566780126834	0.014020348885730808	0.012957681099780839	0.011315975523722956	0.012164270509797404	0.013494288247488544	0.013055486929509802	0.013395616672307145	0.012921468884118667	0.012700734013793052	0.01306979958722842	0.012412385387826992	0.01410722944603811	0.011734002708657884	0.01269252714334455	0.012082679582624515	0.012532121790795579	0.013479629965525658	0.013807109177253656	0.012983644102464942	0.014264751422699649	0.011867722348255444	0.013636586997654949	0.013620635308684266	0.013049310754827535	0.012269411274850938	0.012971087497107521	0.013496909681105698	0.012205441057319324	0.012640122604840445	0.01328162006548714	0.013833262575819356	0.01343336060223563
beaver	0.012821476590458663	0.013565674437300678	0.01268722689625337	0.013880365335636507	0.012882678194050727	0.012777551667065346	0.013512481860372707	0.01250232328319225	0.013187497855483801	0.013394555835908695	0.01432326047729758	0.013016165395113785	0.01348812685598012	9.424321830774486e-10	0.013275848328395411	0.012855495123815926	0.01303402470357664	0.01303827598533947	0.01393763155774026	0.013712476118376867	0.013115457422794912	0.013353634533333015	0.013147852553293739	0.013887610890903113	0.013325676820385046	0.013084966070671363	0.013511040447104	0.013734823646125549	0.013284273161308965	0.013076304436539374	0.01339629099852463	0.01354640716905913	0.013048143012298102	0.014149904187110216	0.013933830814619122	0.012494591400804967	0.013809845494509851	0.013160331779164687	0.013888179512526655	0.01291689673108189	0.012304401543733152	0.012392826891403717	0.014080185337603262	0.013370690672599678	0.014056449494159146	0.014206137476912833	0.01385212466279268	0.01292003309318165	0.014102884919618528	0.012778843341393802	0.012300226231576289	0.01272838231183756	0.0128599105091632	0.013551580097845716	0.013036800103392804	0.01348498527682078	0.01297940852588742	0.013597508629570368	0.012950832307849863	0.01307112465902979	0.013411174391287795	0.012931273996263724	0.014058716191331654	0.012993635415865625	0.013147200620890264	0.012975940184211611	0.013528696273213323	0.013750784717626044	0.012940001969120271	0.01367612415178584	0.014250359947574896	0.014132899729323295	0.013596194866225389	0.013233973057271	0.014059845900539993	0.014211386234148155	0.013060201243981344	0.013801308392416632	0.011046213437747993	0.013227186267844804	0.013715985044887325	0.013256104466006833	0.013489536509888243	0.013807866568126326	0.014952492476244741	0.013025496882773624	0.013292945978174703	0.013258293235609035	0.013843590930188885	0.013095189144008779	0.012854292271881848	0.013718439500663966	0.013395655719370164	0.01382106800726435	0.013227088237619887	0.013316185471785067	0.012516038942939818	0.012900723425977721	0.012650243757548103	0.013768580394490144	0.013086331365870157	0.01388242129608796	0.013861705949421039	0.012774176602649654	0.013633973865656542	0.013290192003129395	0.014067421577754502	0.014320801015505808	0.01294300793445233	0.013463278551931603	0.012724433487526974	0.013399353394414204	0.013352925988605607	0.013110625784228924	0.013504536527843005	0.013089145217425135	0.013305482320491526	0.01394721785127872	0.01298895073800929	0.013111380234855393	0.0135046944577471	0.012923272280569392	0.012989298157232794	0.013025060464065622	0.01291523160722286	0.013561112209688773	0.013186339794324773	0.014165124903486332	0.012244452571600862	0.013908646775490816	0.012927436180246055	0.013938585790275328	0.013211775194622744	0.013121104793310124	0.011979711590104098	0.012859761719166703	0.013196077097483416	0.013713186331748877	0.012987749783026166	0.013947365670937533	0.012984427437065486	0.013334524707293205	0.012768103683554905	0.013427928000145284	0.012922791645121801	0.013527867670089715	0.013685795572685462	0.013846125793365107	0.01314255584754828	0.013772989286385137	0.013313584442388565	0.013309548049003316	0.013934204830506195	0.012994135588889122	0.012860538139311485	0.01357023274865437	0.013549853996201882	0.013232531485401575	0.012749464467963895	0.014027113449853213	0.013762870042241583	0.013343146856400215	0.01304717153559104	0.012896913769813141	0.013198347896730123	0.014113397210659859	0.013825120112737805	0.013969261715599177	0.013399326738534697	0.013908487638337361	0.013045783164875995	0.01347248695371295	0.014077188748684265	0.013278364492056922	0.014112250614177691	0.013566725443225496	0.013268505963764278	0.01386053082883372	0.01328941032875377	0.011714206976428977	0.013495202541768699	0.012942848907112597	0.013661327215597064	0.012832344379923078	0.014420648700704659	0.013078166454832096	0.014017114895456644	0.013395913863917168	0.014334929372178697	0.013396734244345064	0.013231607072986514	0.012811130899748373	0.013833625762557106	0.013790558928498921	0.013612045543382318	0.013780239175445484	0.012601948754794803	0.012870442151349764	0.01403039049263654	0.013975112054851982	0.013036244133581993	0.013148226134263434	0.013301803003711518	0.013452647684170265	0.013639416755651546	0.013047114785098735	0.014165911787075349	0.013770169049595446	0.014173292647855149	0.013064255186506385	0.012917126205013401	0.013361422070520414	0.013957567835700645	0.013247926672474057	0.014815013685271237	0.013655496435304693	0.013751014756686285	0.013562587281088622	0.013746001142881256	0.013110539080423199	0.013306841500923977	0.013652520333009552	0.013340789198187234	0.013622490062029612	0.013423943244565903	0.013117838696968764	0.013798198799208784	0.014265015751534625	0.012997294189046247	0.013179856388284434	0.012560373020531337	0.012891335827664708	0.013654311667118717	0.012577153011982565	0.013092372831113207	0.0133531779833775	0.0136427856861676	0.01359789923230481	0.012928664421843213	0.012732249289542467
bee	0.011360296949135661	0.013500197521927864	0.011137064725997207	0.01243233931762004	0.011012382856366942	0.011902008554437776	0.010887337607348788	0.01211029064755505	0.012871214740562647	0.010536270151696918	0.014246046726047063	0.012725979063614262	0.012657797067929239	0.013275848328395411	7.300048299977713e-10	0.012254800073920985	0.011932769646932205	0.013199165163815205	0.012632764416610789	0.011383080123118353	0.01095032050229016	0.013279525780892858	0.011507946245134461	0.012800832925474381	0.012154275632194945	0.012681986309470024	0.012942587685414612	0.011422273000435728	0.012721619718796661	0.012328696452592727	0.0110162038755951	0.012451204968440379	0.012264983357543497	0.011670716549715238	0.01242908419826368	0.011912189938009738	0.012167046240030576	0.01237921751742873	0.012234728696695101	0.011742722674240513	0.012509919641836138	0.012904303979348468	0.013199658608004856	0.013198711133391581	0.013318539366830938	0.013294310643000422	0.01239625161004051	0.010542230627809393	0.011618834165417263	0.010839585844186459	0.011889554302176673	0.011636692479611617	0.010059450459429145	0.01143077937190772	0.010369789932290104	0.012551671676028806	0.012794582078642208	0.011400668073073949	0.011673843750477282	0.011880679955938651	0.011053677807328806	0.010305452721943147	0.01283480060755	0.012468281311342018	0.010711118646006403	0.01243800152605777	0.012893654256043661	0.010811133493861385	0.011793006380173587	0.011863575607209843	0.01318560335439283	0.009042812317487704	0.012328298354453726	0.01172907645396189	0.012444313572926097	0.012565155964283951	0.012427653843493489	0.011627060614334184	0.011850203844982365	0.01112032270096469	0.01309739232026883	0.010704142145610128	0.013500418894246831	0.012961274276051543	0.012566669726045277	0.010378885552807813	0.010881093208898003	0.011428882180192662	0.012989904452126031	0.012281780083380198	0.012233390023555658	0.012829066598182042	0.012615916638644996	0.012696150639719959	0.0113605814453302	0.011638678641718088	0.011294858523444546	0.013269377439807857	0.013913148163390818	0.012635539095656585	0.010847819152528441	0.012332721139417517	0.01158829280105827	0.01281327745992311	0.01129480061775945	0.011760496505323507	0.013553475735247011	0.012184862336936836	0.011757887312271413	0.011642981327215387	0.01063407449114041	0.011570409927520786	0.012181621322323194	0.011458904081858427	0.010586593232113027	0.011699681588617386	0.011671397378514671	0.013440706168089988	0.012200295503114699	0.012185893882991182	0.012013798107762883	0.012229380129693412	0.011929161973115441	0.014543543751171789	0.010468029716790152	0.011727914260215307	0.012470129710172093	0.012931782712474074	0.010799492472605293	0.011252085078530503	0.013021079149330142	0.01246164206650765	0.011272432493674347	0.010857699020588085	0.011804937388929342	0.012622421867280624	0.012600410526819423	0.013038124801098762	0.012001516927747672	0.011736644211133705	0.011779595662618603	0.011122078959900212	0.012602780551197464	0.010990726544246805	0.012952930295806256	0.011641884782761885	0.01223291960834294	0.012061325139605901	0.012801235682608592	0.012309822784744462	0.0125887417386221	0.01189527526645794	0.012198771835737445	0.01224285296413959	0.011793000678141692	0.011558104734147402	0.01207886345389229	0.011010616078578197	0.01231632568187905	0.013701346258225038	0.011321557553771244	0.011957884651311508	0.01188698655860396	0.013115761194800856	0.012178968902893494	0.011528194080849768	0.012420893367385165	0.012029452414746133	0.011260778058953964	0.012893277294933251	0.01152723780829533	0.011929744781935607	0.013120925713567958	0.012817476150356005	0.010282743120592101	0.010915292948000494	0.010660580713742918	0.01351253182114055	0.012113646771134474	0.011504425763704876	0.011243161826433517	0.011093624062419927	0.014158174980941733	0.01187845077195959	0.013543051063464722	0.01247340965914817	0.01349575286893626	0.011801065460504537	0.013201275925746507	0.011810795395787601	0.01187792970209332	0.010948386473661227	0.012288589514753222	0.012266653756531973	0.013301074904170436	0.012994595626788306	0.012771125408200936	0.010676532874251092	0.011954775288093567	0.011386491601619602	0.011883906896958557	0.011552615216903801	0.011900477852313456	0.013155508001869274	0.011971306442775444	0.012136951086023308	0.011537394174500872	0.01365928831720696	0.013016408289929107	0.012114526334045165	0.010013502873017879	0.01083196819060529	0.01254251696663903	0.010779651549760395	0.014127836369158124	0.011065998221943874	0.012497382093116073	0.013322112584685443	0.01181787833306432	0.013246795786409605	0.011681534228485066	0.011284050907344103	0.012022581146776505	0.012204191123653032	0.012700877505091558	0.011961434045089155	0.011519310963221454	0.014116350483040527	0.01166137671531388	0.013536747947953922	0.011816650740415291	0.012462550130171602	0.012349704890742835	0.012057226857468475	0.012222256472828675	0.011771519514804561	0.012626543651359245	0.011944252122736376	0.01357263428746619	0.012155044449580155
beetle	0.008960474036571443	0.013527988473906523	0.012371946679156826	0.012873083635305071	0.012028574511178376	0.013144400901543007	0.011061743252764085	0.013482650601339108	0.012542804176057203	0.011946115791859703	0.013589424566616291	0.011287443903162149	0.012470738974998667	0.012855495123815926	0.012254800073920985	8.429369702178806e-10	0.013161097693276148	0.013880764610256805	0.012498145038635125	0.013355143677876989	0.01118210345769269	0.013990832944522151	0.012729375308795874	0.013269456871157999	0.013150310984139692	0.013349463610806895	0.012588010712310178	0.012697342347397611	0.013280190817397437	0.013189901799823484	0.012314867129624716	0.013456649957759692	0.013304951097744133	0.013515043466803737	0.0125824356501524	0.01250848658621434	0.013078752982744446	0.011709392246944205	0.012581707644923508	0.011763349882374678	0.012889108210099968	0.012856319512599133	0.012286407006700225	0.012427017619791576	0.012940286770767646	0.013074671252076418	0.012815344166423208	0.011729308513954522	0.012699101740694612	0.012529610443937245	0.012325638076725834	0.012565862615460494	0.011792573285552053	0.013203234017448726	0.012403623668268648	0.010954197063247947	0.012188268438356742	0.012590992987924009	0.013292108841900243	0.012624435183111002	0.011924838450122559	0.01234677150007863	0.01343801002127613	0.011756874123630311	0.012444865148003505	0.012948833671698367	0.013256673501594143	0.012185457889769174	0.01216961584209527	0.012723670439356863	0.0137897700809694	0.012974520048957383	0.008808175462934976	0.012904057120967916	0.012054720735953553	0.01271022627183678	0.008935266059101894	0.011417063415050974	0.012408591408483174	0.012628009283910882	0.01332462877931856	0.012205133381147067	0.012939199346116044	0.010892664625172663	0.013006220516015363	0.012641911928143425	0.011969738952870948	0.01061397785330121	0.01302802342023863	0.011670673438906168	0.01254136159222497	0.011702050515251788	0.013413588393232978	0.012986579926819284	0.011845727867913863	0.012558265746898343	0.012481935426362218	0.012825643242691824	0.013541748683808825	0.012245631775197868	0.011962303701212009	0.012675772145781243	0.01221555804561671	0.012960633363092566	0.012495231720080172	0.01198241781461274	0.014211720805881916	0.01359960927428123	0.013113701945322347	0.011872056122839725	0.011893639166680072	0.011843240305135309	0.011491895765689692	0.011186847362044861	0.011361569510678357	0.013466019782770997	0.012586456757089713	0.012693372944262366	0.012650336859983386	0.011344970048485236	0.012690283603376434	0.012478444123978225	0.01207384981672295	0.014353162373734423	0.012322651596935156	0.011252892016482599	0.009412130368305148	0.013053034671714939	0.010793488163421617	0.013556660345018255	0.010330939170890592	0.012874972777516518	0.011646007385216667	0.012139614851234578	0.012766401341948029	0.011685844603278366	0.012484281706893885	0.012557800222582308	0.010719852330026107	0.013789218850889224	0.012597375808177632	0.012184398200932317	0.01262534622270997	0.011966259425447283	0.013299613133539369	0.01250368786386456	0.012305004482350777	0.01202027531919337	0.012844573269316057	0.013303989928059862	0.012864203981053432	0.012231680834015579	0.013085257009820956	0.013077292067296757	0.009594150750337337	0.011984685539913498	0.012480830612907407	0.01235097628024336	0.012871035623747211	0.012988344528464974	0.012081084493677563	0.012365661224072878	0.011022329362533145	0.012560482289268675	0.010953402084513151	0.012230736390611128	0.012740702426359066	0.013608402792714351	0.012649814993693267	0.013050777553096062	0.011550521103894177	0.013451953341082946	0.012867634305777897	0.013711199877529896	0.01283365441365311	0.01241797027864425	0.012121707624195606	0.014075374665526443	0.012160580993611407	0.012547274740372323	0.012837904043026071	0.011648455635071624	0.013765491092977715	0.010109521463356343	0.013613920387004146	0.012422051655976804	0.013768659264892815	0.011089130731697927	0.011583253819788794	0.0122967425580664	0.010269308103001444	0.013283363034732598	0.01331118572347442	0.01246406772547962	0.012271988457380563	0.012659591417554189	0.010998763517775605	0.010754884316009034	0.012479143351350015	0.012249832540406774	0.01321496603436115	0.012270044193112952	0.0126464634172012	0.012610060395533999	0.012276160150805803	0.01292222701512537	0.011634774960742868	0.011931833723381165	0.011949844354711534	0.01196371234603398	0.01223122515054691	0.012387473848678235	0.012479379603755425	0.011887040674399154	0.01416142402713227	0.01278644803297793	0.012629601877253965	0.013349261271830505	0.011279388129730119	0.012586955607983516	0.009007659651804993	0.013171944251940161	0.012376103587193462	0.012073950444784423	0.01108231367878853	0.011873978216653416	0.012286773293806235	0.014538629966971268	0.00995559094356812	0.013761140432881095	0.012052927683842007	0.012724325181932672	0.012642267568272199	0.012892309956100648	0.012987236261521864	0.012576123939040307	0.011982022739737358	0.01192426735753662	0.013313032156168341	0.013002216619811801
bengal_tiger	0.013327402500894495	0.013700118914420557	0.012548557035540253	0.012632820978571092	0.012252962719754236	0.01176781177985198	0.012715077032835326	0.012116658087865413	0.012863849155881367	0.012345153748378806	0.01386867776903081	0.013208341652643387	0.013418244184471911	0.01303402470357664	0.011932769646932205	0.013161097693276148	0.0	0.01215886225788859	0.013287584872596308	0.013217305458047654	0.01179633538767458	0.01372259348144565	0.013364864723388407	0.013403104616262625	0.012491670474921078	0.013188465298454705	0.012804716730787966	0.013353091604906008	0.013503156278825113	0.01249723241172436	0.012780278253689022	0.013574715750990484	0.010865481130247259	0.012832316931367795	0.011916983876793852	0.012664450564892803	0.012803410208061193	0.013066011570121565	0.013496694874842473	0.012256564428611385	0.011482074611356172	0.010740542386826415	0.013520360836861135	0.013306160940832696	0.01258152254468714	0.013345803087666707	0.013165061704489906	0.012400177116961642	0.013409431102178874	0.011418480895162874	0.012915313717255636	0.013159038439208315	0.011808131528806044	0.012831656452828672	0.01213914533762041	0.013224763978240921	0.012957875479658966	0.013031287730902976	0.013065026127368365	0.013021604923431875	0.013392816538221584	0.01223819555053377	0.012895572807534674	0.012508771052580015	0.01270630828125157	0.01236551065645227	0.013077378226283121	0.012859279731523867	0.012645466075584364	0.013651753294714212	0.013939141691724236	0.012856941702444167	0.013692844992635771	0.012537218122002019	0.013470576380323354	0.01319895539341704	0.01347937700445832	0.013744591707853858	0.012650532576658895	0.012327294496841869	0.013099212096117495	0.012509720611313528	0.012820598985613368	0.013045601298631505	0.01419590157501116	0.012501686458244718	0.01260544653210891	0.012490522369013603	0.013810130480884355	0.013319016061421385	0.012227282766115894	0.013284672320222528	0.011964180680175053	0.01328984489651358	0.012695732881775943	0.012772412795246671	0.012213861130890024	0.012767532410295553	0.01351547092083245	0.012881207188803605	0.012095393757009854	0.012584318668297576	0.012740797806123007	0.012673680123794806	0.012386445737903103	0.013081353019281256	0.013684703851037825	0.01323191722772888	0.012369084277139269	0.012458994384811668	0.011879299862570502	0.013548317122783853	0.012689848856750032	0.012682618299796165	0.012104673312894713	0.012549742991849334	0.012649657929007794	0.014412191527510379	0.012380348036147909	0.012733399445305535	0.012581290324461527	0.01289880318008723	0.011868147054757189	0.014335971892067936	0.012464716300859486	0.01227179535169092	0.013469305299002574	0.012843606984389508	0.012682154741820826	0.013093995973281234	0.01368218897867817	0.013061791385383876	0.012649280137453424	0.01236416889840215	0.013000715828130806	0.01286616309044984	0.01342486192057169	0.013203396232965847	0.013481568888414794	0.013149999689892975	0.011971194517675926	0.01208556851533263	0.0128858223548427	0.01233365297820608	0.013178656100900556	0.013151003492457071	0.012807771034865943	0.013178821086165433	0.012539232709007524	0.013038577320023963	0.012467359190654854	0.012688997315251242	0.013745598756288682	0.012281677154235181	0.013214688169486405	0.01280036692882635	0.013272004215812538	0.012702518574355337	0.012314707927648536	0.013200175043755822	0.012610515695907924	0.013152257964670929	0.01185507184400052	0.013851845223994986	0.012771500689743094	0.013141498572526993	0.013742262927536643	0.013532892178646967	0.012459006451676658	0.013788150641767026	0.012414346817860935	0.013287942383905819	0.013251129302963717	0.01268321163681097	0.01283606501994343	0.012530592778502542	0.012919325470103932	0.013057668268742202	0.012569598066308267	0.011995840914824418	0.012930861064690864	0.011840757286499108	0.013514414042496871	0.013326074606628581	0.013143061431390808	0.012967654493869631	0.01320195989467065	0.013145061174415029	0.01324449594964043	0.011975791796998472	0.012957441168620716	0.011883656733103112	0.0126597859767432	0.013047003990756504	0.014152791017536366	0.013061369181452738	0.01207966293979443	0.01247419324647586	0.013283032075541998	0.013427233779344586	0.011985280992048314	0.012856490123059568	0.012847828407050878	0.013565254657202904	0.01287178012216229	0.011987515186402667	0.013340945280395082	0.013814240762804388	0.013127185705386317	0.012362336207658153	0.011987361257934499	0.012224232633738301	0.01323189446441716	0.013021714247105257	0.013306955050697743	0.01298436846773298	0.013484020605595812	0.013519018120530588	0.01387951117254385	0.012669168646949969	0.012907434160402081	0.01358890451153469	0.012641299336065582	0.01317546266259714	0.01365628528110791	0.012466805650974586	0.013961261523811705	0.014570271899021426	0.012690562734846084	0.012206809711562239	0.012886556186507993	0.012132151410895886	0.012836379358395711	0.012323470652289933	0.01293567134948088	0.012095702776009932	0.013832892252240747	0.013151729075579347	0.013498289898391184	0.012243387349988694
biddy	0.014001208649188824	0.013571125486925406	0.012973793965697904	0.01311710980522955	0.013325304073366072	0.01279230663718713	0.013487368489006175	0.01282617762709028	0.01295705378186222	0.012854276709680517	0.014521262814721965	0.013455791436114107	0.012504227313182615	0.01303827598533947	0.013199165163815205	0.013880764610256805	0.01215886225788859	9.424321830774486e-10	0.013883189885673344	0.013788692144533248	0.012314527105702647	0.013406323568318272	0.013520179041602954	0.013944517518068699	0.013909533207457714	0.013192189631263335	0.013170312172599558	0.01330695207059695	0.014042174236157962	0.012592743421196227	0.013260607228468536	0.013753142798064102	0.012282649688017757	0.012917896353692188	0.012410045907562435	0.012914916908866338	0.0132759787873392	0.01321275777292249	0.013260271386640514	0.012952026984660265	0.012771894237347916	0.01216535204986081	0.014068612812786431	0.013054883103900471	0.01328325335244382	0.013676453002354969	0.013260189883466215	0.011972298932343875	0.01401445470606348	0.012044139173734834	0.01321622565425956	0.013309992548272764	0.012987899512804406	0.012426056317953335	0.01333066265959836	0.01302409662100627	0.013613743588349209	0.013410131563358674	0.013506489308967244	0.013118856147501516	0.013065474327982647	0.012881227831359157	0.012741373143664756	0.013501327347247016	0.013164969099172578	0.012669710346247984	0.013404532825199012	0.013682858340506312	0.012608753424527329	0.0134256449813136	0.013362325383213027	0.014206468984025156	0.013832505995417918	0.013080798664926943	0.013412620453447375	0.013839832381487808	0.01373091059064546	0.01325517056101807	0.01307936683996392	0.012219065338000608	0.013166297569187833	0.012760038783564038	0.013011364626884552	0.013197943393919175	0.013638683689717278	0.013629646112840304	0.013469844480311572	0.013232761287067464	0.014037954460416701	0.013641923518190229	0.013382970101507623	0.013354129134095182	0.013130966067522547	0.013550621519631562	0.012693512126184947	0.012457285007782194	0.012998398605787989	0.013724082615212607	0.013636599579881807	0.012978117569832769	0.012226486629028843	0.013313067018470506	0.013671855085337819	0.012554021711145913	0.013330455910476378	0.013553853809552506	0.012866951762963848	0.013897382782485812	0.013113586169612036	0.013280628081057845	0.012365285604025063	0.013491919873093134	0.013061322565531407	0.013463877660812185	0.013669567394735736	0.013151441334209025	0.01355691967313048	0.01449561697262017	0.012919099482834038	0.013500905467091982	0.012596814943824601	0.013193343996817113	0.011687064765566158	0.014165240088062754	0.013520796208608708	0.013001996008477804	0.013728430128622288	0.011024542065651712	0.013505791862956808	0.013756676047195155	0.013876554427415779	0.013040277816063997	0.012892346403126755	0.012887022954487173	0.013541704132152423	0.012939087484841722	0.01355520106019528	0.01270595584597715	0.013439241057237945	0.01370106489022439	0.01302006129392625	0.012847521684836221	0.013396193811855375	0.013491803217936854	0.01341260978653967	0.012642850416649067	0.013111858550323858	0.013909363302651238	0.013179746813063489	0.013883828293062632	0.012909680989750438	0.012953139272937373	0.014173472473450294	0.013040991025760552	0.013401825318699467	0.01325102657590671	0.013394939464075105	0.013670150374371186	0.012734441362948809	0.013800551345738052	0.013225741881401394	0.012478139425743506	0.013082671445391315	0.013559035857894995	0.01323321064969595	0.014094041723232689	0.013285806506818841	0.01277740125589631	0.013104834148063665	0.014086153381555468	0.013229862284377676	0.013611415062061684	0.012895570106449185	0.012559071061023535	0.013704867997299775	0.013333434171607974	0.013595255992194579	0.013069752026199262	0.013637781293161866	0.012408995942074917	0.01192984435946296	0.012196513388198882	0.012333503563674669	0.013460022267246881	0.013700382608973155	0.013454254800445422	0.013533675144439492	0.01357172830689512	0.013586697789336116	0.013913420121371405	0.012866481398681478	0.013119525034238695	0.013109430662708404	0.013719752713030591	0.014567519589940174	0.013435301014054211	0.012866419638592507	0.012593997871819645	0.013822860190541235	0.013570222356104443	0.011878289485476319	0.012149321280611174	0.012984611942791397	0.014075259457034871	0.013268934751936206	0.012897392455389747	0.013481983540752362	0.014404664348160108	0.013613664119803833	0.01321126456023842	0.012416791152557251	0.013326963733416415	0.013527618212753388	0.013257458815330003	0.013467037521909682	0.013044713620918254	0.013379388654446673	0.013462213179125264	0.014049698648670514	0.013177620037238949	0.0135806230569641	0.013828656831447482	0.011820866990137093	0.013721519537783066	0.01315552125231918	0.012901345874111528	0.013820554986901991	0.01440669204933685	0.012928901301744115	0.01236449590396836	0.013565354224812367	0.012397278063119911	0.012549169508179367	0.013242002738292949	0.012814017733206791	0.012572138638018855	0.012999706709947807	0.012675552911798003	0.01341639021041402	0.012939132585601419
bison	0.012238334636810176	0.013217229944653363	0.012361034071627737	0.013190988000901157	0.01197286955683038	0.013413557129746501	0.011409668360557195	0.013266010776856367	0.01347589796267362	0.011563102945405246	0.012385531355894057	0.012346929400154187	0.012336835908307755	0.01393763155774026	0.012632764416610789	0.012498145038635125	0.013287584872596308	0.013883189885673344	0.0	0.012025711408913873	0.012497699991405155	0.013526044069430367	0.012827855236757568	0.012916260135892357	0.011846244958867628	0.011850241139377594	0.01291546121570226	0.012765063690568979	0.012797710770542014	0.01257504343698748	0.010328899899761056	0.014134994468068453	0.01339751182576834	0.013729198125526181	0.010972636532976244	0.013013453937329294	0.013011641877421416	0.012615059992647419	0.012288419987019959	0.013086201213321045	0.013194249030688032	0.013339838404423397	0.009819277123240312	0.011349171544190661	0.011660541165276699	0.010695747848767896	0.013742339251812574	0.011721753690719152	0.010803530748389864	0.012160367387149125	0.012475428247966547	0.013539396340662212	0.012252289872652467	0.012307299513321546	0.01193018513977838	0.011378084058152526	0.013277902112036053	0.011619321659196552	0.012124457139218961	0.013514071472741402	0.012563395458732664	0.012033494515651902	0.012509827838506364	0.011399880700315635	0.012666067793925768	0.01351402688668251	0.013127013843951757	0.011863090633907841	0.01178191040245608	0.01187976336281551	0.01359605755421033	0.012874368208776856	0.012588141865135382	0.01297966230418813	0.010274091446859422	0.010781961103171757	0.012079262406830832	0.01256999540858112	0.013378341190853207	0.01252211736701433	0.014324867392662538	0.012927721192415875	0.01387425823864743	0.01206074149759236	0.013508882807293265	0.011969573420946256	0.012036604775644642	0.012171337919677236	0.013080465296481554	0.0112045876403277	0.012696878185868194	0.011424420512568532	0.013158601932135668	0.012357108897459808	0.012397674247439032	0.012931045136862164	0.012712005759401668	0.011545164568572306	0.013002694193353669	0.013052553221313067	0.012309189941848328	0.011222736491363506	0.011619364100232838	0.013499814628164233	0.011537330514198679	0.01305916722206141	0.014542347313524997	0.013904403199359608	0.012567857971669028	0.011915729350787545	0.012543468077347382	0.01202193742998875	0.0116898242542543	0.013101169434875397	0.011746630928192416	0.012483836096278096	0.012145939747046742	0.014221200390359066	0.011413019540036408	0.012754140053737303	0.010424054306903328	0.011955231186673859	0.012440149619808653	0.014977910173143219	0.01282511238161763	0.013079562453664513	0.011600667829622172	0.014104920520153705	0.0128329668216204	0.011767505369247836	0.01153657209515841	0.014021549445293373	0.011782938749612974	0.0121084878712855	0.013284948207357277	0.013118232940966873	0.012710201870338871	0.011157749593104657	0.011616909409097178	0.01295713553481703	0.012582740059853704	0.012513106443345377	0.011055082262630765	0.012591292876609834	0.013695789782089214	0.012847804374234969	0.012760712219174084	0.01202111442311782	0.012990515432269168	0.012698191154940903	0.013004223631472366	0.011830761688670328	0.011946128969970929	0.012711841946879625	0.012348699457403155	0.010639352723735786	0.01372866662772788	0.012169756905861313	0.012069948596939202	0.013290330578351838	0.012140325463625853	0.012166183703315202	0.012286090612982945	0.012198576161014253	0.009315084059912198	0.012011642735083101	0.010616236764762638	0.012591668538049473	0.013784119910008387	0.012021968796040387	0.010540186010504016	0.013621667801324365	0.0126454297717134	0.013518814343267847	0.012041757996482326	0.011395685051665288	0.01196695704159694	0.013626157006483253	0.011221158273551746	0.012874400271838539	0.01216588338896991	0.011626097751329223	0.014450497145850704	0.013134197164292398	0.013277694289078809	0.012985230374582385	0.012410225227108987	0.012853987201752825	0.011712942752552873	0.01190476985281824	0.01020643653745251	0.013164431038963982	0.014347066388846953	0.01186011017820664	0.013323176320178393	0.012770961244376813	0.013387722639361117	0.011430345688692656	0.01166108611902336	0.009769608537131184	0.012733689086612477	0.012764688903377931	0.013286510164948927	0.013416685377360927	0.012828698429607497	0.012131565907664114	0.011156032985636343	0.013544082976081307	0.013517548323913274	0.012177555829221682	0.01064312847889429	0.012512488098406691	0.012490294883940427	0.011423628144091359	0.014104209476528774	0.011295151861795272	0.01277997364889539	0.013917237531835628	0.011950598026849326	0.013548280740160325	0.011255741578183882	0.012991658087309293	0.011453941753918138	0.011072916609769144	0.01383556015947189	0.013037225132525653	0.011061925390062722	0.013213511870519239	0.011940662449915172	0.013035914380119569	0.011683204996248689	0.013273149351874767	0.012626921599238143	0.012276232036432546	0.013708418459032319	0.012389154477166587	0.013592455208091138	0.012182269026661778	0.012939256942672879	0.01324491404312024
black_bear	0.012491021995629409	0.013261388582726498	0.012401318387501642	0.012931475342901873	0.009430086670386407	0.012339227374141948	0.013171145021004629	0.012287896189552774	0.012651471875746848	0.012197874053684464	0.014071282524191202	0.012376367228454395	0.012469164643440285	0.013712476118376867	0.011383080123118353	0.013355143677876989	0.013217305458047654	0.013788692144533248	0.012025711408913873	0.0	0.01331717533783852	0.011823980949510654	0.01378699604144245	0.012503921559714137	0.01289595566421353	0.009969167444136888	0.014050173794616348	0.011178790143862487	0.013251171869263785	0.010717384367778027	0.011665826694113859	0.013381131490597473	0.013000265813651844	0.013295866100078707	0.01337832386361843	0.013092956068505334	0.013122911226015247	0.011637850092479774	0.011061993906100583	0.012572116659439345	0.013124353278915323	0.01220690985849709	0.012776992062399262	0.01302997338814017	0.01400013918480282	0.01338241347593657	0.012661667440156479	0.01313851510030682	0.012876051902953253	0.01090446002672642	0.012360854287837675	0.013343902099998459	0.012753591077988045	0.013210006739839656	0.012186699248317239	0.013456518234939764	0.01243900777851116	0.011434249446617013	0.012432750826243044	0.013728954903861891	0.008363607813674085	0.012585777646346212	0.013414030109862444	0.012756362138359192	0.01030831982255448	0.013218565845734524	0.013916982133412891	0.011617410785072769	0.013016310642224018	0.012169290488810216	0.013539819943137705	0.011259778704104781	0.012356319633363871	0.011498338933624778	0.012770801329365734	0.012269573539488727	0.011728117243800745	0.01055902000597191	0.01266670203999333	0.012858514400518302	0.014115847770048255	0.0129611435687989	0.012963983864567761	0.01362101539556671	0.013635664811415276	0.012045963144651606	0.012627242528968524	0.012446616427282186	0.01145319475278124	0.01291721058334282	0.011478529890521625	0.01313840669996361	0.012154267633933218	0.013125710508975154	0.012121154818435597	0.013219478736044893	0.010481564451734277	0.01306435176940005	0.012990116962955904	0.012340720816966555	0.012343859674151064	0.011963461024828963	0.013177196874345638	0.012632004123128895	0.010786549677002977	0.012714821726237873	0.014325395425919929	0.01320769161557088	0.01355411928831331	0.013036961335920449	0.013102652562600658	0.01273475157079601	0.01144821201702706	0.012474129484107484	0.011540114434490488	0.010538716977910154	0.011858956221820477	0.012805093670604404	0.012599153225889882	0.011821897997306135	0.01101194463595202	0.012651654201643365	0.012257047785490726	0.014090602156506983	0.01243560712519383	0.0121831232007581	0.01240735462496715	0.014065120373206126	0.012926289488292568	0.011520261527140568	0.012350745628053215	0.013977176163728818	0.013222898005350855	0.013404662633915336	0.012395266066307833	0.012562885658016075	0.012331061060925907	0.01384685937897244	0.012092992174338481	0.013124237529907485	0.01317854983776865	0.01349956555702827	0.013518977032005797	0.013256991358536342	0.013978580742851566	0.013567901518276977	0.01355951763860018	0.01118789859758111	0.011909958843116995	0.009129571184751321	0.012751769991759098	0.012340366519754307	0.012970507635369721	0.010924300099818627	0.01209178893187402	0.011996707439458677	0.013820605224568294	0.012721916042394778	0.013106713804888936	0.013743175225193312	0.01323572282805523	0.01287314168690547	0.011757941591351595	0.013053308768154727	0.01279204494011293	0.01242187498620205	0.012887520927402349	0.01316916819081447	0.01317079894516259	0.012727738506366248	0.011907401778666712	0.012571242667136419	0.012337055644488941	0.012541843546158562	0.012401727754895137	0.011335438313936207	0.011277267793445522	0.014395551949569376	0.010188572207463265	0.012337860251900042	0.012852415871498548	0.012873521801153844	0.014456452782951039	0.012272651303703532	0.012568074435041255	0.013171573493202247	0.011360833108996113	0.011233013042577462	0.013269422092121414	0.013398338948416265	0.013374703776425018	0.012797642336619182	0.013941313328048946	0.010435462121600852	0.013387921175953721	0.013822642681647297	0.01250931661761147	0.011942965456645287	0.012366549212614441	0.010948423667777452	0.011681724592908352	0.012694916653124657	0.013668600595097542	0.012237287547232285	0.01407600147356231	0.012370928388710739	0.01163624204586033	0.013444631967655434	0.013753630532696815	0.013447410478921205	0.011377019130781471	0.010724942246143914	0.01359792950509181	0.01259653197904042	0.014279004024367513	0.012147838171009727	0.012450114727222185	0.013664782642550269	0.011608539516720856	0.013290833211361352	0.012448338650759639	0.010935167359284863	0.012800664725938922	0.011733289679379345	0.012503573637795291	0.013531007581697268	0.010122274227555166	0.013928638679510911	0.013264636282696115	0.012285264840026717	0.012896645170617414	0.013629507529003371	0.010887414197991094	0.013044984020320314	0.013063432284553644	0.013055297846727399	0.013568325327720558	0.013263539311429562	0.014062713369183868	0.013354975940303238
blackbird	0.01184033564810411	0.01301265912956025	0.011494404570139534	0.012115477330411961	0.010709234503657255	0.012626899562120264	0.010553199819962486	0.012162078852980913	0.011629229202786926	0.010577749994132732	0.013245229859454923	0.01266691221355572	0.012815807331535114	0.013115457422794912	0.01095032050229016	0.01118210345769269	0.01179633538767458	0.012314527105702647	0.012497699991405155	0.01331717533783852	0.0	0.012974186608399276	0.011246822324568242	0.013461853754935645	0.01223827630162685	0.012704270436440153	0.011503490866795812	0.011998801388561966	0.012929446342990678	0.01255616397005069	0.011552715808173988	0.013146654479478463	0.01190481795032755	0.013549034141536902	0.011167322847245848	0.012367251319106291	0.01162553445848931	0.01293959907281025	0.012826760870492613	0.010435459427010513	0.012520645881918315	0.01274073479789951	0.012240480696120003	0.013145124110805217	0.012636079510258297	0.01248495853461623	0.011471099742457027	0.009036327664320581	0.012441214233270952	0.010767540100832827	0.013038361900070967	0.012765652806640411	0.009690467312850514	0.010843870251064775	0.011413870449526686	0.011029984868233995	0.012331019053656583	0.012064045038089529	0.013195605128410665	0.01261203444096683	0.012638052870349059	0.010645734209986402	0.011967009465732299	0.011462585482203436	0.011179414623708932	0.011870185691049827	0.011851338027481742	0.011606107921446007	0.01041487811991913	0.012527321778418149	0.013458226150006533	0.01319700773812199	0.01173298071038584	0.01202333432165856	0.011602448506792406	0.012655346366969567	0.012837053633857594	0.012671901308373233	0.012506225905038686	0.010768623367050353	0.012798104327990832	0.011080034575665207	0.013010350309652363	0.012940524518870844	0.013537397341578643	0.011900064171583635	0.011896344281737114	0.010466810719156805	0.013108168233566173	0.012541252611317104	0.011923762346257161	0.011715065288375794	0.012781114043601178	0.012421170429906482	0.0098720166804591	0.010941104789519323	0.011684089179272187	0.013162928246703112	0.013496786904993223	0.01220703641705423	0.010857284962601056	0.01231069726302004	0.01095126065987331	0.012600126932987525	0.011070173388896615	0.013470704005457565	0.013784789013191674	0.013791813100345418	0.01202212501703567	0.010867429411019274	0.00912054341884124	0.012532391608210222	0.011745042423571734	0.011649109998550209	0.011162492836817806	0.013310991914903035	0.01194128812465007	0.01348104355742514	0.011430793076080152	0.011445397504016665	0.011839478412854296	0.012669003925395307	0.010885658188944462	0.014265548844872767	0.012609150096680545	0.010919978671032695	0.012415256891826053	0.01226523949856172	0.012315999819741463	0.013400077778421388	0.012944316141002402	0.012834667556623262	0.008298010592969817	0.01159564342802278	0.012087802192196915	0.012579788985774984	0.012874649061117788	0.011820563429390116	0.012482501994519694	0.013011781685325442	0.00884959024190823	0.010721914474627267	0.011967967020077361	0.010000325635873199	0.013485306521974487	0.01143265339418479	0.012586567232952334	0.011993958838837073	0.012016816216211559	0.012866217696029969	0.011808963080225275	0.011988081923996275	0.012881458551818657	0.013385691396282881	0.011466959858028552	0.01046016422729412	0.012434407680381503	0.011952818371829037	0.012256726392217684	0.0133404797082074	0.011437471439857	0.011603090351891695	0.011183387676565824	0.012411613047152175	0.012083600422040413	0.012493316041417275	0.012793372405696559	0.011240168796265463	0.01207123992486979	0.012628061853814192	0.010551331358438363	0.012599939919620778	0.012457953142327791	0.013208405663387657	0.012132051623133768	0.011798443685386718	0.012122056028011911	0.013838214137280518	0.011872695914049871	0.012455287621336934	0.010110463754016226	0.009325108459588737	0.013452490790361697	0.011681762387803236	0.013477161581023512	0.011407830205327872	0.013251268877146494	0.012196760624938843	0.012294998929379792	0.011013685402609084	0.01145426148147945	0.012107760871521345	0.012893021203716621	0.012764593270735118	0.013084662273871306	0.012549758977235086	0.012183702332907519	0.010375404367248991	0.012187344733318482	0.012103772935192386	0.012171793196898763	0.010195020933157247	0.010092464805194927	0.013586264293376388	0.010042919583132732	0.01077593288431466	0.011253051614502907	0.013545300092866395	0.012353075168812016	0.01217682308072773	0.010843408782000186	0.010807885458029694	0.01098473065975719	0.011043847845647867	0.013007741125292687	0.011371492905251525	0.01261609913954444	0.013662342490067574	0.013098916895365938	0.011820939613645403	0.012188735639058288	0.012519510782047626	0.011959399812176863	0.012039128401715313	0.012930080782633557	0.008653998437772818	0.012669553762635361	0.013947700272427158	0.011006165046513925	0.013111766185507981	0.012579592942177807	0.010860444453462348	0.01300903007570101	0.012397201090066088	0.012397240867558234	0.010253730768501876	0.012330842495230542	0.009859754136996185	0.012582542288558825	0.012942099790887958
blindworm	0.013614674992530731	0.013820133015621522	0.012603577288830072	0.01335823837712949	0.012005105120560631	0.013462420677303653	0.013467344967949884	0.012913853416422639	0.01329460164813342	0.012814890843988657	0.01419994472645418	0.013327395841797575	0.012677310741359906	0.013353634533333015	0.013279525780892858	0.013990832944522151	0.01372259348144565	0.013406323568318272	0.013526044069430367	0.011823980949510654	0.012974186608399276	0.0	0.013429330314010023	0.013635079220212525	0.013309046626730507	0.01295481308368589	0.014546774278579548	0.012595236544032298	0.013998428574448931	0.011977075642344492	0.012945294957010299	0.013532700378012956	0.013289026242694166	0.013731967494185662	0.013053764169585133	0.013702070325203037	0.013217126328481963	0.013294520266300102	0.01214449591166893	0.01346057400966302	0.013780471477605112	0.013186372946039072	0.013587979817508953	0.013657599301547496	0.014529673099720681	0.01376347638146151	0.013270610183121421	0.01336639463926262	0.0134862148358191	0.012712065070563407	0.013178374182433159	0.013957004767887655	0.013447497220308618	0.01369445066229537	0.012926878492514494	0.014089101465084937	0.01332544047711212	0.012790069335905225	0.01276359916522508	0.013818600723861844	0.011820625048419962	0.013378973404713012	0.013273983341358766	0.013578408345954567	0.011512750980189463	0.01364852433999583	0.013333171543796199	0.012474067842599494	0.013003405825167085	0.013496217499232138	0.013588947120000661	0.013060007021088544	0.013361846817917175	0.012879310534089396	0.013385729438840279	0.013294466556760413	0.013057260330043391	0.012663169622503271	0.012931690386840541	0.012835380917392772	0.012907714727176193	0.012892779073353577	0.01308665838669093	0.014329136998755893	0.01377083120732169	0.01301805334334027	0.01351657945015584	0.013439236647460724	0.012520343802162649	0.013774960817118874	0.01324018867992807	0.013800667680000343	0.013129611210332596	0.013778644931921323	0.012773125542379114	0.013087926549899764	0.012847743055470331	0.013538310580278084	0.013063796594524143	0.013284346157630425	0.012956276929204225	0.012972417406534346	0.01340007987356745	0.013797090793348175	0.012399121897176608	0.014124048889602614	0.014267797319144928	0.013751371158400345	0.013576039777938026	0.013728430029104543	0.01319202880739263	0.013543851039922093	0.012859913317255329	0.013299479079546045	0.012852986969420522	0.012915577068990287	0.01267474407451278	0.013966843360915407	0.01296103663752262	0.013182277766458871	0.01253660039935888	0.01275720887947369	0.01179184256266423	0.013677705293279042	0.013330263305134869	0.013459005670011395	0.013413962844147727	0.013867596070530577	0.013101686080896352	0.01297389391690161	0.013604162983737022	0.014309436011565866	0.013324279587433499	0.013778592332248317	0.012947999054302568	0.013185629741538052	0.012353127716714192	0.01399582246567364	0.013128152553831129	0.012957462909004283	0.013495724740107845	0.013869279688705563	0.01363649457652814	0.0137437423071523	0.014047446817279471	0.013908342340411368	0.014028483936671388	0.012784493869911184	0.012726259654399512	0.01251618673406886	0.013229256380906407	0.012879994522963496	0.012788170244778003	0.012925095716639898	0.013488644885386489	0.012929145203769133	0.013873811263516106	0.013100590892212778	0.014022446770542566	0.013860679230575797	0.013408345957510462	0.013613221327793046	0.012615205179986657	0.013692466606584831	0.013310730304319032	0.013788859749072221	0.013272865754891748	0.013744102373594396	0.013701752810964496	0.013236168617186265	0.012961289686692306	0.012911720935750421	0.012709986364421501	0.013700616334947915	0.013054852907058044	0.012503303743269563	0.012634126983997802	0.014269515435964749	0.012729139872347335	0.01282799753846778	0.012820358512415192	0.013271007568334617	0.014141980433296633	0.013406496424056544	0.011583625242348041	0.013619122159938088	0.013335215572797581	0.01283929099388801	0.013979534199772293	0.01364355767014047	0.013918872432622829	0.012455842611615047	0.013355016863847127	0.011522051862779938	0.013991978047234057	0.01425153772610259	0.013607474401434927	0.012968647962223953	0.012676352449502847	0.012024164433022426	0.012863180697229177	0.01342436863282628	0.0137158233592558	0.013276591112583152	0.013363192297983328	0.013176564337649582	0.01245233558534661	0.014479770017574198	0.01400722624489953	0.013347714229987727	0.013212478954595151	0.01221086089616924	0.01381520098920751	0.013049610813880667	0.014305829508985459	0.013101278786124158	0.01265670735763756	0.01379311310984042	0.012571323706692259	0.01352714039257322	0.013068600318275147	0.012342838399351123	0.013847147124312951	0.012799138039455333	0.013720888350057773	0.01349637207207115	0.011809437146941677	0.013625601232589404	0.013528693629925011	0.013023088923367888	0.013906409827220148	0.013415706398357936	0.012104796525843542	0.013227661076898285	0.012969051921230119	0.013511221352266001	0.014043684762750428	0.01384065471513441	0.013660271132700548	0.01351788628679134
blue_whale	0.012699464885980036	0.01264197324825401	0.012700175169090593	0.012782971133541671	0.01261718119476782	0.013924552524141593	0.011835237000278125	0.012512064114185126	0.012930141919927448	0.011589913636519076	0.013658783383812234	0.014077298736619526	0.01331247842343084	0.013147852553293739	0.011507946245134461	0.012729375308795874	0.013364864723388407	0.013520179041602954	0.012827855236757568	0.01378699604144245	0.011246822324568242	0.013429330314010023	0.0	0.01314245232403969	0.013194591724279362	0.01342885176900902	0.011705109145128846	0.012630865683113295	0.012152291930115893	0.013282489270136809	0.011744641970796992	0.013233914666110944	0.012525979619780974	0.013477912809076974	0.013047252866323411	0.013385976994638418	0.01275415997662061	0.013496634663371719	0.013976451571939134	0.012605860874843085	0.012725340316726503	0.013517245540740014	0.012107649461883911	0.013823216328604108	0.01361897209200931	0.013134003264056287	0.013019702606396032	0.010991069213061526	0.01262888203327451	0.012027699099479629	0.013744868035449007	0.013180949574517663	0.01101795974735158	0.011431110499456115	0.0125738495447066	0.011450838995747866	0.012608863404852774	0.012296827752270057	0.013058501142727906	0.012979923701305109	0.01419320654514683	0.011027504987479137	0.013258817726559563	0.012901621299076713	0.012699553094995542	0.013148042039724783	0.011307669946875723	0.011986172910302245	0.011957979896519309	0.012849541985838698	0.0132378890231473	0.012353256797046543	0.013040859914857554	0.012878694412914232	0.012325732790123889	0.012123956160821413	0.013335088222538706	0.01335621746768073	0.013052350126757142	0.012222378417750358	0.013107857394537592	0.012616698246585173	0.013814201738652858	0.013849790355212936	0.014082070947222015	0.011726870922781747	0.012234740723238973	0.013176006485855405	0.013874742126708724	0.013316540220224644	0.012545202672825748	0.01261866334510891	0.013445392894098206	0.01279750742679927	0.01194700281640358	0.01182402752284231	0.012024700464260412	0.012883160667811986	0.012433825914117356	0.013047539533836876	0.012292255606332216	0.012626276578663833	0.012448214727504346	0.012925014512403587	0.01239272544421284	0.013625149636241885	0.01415589370013958	0.01361990714572055	0.012905541924200252	0.012097807659823306	0.011346452326519646	0.013250574393553104	0.013230745133647874	0.013146794359802292	0.012745046790877367	0.014027301582888532	0.011685200238620193	0.014141531176812874	0.011419164181838677	0.01310208130609697	0.012349210662993737	0.011857608462531208	0.012229300565557348	0.013823294470456384	0.012473163307148906	0.013227655710151722	0.012903650427641317	0.014138489046997245	0.012724674936783403	0.013720792284748358	0.013991327756122591	0.013651392894239365	0.010562851798963411	0.012433634171793651	0.013451464108925216	0.01325968151398053	0.013359079313469418	0.013156474910317238	0.01325937531100233	0.013362920297083547	0.011752687251558586	0.012601383333333254	0.0124236076710804	0.012022762366083524	0.01282894841298306	0.0124494571987359	0.01339406224617294	0.013835062374519688	0.012942385456862784	0.013813249313951734	0.012842865950100908	0.012231777052790455	0.012531789058784604	0.014118832408237915	0.01306688355306064	0.012014337643679889	0.013422954525070323	0.012976789301091883	0.012733104940604156	0.014251242803399473	0.012110916746155687	0.011872052578276195	0.013850313912320802	0.013072068867492652	0.011718098965030429	0.012855688757849336	0.013047047194633865	0.012748108644543354	0.013164232128094623	0.013885451853492402	0.012230351925158258	0.013132977700694859	0.013817800674376284	0.013619740350937366	0.012668019582007715	0.012564165565495548	0.012060492332697889	0.013969779743423867	0.012717106165850043	0.012742568802649621	0.01160177849548405	0.011161905070547389	0.014321922334279752	0.01328525027825689	0.013681168380984205	0.011731789010954808	0.013874983333255009	0.013435202015816468	0.012371293850537826	0.011416697351723038	0.012402520462716542	0.013245482532161021	0.013652367478851785	0.013197431491062485	0.014138972442878768	0.01328770962779619	0.013389697790620552	0.012077896738695713	0.012368771766958761	0.01134850469973541	0.012805715724282669	0.011140881393054471	0.012402194376076994	0.013733589126607264	0.011514055871362538	0.012599867337675182	0.012070606611369659	0.014290352421737535	0.014046174426018455	0.012203452858807888	0.012211469315504112	0.01253960999100389	0.01237809489509116	0.010855230964766286	0.013877604399966732	0.012872330031332339	0.012663024331101334	0.013691396831027484	0.013028060836594238	0.012428405447294509	0.01244827777279866	0.01308589562050601	0.012579379469525042	0.012432278748712373	0.014060166057029541	0.011352730763232906	0.012204209504949819	0.014115894561408797	0.012289351269102546	0.013913132204564537	0.012472639990687602	0.012192174268939935	0.013250967624727526	0.012998440994368012	0.013478037955680717	0.011591810024408383	0.013303503590170627	0.011195802147504432	0.012411837665328693	0.013003250937439613
boa	0.012618897796636839	0.013715643275989762	0.013588833139994358	0.013710858267380367	0.012093069186347625	0.012797628519839378	0.013056053006653428	0.01302704773752566	0.013301553146246876	0.0131417520823059	0.014357417393448688	0.014127182943292767	0.013687803153336047	0.013887610890903113	0.012800832925474381	0.013269456871157999	0.013403104616262625	0.013944517518068699	0.012916260135892357	0.012503921559714137	0.013461853754935645	0.013635079220212525	0.01314245232403969	0.0	0.013313923906574408	0.013452041952457638	0.013305113158112544	0.013566659753523537	0.013039614932619991	0.013202501497016	0.01333762000658622	0.013471368291075082	0.013094410994887076	0.013803286326943871	0.014091953411941622	0.012905219808635435	0.013895726873304324	0.012740193467221883	0.013385922246030578	0.013124945738874304	0.014090747793753628	0.013758159214417838	0.013746986762778152	0.013866922994755887	0.014156571652792044	0.013448258201479267	0.013753539824596216	0.012820297725214924	0.014031375929138992	0.012766295868575837	0.013995211757804087	0.012963328112163646	0.012099330906946499	0.013337969676779183	0.012712426694813412	0.013622721592648053	0.013261213868805268	0.012913436874139756	0.013346120622781255	0.013366797301558769	0.013044715655904206	0.013116443764574588	0.013922597175539547	0.013021197091238166	0.012096396399041183	0.01406758856475532	0.014269890245140977	0.012840578885453124	0.013819022128881362	0.01239665503101218	0.013923278082171585	0.012855583895194306	0.013634888430036391	0.01215070801406824	0.013347764182718094	0.01296920818525503	0.013087073170543506	0.013185226019503534	0.012792305059940369	0.01311636523478226	0.014293553544114919	0.01339842830070182	0.013769271390112588	0.013808815339259645	0.014091045924210462	0.012559840003220213	0.013744749184204019	0.0134433215117269	0.012533525877230382	0.013752484121007045	0.012658447561934395	0.013603241530038007	0.013960005287720631	0.013270501655347959	0.013162956886760044	0.013356841199476905	0.012412457633874847	0.013603682558004813	0.013287593266143293	0.013174767552714024	0.013328742831449004	0.013617103428516386	0.01322898690034634	0.013324288177303724	0.01297771588738676	0.013627808442548146	0.013998022695647714	0.013702244150771769	0.013326979862767463	0.01335660401376826	0.012961924536797348	0.012439081243082642	0.012740825531389872	0.013372337202112965	0.012796691047785264	0.0132545413983994	0.012563222507139432	0.013807420705855644	0.013069737324865107	0.01336845658711227	0.013775739532872032	0.012969033080070736	0.013381119466287568	0.014735835218743736	0.012983362498989535	0.013218586943138813	0.013556299943785708	0.014616910031108026	0.013356180421639186	0.013145960075839937	0.013822041268742362	0.01336962755533204	0.013260491815693762	0.012715034056167595	0.013298076417734901	0.012869014410193582	0.012666438456214424	0.014012980415442154	0.013470376442364485	0.01389189074919063	0.013698564069592236	0.013323370897900089	0.013582265971972991	0.013245901464531123	0.014055197955946619	0.0135026705313285	0.014049036575509665	0.013220282684515831	0.013254880340169724	0.013261858728701894	0.013277002026526158	0.013269973092596475	0.013419898183653625	0.013422733496146175	0.012861586989137856	0.013313148699246498	0.013539616530483786	0.01345853612199154	0.013236145986674226	0.014043672946440107	0.013960409250304283	0.013648041653719942	0.013130679302974155	0.01353740463790814	0.01294827150183955	0.01340891351623814	0.013944240383888163	0.013789247845807828	0.013328638636692668	0.01391080656187714	0.01251862411929682	0.012746964905903355	0.014080231863155322	0.013683338880894147	0.013395585353841378	0.01281044188368627	0.01198806772463172	0.013611224090580852	0.012345278810276116	0.013097214086321115	0.013572745740364102	0.013095205842102685	0.01428246816898749	0.013028886053449613	0.014258092913361654	0.013982128091974421	0.014015835281966357	0.01314192499632084	0.014025818541545616	0.012886356302124948	0.013340244171662716	0.013786195362631183	0.013841695330328032	0.013013865754987197	0.01353144855168797	0.01350896607671826	0.012632249028345777	0.012902981768156718	0.01303576642073725	0.01224928629330275	0.013687734116885182	0.013404083848979575	0.013465171327129403	0.013629386499039753	0.013799750570809155	0.013382533578427992	0.012994031420026269	0.014233219803726911	0.013923655523022325	0.012466168218361696	0.012394310467949945	0.012447779439193033	0.013926556138251707	0.013007793082469958	0.014857421840906463	0.013265825440852148	0.013854263305126102	0.014108892870062456	0.013038315856015493	0.01429514214006689	0.012945852001267128	0.012203054809824709	0.013787366012253787	0.013091855795939371	0.013430655808734588	0.013958723675699145	0.011793777561127823	0.014254900258006391	0.013641905993015553	0.014440634615253509	0.012574185655201419	0.013669387263354598	0.013097914183730653	0.013889741461777079	0.013873750802725121	0.013086221230229062	0.014645773440853797	0.01418507692605002	0.013752238937357253	0.013353093488037765
bonobo	0.012140010123404748	0.012354660941228508	0.012092737455555358	0.01351090958667873	0.011833843530981858	0.012683698982806692	0.01178286677781274	0.012482911702643098	0.012988803463107624	0.013022009525731888	0.012097599894230702	0.013520053543551666	0.013520467122041482	0.013325676820385046	0.012154275632194945	0.013150310984139692	0.012491670474921078	0.013909533207457714	0.011846244958867628	0.01289595566421353	0.01223827630162685	0.013309046626730507	0.013194591724279362	0.013313923906574408	4.214684851089403e-10	0.012674402230657033	0.012745009046679445	0.013563166958168827	0.01229177988372599	0.012901963590922888	0.01269206675194619	0.013593746638100177	0.012732419306418035	0.012620572351885937	0.01171032651609645	0.011212954768408305	0.013142470770754313	0.012778073326851816	0.012758019323186699	0.01354504389433117	0.012951728302186424	0.012101676069157286	0.011745667985638062	0.013088612624883618	0.011210688858615347	0.010924395085437761	0.01312128292598131	0.012666768457756857	0.012658737702480528	0.012985479758795564	0.012601656033066986	0.01143839236099219	0.012640427046117444	0.012853543967397216	0.01106655250981211	0.01336625730768475	0.013086218118220624	0.01274084474035902	0.011458640337986133	0.012778269680180577	0.013204028778138772	0.011594722531078067	0.012649623930778522	0.011130788692429663	0.012348086879077926	0.01358371562975498	0.01312786145471106	0.012453090140679137	0.012381365820287921	0.012456778121894257	0.012686652279097089	0.012706655209002058	0.013576805443507785	0.013176618131395989	0.01202832628895935	0.011438629515317565	0.01342092866913418	0.013171032639244677	0.012201819170531784	0.012243092460730614	0.014009439430297208	0.011043721030258594	0.014121434194434403	0.012990199782684383	0.0135995245208671	0.01177376847392413	0.01150307858510393	0.012735760671992105	0.014031676788846252	0.011277492761083812	0.011419339663114361	0.011463488243864596	0.013760990578916405	0.011349891903100082	0.01278869465943432	0.013164187596057404	0.012650974485190676	0.012308761867718326	0.012388707262092393	0.01305307155971736	0.012956050109114412	0.011961391303514863	0.010326697353486741	0.013662420664747614	0.012916417260160929	0.012085301244809799	0.013822581306766835	0.012839512870753942	0.01128541271178817	0.012978664808574548	0.012508563425407172	0.011108260944865136	0.012803045601236164	0.012867931593008596	0.011465735442650518	0.012837880889180229	0.012433610874898651	0.01325979115104285	0.011557729271882955	0.013858007376181355	0.012550376731203522	0.012618065593220911	0.012885848946155392	0.013734045104400721	0.01108048513270655	0.013760713275299147	0.013625466120780312	0.014302477247835774	0.01154913093247502	0.012643543268095976	0.013097225557336709	0.011866951891752337	0.012516005045262353	0.012563998107436252	0.012652220187638768	0.013083697726141716	0.013496799515241544	0.012400700845475754	0.012188257596249467	0.013579847480050396	0.012599446317409524	0.011474978953703798	0.012396898097143127	0.011898772787144563	0.010912068929216857	0.012661763379709296	0.012366666722097384	0.012670004266866796	0.013272997614948	0.013031119900756347	0.013381470560850905	0.012300756107641673	0.013070466614617565	0.013144666114902486	0.0129725992933159	0.01286649571833292	0.013315225486770586	0.011791234108261273	0.012461415264580866	0.012249867909279786	0.013631387909378748	0.012975691827235784	0.012823612235640925	0.012681021084455051	0.012080907517807528	0.013286394558936631	0.012578613764352108	0.013557814911079014	0.01197179366425577	0.013142039534565813	0.011717190905750631	0.013585569638349157	0.013475776645560907	0.013329847179221454	0.012555926182817796	0.01225664379376627	0.012542503368895229	0.01309889903405722	0.011307629089360845	0.011675862825624567	0.012727701298747042	0.012413733177225302	0.013723549469249294	0.01387198890860184	0.01417965634635212	0.012216882711198494	0.012930522901079579	0.013875402021233005	0.012542264603281634	0.012471630783049217	0.012387379882728424	0.01203272158489043	0.013146404834850644	0.012344539866080811	0.012418687092109746	0.012317783327352616	0.013770520599124241	0.012021213060759624	0.01352327521566091	0.01247638949585008	0.01263255341359238	0.01395484990430621	0.011501480176477894	0.012817100492233334	0.013212164063878968	0.012852030800417946	0.012574220162889982	0.013881887707341643	0.01272457870651217	0.013687537686375149	0.011531194789496354	0.01249846341312723	0.01240844856790456	0.012581858229353055	0.013662565186897502	0.011548114639385945	0.013044650739697261	0.013081331300476184	0.012932949875431579	0.013817697383721626	0.013367943787270329	0.013079164530095545	0.012970542157966758	0.011932966758435413	0.012984006531601651	0.012923213964231801	0.012330411295819008	0.013966019836444995	0.012609857319547018	0.013747687462285567	0.01163533828706034	0.0133342582993505	0.013496462934071198	0.009306592131791533	0.013113376338151173	0.013498829507366483	0.013904359195823484	0.013381215194299165	0.013120889428490887	0.01207977187859103
buffalo	0.012873994287161754	0.013476660220776506	0.011901837562224238	0.012996047179250507	0.010026865080837635	0.012747609161584477	0.012842448101345154	0.012158753755781206	0.011942814101291005	0.01222777231956314	0.012764140540605177	0.012381462687683946	0.013139561573203087	0.013084966070671363	0.012681986309470024	0.013349463610806895	0.013188465298454705	0.013192189631263335	0.011850241139377594	0.009969167444136888	0.012704270436440153	0.01295481308368589	0.01342885176900902	0.013452041952457638	0.012674402230657033	5.960464477539063e-10	0.013883725959215793	0.012283257635071328	0.013344016229654518	0.01151264762765344	0.011855203682015593	0.013795536355712299	0.012513036136637845	0.013064844265352172	0.012247379695784672	0.011925526797003205	0.013490287522908593	0.011753209702273821	0.012660994812737782	0.013047954916771671	0.011920583685165494	0.012044810360685667	0.01255336934863426	0.012902523446283603	0.013058200747429909	0.012745501412926883	0.01273144083085474	0.012454332959184163	0.013014475365922323	0.010671177470884578	0.012495418024789649	0.013291468285922557	0.01258479787551332	0.013086725399532474	0.012675668168511962	0.01358147345165698	0.011808124129630988	0.012304464755698867	0.01317155905030128	0.013297031338301669	0.011103445829813407	0.01309175170607926	0.013217794063515174	0.011813942909925823	0.011165857219124194	0.012706501123333247	0.012730802518990513	0.012368634660503159	0.01220464654687376	0.012356847535605174	0.013702416306085268	0.013075966524930765	0.012973777951480121	0.011180549458815517	0.013214023942609612	0.012803198550179709	0.012798833021783857	0.0118830757736836	0.012774939902719969	0.012359562906254467	0.013637134748794627	0.013207827558904272	0.013235933385573448	0.013651285028755794	0.013575302114864513	0.012592293764759333	0.011970733114538647	0.012119358612389757	0.012478089047825564	0.013115967717800959	0.010543458005148618	0.012627121062850556	0.012966865688514238	0.01208263160042051	0.01207454159861143	0.013235459993471931	0.010419588129136159	0.012562835564669392	0.0118200359115277	0.013182352682738931	0.011847303104207332	0.012541002795444026	0.013444705185958862	0.011433610141996363	0.01120709218151397	0.013419411917507527	0.01375931288880667	0.013027996065076063	0.012621634737866271	0.011769303730344094	0.012458954500381633	0.013049739488436081	0.012005038184240297	0.011914495114693535	0.01168571387361603	0.012208241745358206	0.011734017079463217	0.013850790418406115	0.011562097205826467	0.012599527364492786	0.011739437109147332	0.013565885140410705	0.012531428219938199	0.01373167200765564	0.012553686735417758	0.012782537770175849	0.012782357071927576	0.013364442101800095	0.01299074857189478	0.012794483456508217	0.012712653820533572	0.013631561489513357	0.012720136064175346	0.013396856080902369	0.012561909200924282	0.012818567242740038	0.01284212064158371	0.012507351925390193	0.013034490353477821	0.013332150725327114	0.012670945763820482	0.013724220487462309	0.01336356112858504	0.01270474372951879	0.013407442329441294	0.013046434324452119	0.012813887190740511	0.011587908622735914	0.011599433521747343	0.010123016181310222	0.012277713079029955	0.01207318998013799	0.013407653114118187	0.01213024186970159	0.01166409405266407	0.011927154901263243	0.01370630837455277	0.013136589464381511	0.012824555091239006	0.012280223938963178	0.012954517881912568	0.012910025891118983	0.012131613304518571	0.012278510585692863	0.012064255647573994	0.012959719175013602	0.01324434769867764	0.013570783125227335	0.013563558646052172	0.013141582491615235	0.010848779234393731	0.012934106378450943	0.011872431846481134	0.01297833304589597	0.013306785206577059	0.011731385167856396	0.012168017898293026	0.013034598704060964	0.009893411096083105	0.012452038257008434	0.012741484815269441	0.01255947103676634	0.013169906156317633	0.012409751750914376	0.013191735793081933	0.013272082092534188	0.00909833787279881	0.012412633361322933	0.01287287261766482	0.013542503288168563	0.012774963871270887	0.013185799070894576	0.013899986663567088	0.012225483821417835	0.013435151986208179	0.01308793108969165	0.012921761362405929	0.011857283024289188	0.012902779040508643	0.012766786862358926	0.011737190739753095	0.012695688007784518	0.013317310106387361	0.011986190767811824	0.013199746955786655	0.011732015857183394	0.012621735326166394	0.01353135122142088	0.01396934503075326	0.012917159462935292	0.011817715312677352	0.012009270297498018	0.013214752843407502	0.013186702031505577	0.013101501697541072	0.013206633454973138	0.012171402915666143	0.012987538847196355	0.013046295694005752	0.01306650766672412	0.012844612858538858	0.012781510355823367	0.012702354034392665	0.012644894172486557	0.013790681834295939	0.013307244241970034	0.011927791809470336	0.014217512517421912	0.013269477320582528	0.013031082503637043	0.01273566985440686	0.013191194614560964	0.01199530520004919	0.012109122789429263	0.012894345635661695	0.013180653812503376	0.013049706143119207	0.013594104172044139	0.014340807178496446	0.012436788372715541
bullock	0.012231469125650912	0.013304713287295385	0.012901260239605425	0.013513556217016323	0.012602484718939481	0.013006789651127372	0.011752784322538186	0.013115177399912647	0.012683390983337648	0.012456112540559672	0.013425770017624863	0.014148001368726276	0.013531914614986245	0.013511040447104	0.012942587685414612	0.012588010712310178	0.012804716730787966	0.013170312172599558	0.01291546121570226	0.014050173794616348	0.011503490866795812	0.014546774278579548	0.011705109145128846	0.013305113158112544	0.012745009046679445	0.013883725959215793	0.0	0.013010316445661039	0.013233999340123457	0.013871609105181239	0.012412164960811439	0.013697638578710411	0.013564744829849588	0.014032764651459534	0.012698697791501633	0.012582881205262847	0.012682155349883827	0.013571579630546253	0.01422269158896097	0.012031902370220636	0.012581124070425977	0.014050887916153054	0.012823394352452612	0.01352647609719376	0.012271318061016317	0.012571741807451487	0.013213542650380437	0.01101173247821376	0.013565558718027695	0.0132088933095176	0.014369997488871371	0.013247488766635887	0.011803130070757301	0.011268788923573326	0.012338201514502455	0.011771673209345737	0.013463832180319393	0.012569998714204594	0.01337476696627047	0.012492923199901631	0.014433923221359723	0.012396772052432614	0.012641868095672037	0.012551613419230697	0.013297562720851967	0.012984305208162237	0.011742361987508635	0.012936387179508214	0.012558336449393836	0.012754557819068608	0.012852192339936756	0.013507778301935532	0.01381676985852012	0.012721076658592933	0.012206200997622374	0.012171890587204429	0.013945044353398517	0.013642820130664974	0.013321898461719819	0.012287467994411471	0.01366117086578564	0.01191624739487816	0.01415201447909966	0.013940375436862013	0.014579697455884822	0.012581122693216045	0.013347088010919913	0.012975174340746933	0.014100872412494057	0.012218102310019928	0.012929240819898496	0.012052149100066016	0.014010347080837215	0.012441767558049814	0.01260092912038685	0.011803008174930558	0.013272694278538484	0.013198291377807023	0.012703346419339403	0.013174909429267518	0.012661011119937433	0.013052790701686167	0.012231895700553554	0.013825247973273882	0.01244903651308326	0.013534378718871042	0.013836121879091829	0.01395519171827786	0.012843319874039449	0.012879716202888946	0.011380771494325875	0.012864335719988296	0.013154052798046455	0.013480101861475673	0.012143083691457612	0.013449340381657215	0.013031022754373645	0.013465484088137141	0.011796714342828737	0.013653870450007814	0.012747243577315423	0.012225615095130586	0.013470964502926328	0.014647529443696978	0.0130905724079727	0.01366690456625044	0.01337972593935037	0.01296955217715836	0.01327402065600167	0.013815373373153002	0.013956883918767357	0.01292063366904459	0.011209234265006163	0.012204210818342647	0.013437200030495457	0.013209225661014273	0.01396132405985157	0.012706857586958935	0.012679947353656571	0.013786386154944676	0.012258850367570568	0.012114253892393763	0.012461938467587776	0.012031575501504285	0.013291346270038846	0.011987199461821257	0.013137591031689766	0.01329506018637123	0.013618864158352255	0.01414205817522446	0.012665805169298773	0.012404632955745913	0.013709765653197512	0.013845771852660085	0.013027173697580814	0.012458892018071243	0.012652520841728703	0.012986016728660682	0.012470203117214205	0.013071432207255245	0.013503898318075509	0.012078054613297076	0.013482643071333051	0.012609537909656769	0.01237064425112542	0.013428670564014622	0.012746403044152914	0.011956906816391409	0.012962271209835547	0.014126975221599745	0.012489987615110767	0.01396336915215158	0.01389692933953776	0.01343651147037028	0.01296365146975835	0.01291204539819767	0.013054517168068415	0.013726605814397322	0.012294695034579195	0.012740780358324695	0.011342442288880246	0.011107189751208226	0.01377254719015221	0.01355467748973619	0.014043776087944817	0.012069874885398822	0.013404978347244457	0.01392193245573806	0.012455752219686029	0.011502211145395829	0.01201143191688999	0.013181990918581583	0.01393150391871948	0.013033011670850502	0.013962928491696683	0.012478533853831415	0.012871125874187976	0.012810809296169906	0.013747771726412226	0.012894577534442002	0.013198985233920988	0.012213438997128645	0.012563793977539903	0.013337253282914326	0.01143134113058862	0.012537392043314327	0.012749503286212372	0.014211366757383366	0.013553341207261442	0.013328785287890155	0.011907983174878284	0.01237074439239458	0.010620323679883864	0.012175201671018144	0.013247981846300797	0.012742683453634905	0.013630174842977074	0.013273267651520947	0.014021461029744992	0.013987087995568286	0.013137222442478325	0.013825411489786874	0.012397807990720213	0.013054962154904901	0.013918279619054657	0.011849605523865435	0.013581749826479535	0.01414461110368723	0.012686071020116978	0.014513635236590647	0.012303953010493586	0.012529366159710903	0.013995822493187697	0.013005726516954317	0.013791501479575639	0.011692860202705631	0.01369908499098407	0.012114156046315177	0.013553506470309604	0.013601305110819369
bumblebee	0.012650568314042172	0.013765920967928204	0.012046481097519785	0.0127464926617853	0.011787529647369071	0.013634180361592498	0.012275366003822308	0.012786940180977946	0.0127881884443973	0.010745043793484978	0.014112560369957254	0.01319689127753133	0.01193141302585759	0.013734823646125549	0.011422273000435728	0.012697342347397611	0.013353091604906008	0.01330695207059695	0.012765063690568979	0.011178790143862487	0.011998801388561966	0.012595236544032298	0.012630865683113295	0.013566659753523537	0.013563166958168827	0.012283257635071328	0.013010316445661039	8.429369702178806e-10	0.013603145757304402	0.011800140362134092	0.011058978557425986	0.013463476941111717	0.013349129202687398	0.01277659656572125	0.012718364636934109	0.013566707672345201	0.011872038140179184	0.012676805868248486	0.011834561976396953	0.012732753808991986	0.012999247409450354	0.013499437401601273	0.013208525074274256	0.013162958921512763	0.013502392655425237	0.013240902725185971	0.011514981389959052	0.012405007466315888	0.012002962471739846	0.011043586070715775	0.012953135933743587	0.013940741080265854	0.0123901507404964	0.01239106748086587	0.012349878816497533	0.012996392049019954	0.013191616748845742	0.010253786405654304	0.012926734155783761	0.013316319995232407	0.010554141592836493	0.012103743574159932	0.012741903098626946	0.013232120991117442	0.011498013049427101	0.012932244108016128	0.012979466919482844	0.012003179228268213	0.011779786867704624	0.012497662585552325	0.013488430506070254	0.012095341668938806	0.011987282720680607	0.011622020388652654	0.012759420259267564	0.01177684652610094	0.01187405409229104	0.01195406830795947	0.013007648716909041	0.011518844141362132	0.013761938819187804	0.012858624076889855	0.013536267717453095	0.013760631264304633	0.0130151065015894	0.012330547285701609	0.01227086066825574	0.01268480080683198	0.012567626443480218	0.012826450735797327	0.012823414887476636	0.01315966165606107	0.012790310606663897	0.013453400152189822	0.01068911977474564	0.011127393009693835	0.012089839186640878	0.013585505703894392	0.013680873489007088	0.012739145795616127	0.011580726177295936	0.011739416322659473	0.013087387936131638	0.013150021942894077	0.011281070488729183	0.012544156023965762	0.013836474221475019	0.013228810108606983	0.01336485556748453	0.012138007722330408	0.012143108080839753	0.012914502846072862	0.012549148594987103	0.012617125136196804	0.0122893222628104	0.012952247219984668	0.012048414075002607	0.01381532163015117	0.012661789542485164	0.013013211372233723	0.010564125239087889	0.011789169064222163	0.011897372619728688	0.014829167282306537	0.012235803118355757	0.012580102176979304	0.012213531309034393	0.012917587990066924	0.012596137489948612	0.011386525449095653	0.013081822864129393	0.014020697450954184	0.011887066014807782	0.012451246325398853	0.01216338942021946	0.012982344293143768	0.013309042016462477	0.01303866138058406	0.012146546155171	0.012539547504121723	0.012923990755714949	0.012818753877305236	0.01322552674140962	0.012398197702762643	0.013268921237787229	0.01259300819308409	0.013512386660254496	0.012237094758341482	0.012536537539437573	0.011884830018021302	0.013451083887921114	0.011987351771161033	0.012209167094212405	0.012939324631315894	0.012029498459881806	0.011290091309762164	0.01329174629237554	0.012747671632211528	0.01284784927934756	0.013992200455433508	0.011813784341137	0.012454698230482435	0.012949303587809262	0.013341929755004114	0.012692544006405087	0.011337022303463902	0.012226792964480999	0.012163284733956014	0.01335017406695212	0.013379358545123175	0.012411627072854396	0.013130517909962502	0.012475767542963305	0.01331033227868217	0.01173326747985441	0.01093375679169577	0.012293852432579742	0.014114385115067608	0.012547982775060317	0.013376323745829422	0.011758407119984033	0.012062207496778752	0.013918085070366324	0.012664532691528634	0.012774974383428134	0.012279997564098548	0.0127418572284112	0.011909259003993247	0.01327425953371802	0.013003579183883745	0.012879887700659344	0.012378425050106476	0.013750219933486066	0.011961916443524703	0.013610038674832244	0.013631474122949017	0.013253930347346525	0.011822785777482935	0.012038769732310262	0.01134060489306155	0.012685954249644225	0.011312732510326726	0.01307762263529569	0.013067295140118203	0.01274991916046973	0.012436940708763482	0.011315750925814341	0.01384396561718687	0.014299860022254167	0.012700439229912333	0.011014748383690603	0.011293113922376878	0.013274748503593352	0.011771004781154162	0.013732547437991252	0.012500127640913938	0.0131971264268725	0.014071626994382741	0.012484147699944855	0.013543120338422648	0.011995060403605862	0.011052768302263262	0.013222666615744583	0.011953416943197643	0.013682891714532868	0.012697348512114608	0.011885111982121731	0.013941829387953877	0.012809407951151406	0.013042045287856898	0.012867989448277346	0.012782863254764838	0.011889563003763053	0.013509933192183163	0.013323643964608072	0.01114751012505301	0.013096541132617235	0.01238734788486769	0.01388142982535123	0.013377726921525866
butterfly	0.012354152563063835	0.010678508645465648	0.013410094776939961	0.014072101519923386	0.013167084887188598	0.01380198285034165	0.01322633084650191	0.011947190657983924	0.013033832790729392	0.013077421715568466	0.01406826671460038	0.014047485166228725	0.01376098123366982	0.013284273161308965	0.012721619718796661	0.013280190817397437	0.013503156278825113	0.014042174236157962	0.012797710770542014	0.013251171869263785	0.012929446342990678	0.013998428574448931	0.012152291930115893	0.013039614932619991	0.01229177988372599	0.013344016229654518	0.013233999340123457	0.013603145757304402	0.0	0.013660730163498742	0.012845199266101583	0.013650953140801163	0.013253937485944342	0.013987964373930602	0.013312974085915481	0.012731500950274324	0.01340093569032263	0.012415985495564575	0.013956789763812814	0.013891265517540606	0.013026902112349277	0.013165359953826894	0.012952683862723254	0.014113573785090896	0.013700589209397183	0.013755916348273993	0.013897883582680355	0.012968264364131453	0.012628372701503294	0.013326162303907341	0.013942701878990096	0.013677670836827058	0.01253787417522051	0.012745647076383822	0.013166139009596196	0.013588774017887025	0.011902862268036093	0.012431576616449915	0.012869428931091444	0.012087135930251777	0.013918789762480588	0.013137342301431834	0.014096509276190848	0.011334190565821349	0.012587738974308387	0.013516326374174638	0.013557421115074957	0.012982543658996492	0.012658026747836339	0.013693254218735714	0.013776449019485017	0.013633899721810075	0.01385128618698927	0.012789959525982816	0.013596251444409633	0.013323404721395022	0.013637493297997141	0.013887237505789875	0.014000822806066397	0.013400945952212574	0.014674222747212997	0.013410045323308526	0.014498065743233564	0.013531520045920842	0.014599265598373174	0.012173958356869723	0.01271350680171351	0.013459898663981005	0.013381568239533586	0.013097278534208633	0.011664770771319421	0.012792066278335392	0.014633452228468336	0.012129164549595775	0.012826815086472964	0.012955109944909917	0.012673562752630728	0.011249212235310578	0.012523353878503339	0.01388245422372897	0.01305318519212645	0.01400595325777286	0.012213935255989556	0.013087472402001341	0.013319999657807028	0.013836565974057575	0.01406387503224865	0.01409621845261164	0.014171133269344991	0.011957569222105793	0.012423046114730892	0.01340295052530473	0.013179643513123016	0.013178127754244394	0.013170905639636833	0.013435902608520435	0.011909974223667536	0.01379121628110265	0.01274027321792276	0.013322248277791158	0.012837617281417475	0.010975165993404989	0.01393659383551019	0.013699344141875848	0.013206383375122746	0.01302107205790881	0.01299090699349657	0.014245592447803445	0.012794129300133746	0.014198983172846577	0.013919416643074368	0.013714329336100655	0.013133078175662343	0.01194713095977624	0.013509074467303777	0.01321852037351796	0.013349021637482236	0.013373111878939001	0.013029993845475298	0.014179093110624874	0.01314794667901756	0.013486576802650694	0.013447524286322437	0.013455049537311808	0.012233931722988162	0.013237663362756068	0.014251247992556098	0.013950379043056864	0.013665886509332571	0.013584980824883606	0.012922793203512539	0.012384616229592235	0.012698990508694073	0.013889223090862044	0.012612935182964642	0.01291209396338231	0.01377000817366181	0.013072314218390056	0.01277107182772667	0.014738512064384772	0.013500154973270617	0.012533062395283266	0.013451199806694847	0.012921622087068587	0.012565386639522882	0.013144693387430087	0.013379168065916918	0.013476847296969106	0.013297674822138285	0.014504423675403727	0.013049941291762337	0.013424790837676163	0.014134575915139148	0.013826624812335937	0.013688660685290925	0.012375951233035264	0.01285479219114534	0.013692969104260606	0.01378862763661229	0.01266812342196226	0.012550349417128997	0.013079255164721774	0.013888716423324086	0.013392970514873911	0.014518066027031989	0.012951871387910019	0.014084460381557994	0.014010614292122203	0.013837954271146057	0.011648015270993841	0.01238577332570577	0.013983801649298492	0.01497578482010174	0.012860566206060194	0.013688392532886577	0.013453002262150529	0.013595507640510141	0.011765366064912117	0.013425676118615422	0.011872400274024277	0.012737520262177907	0.013081698229361817	0.013651416925909486	0.011816920564026055	0.013174411561866503	0.012500757497157719	0.013116562067891177	0.014429414800975558	0.014559363735750055	0.013372792033783956	0.012787933904737562	0.01255259011783948	0.013770859764621057	0.012466048351842176	0.014856210057657195	0.013640268288527227	0.013894764209291827	0.01345686216369875	0.01390246444550225	0.013759369209760846	0.0128064827739642	0.012476452770250408	0.013385578560044296	0.011216873433294495	0.013914205663235821	0.013869149234025602	0.012074045369975028	0.013621969023109404	0.012994235641237162	0.01463946588339142	0.01213594492408473	0.013499449804223613	0.014042568360766951	0.012018415152069282	0.014282434260304488	0.013162106545562127	0.014149721191598595	0.01378627950149776	0.01264122699020958	0.013514820129363567
caiman	0.012588974484646312	0.013027751394926792	0.012319632103967162	0.010492557484533371	0.011024090873697389	0.012361071106814314	0.012235327622672655	0.011927979981812876	0.011055165378026978	0.011819644031672367	0.014036629849635164	0.012724975706984989	0.012455169250190157	0.013076304436539374	0.012328696452592727	0.013189901799823484	0.01249723241172436	0.012592743421196227	0.01257504343698748	0.010717384367778027	0.01255616397005069	0.011977075642344492	0.013282489270136809	0.013202501497016	0.012901963590922888	0.01151264762765344	0.013871609105181239	0.011800140362134092	0.013660730163498742	0.0	0.011555736885611118	0.01340953938164567	0.011491453174866875	0.013276759506731175	0.012676697451508479	0.012988482772662315	0.012026972728024516	0.011847897270381743	0.012068914483243865	0.01178234499280146	0.011612038576821358	0.010851871466676854	0.01265747403144714	0.013119005768377785	0.013228770315691666	0.013464121564893503	0.012246811059467108	0.01269506502710144	0.013233437376905766	0.009795507415460222	0.012310631068440415	0.01378797943497403	0.01200202409935181	0.01324074099796688	0.01263597159422941	0.01359037279828977	0.011897201457817044	0.011112162412996444	0.012930039066143236	0.013290291921649702	0.010734185202843778	0.011775407014518995	0.013339975702410528	0.012676872777387653	0.011342142389159099	0.012618060057488154	0.013443240109080467	0.01130728641928503	0.012802843009320088	0.012552587134011027	0.013254325921286534	0.0127184454800626	0.011658612934967833	0.011452627941330196	0.012967049390480916	0.01274671401303209	0.0120695438039504	0.010685032752428	0.012534122063604998	0.012040185431263416	0.013144949162324235	0.012963955672570087	0.011312897926298028	0.013090555097960019	0.01327973216531901	0.012655476245879498	0.012641195004527851	0.012033160863133496	0.011680840402599469	0.012926481473939384	0.011022787609675296	0.013314857295032448	0.010447241761974944	0.012898222307281642	0.011994750697849695	0.012338560669233258	0.01032418414131204	0.013041621001345902	0.01222840202486623	0.011490936754226846	0.011134758566840604	0.011916298178349542	0.01326757440238253	0.011525928986029525	0.011408535332981227	0.01305468275406034	0.014708614610118565	0.013692542248225326	0.013341723230576617	0.01240768309588828	0.012576916937275119	0.0130238419005348	0.011858956643712608	0.011424458311813485	0.011701181387679031	0.011883923249599148	0.010832736838007182	0.012322272764993827	0.012803726266607746	0.011641781451912825	0.011353338889509007	0.013075023657064781	0.010757771931877663	0.014007245362630774	0.012966344351802838	0.012339043801151887	0.012579082292891442	0.01361531179972703	0.012875975710635965	0.012415797970734797	0.01283095580625618	0.013629068820208428	0.012944445203232574	0.012530526921809917	0.012472715977140909	0.0103162226885708	0.012098889675397333	0.013247553430320873	0.011989253496780084	0.013277349434670247	0.012759589216698558	0.01327884732128164	0.012894339145198936	0.012830474648057963	0.013469784672832087	0.012854680638395944	0.013527243303968173	0.01147860158785579	0.009903066908514356	0.012098292753630797	0.011687171347250341	0.012569305767494224	0.01248995207120851	0.011854049046605308	0.011951376021756244	0.011785357800082488	0.013209420174690432	0.012959309453763876	0.013254552425691048	0.013279947242621454	0.012113588447251744	0.01266810989662237	0.01107400149494384	0.013643404933190304	0.012753304714533778	0.012018851618274196	0.012630680694922286	0.01358364095541797	0.013360354732989124	0.012523465426222265	0.011900376094734894	0.012495227599067906	0.012392658163932677	0.012017259156792604	0.01288353715697411	0.01028233989666124	0.01199317028055281	0.014184482149821978	0.011975012496399777	0.011213276949249902	0.012940054636024833	0.01229922818621041	0.014042471407838495	0.011238842811149022	0.01261724494879064	0.012865173359525327	0.01226802461295607	0.010479578377407643	0.01224971959458791	0.012508966325806472	0.012851778160809752	0.012459846857674393	0.013637493390244372	0.011257030446422824	0.01334648494346049	0.01384002453587297	0.010875304816381543	0.01169099759874225	0.011355395879392135	0.011160836543126334	0.01030082445675527	0.012322988168566862	0.01362315266687407	0.01292433084252517	0.012734774656524197	0.012053839814148683	0.011496424956052756	0.013898229503336208	0.013373460752332167	0.012345901966945514	0.011837625027836194	0.011149423434900305	0.013323732831386648	0.012095662558136624	0.014055173633706407	0.012680162669031237	0.01046965255064665	0.013632137051199374	0.011244873169678643	0.011838521159520998	0.011498240679966059	0.011682583111972315	0.013144225564538975	0.012428795084979754	0.012260573947609711	0.013160390800477578	0.011243185121020875	0.01398291062583981	0.0131783795467786	0.010566747065571827	0.013373776878412104	0.012447340782341394	0.008195177547707648	0.01272812451707593	0.012621819908602337	0.011469936926221795	0.013629426678635767	0.012895256446930231	0.013715199610985893	0.013122306855668883
camel	0.011565661658161608	0.013053794335808066	0.011311910334322437	0.011951017826459027	0.01146243918074498	0.012762816784687152	0.010900434236041437	0.012720578881188091	0.012691792489640964	0.00994162187194963	0.013755052301494396	0.013297063220934284	0.012052549235295236	0.01339629099852463	0.0110162038755951	0.012314867129624716	0.012780278253689022	0.013260607228468536	0.010328899899761056	0.011665826694113859	0.011552715808173988	0.012945294957010299	0.011744641970796992	0.01333762000658622	0.01269206675194619	0.011855203682015593	0.012412164960811439	0.011058978557425986	0.012845199266101583	0.011555736885611118	4.214684851089403e-10	0.013233869592331663	0.012350393472990585	0.013160656974300433	0.011589478734930872	0.012291275827746959	0.011610521730323748	0.012306826245829272	0.012524903633864815	0.011792919885415566	0.011506320697277583	0.012742983873493288	0.011732115438687917	0.012881913157898502	0.012650604014346341	0.012667296651885804	0.011767965812257863	0.01114798232079992	0.009712350466530047	0.011182226675843737	0.012946234426511676	0.013734151155715713	0.01080888758717892	0.011746223279185128	0.011516699343715972	0.011356173630037842	0.012855433664812404	0.010712222355329116	0.012562549202542286	0.012537313049585884	0.011514338815883105	0.011521602038973719	0.01291434266576345	0.01136186382967039	0.011711879176977557	0.011704667703700468	0.013054156556951522	0.01084979919588166	0.010869593202324572	0.011828867609442748	0.013209470464283217	0.01151705799676219	0.011868020415383498	0.011154037286701073	0.011913352535238661	0.011408026779815497	0.012011000647212442	0.011369511565533412	0.013055906811612061	0.010808859433839486	0.01343915483947824	0.012484466940581822	0.01335719287146071	0.013390002288877595	0.012653793852348298	0.010781453227257582	0.011320789109719443	0.012586838105648014	0.01278295937920462	0.011705408095071394	0.011662436481437928	0.01217189260098627	0.012539368361274263	0.012545299914269115	0.01118012519246647	0.011807756116085994	0.011702719181684293	0.011783755333125014	0.013337367761651144	0.012650764206243866	0.010363143443758579	0.011353796471465021	0.011508804452811293	0.012308318671026473	0.010872258501680268	0.013372230268597794	0.013832270614977079	0.013569828955342917	0.012844107101645144	0.01054842189032119	0.011220017841983353	0.012978013866082298	0.012207524492759449	0.011869307789372296	0.01117269047328507	0.011748495362116862	0.010989953195578774	0.013800112586560912	0.011923493318402733	0.012719759725079967	0.01042912716433104	0.011675383337042806	0.011844013381380813	0.014796467811333237	0.012685696977262262	0.012513567349625679	0.01060801201537614	0.013424305208762857	0.012279665870908668	0.01146314332359339	0.012649410066218529	0.0137588368588783	0.011572186333266505	0.010744102502572787	0.012357772767662414	0.012509940180685042	0.011989863261485116	0.01209297941016747	0.011468994530949518	0.012757946270851998	0.012725919154614705	0.012412492992419796	0.011644648187963338	0.012053952481205272	0.013569719056430412	0.01222577841588887	0.012829118153318884	0.012283654739150171	0.012382337396959946	0.011956297485531151	0.012487611580597954	0.011126043698152559	0.011574903720579106	0.011862172210980227	0.011732955584768959	0.009991170815962925	0.012373992799191129	0.012012248733970774	0.011726473488060003	0.013950815556761023	0.01066629382800891	0.011543634327229832	0.012269706212612742	0.011953101200572778	0.010822641291941087	0.010773095298308572	0.011129496753921646	0.011385185301249452	0.013156322639661462	0.012633426107724458	0.011735180522294514	0.012261329608489545	0.01225245397403944	0.013527344487404941	0.01182940774719864	0.010412877127978367	0.011627869473144058	0.014330106812989794	0.012346745468796012	0.011988304952616413	0.011207821117781205	0.011323791732088098	0.014082279752980858	0.012002450370481239	0.013554933949174276	0.012342093300057972	0.0124991867570888	0.012248894979014933	0.011850848761019552	0.01016259632930377	0.009843616018940831	0.01260485331789209	0.01350762538716789	0.011378720043702505	0.012936665189195546	0.012577502521846848	0.011886703538373532	0.01079888253736562	0.0109494840919086	0.009999243835830342	0.011915158518333892	0.011174369359221724	0.012552210171881543	0.013058346592401399	0.012243716295567125	0.011404282277529884	0.010499810989220797	0.01433832622000983	0.01422983099905178	0.011344421622871526	0.010074540391418226	0.01148693623806538	0.013057807147517064	0.010261137318554867	0.014010309510360384	0.011777118316367272	0.011259419874458734	0.013379379249258819	0.011515315654372724	0.01272075656488048	0.010753049004837987	0.012145933725100796	0.012379854295729641	0.010534395171480963	0.013609951269723563	0.012253133404925851	0.0112537710711124	0.013896389532349502	0.011573147686811433	0.012826502102559258	0.012658415588268593	0.012596004901917568	0.011561147109081016	0.012860186351839864	0.012915380197370598	0.010709779261977373	0.012908420297474313	0.012720783211615882	0.013017182490218038	0.013578707876247532
canary	0.013282304452276777	0.01335135971754544	0.013183324507430315	0.013930375531216304	0.013378681636590948	0.013214337099159996	0.013464971517251744	0.013367613463138233	0.013720341192851695	0.013069519266992848	0.014297063390773515	0.013675701126241852	0.01363979259021241	0.01354640716905913	0.012451204968440379	0.013456649957759692	0.013574715750990484	0.013753142798064102	0.014134994468068453	0.013381131490597473	0.013146654479478463	0.013532700378012956	0.013233914666110944	0.013471368291075082	0.013593746638100177	0.013795536355712299	0.013697638578710411	0.013463476941111717	0.013650953140801163	0.01340953938164567	0.013233869592331663	0.0	0.013896570570803598	0.013199810054636878	0.013809014079130084	0.013361384061869938	0.012932160358892346	0.013189331974765708	0.013508181581467589	0.013475001974268895	0.012713098357931081	0.013748302053198885	0.013989616620004782	0.014235056285995537	0.013766930060100747	0.013820112269314686	0.013222533337414815	0.012907002300027316	0.013853691936612463	0.012841731959542281	0.013709394359750358	0.013341360787982417	0.012293488128808221	0.013047174789641664	0.013156517283574608	0.013382101092972432	0.013529798293502643	0.013327971521417655	0.013582817919568614	0.013297512309879583	0.013254257369519738	0.013159094712164724	0.013685875341496427	0.013987088862159542	0.012455954819342046	0.013097957513384524	0.013700902757126859	0.013079348145071753	0.013479030556895387	0.01332344364770766	0.013907262971924234	0.013330580695500728	0.013809706236268654	0.012725766014009234	0.01335318022312274	0.013628547669874105	0.013642117585247278	0.013458634147382789	0.013541190770038713	0.013923661913000311	0.013832589981689736	0.012590197224429103	0.01387398232594611	0.01364692589653917	0.013797474422391584	0.012347542807025835	0.012470148958790157	0.012707684583948265	0.013764717314399686	0.013936932680249153	0.012742190118256867	0.013611270536481337	0.013767209014537613	0.012639651047452856	0.01270942075714075	0.013461197599234111	0.012816855446571134	0.013631706884064586	0.01427223808423065	0.014353322093405346	0.013421088995962465	0.013317802420019871	0.01344648962425324	0.012502305285453812	0.013120697529662996	0.01371213452836703	0.013658866955577392	0.013431935716052818	0.013246017182078856	0.013637031014445673	0.012319866409928682	0.012862484314139437	0.014308100906113478	0.012654765311265479	0.013214605492909114	0.01351516229670662	0.013638353089937298	0.014683465427492309	0.012903990779440617	0.013905074508383113	0.013068701025863485	0.013608418667920515	0.013495062691894329	0.013908713152005002	0.012823575069720417	0.013594060596333174	0.013487967083885421	0.013921819516163553	0.01284200206472548	0.013109781982832431	0.013627022733690507	0.01268098447622244	0.012855923394536378	0.013781580624194472	0.013357573455805728	0.01341778381377374	0.013597860587492851	0.014464541277975855	0.013567649389528934	0.013384870142448132	0.01321855481450881	0.012752929781323889	0.013945182379634689	0.013157539829510982	0.01354263631916006	0.013460180217867707	0.013368586682829434	0.013767559730973135	0.013538834196040222	0.013907115818490183	0.014043359500968437	0.013389136089370555	0.013636003545960264	0.013135883563767745	0.013562199709991493	0.013498981386590581	0.013095890897702111	0.01296376732626488	0.013736469460577322	0.014131681305431845	0.01363237582421177	0.014052365630972207	0.012887388738763519	0.013703596021687674	0.013738075893342368	0.013622717923467033	0.013753308534904096	0.014177119302141552	0.013183514322255386	0.014077976954057238	0.013702957724997815	0.013934104743642404	0.014417348646419638	0.013829552769075435	0.012997392198708723	0.013622946455310416	0.012707642336329168	0.014427938679296325	0.013387623491093752	0.013606411588358534	0.013176458874849313	0.012898553535709047	0.014687319207307648	0.01380485523345091	0.013991413737760926	0.01349529170423642	0.01445690877355296	0.013591894930132116	0.013766692839539163	0.013418442381609455	0.013323499780899273	0.013120388198699685	0.01314086547586324	0.013947359866702393	0.013987918092325384	0.01349872146481286	0.013692114174047133	0.013428348450535747	0.014708906094936516	0.013770196353352509	0.013100995179067303	0.013394921820396253	0.013483458381060352	0.013535609334550003	0.013346931407596295	0.01369666388723977	0.013414813876204561	0.013633836319381771	0.013324499928441948	0.013478954027746277	0.013346825028646606	0.013138245992663347	0.013800369318854816	0.013674685180494155	0.014020919787329557	0.013412265875709841	0.013327564572825856	0.014082425164983686	0.013460074499569891	0.013276380048874784	0.013987488494502869	0.01357223314055662	0.013371860398849276	0.01343471743803485	0.013658369471539509	0.013341287780567541	0.012861377645251472	0.012975607822050959	0.013440740089843252	0.013942593590972807	0.0125116774511005	0.013772486718597154	0.013519153344202285	0.013428152345784969	0.013478759306233651	0.013294627359587606	0.01351617052617455	0.012918723159540013	0.014305434293033145	0.013042803453297272
carp	0.013072490616105463	0.012831179055784523	0.01251182503119784	0.012104751824985353	0.01137384684083994	0.01229818549321194	0.011709566797453774	0.01153916104823512	0.011657596886736192	0.011932232638044004	0.01442190842413405	0.013497481443988537	0.013108631235770557	0.013048143012298102	0.012264983357543497	0.013304951097744133	0.010865481130247259	0.012282649688017757	0.01339751182576834	0.013000265813651844	0.01190481795032755	0.013289026242694166	0.012525979619780974	0.013094410994887076	0.012732419306418035	0.012513036136637845	0.013564744829849588	0.013349129202687398	0.013253937485944342	0.011491453174866875	0.012350393472990585	0.013896570570803598	0.0	0.013553366748852576	0.01303658172927308	0.012482887903568364	0.012375230343117192	0.01247593955158705	0.013938735011384538	0.012743733409236783	0.011786974658301736	0.01057176997566114	0.013214810821283389	0.014022152406102	0.01325361033541704	0.013476252127090204	0.012434364703921707	0.011633556282206437	0.01348853683390828	0.010598256475524235	0.013061951961065648	0.013617480880581932	0.01126217796770586	0.013089220515351217	0.012329118250817294	0.012766080299533009	0.012333717992430398	0.012349877041183453	0.01277232803139126	0.012616415685281306	0.01314391467962027	0.01201722004720533	0.013298566632721148	0.012386350620705467	0.011899214414033348	0.012366836601555005	0.013095314154615461	0.012264428191049493	0.011921208492882647	0.01289584128452073	0.013650775715703563	0.013365257954691146	0.013630906349361096	0.011867992241478102	0.013380757755774473	0.013454607083118006	0.013772298650365446	0.01309868819243828	0.012571202267168822	0.012473808889153155	0.013251290814461986	0.012766387112204411	0.01280866553401306	0.013732849607038342	0.01383813604262975	0.012902956294216193	0.012047187969476736	0.012209560352703857	0.013156703846197174	0.01365114088618028	0.010887026565123773	0.012977527838124043	0.011006402285175472	0.012682817927215548	0.011944268503915969	0.012134961441427793	0.0107851714168021	0.013586969380522708	0.013000652776720132	0.012198421442724247	0.012123693399563252	0.0126091406458833	0.012790921384689027	0.010193313046451442	0.012436523848953407	0.013771245338643451	0.013706891200424723	0.01392372209714042	0.01299250125134717	0.011910389805639639	0.011736382572437962	0.013600939419002535	0.012702666945909498	0.011585387416989366	0.012386065764192484	0.013028770815370943	0.011857038228343218	0.013487954645462034	0.012235353600429886	0.012425131509176495	0.012591603104171758	0.013404472785689932	0.011570448865504226	0.013962595522321031	0.012422884540143349	0.012599594554529452	0.013408028738317599	0.013413810222579094	0.012852002752222735	0.013542674648570332	0.014033109373886465	0.01326439109950837	0.01232715246528714	0.012559468659707695	0.012592485494850328	0.011890187646500983	0.012752316935197421	0.013239430999156027	0.013376289435655388	0.013264839897760852	0.012463481148246422	0.012879768549265157	0.012757286215282167	0.01275238136586241	0.012975289595260566	0.012357641944111928	0.01385277367827367	0.012430378160700755	0.011533235403749313	0.013441561592642752	0.011806920626335595	0.012136509262786017	0.013298859773243233	0.0128836784779136	0.012223289179881705	0.012149738281928097	0.013030069021098547	0.013101526756117431	0.012603457157259398	0.013936278568813291	0.012893851814283337	0.012162181667485006	0.011796784525097623	0.012772143376136105	0.012776085036397098	0.013221576924465996	0.013593947967087685	0.014022498816627706	0.013076474312090403	0.013936633240280718	0.011930045379111721	0.012243895170145559	0.01354282734065735	0.012579711201710232	0.013227660682076084	0.01184120130739242	0.011817335549929866	0.013282766420978167	0.01266934207778896	0.011427829090583779	0.013127252027762087	0.01167344266099052	0.013137902930804522	0.012689386837839538	0.013437073171134326	0.012653766123508981	0.013048035462026599	0.012651614677472032	0.012948016132416813	0.012091260439449959	0.013027119611825524	0.012540809039758873	0.013754094915567084	0.013126404195719067	0.014275548520426373	0.012918691301123785	0.011753376051021345	0.012068210385201972	0.012810647624333924	0.012584800343481785	0.010822048874347616	0.0122696043777599	0.012763430416621464	0.01275067283492779	0.012821021086020528	0.012289507787282267	0.012857336476437178	0.014252902118191565	0.01357398583336573	0.012414631998944605	0.011949691201662824	0.012067236115009412	0.013190473275158175	0.012618684394635905	0.014182235790109307	0.01364067887505875	0.012418747193036232	0.013516601551863372	0.013657175294829762	0.012300716547925535	0.013331185757871657	0.012542451805420938	0.012819836797034469	0.013220183282022508	0.01388091961900071	0.012179883345723414	0.012929330365183091	0.0142671662519109	0.012525114937689468	0.011648601859609371	0.013102894891641237	0.012312012381475246	0.011834786915982389	0.01229655460449903	0.013015851936819861	0.01198614173671196	0.014027385893132094	0.012456837683317748	0.013315250944868929	0.013000402267111329
cat	0.013246328907349668	0.01390098999642643	0.01260293183374004	0.013030902723199013	0.013058643330427269	0.013425188067103931	0.013566290158626737	0.01364613476733295	0.013573794549731219	0.012917469639114715	0.013653817943031485	0.01350250634785215	0.012901452484257812	0.014149904187110216	0.011670716549715238	0.013515043466803737	0.012832316931367795	0.012917896353692188	0.013729198125526181	0.013295866100078707	0.013549034141536902	0.013731967494185662	0.013477912809076974	0.013803286326943871	0.012620572351885937	0.013064844265352172	0.014032764651459534	0.01277659656572125	0.013987964373930602	0.013276759506731175	0.013160656974300433	0.013199810054636878	0.013553366748852576	0.0	0.01126499438009461	0.011962664861995702	0.012990473932449202	0.013103460482350386	0.013843474110902811	0.013624339878881257	0.013262230751865207	0.01334121180342534	0.013301536945477622	0.013659104919926248	0.012615826860616124	0.013704200453489105	0.012588350025287605	0.012788908391525073	0.013709710787732896	0.012837188422455941	0.013625613391520283	0.012131883495053272	0.013184836916819704	0.013618726612513891	0.012157636047162997	0.013888766797001316	0.013667240347870528	0.012995390909203729	0.012662895783927224	0.013001185190816883	0.01301353406992613	0.01281475408002161	0.012384064438296863	0.013430849395912756	0.013074642184827208	0.01368325536648931	0.013466393591697108	0.013514123577195758	0.012465684010534394	0.012851927294986305	0.012482571439027989	0.012206666867441398	0.013731611739081835	0.013116089696795518	0.013358385747657376	0.013083491164216018	0.013766773177544735	0.013351517354438475	0.011991042828306606	0.011850062862113793	0.013830585334249208	0.012184859510937309	0.013380738780144457	0.013305991549474863	0.01227883879703748	0.012237903278921556	0.012331467664514024	0.01385917548449396	0.01411199910590029	0.012989521089235597	0.01326304063044168	0.01292107472456685	0.013312601186621151	0.013633777439318756	0.01299932624099092	0.013308614839634764	0.012825683336731055	0.013594878043793996	0.01377725155880641	0.01373294311417676	0.012568984088182956	0.013075847506919367	0.013271657206792263	0.013183170708617797	0.012687883121978367	0.012669787992117548	0.013094863713142032	0.010180817745651098	0.012003732188379947	0.013091249724140663	0.01318248667962592	0.012804660542784802	0.013892959220293957	0.012954858369723918	0.013125199072699142	0.013619420145601626	0.013644003262593806	0.014486806972131703	0.012440562771335251	0.014505949395006773	0.012768772278071711	0.013778734244955152	0.013214009887579578	0.014506173399651521	0.010549653275728937	0.013768390505241607	0.013938981370784653	0.012878408981145683	0.012791443515525225	0.012741652878753005	0.013932506828680927	0.012187616515115653	0.01363716040820268	0.012724625729777195	0.012763594040516933	0.013796071717423704	0.013785419218799782	0.013286275186405645	0.013908206611961722	0.012731536715576619	0.013349738230120296	0.012715446896438325	0.013997554440101458	0.012324961250030811	0.012832674813106239	0.012712030361434232	0.011751072796205403	0.013999825490160853	0.013459919387594277	0.013396540266915127	0.013696171799300973	0.012469034685901641	0.013732990891169939	0.012891081036049745	0.01346566511907516	0.013267656400444921	0.012862635386828742	0.012691225398285218	0.013039109359552565	0.01230353408698605	0.012985513429078069	0.01281610517305747	0.013732139154374802	0.013804290580504525	0.013284489915222046	0.013456781265522017	0.012810910433339446	0.014077812630010584	0.011783316581892434	0.013793930057378364	0.013586842141074666	0.014061210217459638	0.013245412411125595	0.013108792712287454	0.012172315967253284	0.013142152279907629	0.013061161646309959	0.01285327908668283	0.012529315860827448	0.012900365209434397	0.013256561775973934	0.012667553776584127	0.01294711906266553	0.013919113289077878	0.01333527314689941	0.01410010344028239	0.012943450616139425	0.013444081430856063	0.013447780865002151	0.01332453155028169	0.013411499942399104	0.012134324209648946	0.011522797534415166	0.01353641285593532	0.013826474175155432	0.011975934946965973	0.014205758726032509	0.013179772409878244	0.013241496706059572	0.013452758183028714	0.013301570099620234	0.012901614532416844	0.013227550357664087	0.013534505929336037	0.014010193630871413	0.013128623179326622	0.013706594403273275	0.014555718230562389	0.013430194034991358	0.013587194697425744	0.012303151276333434	0.013069500589732433	0.013922681295588334	0.013112555859665634	0.011388560189459749	0.012677513517508043	0.013334291459517872	0.013018850325548363	0.013592780836272642	0.01376669579170254	0.013581546314509068	0.013316860094007087	0.012799042454893687	0.013764343343775	0.01415954687575689	0.014130181811866305	0.013574452286461399	0.01501791504895676	0.01354788885115843	0.013859893019802859	0.012707645529821563	0.013660461145249903	0.013119341550004038	0.012129497763897294	0.013898413801395462	0.013429436763629708	0.012488123681348487	0.013359833490063127	0.014240702002166592	0.011867848070188975
caterpillar	0.012504239943302874	0.012941351091531359	0.011627810829439917	0.012583767371153163	0.012134695048282317	0.013584639738229097	0.012243396199921737	0.012867803750487523	0.012783010303039967	0.012257363306364875	0.012335350268876286	0.012781459655180743	0.011833367649910333	0.013933830814619122	0.01242908419826368	0.0125824356501524	0.011916983876793852	0.012410045907562435	0.010972636532976244	0.01337832386361843	0.011167322847245848	0.013053764169585133	0.013047252866323411	0.014091953411941622	0.01171032651609645	0.012247379695784672	0.012698697791501633	0.012718364636934109	0.013312974085915481	0.012676697451508479	0.011589478734930872	0.013809014079130084	0.01303658172927308	0.01126499438009461	0.0	0.011746594268025679	0.011676770176812776	0.013303672963339007	0.013361748439701086	0.012530947382250182	0.012881445215459588	0.012407958408804149	0.011224003894325752	0.012426483276401215	0.010402932849980237	0.011387859441457194	0.012042441057701143	0.01158064352952317	0.012642793781546662	0.012171084258004648	0.013231147366470058	0.012666209156793813	0.012223412702617207	0.012494541823944357	0.011433441551294983	0.012123264385013184	0.012785850027506327	0.011769025977638025	0.012360448219621243	0.012194520565794162	0.013343275019842832	0.012540911299563494	0.010779568459622225	0.011406087288608842	0.012734704801838416	0.012964943287238611	0.012200839727765263	0.012033879878582383	0.010628303413234721	0.011933353517874272	0.012833840512123466	0.01345813776377994	0.013214329899163865	0.012727870441930062	0.011571398578181258	0.011663201409822896	0.013465485965461692	0.013142817924659062	0.012262697044997465	0.010539432560182773	0.012871310024280505	0.011694102578217482	0.013138284590477303	0.012624523191411005	0.012101461649870587	0.012849935209680892	0.012455091309280002	0.012410693176582957	0.013560329526989084	0.011103750599857423	0.012682396099638607	0.010828501994496724	0.013279422908569505	0.012415844944594225	0.011691014780502102	0.012384979366095861	0.012823127278849262	0.01221743145055723	0.012917411430835161	0.013066817042768561	0.011629192244357217	0.011939427610950626	0.011938985344939954	0.013181427403825687	0.010963897718980476	0.012688929249410846	0.01339440727713896	0.01217177879409459	0.01157478795735632	0.012187438663904768	0.01177619194469566	0.011795198381573748	0.013186999914079784	0.012749033517381063	0.011781488685236345	0.013559926758592073	0.012452151166868253	0.014076020998837934	0.011067895362187103	0.013611655746274353	0.010884542090221437	0.012618905098559976	0.012102594727013003	0.014449738043929294	0.012114021418831633	0.012906772939090512	0.012607107234025089	0.012402445622682905	0.01253741269214363	0.013505018464395214	0.012590100834797313	0.012271475937101395	0.011816478006373034	0.012064066059589713	0.01313888211234473	0.013137740522585383	0.013824351889445204	0.011147391384915627	0.012080129792714122	0.012883713529601836	0.012764089108930517	0.011431801594537366	0.01134657310669402	0.011861034963071908	0.01307394905889265	0.011389666618057818	0.011690553688093727	0.01299519148047115	0.01287060906541897	0.013095433892215397	0.012825573296427648	0.01229654441684726	0.013314959823935655	0.012886999624581062	0.012572786578419714	0.011397566047518199	0.012558213356976737	0.012567964057051816	0.01192557774448228	0.01173312855011024	0.012735066325239061	0.011402828361427298	0.01263446507838047	0.011412564728306863	0.011029581664652401	0.013230535010726885	0.011531088535478138	0.012745015914148783	0.012234193923141026	0.012746419130471183	0.011889613863947624	0.013381137888005126	0.012567200281577094	0.013323928896655526	0.012600875986666614	0.012376834292731302	0.01316156046394753	0.013343839821867985	0.011593460843926515	0.012655749952736061	0.01168992719966555	0.010705285827066875	0.013283759435173847	0.01342449391286954	0.013317607120337398	0.012729314012632971	0.012057020603560937	0.013366867649287836	0.012183887868734901	0.012295089426223567	0.010952819456354622	0.01260590691743316	0.012681894114626231	0.012247539799382446	0.012947481317436222	0.011336550076998866	0.013761104434427497	0.012011476036317753	0.012256891065933528	0.01233529596130087	0.012344775900829224	0.012507349055115281	0.012340362399348966	0.013207571644792106	0.012531439827729734	0.011694036126666165	0.012609407843586821	0.014231232832216294	0.01302820185068355	0.01325843498891764	0.011034746317857707	0.012194597057770621	0.012675832649433809	0.012525892398268195	0.011933002988218313	0.011600588521012745	0.012975053520568656	0.012284365323868996	0.01294820510337793	0.013647289966008717	0.012766628208119933	0.013547895920023041	0.011655627988530067	0.011762656889197467	0.013670872396670707	0.012426332854492963	0.013255549686854239	0.014449351455866313	0.011593286668013965	0.013455708431648434	0.012777783533915853	0.012997975072434515	0.013172266676712854	0.011019006695904611	0.012926889115596765	0.012031860860330004	0.011924694190856289	0.012414878929520576	0.01335584728069349	0.011913161347730416
catfish	0.012025933509671745	0.01306104338868806	0.010809077723406385	0.01328646899072644	0.01125390923286341	0.012317923511012706	0.012412991374273232	0.012043995404358456	0.012814074701345473	0.012283536579396855	0.0135374964569384	0.013350202943850484	0.01264076364289974	0.012494591400804967	0.011912189938009738	0.01250848658621434	0.012664450564892803	0.012914916908866338	0.013013453937329294	0.013092956068505334	0.012367251319106291	0.013702070325203037	0.013385976994638418	0.012905219808635435	0.011212954768408305	0.011925526797003205	0.012582881205262847	0.013566707672345201	0.012731500950274324	0.012988482772662315	0.012291275827746959	0.013361384061869938	0.012482887903568364	0.011962664861995702	0.011746594268025679	8.429369702178806e-10	0.012662630438551268	0.012754691464348065	0.013968802178525521	0.012830913772164271	0.012151661881874472	0.012365220718220025	0.012651177410954688	0.013668586563704697	0.012150538051539763	0.01236877675772361	0.013062749937072097	0.01174452852243186	0.012956545259542313	0.012112091735867938	0.013451672138361888	0.011372486521906956	0.011254399006512865	0.012602635906698533	0.011148362010078326	0.012837942942465303	0.012469561194574373	0.0123275912111324	0.01190904582829636	0.012682016017382858	0.013087443708475859	0.012820375645344948	0.012748038862688446	0.011461491609402474	0.011977619052773636	0.012555822565632663	0.013513355061994345	0.012554954883330582	0.011806634235169896	0.01218320503320784	0.013721130138864921	0.012825231222106034	0.013467181257961964	0.01146697648322781	0.012504546566352099	0.01339814068673766	0.013419178622207213	0.013695745857863588	0.011374677964373421	0.011935571758384842	0.013157570418371957	0.012041963396406537	0.01362005347189597	0.013480154447394197	0.013332212175367937	0.012758114989281361	0.011548644692945347	0.012398337168515818	0.013225541100848446	0.012629405209432638	0.010661913166633199	0.010405241680262639	0.013609194739388908	0.012030405295575504	0.012145058862263074	0.012665952703315464	0.0116072613556696	0.012697259176282994	0.012188384135378517	0.01296084153874589	0.012257482124256374	0.013234387479706502	0.011780796200831055	0.01189119184150821	0.012277911834994864	0.01237098034978995	0.012364764714283908	0.01202647328471753	0.010609346637019639	0.012068688761303119	0.011450992135431126	0.011746516729903818	0.013716597171255169	0.012467937186652416	0.012069935606821972	0.013180298786139199	0.012663798477970558	0.013916834877596741	0.011106966834121556	0.014293867282983874	0.013020081186815895	0.012964841980682046	0.013042950855846112	0.013374660396843024	0.010997947102100841	0.013596888359967885	0.012691263363239533	0.012691984914289918	0.011973387671178481	0.013065694647596023	0.013729252549304023	0.01161336832366842	0.011729558853863396	0.012264646370458236	0.012591349612382613	0.01249531069448887	0.013352882520999518	0.012203245117590723	0.012987640951323076	0.013397331434039629	0.012711119637920675	0.012149648949300535	0.012570445058794778	0.012246370900445122	0.011897369905701824	0.012787865393799802	0.012193306817996057	0.01323451558344688	0.012449923880948472	0.01299185549319609	0.013040041610574163	0.012040979407326305	0.014008997130438336	0.012846846409693222	0.012148790023857086	0.012140032231373395	0.01201467910455644	0.012337798900753587	0.011983843246198445	0.012671735299162537	0.013018686403807883	0.012095535098488708	0.012631824084782972	0.012378706741302443	0.01182211919300572	0.013256518964350228	0.01280785639131754	0.01310346874605137	0.012066461064358412	0.014136427391951135	0.012719781734069941	0.013156277191052577	0.013357744015076603	0.01357282959805287	0.013022979253957767	0.012772814532493824	0.012302452412208049	0.012443871330233842	0.011828803245233683	0.011568800067078501	0.013152610712439419	0.011811119470397783	0.012515219382523724	0.012830584473256417	0.013838777055212487	0.013314873931641111	0.012642305439150651	0.01362335006883673	0.012596372146723956	0.012704233299355302	0.012173704180766652	0.011760976609600578	0.012059485743741655	0.01264328461969646	0.01327953726571487	0.01180247509894703	0.012720887794395428	0.011706891040650473	0.013037855778025133	0.013420882471952089	0.013079326356658073	0.01298110360452701	0.011873661315836323	0.012880804856755105	0.012664528519757912	0.012390451094830744	0.013069176692045643	0.014275099454774936	0.014020909035869477	0.012842242043543823	0.01159981830629732	0.012170064208079262	0.012866939186205762	0.012342398688420434	0.0134226295116063	0.012861144457739554	0.012304305535167726	0.012432222697248313	0.013492400932747582	0.013488651445384182	0.013348618936044318	0.012948162075390504	0.012334270597514902	0.012707930319870768	0.01390111511149138	0.012583649853303559	0.013153739379191034	0.015114904744615593	0.01264599629855557	0.0141962753348107	0.012094371671149478	0.013051908665919138	0.01289645059969683	0.010917499310053362	0.012534491695624806	0.01258421911256223	0.013351700848104884	0.013144520293290027	0.013542077686435039	0.011421428378638587
centipede	0.012594267410902495	0.012632443142352408	0.011999218655582806	0.012012916717118221	0.012286211263640726	0.013080185289232039	0.012182254653212644	0.01240329560921187	0.011934674433640104	0.012086859811885276	0.014464448404774139	0.013627072106366689	0.012674673353701957	0.013809845494509851	0.012167046240030576	0.013078752982744446	0.012803410208061193	0.0132759787873392	0.013011641877421416	0.013122911226015247	0.01162553445848931	0.013217126328481963	0.01275415997662061	0.013895726873304324	0.013142470770754313	0.013490287522908593	0.012682155349883827	0.011872038140179184	0.01340093569032263	0.012026972728024516	0.011610521730323748	0.012932160358892346	0.012375230343117192	0.012990473932449202	0.011676770176812776	0.012662630438551268	0.0	0.012500148027529167	0.01323796732130036	0.012578580126867616	0.012551532531790636	0.012614741190061021	0.013406492747771538	0.013883544633384717	0.013167268973962788	0.013485639607695589	0.011932420270206738	0.011741020316825777	0.01304456809547171	0.011648150557969422	0.013475299585099578	0.013740222016089893	0.01139873191487529	0.012227769571528282	0.011909126296833685	0.013141246746280519	0.012279320480765432	0.011701206113490086	0.01289863773697353	0.013123505153611477	0.013444937510436426	0.012284217668391774	0.012439007616137122	0.012781472128880896	0.012110329607799904	0.012670498427944044	0.013813560391924053	0.011727604196572296	0.010965958721505046	0.01241214819938057	0.013767427489164747	0.013749108694683028	0.013139824298946159	0.011569707060314838	0.013272444448378076	0.013282686315870016	0.013309573833527499	0.013200168019528644	0.013172450236149581	0.01157969520675261	0.013503701092858256	0.012925926927468608	0.013270709647067168	0.014032355538302446	0.013618973895256284	0.012494934355297766	0.011906348573838797	0.012181317954797424	0.013634850675697188	0.012496105498407526	0.011687301305078113	0.011687216318249259	0.013041380221891196	0.012409645659410566	0.011230803594336891	0.010823450678032554	0.012344916949947398	0.01273442590810291	0.01262264310272095	0.012604624025175053	0.01171900873340458	0.012748814567910082	0.012212830111285256	0.012073050612041353	0.011441789271690053	0.012933443568592537	0.014055373423313445	0.013683109914792959	0.01300949018963201	0.011979445008058462	0.0116909459492522	0.013072180154148067	0.0131638295719828	0.011946557655979954	0.012259771774742143	0.013389038968217913	0.012082822468361005	0.013321748460038443	0.012338514868081359	0.013445932142246368	0.011838564968353732	0.012991345337977198	0.01262266744271091	0.013873566335765	0.012358916829200949	0.012956978968239795	0.013083112683206014	0.013213628976180067	0.013131911106917232	0.01342822451661636	0.013828438914146677	0.013765030182297458	0.01230127910905542	0.011997936246757759	0.012371197281404765	0.012277568389148277	0.012722371891854697	0.013370483025464903	0.012731280233309574	0.013177048313300998	0.012387823526764421	0.012453201899539204	0.012202739755081769	0.011952989552300284	0.013265230925818532	0.012860110797251922	0.013114156792781837	0.012415483506754334	0.011582850137998504	0.013141451589411107	0.013009072396636377	0.012552611873899285	0.013196974947098568	0.01359098611726717	0.012708023344645446	0.012116312456099669	0.012764716056583962	0.012970941473446788	0.012241437735361162	0.013813966157224055	0.012374837121673673	0.012022922453811945	0.01267490930043627	0.012899923651538647	0.012945738444081643	0.012775739510696939	0.01284255532349188	0.01276669687662416	0.01325470672270199	0.013279347372721427	0.012663885373168595	0.01312509299032638	0.012867808466587942	0.01297717964469823	0.012500848883224433	0.01170246160957052	0.012038407639211789	0.014374704614823257	0.012804829180603	0.012796453205347122	0.01153941036867957	0.010979734679807347	0.013801315219902268	0.01252391096626629	0.013792042420705298	0.013345911194333657	0.012994608248842148	0.012176242414030652	0.01284781527702125	0.011793957184783745	0.012450499257958754	0.012109689976193517	0.013370516238000302	0.012459484797077867	0.013880828253883537	0.012483280798188555	0.013017689795953384	0.012392449195796771	0.012600157251783834	0.01259596250868129	0.011647727433957943	0.011222150785064007	0.012630505873482429	0.012886755412843216	0.012088242457634443	0.011613888072644346	0.012310975490513562	0.014685219179164403	0.014064473258114383	0.012947125674443194	0.011243109683205743	0.011468549484504433	0.013554107961319428	0.012066958665086764	0.01415778799317598	0.013064764843673266	0.01249286747921448	0.013684554132108584	0.013455266400106344	0.01305888714931196	0.012802837638235538	0.012313687176387192	0.012977016226825304	0.011989168989273965	0.013688949000191542	0.01288720673655516	0.012977392792649145	0.014464136135894945	0.011863318682170507	0.01318456842151642	0.013051112838039553	0.012491713139514344	0.01304534194635578	0.012321803148225457	0.012791677081623695	0.010749515507718915	0.013262984957644625	0.01301086210005703	0.013243270584297756	0.0132098627027765
chameleon	0.011024596577663678	0.01214923262583353	0.012454808964885915	0.01256995074015235	0.011807798836120674	0.012488722700713327	0.013138398810422742	0.013179417722727989	0.012118037919303437	0.012489583854472084	0.013772544567384738	0.011913184318215973	0.013223970045229969	0.013160331779164687	0.01237921751742873	0.011709392246944205	0.013066011570121565	0.01321275777292249	0.012615059992647419	0.011637850092479774	0.01293959907281025	0.013294520266300102	0.013496634663371719	0.012740193467221883	0.012778073326851816	0.011753209702273821	0.013571579630546253	0.012676805868248486	0.012415985495564575	0.011847897270381743	0.012306826245829272	0.013189331974765708	0.01247593955158705	0.013103460482350386	0.013303672963339007	0.012754691464348065	0.012500148027529167	5.960464477539063e-10	0.0111776581089292	0.012060875683624597	0.011718090569367748	0.01184161592149037	0.013585660126435339	0.012723812675229144	0.013469965928338516	0.013681271404087383	0.01267639302834616	0.012491407033573165	0.013390842663228151	0.011977468910093502	0.012206576732441703	0.01341281016112114	0.012485070688698467	0.012448604067310307	0.012501264223464323	0.013011169569541731	0.011050198607050653	0.012215576762123738	0.013184788189643129	0.0121097107168768	0.010969566223661987	0.01299708105022	0.01417826204980027	0.011939497849494154	0.01173656660066403	0.01250375167048746	0.013719142789879962	0.012705536417407737	0.012665789766766841	0.012373037767491374	0.013262698109105391	0.012750676144797106	0.011419962650149018	0.011240212494353816	0.013425684855526946	0.013425318126517063	0.011159794696285575	0.01025043215746126	0.012799107561351657	0.012451775038928107	0.013643087445798435	0.013249064778407586	0.013240419206649008	0.01273288469640172	0.0137888086078137	0.011293545000020094	0.012339478802676307	0.011423261198800454	0.012490099224272378	0.012271278687144758	0.010762750488288073	0.013017362801082061	0.01357259518039477	0.012634093815722745	0.01252847491211889	0.012944694872109148	0.011260815763375667	0.012332392878924126	0.01197357888114543	0.012327344126669235	0.011374851057959207	0.013268665352132987	0.013113913483176394	0.011560818951602889	0.01226900757663093	0.013176284921121807	0.013580053364646516	0.013425089975608102	0.013266802943046442	0.012373696721919904	0.01228125798935982	0.012387402230233331	0.010884015402426023	0.010536810632791065	0.01162693420256843	0.012348673914612307	0.011906246125162114	0.01229718549649794	0.012454898090642758	0.011149514845557009	0.012518706716649806	0.012678928895657658	0.01273950058573433	0.013720387468577466	0.012681040865916322	0.011559197218003539	0.011478227526296424	0.013259471183539458	0.011867643453936219	0.013306355978947202	0.011532764592749262	0.012958308868280331	0.013377413613880909	0.012318675328670729	0.01283807932893092	0.010979736271145488	0.011477528587854481	0.0128639983242666	0.01260036244509423	0.013560914303850861	0.012715115852119754	0.013005185672396107	0.013108318208477063	0.012470649107835484	0.012485807656406342	0.012854728901447504	0.012883893843319354	0.011291382147987224	0.012157938285709663	0.012296145481084719	0.012780401721995632	0.0115302943194426	0.012339983107937451	0.012732582620360556	0.009940770742929013	0.012469827258077366	0.013031385932119492	0.0132683997532638	0.012748753394416041	0.013397223593557635	0.013253563850987969	0.012328522337493757	0.011151366447174224	0.01258794933204453	0.012609957197470012	0.012570651337742971	0.013267058444134852	0.01331784170192008	0.013082961186929042	0.012461093436921908	0.011365779012327461	0.012693171914810453	0.013151965654330577	0.01303977858157852	0.013154486254765715	0.01143105653387613	0.011767595718465725	0.013157501220574243	0.011871139608855184	0.011442458573376266	0.012596319456083992	0.012890313608481325	0.012135840710191166	0.01049413005249295	0.013645014363149814	0.013303538752072193	0.012724318572293645	0.010505174270470952	0.012946529990192438	0.012020396920858996	0.012196134469852904	0.013468520077795783	0.01380735951911215	0.012271695320928295	0.01345920140684512	0.012612171718962395	0.011299165211025183	0.011423790404317246	0.013329799015554445	0.012557530589036033	0.012177657102330517	0.012888227289299826	0.012929981871727385	0.010259054028577533	0.013847138160121142	0.012442036449456056	0.012620250657772076	0.0125253443883096	0.012316882714363216	0.012529475041306415	0.01286317376196376	0.011912654492294146	0.013878888612970673	0.01235067717081925	0.014542617872337758	0.01336769666631834	0.012532645482319207	0.012545605565179942	0.012044823040827069	0.013276667693576227	0.011134898823739324	0.01197376961438559	0.012705723073159137	0.012064140011309621	0.011651693816304837	0.013440938189929115	0.010973887129892692	0.014281423475192097	0.011829800750293084	0.013793409971407006	0.012381199621924738	0.01284564126758468	0.01205650370046511	0.012408081786155798	0.013102783227219639	0.012981358719719907	0.012833086920070185	0.013876454902353324	0.01330575138688979	0.0126275747604653
chicken	0.0121468508763039	0.01436694167717551	0.012483002832030566	0.01337792055853902	0.01228267149494035	0.012982381174488404	0.01341596340003467	0.012695483747443566	0.01331027050127682	0.012869720358627655	0.014448893895293096	0.010902633486281841	0.012850229951384731	0.013888179512526655	0.012234728696695101	0.012581707644923508	0.013496694874842473	0.013260271386640514	0.012288419987019959	0.011061993906100583	0.012826760870492613	0.01214449591166893	0.013976451571939134	0.013385922246030578	0.012758019323186699	0.012660994812737782	0.01422269158896097	0.011834561976396953	0.013956789763812814	0.012068914483243865	0.012524903633864815	0.013508181581467589	0.013938735011384538	0.013843474110902811	0.013361748439701086	0.013968802178525521	0.01323796732130036	0.0111776581089292	4.214684851089403e-10	0.012501408729544588	0.013471680725714847	0.013031523024473912	0.013365899310936936	0.011353317029081218	0.014011660139196875	0.013421982215732797	0.013035179626592903	0.013551488542017208	0.013555085610687453	0.012630650057346876	0.010923783462198178	0.013581622089311265	0.013806513853900219	0.013512024241999397	0.012814306035165503	0.01335662729142274	0.012663692497819692	0.012323598229886202	0.012728217355052814	0.014119291088851085	0.010526269226059804	0.01272916916334511	0.013923765781478121	0.013394716321089947	0.011728314185810725	0.013412406730984932	0.014173668618492632	0.012607072710757767	0.01296798215328404	0.013191965150557048	0.013738523011615544	0.012809295951185408	0.011425434149802707	0.013000222297130944	0.012657481186085116	0.012822518235588514	0.010476169925139162	0.01000862725570705	0.013289473649429331	0.013501059142069059	0.013637208471021003	0.012473881524289647	0.012919226628404218	0.012113730922107125	0.012827865228771702	0.012216193399690463	0.012814666872117308	0.011586002174359096	0.012822923022320232	0.01244728408319614	0.01273462634123062	0.013519050246018276	0.014201759340615388	0.01363548516173082	0.013057050900262067	0.013604971217235178	0.0130021549459659	0.012630029830388382	0.013894100337518749	0.012859869960655737	0.01249428779787123	0.012885058271234616	0.013089629562388759	0.01378400673389935	0.012335920784367693	0.012451445239957427	0.01454117082422771	0.013629195813543833	0.013996128712386145	0.013671788540386112	0.01322368033706612	0.012582906000693436	0.010539450696177382	0.01217310195717327	0.012206234134052868	0.011907032048276088	0.013201013736909253	0.013318002507673156	0.013555707909669177	0.011099616868296313	0.011279650273922652	0.012343964744868551	0.011597924863040373	0.014533415525765592	0.01258399557579444	0.011662283413586634	0.012463656331682258	0.013814368683190064	0.012374028810414075	0.011839708935808057	0.010804030725922837	0.013633867610016441	0.01302460100604128	0.014070508719817677	0.012824232799455413	0.012477083079196795	0.012367120316106366	0.013617652512851425	0.012054891948532145	0.012995879196350292	0.013187990188474972	0.013043499790412326	0.01352920750553278	0.013116647017346857	0.014188049502805816	0.013591646721502154	0.013382988366107264	0.010970353040636498	0.01331549731643979	0.011581109272272074	0.013530551544496143	0.01253064636705794	0.012281082030157266	0.012243831973977706	0.01208579923521469	0.01230028376221051	0.014078180300117107	0.012742291892531106	0.013782982598115955	0.013163746612330158	0.013283202778640752	0.013785818247053312	0.011483751361908394	0.013483701054171005	0.012922866308259751	0.012698515168453273	0.01279044330677623	0.012825657577069488	0.013258202975079476	0.01073012065502544	0.012245983479847204	0.013585179189748258	0.011835960650334945	0.01362103721461184	0.012501700341030913	0.012183388831803874	0.012860471242850433	0.01443603853576007	0.01289588504311336	0.01238748302440202	0.012718263278131652	0.013500627521522354	0.014514617534262173	0.011610107717140406	0.013225161154575804	0.01338881790254988	0.013437831478390418	0.01068821154063707	0.013579195112715315	0.013807438051798283	0.013397113218803278	0.013332015076235236	0.013987398656314804	0.011246787072930422	0.01342172077789632	0.014167221553373615	0.012683674124425831	0.011776764536876266	0.013606510991202459	0.011771671919543609	0.012839964974850262	0.013458566432546882	0.013225627661424176	0.012683786219866355	0.014044019091503714	0.0135137581520307	0.01227312592148514	0.012411073264702666	0.012517270948597425	0.013225205756053737	0.012615489182609317	0.012269384178034113	0.01327433663911257	0.012394617400301065	0.015156253862617913	0.012029676977753628	0.013405888648211083	0.01409283278666033	0.011428186992109275	0.01287847371032198	0.011514242514033156	0.012391868986818665	0.012942118483844602	0.012086464392372211	0.011122161840532272	0.013799214557784243	0.010932846355934705	0.013321082786554299	0.012334899252378073	0.013175090228398807	0.013401421247110029	0.013291475674683292	0.012064092267994535	0.013664322482821392	0.012522634844983293	0.012790034129569115	0.012892027019255223	0.013352623480600985	0.013535653593522132	0.013691106537351087
chimpanzee	0.01079878664889498	0.013525866757175002	0.012511296642701411	0.012187814104797079	0.011697152174413637	0.011997131625604025	0.011559226524870339	0.013155947437778648	0.012088286349429331	0.012365312940392831	0.014097785547534953	0.01194910984310807	0.013072822277121011	0.01291689673108189	0.011742722674240513	0.011763349882374678	0.012256564428611385	0.012952026984660265	0.013086201213321045	0.012572116659439345	0.010435459427010513	0.01346057400966302	0.012605860874843085	0.013124945738874304	0.01354504389433117	0.013047954916771671	0.012031902370220636	0.012732753808991986	0.013891265517540606	0.01178234499280146	0.011792919885415566	0.013475001974268895	0.012743733409236783	0.013624339878881257	0.012530947382250182	0.012830913772164271	0.012578580126867616	0.012060875683624597	0.012501408729544588	0.0	0.01284245054866285	0.013301562854528923	0.013741300677038812	0.012015564546244974	0.013147945960044849	0.013795844123813688	0.013277512364179032	0.010338502939946028	0.012343741355214731	0.011243680027780853	0.012507147938124765	0.012767884317608513	0.010829347543577186	0.011053511407530137	0.012260695846068585	0.012381769348796527	0.011909338089244688	0.012275091965430338	0.013490062577660175	0.012684352402273384	0.012450423526871585	0.011663906271512538	0.012746420100286687	0.012057046318713634	0.012274323442297529	0.011708177894387401	0.013323680273436188	0.011931996532055664	0.011934736054342926	0.01335478677354346	0.01390570740372215	0.012392447459479698	0.012290094059085065	0.011646641634729697	0.012774553488815184	0.013387419365197748	0.012423558011524963	0.011782591076777392	0.012416919624386005	0.012279992453960852	0.013031324349660605	0.012051223936690315	0.011980180264442898	0.01260603946560787	0.013559047766933561	0.012224622957949403	0.01317427016018655	0.011107791707322878	0.012660909512578975	0.012708095455751594	0.012554633113277978	0.013040319392630093	0.012866114837184693	0.013283399930846186	0.012170579458719043	0.011917967021299365	0.011960632575610353	0.013698916731455684	0.013098536493366836	0.012260021570869063	0.010970934856650669	0.013110111391354914	0.012478257484612246	0.013222618116668703	0.0119622266198774	0.012657219045954135	0.014012896702921789	0.01384636009110401	0.013049450347493542	0.011687460720379406	0.010274927302660022	0.012675030567536574	0.011274382783741613	0.011143110910595576	0.0114266828659775	0.012596875116199818	0.012590092084285609	0.01314757708879101	0.012894926641837327	0.010847442438991686	0.012329517686540479	0.013181032561782349	0.011658454000990739	0.014773601379466594	0.013010940062631832	0.010818452147182784	0.011515244664072421	0.012499951176823216	0.012248910584865382	0.013599230141074701	0.012314523432805003	0.01307805252329151	0.011656085415874522	0.011766376191202209	0.012641822387644915	0.011321871554310314	0.010957709191710489	0.013459608136291124	0.012115600533562558	0.013667428755079076	0.011342781702054749	0.012296774278532962	0.012593668436496534	0.01150876928182746	0.01394496968249894	0.012745511464519535	0.01247914210204702	0.011599322404849989	0.012634086074879466	0.013480613681292117	0.01262327450469808	0.011983078498744809	0.013420066594471718	0.01267257683548858	0.011369912409974396	0.012400916067327737	0.012556329731732459	0.012148420989741091	0.012984209020119115	0.01347856790691717	0.01189339501962367	0.012921775233238375	0.011233832808438959	0.013002342323112894	0.012594446755342414	0.012947685858478225	0.013403734242541274	0.011372111986685186	0.012313838168884756	0.011533749610695834	0.011761580330524412	0.01262382420898658	0.012960626511966871	0.013710214495457129	0.012635365120684076	0.01192186584118441	0.012095349777392456	0.013831653691725232	0.01295150486873054	0.011706304661775923	0.010802606951245228	0.010883691829403028	0.013643553815311779	0.011082573350402329	0.013570585943668565	0.012847097733269752	0.01391226849831672	0.011151179690809922	0.01308865009089102	0.01158524408872809	0.011748790840136436	0.012224885778382079	0.012863055834048969	0.012535261278782052	0.013425406856746076	0.012974635635539473	0.010588078479854435	0.011631649378903246	0.012808074140363583	0.012400791501262203	0.01301749820709859	0.011290015100132276	0.012594965827626026	0.013118232750873409	0.011956499754866456	0.012103214535141363	0.012315674021819045	0.013420330402371809	0.012329699544066465	0.012229422888434163	0.012052176266525447	0.011900688543835131	0.012464086327280428	0.011384906140668343	0.014200845436382925	0.012326262815338345	0.012651767874317125	0.013405065475896842	0.01244318601613362	0.012245003494735134	0.0115368587896934	0.013284337936176803	0.01226506665321372	0.012662858992365357	0.012149062169594676	0.01158390779499887	0.012722390156535424	0.014396225639564749	0.01174056450628512	0.013219963348570188	0.012266914847852216	0.01120911983876368	0.012950718089989956	0.013256317265509554	0.012334392076328962	0.010523641835818977	0.012420251813445433	0.012251779476130945	0.013671607081545507	0.013080502256281554
chipmunk	0.01295384197412396	0.012794421217762442	0.011839901039250129	0.012819951193253718	0.01232279330828583	0.012589414313375983	0.012725727188234257	0.012219767424650627	0.012148367688501457	0.012296420517220536	0.0143164203468493	0.013745861858039315	0.012917273999295249	0.012304401543733152	0.012509919641836138	0.012889108210099968	0.011482074611356172	0.012771894237347916	0.013194249030688032	0.013124353278915323	0.012520645881918315	0.013780471477605112	0.012725340316726503	0.014090747793753628	0.012951728302186424	0.011920583685165494	0.012581124070425977	0.012999247409450354	0.013026902112349277	0.011612038576821358	0.011506320697277583	0.012713098357931081	0.011786974658301736	0.013262230751865207	0.012881445215459588	0.012151661881874472	0.012551532531790636	0.011718090569367748	0.013471680725714847	0.01284245054866285	0.0	0.0112169521712803	0.012860308834535917	0.013694333217849457	0.013477209598630146	0.014128536591472885	0.012607015023643363	0.012170399934705265	0.01325711863675861	0.010947092687219188	0.012873275964815429	0.013418210361146508	0.01206779153230363	0.012683170279140758	0.01217599999871302	0.012607973207145195	0.012588296258072403	0.012747941320546503	0.012688795444333099	0.012481116277713939	0.013315026519417482	0.012889071632756178	0.01399198912968181	0.012485134682176914	0.012242665780865563	0.011699156702764897	0.012861669478721902	0.013036345930992501	0.012028496516384813	0.013162059067209029	0.013754489380498116	0.013394556715557851	0.012875732841834013	0.011283546339839808	0.013713249911556218	0.013748098444191354	0.013431948924782822	0.0129194261685023	0.012722098186804814	0.012693110636803253	0.013081580794562418	0.01283205921285605	0.013064608034320545	0.014001264636795106	0.014380876478019403	0.011915038064664535	0.011735641166320705	0.01277522405259128	0.013186267240932283	0.013637508138283117	0.011061829602853178	0.012753446507549336	0.012790399004179163	0.012087525106748508	0.01216750148824624	0.01262213797356381	0.010891734881152257	0.01247696275223478	0.012007730491041875	0.013331643534946085	0.011866175165002718	0.012655523375361995	0.01296489374950267	0.011005813299627975	0.012115999687798274	0.013715895552975395	0.013686544599143226	0.013690844298803018	0.012836866585786992	0.011738385847635044	0.012107039817714372	0.013307643221328696	0.012957931685348072	0.011758078765367162	0.012827773351081137	0.013017253787804592	0.011911630157404398	0.014024149880588614	0.0117579107065123	0.01329109231841871	0.013001584864982913	0.012860481675775201	0.012537377839334316	0.013406234025047592	0.012657494474809246	0.013475721078329981	0.012514179477487118	0.013795418292538804	0.012455253501964915	0.013352251495776147	0.01384021873956517	0.0134611904439916	0.013123496403483623	0.012660735053435599	0.012676118187258016	0.012070162664818198	0.013106924554611366	0.012771393512797515	0.013389865692255119	0.01346831285331461	0.012695394114263913	0.012806256227272706	0.013126252870724754	0.012236795657710218	0.0124417871874487	0.013441660769718118	0.013073325741298493	0.013658921235307734	0.01210871346267376	0.013291180785855299	0.01254255356834474	0.012392973037149375	0.013369859480006276	0.012682138482832164	0.012497813930937398	0.011666627638352576	0.013024562596457527	0.013321874102876441	0.01239154007614284	0.013273951148263035	0.012471127812143488	0.012540254610909655	0.012793124384625121	0.012302641646411469	0.01226465640239589	0.01280704090245541	0.01329680782405317	0.013847896917061278	0.0137285270783794	0.014016258491535639	0.012387966323937577	0.013340051185304428	0.012587184496893299	0.01329399949242893	0.012722501269588227	0.011910585519644057	0.012824354958290807	0.013321143528766934	0.012805468123521725	0.011665943826491353	0.012393747979945796	0.012040403759826224	0.013438197837626713	0.012382623378757087	0.013513020423994328	0.012845740892516553	0.01197921493912222	0.013055840192817456	0.01305831986578474	0.01232874045741217	0.012275591103027273	0.012409641812134024	0.013609615863985564	0.013016929360252706	0.01389708387900716	0.01333487172357989	0.011978439872109758	0.012497278230129647	0.013018175705868568	0.012995197540851908	0.01115238545751556	0.011949646588618846	0.012732450521205405	0.012852777102174424	0.01254957042074666	0.012059361681854928	0.01296252248877234	0.014189052341492332	0.014523575959562007	0.012254019703737922	0.011777206611466367	0.01230267995883498	0.013384386063063048	0.012641679841478832	0.014016387595283595	0.013437997635263628	0.011813667679859268	0.013849840232129753	0.013358200706567099	0.01301214077869348	0.012585006178250707	0.013262566176865736	0.013378527340721787	0.01272216024443284	0.014017874371066018	0.013350731054011697	0.012848844456011643	0.014461791308909096	0.0124868400654809	0.012656289596881547	0.012872117625962512	0.012439850378405386	0.01248279315707218	0.01197664853702862	0.013393044613389818	0.012008862293471947	0.012738245322705222	0.013277774967237194	0.01349152616908109	0.01231568993955657
clown_fish	0.013015095592102502	0.012615413478436815	0.011982070477522146	0.012569976450963574	0.012282461995645675	0.012109045252897587	0.013348601411716154	0.011687249041440558	0.012113359769401522	0.012413304600033348	0.014090385014502485	0.012910265023951267	0.013342211263668073	0.012392826891403717	0.012904303979348468	0.012856319512599133	0.010740542386826415	0.01216535204986081	0.013339838404423397	0.01220690985849709	0.01274073479789951	0.013186372946039072	0.013517245540740014	0.013758159214417838	0.012101676069157286	0.012044810360685667	0.014050887916153054	0.013499437401601273	0.013165359953826894	0.010851871466676854	0.012742983873493288	0.013748302053198885	0.01057176997566114	0.01334121180342534	0.012407958408804149	0.012365220718220025	0.012614741190061021	0.01184161592149037	0.013031523024473912	0.013301562854528923	0.0112169521712803	4.214684851089403e-10	0.013060155298524717	0.013694033702072733	0.013154102186967699	0.01373908444117767	0.012788171514806506	0.012826414053582362	0.013762481668128658	0.010768607579412191	0.012673267082472649	0.01367612375894537	0.013136305400244437	0.013034073824299733	0.012825051330131095	0.013542310282709184	0.01252639705777038	0.01256787663312648	0.01196067581138422	0.013077032402723341	0.01254198167034789	0.012578022341055747	0.013774208363335096	0.012386531447812772	0.012582658793429067	0.011851126108096004	0.013857449289029489	0.012977976183091442	0.012737074348153257	0.01343278155958506	0.01366663663209974	0.013097840790808142	0.011980767231244754	0.012599550236422624	0.01360340500337543	0.012993446756896787	0.01240984534062184	0.012609117555548437	0.012670138483703129	0.012961379279449485	0.012602785915701086	0.013273032187763236	0.012718084928238093	0.013775866940694229	0.014311520891005307	0.012678142330724935	0.012367944364497653	0.012873835902839435	0.012699065138384752	0.012787411143998175	0.01036666776109163	0.013043524484311198	0.011612258313155897	0.01267521464846423	0.012745724021395734	0.013069877452537057	0.010990612203406136	0.01213136386261546	0.012499792312363431	0.012298677398161182	0.012009006038658643	0.0127328683929457	0.013189178103690075	0.010940778871720758	0.01277661659917441	0.012915275338878993	0.014148952712990276	0.013574838337673902	0.01302128438158628	0.01300260970846431	0.012432027994904393	0.013001382396028438	0.013051709995588119	0.012326085472254578	0.012768002116991712	0.011797278064733428	0.012285838490945687	0.012866884486309125	0.012569450547859047	0.012828606837206094	0.012439548783259861	0.012518149468858637	0.011614976945298767	0.013142460422362485	0.012564042206981237	0.013351361516201348	0.012922430380249482	0.013327803634107883	0.011776883519594761	0.013070810629079747	0.013243689453470485	0.013257520621637084	0.01351081771734378	0.013245471342786847	0.012958754366885605	0.011146568356411259	0.01330795535028946	0.013567777422616823	0.012682661321327565	0.013511252040921183	0.013401537900385518	0.01308754082606673	0.013516907419450276	0.013002525786192336	0.01285730496890949	0.01302141290886366	0.012917458116170654	0.012870842064773727	0.011921009938916515	0.012896390971538593	0.01132852705476159	0.01272591867862665	0.013405019861638333	0.011745428031109128	0.012573784170579494	0.012589597491929417	0.013780981723474552	0.012940231539764445	0.012579992544108997	0.013817947990507937	0.01285972738462136	0.012929723687575976	0.01184018210477702	0.012285730404159636	0.012900306111194344	0.013205016621277385	0.013738806467383773	0.013889228493215272	0.013285814068938109	0.013587378750141002	0.012537322305639878	0.013107091793985077	0.01335346247160915	0.011559240193046726	0.01328711976414518	0.012057035304025658	0.013278919042569184	0.014441890608483419	0.012239491827532496	0.010379627236199097	0.013030129182936051	0.01273307907750295	0.01372806044174276	0.012024528850095464	0.013564603856478188	0.013226613617280227	0.01292615236807834	0.012145030167181334	0.013255167330714666	0.013143322625147226	0.01305130414566828	0.011939537301107235	0.013456509527362557	0.012776596797716325	0.01352367418320884	0.013314986583042287	0.011426729116701501	0.01274862583365556	0.013272899332042091	0.013045474005188535	0.010454237996554457	0.012831817168840626	0.013940940193801748	0.012470241388476222	0.01370667496803481	0.012654875091517945	0.013054194491430058	0.013705049503813873	0.01372176949894412	0.012880417552497464	0.01219252567469489	0.012827264699442082	0.013687111740360596	0.012753916368055325	0.014341869558273847	0.013240470544206597	0.012091246292368782	0.0134629926483459	0.013232112236299989	0.012145026570836407	0.012689212640258206	0.01329407641042277	0.012956045034405717	0.012387033044541706	0.012915394101169375	0.013617752329277755	0.012802031141212257	0.01419488965407354	0.012168530793668635	0.01095208742677257	0.013017521736129387	0.013050362825662116	0.011393717034672856	0.01165017302570536	0.012071733158700864	0.012794972361947578	0.013393433252533274	0.013591309937771894	0.013170439189840096	0.012268350724855851
cockroach	0.013078468406103345	0.012973863494756644	0.012676415631797817	0.01316170925632492	0.012223754755582208	0.01447932141442671	0.012173896812572207	0.013122271568149295	0.013650437406675497	0.012144469905706527	0.010842160027009868	0.01297925302568371	0.012667212992117953	0.014080185337603262	0.013199658608004856	0.012286407006700225	0.013520360836861135	0.014068612812786431	0.009819277123240312	0.012776992062399262	0.012240480696120003	0.013587979817508953	0.012107649461883911	0.013746986762778152	0.011745667985638062	0.01255336934863426	0.012823394352452612	0.013208525074274256	0.012952683862723254	0.01265747403144714	0.011732115438687917	0.013989616620004782	0.013214810821283389	0.013301536945477622	0.011224003894325752	0.012651177410954688	0.013406492747771538	0.013585660126435339	0.013365899310936936	0.013741300677038812	0.012860308834535917	0.013060155298524717	5.960464477539063e-10	0.011926421337369417	0.011608536049167941	0.010107683733236861	0.013390478545519058	0.012618752337340926	0.012329122049746984	0.012762990255943287	0.013087437934973103	0.013785817496794655	0.013206388320038	0.013744203832488072	0.012250707618902547	0.011042630779748853	0.013303945594392255	0.012112030456577298	0.012360017042925968	0.013421875451884658	0.01359220099867606	0.01206015856264875	0.013124202316620924	0.011875067673838495	0.013030817893110868	0.014625082459863244	0.012328604293146486	0.012578716834355496	0.012475088429446578	0.012016836436058031	0.012872573772618228	0.013152233492866688	0.012359198311425885	0.013082652302292936	0.010147186003501287	0.010240734730516511	0.01270082463476367	0.013217328316972348	0.01380668537582745	0.012689059215647648	0.013931599670881353	0.012774873520136433	0.014208290524028982	0.012588787484144888	0.013093716520021496	0.01318523145623335	0.01212785499687662	0.013033433171937295	0.013278269484927576	0.012121091461722008	0.012355151968724385	0.011942874178546945	0.013056820815684237	0.012610877611694653	0.01273118654646323	0.013728602256953479	0.0130854980423178	0.011398241394929197	0.013122342216846928	0.013827667544402645	0.012627340245585636	0.01181356380249918	0.01215429741644092	0.013316678202481929	0.012707473061653905	0.012988962360776507	0.014325040717897334	0.013635969792831715	0.012919767280976826	0.01241729802108124	0.013245759201325766	0.012392862747875308	0.012819841281355627	0.01311503929807742	0.012528600399009613	0.013803530479186851	0.012570044714474388	0.014151811469184277	0.011587679319086884	0.013457647887320361	0.011345935472031938	0.012062873754502131	0.012429990178006072	0.014507083780208303	0.013079648665382495	0.013829900932002332	0.012332518218118413	0.014509626583542443	0.013179135387210878	0.013151635257659633	0.012739701530252128	0.013490806647643511	0.011571129185201687	0.013144613225021773	0.01318316096510867	0.013730787784640016	0.013877008418689803	0.011037878781882747	0.012380051590302435	0.013638509716782012	0.012917182363722064	0.012906110575838887	0.012349066204956363	0.012857629425089627	0.013324473939238262	0.013155023539133925	0.013042206411083912	0.012942443800430753	0.01274432356997594	0.012956890909006154	0.013366683081313911	0.012061896620275223	0.011783127635683297	0.013890158177217582	0.012858963586698656	0.010829545446074632	0.013456453697156706	0.012996931714732193	0.012741671114892225	0.01314802465497362	0.012452846568133566	0.012218797730004494	0.013517224149840822	0.012930295150915577	0.010542196878915586	0.012803794510726703	0.011669567529203421	0.013450684992009633	0.013802837938252184	0.012476037320689873	0.01197489566724558	0.013471813250599677	0.01339112577845182	0.014375416444270097	0.013242726914609626	0.012510446179810588	0.01289904186074612	0.014156685161821463	0.01203038314426377	0.013500605051775787	0.013161796592922154	0.012595474981752137	0.01445658225050328	0.013107816173439266	0.013375702981664427	0.01223599587013683	0.012822294240230254	0.01357101987715466	0.010511275697801595	0.01295205575311094	0.011399958480604391	0.014021069505836856	0.014554678486614075	0.012506056934791798	0.013142012843252423	0.013000219296963439	0.014005453487777765	0.01197038404666728	0.01235567749904086	0.010979238469745798	0.012443283127577788	0.012962340210089542	0.013233846909336346	0.013394197132863881	0.012958571858637103	0.012610673482753345	0.010802116912778022	0.013075364039398516	0.013665038192874892	0.012829489125561831	0.011939770102306242	0.013223619777875848	0.011877931354340916	0.011983330235510587	0.013711645727877737	0.01172283683192286	0.012019797728106652	0.013907003676018114	0.012130802852849988	0.013094608838595223	0.012304712545416872	0.013450226054950658	0.011815105963127103	0.011589250421006054	0.01402249509478533	0.012184609932509735	0.012013361307719916	0.013568427409624806	0.012280657617024111	0.013324721843908283	0.012999548188900496	0.013641781698791062	0.012729311818512359	0.012120352876192519	0.01383635752536611	0.013054740257789344	0.013970737090453527	0.011195299694896544	0.012911041497275866	0.01361139885492792
cod	0.012971116095041315	0.013878788359164129	0.01343031533074733	0.012856771096741978	0.012564402407726055	0.013354590788663275	0.013590342254963821	0.0138004978180952	0.013230209425322355	0.013562606734509102	0.013097708348918848	0.011574118668474055	0.012696694076084078	0.013370690672599678	0.013198711133391581	0.012427017619791576	0.013306160940832696	0.013054883103900471	0.011349171544190661	0.01302997338814017	0.013145124110805217	0.013657599301547496	0.013823216328604108	0.013866922994755887	0.013088612624883618	0.012902523446283603	0.01352647609719376	0.013162958921512763	0.014113573785090896	0.013119005768377785	0.012881913157898502	0.014235056285995537	0.014022152406102	0.013659104919926248	0.012426483276401215	0.013668586563704697	0.013883544633384717	0.012723812675229144	0.011353317029081218	0.012015564546244974	0.013694333217849457	0.013694033702072733	0.011926421337369417	0.0	0.011681480611711662	0.011916979291775988	0.013730225695108615	0.013152153236465758	0.013567972511461574	0.013274758037618408	0.010597666500449522	0.01363794746725578	0.014023110066596272	0.01358514640354546	0.012685591340461565	0.012485418029950339	0.013354449527138122	0.0132157561710195	0.013528098121855596	0.013445073821609763	0.012769235210837303	0.013177820267575501	0.013412296489557874	0.013343625852131129	0.013409314005851172	0.013873034729759738	0.013500627259075661	0.013422040161417022	0.013086586716824578	0.013424405522792766	0.01378614541481781	0.013188165457256157	0.013069944611370772	0.013494872485066891	0.011557902432132108	0.012595928676139276	0.012455562292899812	0.012190390742837781	0.013658291548527775	0.013316710689946998	0.014289773767079218	0.013102968368796373	0.013250211371800248	0.008854298605832426	0.013054223491626936	0.013587248316717555	0.013478036653679732	0.011712783983346835	0.01307075013976078	0.011064668595036879	0.014070453258032514	0.013214502442224923	0.014195748429687927	0.013764782393580111	0.013147869037546207	0.013691081767231397	0.013702313601449976	0.01321917531848949	0.014009451405571522	0.012766523425158004	0.012700184498899378	0.012387220731627077	0.013856466097159754	0.014034097743912734	0.01241585680307381	0.012340094524365979	0.014467221764361335	0.013757981259265356	0.013377590881641638	0.01359331765407972	0.013458262256911872	0.013074012033151521	0.010393418140576255	0.012969087903081537	0.01208158179678279	0.013312448269048396	0.013342605689774079	0.01404717998695385	0.012647385917401196	0.011176724369590631	0.01219299513161034	0.013428292985933484	0.012628361436750803	0.014314004901329815	0.013516018525653851	0.011977053577021177	0.012819902142462538	0.01370951155095321	0.013376402679226275	0.013001514243869474	0.010486356306691959	0.013420760712154452	0.01274990579909036	0.013340538904118375	0.013180197333049912	0.01290076198417253	0.012448814917482122	0.0119349075025799	0.012644635860879359	0.013794319881576924	0.01269306175983263	0.012721944331337174	0.012959771588882917	0.012747488531729786	0.0140515229564807	0.013636554312456693	0.012825926071331541	0.011653251399554792	0.013695368739104527	0.013068000526433143	0.013785454257641074	0.013148154083216314	0.01332453694310547	0.013430052870784095	0.012553017803564975	0.0124306254466318	0.013873057599608279	0.013242196970673015	0.013067846078173306	0.012168066237468817	0.01311918418580536	0.013464957861195045	0.012120636609306894	0.013782201921320576	0.011941153314642898	0.012899236610976042	0.012143917854933819	0.014032370864019698	0.01331259030543784	0.00983023219638523	0.012290354614303832	0.013464377412751886	0.012551964656355703	0.013491008131386548	0.013068009656197827	0.012902671091263297	0.01310356963955049	0.013466612110442547	0.01259567175739636	0.01286271744845099	0.013179314068144252	0.012826054263773017	0.014068026626755506	0.011989284616911068	0.012802981764862009	0.013812766350790808	0.013571167209238726	0.01236890183717359	0.012544558277678117	0.013706294028674314	0.012270984975370627	0.013594106692781329	0.01455338531997327	0.011937282035337853	0.01376247868919933	0.013605303085937603	0.012823209967001052	0.012580646650462329	0.013408748157162713	0.012838857295247088	0.013085893727359141	0.013328652005662387	0.0137156690450537	0.013754947975929289	0.014261849431660319	0.01295367213550466	0.013228887330533567	0.011914034178431884	0.012193158712038344	0.013106302105281327	0.01232777182267742	0.012410189227249306	0.013472923135994977	0.013367906417876899	0.014258680916000455	0.012094834336896893	0.013648296688707547	0.013624824022023554	0.012872500643220326	0.01347665665791934	0.01202392402875823	0.013780034080744272	0.011815468380976968	0.013043966119368183	0.012336309458183394	0.013011740281250406	0.012655018618851465	0.01363927224096442	0.012512834496021913	0.013028040703607191	0.012726910191935125	0.013143874127344397	0.012968202154144211	0.013168830831771734	0.013191387593152012	0.01329721088706488	0.012913481025689845	0.011936239558715186	0.013555699514341183	0.013133246614478096
constrictor_snake	0.013188246434884641	0.013982311800394885	0.012725147264195977	0.012838163887721915	0.012581973870249128	0.013544873520979812	0.013016704381307403	0.013140474341841629	0.014331985512173401	0.013222469175205007	0.011174463249068478	0.013312377692970098	0.012852830565344928	0.014056449494159146	0.013318539366830938	0.012940286770767646	0.01258152254468714	0.01328325335244382	0.011660541165276699	0.01400013918480282	0.012636079510258297	0.014529673099720681	0.01361897209200931	0.014156571652792044	0.011210688858615347	0.013058200747429909	0.012271318061016317	0.013502392655425237	0.013700589209397183	0.013228770315691666	0.012650604014346341	0.013766930060100747	0.01325361033541704	0.012615826860616124	0.010402932849980237	0.012150538051539763	0.013167268973962788	0.013469965928338516	0.014011660139196875	0.013147945960044849	0.013477209598630146	0.013154102186967699	0.011608536049167941	0.011681480611711662	0.0	0.009329441661667513	0.0130370135147106	0.012635592263255242	0.01375894418430482	0.013293105392302978	0.012851805644333282	0.012882139021350799	0.013037667094841766	0.012786981740862277	0.012212524450990412	0.012046828073925755	0.013424518384038289	0.013223370412446166	0.013021644219509538	0.013303792551303727	0.013984279253383287	0.012606909172162126	0.012436427306653392	0.012886018861639486	0.013427694365510159	0.01347051786444977	0.012431396241338433	0.01330732965503969	0.012223396891913737	0.011651591847542593	0.01322782560743171	0.014088454113105752	0.014028919533589363	0.013453392729736167	0.010627009187214202	0.010899561130889397	0.01395986116228199	0.013476317852484578	0.01300888839267329	0.01223756104731213	0.014426778963825415	0.012179724247379873	0.013521553455296495	0.011840705486246328	0.013271832156683013	0.012843933811801014	0.012916672940799935	0.012846985770697962	0.014189356673471359	0.010243367629930231	0.013475051002287216	0.011651721601494107	0.013157324640204155	0.012768432888255982	0.01251506448847774	0.012997262100629514	0.013711030301635604	0.012945900106099186	0.014074034193902176	0.01373695309146414	0.012505629794926363	0.011398405491382985	0.01300171738218439	0.013696155872965571	0.012141716944793698	0.012608056721709351	0.014073550689494943	0.013261654058582793	0.011405724798268284	0.013139454902046791	0.012791388828394005	0.012109880340543467	0.012865055041183135	0.013712559156270756	0.01148585022410591	0.013778652554102797	0.013218467771431241	0.014250810498767152	0.010821965335619667	0.01377422956453484	0.011373698459177593	0.013154522983201224	0.01281354428208419	0.014729640388213124	0.013194745526476492	0.013936292450703006	0.013402612421648858	0.013449329244376716	0.01337195697518659	0.013448298827115637	0.013113029652242774	0.01204492878128292	0.012535058966387387	0.012672080714043021	0.013231009088175634	0.013350066432680002	0.014200637200777822	0.01036532893743008	0.012724244385874288	0.01394935712741624	0.012751035122482775	0.011520153317462964	0.011651015603551737	0.011992030813955975	0.01291123664495377	0.012318966139459299	0.011980300321564184	0.012839168600190978	0.013852495523348005	0.013671922574641105	0.01314268541944178	0.012834825272378156	0.013781818184370007	0.013796649022471767	0.013123079043209038	0.01256292593935153	0.013217016433490042	0.013307411364615482	0.011957224511491012	0.011526081427498138	0.013428691671595536	0.01269945664502805	0.012944326627523907	0.012473104479452258	0.01136665599405946	0.013299719305151374	0.011625580045426376	0.014253736750562455	0.01276660676884971	0.012880824532090066	0.012124820825178897	0.013980883208323159	0.013392683276607874	0.013574014766857054	0.012947257883045502	0.012917994841324618	0.013633251222787333	0.013129693685218848	0.011645169567551366	0.012736799761375569	0.013049167309968118	0.011678844118543086	0.013797940575783483	0.013981041627671848	0.013515949660168653	0.012938904459010397	0.01309872878781324	0.013971364323684449	0.011855916584790474	0.012807062612176037	0.011839501342108351	0.01315051522382351	0.0136840805215926	0.012999704065037589	0.013211080636867626	0.011614502489221357	0.013827379639507255	0.012556642107143835	0.013354559865342917	0.013351954983702516	0.013015230297114523	0.013487674968030834	0.013088825237029205	0.013623626966918816	0.013393351451263651	0.012337781348513375	0.013407052724507271	0.013260642025955817	0.012544480590112973	0.013741343386128353	0.011262124348024498	0.01252149347450649	0.013265660135869937	0.01347157509343828	0.012868701248854794	0.012178704128084014	0.013398934941276901	0.013344735728906149	0.013508634043456279	0.014436003607668517	0.013260321541984482	0.01378401890817833	0.011220454105098539	0.013529528468558913	0.01374732475413434	0.012793661705676673	0.013696702707666819	0.013699381384595439	0.012484244940532662	0.013753972228415356	0.012258395596087941	0.013216866106427633	0.0131922775593871	0.011985756764743867	0.013320078460102566	0.013309894961276375	0.013655770512116186	0.012826417099645467	0.013618319968903858	0.012573858745767347
copperhead	0.013072131331896011	0.014012282825486283	0.012916155864954324	0.013609201993821245	0.012258615177155027	0.014089855187131144	0.01232078952766201	0.013442967726006325	0.014309122911579444	0.012591910400511695	0.010946667202153973	0.013560677001904284	0.013197526465043725	0.014206137476912833	0.013294310643000422	0.013074671252076418	0.013345803087666707	0.013676453002354969	0.010695747848767896	0.01338241347593657	0.01248495853461623	0.01376347638146151	0.013134003264056287	0.013448258201479267	0.010924395085437761	0.012745501412926883	0.012571741807451487	0.013240902725185971	0.013755916348273993	0.013464121564893503	0.012667296651885804	0.013820112269314686	0.013476252127090204	0.013704200453489105	0.011387859441457194	0.01236877675772361	0.013485639607695589	0.013681271404087383	0.013421982215732797	0.013795844123813688	0.014128536591472885	0.01373908444117767	0.010107683733236861	0.011916979291775988	0.009329441661667513	4.214684851089403e-10	0.013888383009623561	0.012393854853544287	0.013176834978847678	0.013376657900070966	0.013017455094533231	0.013406201463410244	0.013434444637246365	0.013058475390102948	0.011751007761065621	0.011803554742014477	0.01400589268480716	0.012931080414168324	0.013356375094407515	0.013755790945219358	0.013667507632112264	0.012266316094430508	0.012422527574448521	0.012915475622318867	0.012957304020562544	0.014420408249204895	0.01211667679770718	0.012681740693980082	0.012699035323460919	0.011215368607559421	0.013325631438267283	0.013704658433191295	0.013375764065675012	0.013438081018286833	0.009185646308961815	0.009312554481240107	0.0131298455137614	0.013351454488981434	0.013363143288502313	0.012974225643951714	0.01491388822594901	0.012251178583812234	0.01377379738915888	0.011970508285578598	0.01352608090409926	0.013094441333298436	0.012892600940611804	0.013221159334757749	0.014238945117177765	0.010597561906591987	0.01369854227362441	0.011757006616444436	0.013389754023325236	0.012887358873243377	0.012831495341077019	0.013445406579048264	0.013473879749972028	0.01238859113864859	0.013550447920330451	0.013473801661717386	0.013348287974212886	0.01087450936044501	0.012646762826073766	0.01430982997802196	0.01313045879423296	0.012783698226443627	0.014489996328604362	0.013774993088696478	0.011829004610905003	0.013369875053430071	0.012638585614259217	0.012088904183438574	0.013140054931972303	0.014107471648945198	0.011765747484593003	0.01370085453896574	0.01279184451020287	0.013835491411723631	0.011103284947807593	0.013806060843084661	0.01146762670978753	0.012993932435667033	0.012437785810469908	0.014771589089860239	0.013137591566800227	0.014213252211480076	0.01307090370959865	0.013895251899711226	0.013112323387629667	0.013519192756009199	0.012653229784613852	0.012123570642837119	0.011295597641006048	0.013365380257655282	0.013750265002475382	0.013537664072058508	0.014208808823791661	0.010180928019214006	0.012907692315466967	0.014114365830600543	0.01303558294820572	0.011955938118956004	0.01210511500873574	0.012973465462734373	0.013471206259089796	0.013167053556645512	0.01222930815188033	0.012662736397329994	0.01382586468836196	0.013273981227347123	0.013313482244419236	0.012794741006538513	0.012901655671867678	0.013802517779633244	0.013064414703742349	0.01239439236461176	0.014295210504131788	0.012898096690189216	0.013081420232725332	0.011471518607636611	0.01342115229127391	0.013157989471589766	0.013094673902088752	0.012708825140931112	0.010563982864455984	0.013226879410427557	0.011632443839123659	0.01380707634056857	0.013513969399413525	0.012789507637618356	0.011864620149808248	0.014080198933549105	0.013416028179202774	0.013946912455811939	0.01343373643739825	0.012526123072762511	0.013025864348148725	0.01356876221016991	0.01118010675048501	0.013683340926262859	0.013103082436052082	0.012064173490910235	0.014451460021693808	0.014164653381826639	0.013568853401453007	0.012836295954137007	0.013364278228204398	0.014258369651865124	0.011447218610180174	0.01342424983750033	0.012128180189092272	0.014026984399420456	0.014333164853836587	0.012874556226798594	0.01327242235990804	0.012811795255670328	0.014036230057299384	0.01291066733568167	0.013190629865261745	0.011905883715736889	0.013203150878535073	0.013603584717306348	0.012819976346297885	0.01404195301548855	0.013736781526453436	0.012622481217285873	0.011723720494009066	0.013429651663933184	0.012736216369537638	0.01350670229700852	0.0118566542807793	0.013107200773343841	0.012458774053986623	0.01265645508159715	0.013622965911076779	0.01179460656392086	0.013139868524587373	0.013619083701741617	0.012614367605935541	0.01432498672136665	0.013099281409637556	0.013967631923603126	0.011620931731223576	0.012789439431079928	0.013745010208419672	0.011765357399580036	0.012598462039948178	0.013851529260135916	0.013104923350457315	0.01337373151393142	0.012734179062157963	0.013585052874796572	0.01295622399026627	0.012035382305861032	0.013245817011803858	0.013451943074812732	0.01407007658499398	0.01176804204573927	0.013715096397387647	0.013092604838766389
coral_snake	0.01298844915427471	0.013726589755246463	0.012324134881549494	0.01274327661229685	0.01147782684482474	0.013336190737668136	0.012620733362196263	0.013257141327365742	0.012603196530246412	0.011381135230705308	0.014850148343087654	0.01347186537240722	0.01291771807046285	0.01385212466279268	0.01239625161004051	0.012815344166423208	0.013165061704489906	0.013260189883466215	0.013742339251812574	0.012661667440156479	0.011471099742457027	0.013270610183121421	0.013019702606396032	0.013753539824596216	0.01312128292598131	0.01273144083085474	0.013213542650380437	0.011514981389959052	0.013897883582680355	0.012246811059467108	0.011767965812257863	0.013222533337414815	0.012434364703921707	0.012588350025287605	0.012042441057701143	0.013062749937072097	0.011932420270206738	0.01267639302834616	0.013035179626592903	0.013277512364179032	0.012607015023643363	0.012788171514806506	0.013390478545519058	0.013730225695108615	0.0130370135147106	0.013888383009623561	0.0	0.012315772025135003	0.013254998726794824	0.011527794086232059	0.013473730047608013	0.013695471765268294	0.011897370116049459	0.012992905350090084	0.012174888237246426	0.012887067039328032	0.01334210187088821	0.012096309417455183	0.013339482051754798	0.013427505876624992	0.012633128100532395	0.012888746443157614	0.01321567138713653	0.012867450425294748	0.011797054236523892	0.012836352694396069	0.013257860867532712	0.012766500583118004	0.011994453301217067	0.01254647142175515	0.013465716698225983	0.01322856366716182	0.012383542239162049	0.01192300003437272	0.012931896989791582	0.01256467817873465	0.013192691199048683	0.012483058336073998	0.012812577226442124	0.011828424268806705	0.01353816125658783	0.012355955903564465	0.01359240040306964	0.01384410906781754	0.013582045691547095	0.012904958297966404	0.01262103440765133	0.012306834763231246	0.013132531942057187	0.013174271735821159	0.012013192328316703	0.012632037637626436	0.01264025494282393	0.013130177447292217	0.010329443747291214	0.012092807635759347	0.011774609112199387	0.01362961280747962	0.01375935732529147	0.012840611402444337	0.011731238938156908	0.0128530427357573	0.01237620712563114	0.012375110691805467	0.011489848904355691	0.014128165315913509	0.013918203403732166	0.013580859930972878	0.01324443665835518	0.011870797321546351	0.012337743665053642	0.014065560241253716	0.013277845898699424	0.012088483520171542	0.012088753387048576	0.013861838746659083	0.012748139945798454	0.01299763767711687	0.012101700593212845	0.012849032861702572	0.0124683998430349	0.013211468429805605	0.012547029916622163	0.0135564750834796	0.012599301841256426	0.012266238683943881	0.012893972756608987	0.013345851592090516	0.01358446635820239	0.013248875745311896	0.013486061277413943	0.01343811633970738	0.0122537124979217	0.012720209685804314	0.011992988170818264	0.013039356413339264	0.013608708094992532	0.01357164140904462	0.012543562797555757	0.013111635790782304	0.012793702503962088	0.012807693224294788	0.01289301304379999	0.011952386161396891	0.013613170176962557	0.011711727954781032	0.013354882363723768	0.012396432107491827	0.011838849480641131	0.012705007052469837	0.013268365373384156	0.012655334863255556	0.013502701924278448	0.013120463743214107	0.012446320039879506	0.011553161221769873	0.013279311220803065	0.01374281519658729	0.012878780217613277	0.01355103579266845	0.012606353405601251	0.012211802836176624	0.012028531962080098	0.013001459176865173	0.0132563978040033	0.013052259431298417	0.012964949968214847	0.013059099078352374	0.01341694653402541	0.013820677879797984	0.012658481534181532	0.012909744068135973	0.01309866096329833	0.013429142177974807	0.012868503324060358	0.01228123820527649	0.013052201247108102	0.014610104950266071	0.012835059391031342	0.013355149163336426	0.012376204091422023	0.01189273480634788	0.013678605718120278	0.012318197423293199	0.013153754618061248	0.012742438035882183	0.013082031738956872	0.01230203019031289	0.012724594456731665	0.012680278854724178	0.012970091970532433	0.013299925342542323	0.013284971594504553	0.0124416589653714	0.013208407532017378	0.012975126651586337	0.012741549370694018	0.012182367794772301	0.012795565916565797	0.012659582450527878	0.012578680584245282	0.01143336511754068	0.012612854045636739	0.013629742583684426	0.013129447141447814	0.011980144129006965	0.012620028071925873	0.014027175498902485	0.013649443227226372	0.013032264778894615	0.011256204568807852	0.011853902032097432	0.013713536352439127	0.012989415418371189	0.013638394825181113	0.013071541208419673	0.012568781038570004	0.014111998838516927	0.013430768340488054	0.013626517474826166	0.01252232574412668	0.012320082124750817	0.012995639314252117	0.012293278093488277	0.013342086288812852	0.012756348572423835	0.012929985617731881	0.013837363975247676	0.01260583201788659	0.013614864481650092	0.013836607464320352	0.01293512867179971	0.012535678686016604	0.013121637524942362	0.013112542101750979	0.01141966173851973	0.013094757039262099	0.01290090646794955	0.014053030451361461	0.013395404239523486
cottonmouth	0.011528147772176492	0.012974721208147681	0.011611349380756244	0.012726627640923615	0.01082240876790088	0.012846888463835358	0.010341676325253447	0.012600048473633442	0.01188447303318306	0.010654409301378245	0.013434989835803173	0.013353534923372285	0.01236028225581974	0.01292003309318165	0.010542230627809393	0.011729308513954522	0.012400177116961642	0.011972298932343875	0.011721753690719152	0.01313851510030682	0.009036327664320581	0.01336639463926262	0.010991069213061526	0.012820297725214924	0.012666768457756857	0.012454332959184163	0.01101173247821376	0.012405007466315888	0.012968264364131453	0.01269506502710144	0.01114798232079992	0.012907002300027316	0.011633556282206437	0.012788908391525073	0.01158064352952317	0.01174452852243186	0.011741020316825777	0.012491407033573165	0.013551488542017208	0.010338502939946028	0.012170399934705265	0.012826414053582362	0.012618752337340926	0.013152153236465758	0.012635592263255242	0.012393854853544287	0.012315772025135003	4.214684851089403e-10	0.012247665640762179	0.010954303018307571	0.01333263481861682	0.012611801961388558	0.00959720120208939	0.00907696227036178	0.011208576913175488	0.010913043010936223	0.012463886561553455	0.011673196409138473	0.013088822819048253	0.012169204863461241	0.012938353501622667	0.011307553201599969	0.012049008569909439	0.011355727325296532	0.01126551512409217	0.01195280192285752	0.011595533997997964	0.011431989463613002	0.01039095229009692	0.012623846356333396	0.013674832822052303	0.012874087925724833	0.01244982963001521	0.011891149248860778	0.011849596313246473	0.012705252570238785	0.01309654237321882	0.012771013318774158	0.012599473491916908	0.011156357904493288	0.013227095605134676	0.011330154585432926	0.013440127747017576	0.013243928430914176	0.013436529875015852	0.011846183496569901	0.01171409917237839	0.0112792530475322	0.01301427873655774	0.012325366638009767	0.011436944101860474	0.010916861748036221	0.01295756832433417	0.012176513482320255	0.010529316480122066	0.010930830258669397	0.010994901456857654	0.013010900575259459	0.013081750203706187	0.012286548834106618	0.010976453651120838	0.01205296920170895	0.01112619060884041	0.01255160624956968	0.01146036596018838	0.013174520164998354	0.013423736800834968	0.013264790964469591	0.01158260672945604	0.010682635734099794	0.007817371513151908	0.012520817555240947	0.011978709106748127	0.011917393285760755	0.011414390649286702	0.012979860911570367	0.011718737575471478	0.01367530236740802	0.010633289689647744	0.012603819601538037	0.01193024588635615	0.012476555505076224	0.011246150815820324	0.014414701710413182	0.012088377331379532	0.012164014931275344	0.01207592483710724	0.012519261622628815	0.01225756851198581	0.013443721197511898	0.013239263471409135	0.012766636926321429	0.009788272557753348	0.011000510763414103	0.012256373905780462	0.012180436890549843	0.012993709202970152	0.011983860379800215	0.012542818406522155	0.013237381034634366	0.01057165394975587	0.011244488300448488	0.011091438176678197	0.010732904696551098	0.013100836296824741	0.011914436284481496	0.012786650464031631	0.01257532153444586	0.012427918731977633	0.013580661535881455	0.01207284534307379	0.011592207884003634	0.013225749089510798	0.01354352406286347	0.011120984147532811	0.01039151862617798	0.01232732369874499	0.011985377305582547	0.011980266838891944	0.013099261043904893	0.01151824896807354	0.010346953927091472	0.011465150901114713	0.011894968046821804	0.010832934949462403	0.012416115733781801	0.012064535897287563	0.009971121037906629	0.012655930868643172	0.013607308445217046	0.010767764437326119	0.012952082666072406	0.012975220699507848	0.013172916192841689	0.011893558792725342	0.011517713474491684	0.011192106186162218	0.01309794310870342	0.011868186750420551	0.0119834512239627	0.008731618538283192	0.009517266126590884	0.013318326444969076	0.012327516918058066	0.013832710663773886	0.011369095464442189	0.013168471762439873	0.01269351307293217	0.012250046533942602	0.011459870537058738	0.010729859172376077	0.01234643649686849	0.012740351816873656	0.012654724222208818	0.013429979645410688	0.011875508663134549	0.012460530544858232	0.010839448880534302	0.011722280840462583	0.011843804566448594	0.0121747285886066	0.010846121535050548	0.010800642810203738	0.013599073719438944	0.010870342007517832	0.01086418271741971	0.011831446319520092	0.014000258236935738	0.013271513859817272	0.012235885459782098	0.010664022769083183	0.011477951070773866	0.010402947088989726	0.010820658815084443	0.013051377302491183	0.01202783296947301	0.012559014462240581	0.013160436952816284	0.013051365480980202	0.013191145970090124	0.01215938748046217	0.012719761014890649	0.011778450882257024	0.011913660780236458	0.01333542470201315	0.00995924111186927	0.012342770964571776	0.014219087157189341	0.011246895808714075	0.01360439073208295	0.012158884049320995	0.011029597645745204	0.012911380294180512	0.011616748357871264	0.012527154058136395	0.010498636453925984	0.012288265815643152	0.01078539781295667	0.012784109312675318	0.012439671185531935
cow	0.011890326897784147	0.012968443171356916	0.012899672557086244	0.013005396758704331	0.012415475065837088	0.012994937640667996	0.010260755989519194	0.013695443581151245	0.013628629001517758	0.01096121605068944	0.013670294535031671	0.01380487411322412	0.013268953392861289	0.014102884919618528	0.011618834165417263	0.012699101740694612	0.013409431102178874	0.01401445470606348	0.010803530748389864	0.012876051902953253	0.012441214233270952	0.0134862148358191	0.01262888203327451	0.014031375929138992	0.012658737702480528	0.013014475365922323	0.013565558718027695	0.012002962471739846	0.012628372701503294	0.013233437376905766	0.009712350466530047	0.013853691936612463	0.01348853683390828	0.013709710787732896	0.012642793781546662	0.012956545259542313	0.01304456809547171	0.013390842663228151	0.013555085610687453	0.012343741355214731	0.01325711863675861	0.013762481668128658	0.012329122049746984	0.013567972511461574	0.01375894418430482	0.013176834978847678	0.013254998726794824	0.012247665640762179	8.429369702178806e-10	0.012527781571372814	0.01357259940719184	0.013636933377206442	0.011968674548411171	0.012189885429489577	0.012503391416161865	0.012398304674714618	0.012764787132432797	0.011560199898322385	0.013173724502229367	0.013540779159720595	0.012618922214984922	0.01206071016504113	0.01296933520130571	0.010613525130627584	0.01275728449027446	0.013155661284222915	0.013072184181119795	0.011876234032808804	0.012612431763389786	0.012575247690716282	0.013836686659677477	0.01256924785121367	0.01271504212059977	0.01204188189943271	0.012058443222445536	0.011757356715281397	0.01274015414668374	0.012920713094369906	0.013527910718733908	0.01225643280929527	0.013933766437794086	0.012604108907440617	0.013954474486558607	0.01339676903175328	0.013159872038685237	0.012387513040093903	0.011881129165673611	0.013230009390011642	0.013460264169725192	0.012822492056078447	0.01259540879740429	0.012534884803931709	0.013175726638220999	0.012494184154898754	0.012535933141434617	0.012971386382977094	0.012466839229126328	0.012884380801517605	0.013776428806613871	0.013304771356685355	0.011892566221863472	0.012723715684604398	0.011144065553037779	0.013566209327260253	0.012363819581272728	0.013439589678818347	0.014198592183346997	0.014171839658925451	0.013368573916308697	0.01075986297315275	0.012448612379350917	0.013139724545892168	0.01291893661656227	0.012977082389646576	0.012387870817217778	0.012432505589170252	0.01234503507939016	0.013739838031864262	0.013052173696129125	0.013345526209300513	0.012102634307295189	0.012032379374484346	0.013154456824295535	0.014732175987649396	0.013109088607941456	0.01241212321709638	0.011608692426111067	0.013783564454876251	0.011964143677234324	0.012817912548229105	0.01328115035987977	0.013545698038450365	0.012001629941331058	0.01187973054889143	0.012936715919433342	0.013140537419148774	0.012176496141203275	0.01303196724791851	0.012105725505883947	0.013389298334473927	0.013277550914353902	0.013210136142470656	0.012626786509632362	0.013048640246596289	0.01370574371110065	0.013087416939601616	0.013282067361596457	0.013087497883989102	0.01348525400357045	0.013213644002000495	0.013638874061192342	0.011937154870181139	0.011526233003301224	0.012088337258318493	0.01218779264910246	0.011155623963433501	0.013199434182174365	0.012416052033048772	0.013365551983260204	0.014233583174175174	0.011498386085751497	0.01223804278160378	0.012983548587092329	0.012611826485209499	0.011302225849796123	0.012262527805032945	0.012743011178741206	0.012434563199001603	0.012535867804230523	0.013293557236615162	0.012326196638463767	0.012749738884574664	0.013625150356283273	0.013903805756524404	0.012475176777836725	0.012349945466703179	0.012235035763529651	0.01431566632434642	0.012946810807602545	0.012853468628071765	0.012160630135696066	0.012323762400565354	0.014139165653617242	0.013329904379914569	0.013611029461494988	0.012445722171699652	0.01328680308696553	0.013286387600009482	0.012969802949462124	0.011492579624808583	0.01092864624967806	0.013051800166582108	0.013642043211808239	0.012804633937181066	0.013209342347394641	0.01340771786616508	0.013059209505922058	0.01099723167914999	0.011549097051517939	0.010886782608580668	0.013301384787128966	0.012633736621313238	0.013035375279634727	0.01351546175514075	0.012394150930322362	0.01298370400576379	0.010429946936347611	0.014637967333984862	0.014318877833058638	0.01221791023704274	0.011814625441110872	0.012511903282463035	0.012610778092235214	0.011000003084214787	0.014062030475820662	0.012181612733552987	0.012835047220603206	0.014474514349565948	0.012141313336754772	0.012989549663135902	0.011712063820359591	0.013226935544041439	0.012916976950021747	0.010585032626918576	0.014072143840732344	0.012585562845940085	0.012181368716133447	0.013965392401284771	0.012654919370248468	0.013819612932494743	0.012425223386142246	0.013102087158349644	0.013208419241309888	0.013121795088856358	0.013287460800391348	0.012374335370288106	0.01360735032341715	0.013031168774054141	0.013535095835337987	0.013766581966524303
coyote	0.012233766525326366	0.013189265027684954	0.011899240443659333	0.011579595509355564	0.010464845924605656	0.01161764470507427	0.01173546872663333	0.011364399486503583	0.011321159969494454	0.0109978436078648	0.014399742904008528	0.012660542255796341	0.01213334717211741	0.012778843341393802	0.010839585844186459	0.012529610443937245	0.011418480895162874	0.012044139173734834	0.012160367387149125	0.01090446002672642	0.010767540100832827	0.012712065070563407	0.012027699099479629	0.012766295868575837	0.012985479758795564	0.010671177470884578	0.0132088933095176	0.011043586070715775	0.013326162303907341	0.009795507415460222	0.011182226675843737	0.012841731959542281	0.010598256475524235	0.012837188422455941	0.012171084258004648	0.012112091735867938	0.011648150557969422	0.011977468910093502	0.012630650057346876	0.011243680027780853	0.010947092687219188	0.010768607579412191	0.012762990255943287	0.013274758037618408	0.013293105392302978	0.013376657900070966	0.011527794086232059	0.010954303018307571	0.012527781571372814	8.429369702178806e-10	0.012489236318796986	0.013436759989320974	0.010706028179739657	0.011667562600871192	0.0116106916182026	0.012853932233665495	0.011460038053190246	0.01176241357919912	0.012583563106330985	0.0127993665963232	0.01125149992834623	0.011470918261336718	0.012642480595900922	0.012103567763387203	0.010761650884804819	0.011542108291274293	0.01306772742046499	0.0114610197096886	0.011266273021384905	0.012334759353579836	0.01363551815442358	0.012430644046568571	0.01193886000461285	0.010476371981324523	0.012809538019492877	0.013127232258286173	0.012258867237942204	0.011912950046060718	0.01221097934177815	0.011912922470102305	0.01288850778252231	0.012136834030529613	0.0114876760194028	0.013510156612829838	0.013898227557202705	0.012023444305957682	0.011706669178286106	0.011243571972563864	0.012239799230175945	0.012976768629837779	0.010789253221111685	0.01232861886732322	0.010312261237221464	0.0125973395656978	0.009905678772628403	0.01093864440664001	0.009896147343692622	0.013221466587798299	0.01309024362877056	0.011798654665406236	0.011076214324850871	0.012369942062857256	0.012509989261541891	0.01106295505612194	0.010710630008257236	0.013202736445879612	0.014257519547662736	0.01367037481615582	0.012437466873681134	0.011245978962305656	0.010954499232106854	0.012430685063349078	0.01175402774010937	0.010786118536404184	0.011183120908080223	0.012118481025080315	0.011386061127881033	0.013313395020637742	0.011463974305362064	0.011514504918442614	0.011419772661643703	0.01283568696777635	0.010136357153557514	0.014457886969538583	0.012048629430318834	0.011788411309309214	0.0121326608412358	0.013182173671472458	0.012531486243801255	0.0126574426462105	0.013214741434389719	0.0136797097695068	0.011610586406851857	0.011773486154913556	0.011929478814033199	0.011546836213512626	0.012607725431801728	0.01258349625810695	0.01224271709104777	0.012809121525197687	0.010971618347949822	0.012373529221335888	0.012630402902387148	0.011753330125580594	0.013460578101263575	0.012363039485090568	0.01272332055701919	0.011416464724523883	0.010203964915225468	0.012287133201861294	0.01123848422500216	0.011430538239315722	0.013240119726000641	0.012017942537666353	0.01126008097192273	0.0108703167158188	0.012406262453320636	0.012166973080576644	0.012647082933579636	0.013915407945072105	0.01142899313710649	0.01182332442672415	0.011133149583225376	0.013152722457790787	0.012262672436428663	0.012572606908298936	0.012970587424910139	0.01268482857495229	0.012992274846117473	0.012887835530502142	0.010309445287025312	0.012680634503273773	0.012078073737392328	0.011654706623895623	0.012481338577491634	0.010378166584589246	0.01093642965371985	0.013875971068915747	0.011781679658962792	0.01141821826968109	0.01113183371611701	0.010699766804626145	0.013400367719144959	0.01117628402018375	0.012811580780202694	0.012677344428229235	0.011919323496009913	0.011189289490910463	0.012678365572705295	0.011548048608997797	0.011880096483185394	0.011918263806434596	0.013084681533066893	0.011918274890050934	0.013678886028156397	0.013373598264119536	0.011289091511025286	0.010730884369372478	0.011741377979277205	0.01160481287882229	0.010194900788976849	0.010177506109588667	0.012634394081725507	0.012974694042594317	0.01204065871418213	0.010997168033398926	0.011811501277111199	0.013746260286202145	0.013388621106732257	0.012001103995798174	0.010704638220420917	0.010699335853791325	0.01283997250325265	0.011851494418875235	0.014147527656761314	0.012892914591155286	0.011172754131061413	0.013510495924659027	0.012450755004404705	0.011646924579708208	0.011624440088449105	0.011661509999405986	0.012048398819378517	0.012205756483602002	0.013131950644324706	0.01216744837986228	0.012026856262927708	0.01407774005884132	0.011840968514732805	0.011154601856476855	0.011896563001443363	0.01149227840087311	0.010687153422262619	0.012777959351483015	0.012225718775761478	0.010249313693308153	0.013027929301306451	0.01266302963440215	0.013513510953185752	0.012440675488428839
crab	0.012743254875791627	0.013785306424446267	0.012360651892827933	0.013257662359525222	0.012213321721853047	0.012993648261372249	0.01295962661695059	0.012926802097557605	0.013412055736130494	0.012798774123915389	0.014173055689710787	0.011055485420063984	0.013136762499466851	0.012300226231576289	0.011889554302176673	0.012325638076725834	0.012915313717255636	0.01321622565425956	0.012475428247966547	0.012360854287837675	0.013038361900070967	0.013178374182433159	0.013744868035449007	0.013995211757804087	0.012601656033066986	0.012495418024789649	0.014369997488871371	0.012953135933743587	0.013942701878990096	0.012310631068440415	0.012946234426511676	0.013709394359750358	0.013061951961065648	0.013625613391520283	0.013231147366470058	0.013451672138361888	0.013475299585099578	0.012206576732441703	0.010923783462198178	0.012507147938124765	0.012873275964815429	0.012673267082472649	0.013087437934973103	0.010597666500449522	0.012851805644333282	0.013017455094533231	0.013473730047608013	0.01333263481861682	0.01357259940719184	0.012489236318796986	0.0	0.012904126494452916	0.013681381171494582	0.013971588970109472	0.012255061127081779	0.013032213050867485	0.013394612019307426	0.013092672502285733	0.012980644300986529	0.013101494678188537	0.01179145443608177	0.01206579855115769	0.013151671251512063	0.013473971615837162	0.012607817788626956	0.013503186090123466	0.01374208471546975	0.012831452598601183	0.012571006363155472	0.012683081693561932	0.013357443837011918	0.012494312923686161	0.012093309321348342	0.013241250977852653	0.012016083179311347	0.012931315273093998	0.011817550310906016	0.011060733806954472	0.012152482423620325	0.013160770079088065	0.013992939400324473	0.012065483070920974	0.01169608990805425	0.011339280363326239	0.01353670430950741	0.012920384011827173	0.012376299055024416	0.011806929423965207	0.013308034218698044	0.012488351515850976	0.01305747861474346	0.013871619534470959	0.012508858216110485	0.014296882200355625	0.01323644661283976	0.013583809517122956	0.012871828331056448	0.0133543770710996	0.01399113589409788	0.012956799454711171	0.012582080013318928	0.012845232742890027	0.013212596294941505	0.013525399506796178	0.012428181070624534	0.01216988497766795	0.014512509360798329	0.013411537203996935	0.013069573538946873	0.0136444926670076	0.013449691426647472	0.013017909563056387	0.010681414751522282	0.012464782584788553	0.01228259932069193	0.012727417280676652	0.013448500802046692	0.013715243345881064	0.01310221362463234	0.011149405626608709	0.011752518552292502	0.012923834742773407	0.011678442053593084	0.014233573718375081	0.0126863928481096	0.012021039399392554	0.012680927763802769	0.013453952228297312	0.01198490550049141	0.011859699855320045	0.011225133277741479	0.013085890530874653	0.013035537765933908	0.013229664501064492	0.013120100529617427	0.012238026934511932	0.012249731104420701	0.013309847328777151	0.012378474854544429	0.013154919388032878	0.012939686576519055	0.012793622418450841	0.013161014008399061	0.01290315523508202	0.013673130415168114	0.01285401186254615	0.013405983592578363	0.011051702806074214	0.013513763872625593	0.012616709453513572	0.013219745691428085	0.013115850719511322	0.013133394100224214	0.012492302648866305	0.012180589168643842	0.01244004860957954	0.013993344121764147	0.012410240176942748	0.013163574280982939	0.012169564577404583	0.013303553040936363	0.013459336992871171	0.011606840472485275	0.01358494361383048	0.012592450543896665	0.012851218057317095	0.01288544042019246	0.014237174313135583	0.012964937377066797	0.010723234822085115	0.01221811041564761	0.01343069233663594	0.013299195579426666	0.013324615455462574	0.011711508102661973	0.012891537296924589	0.01283861156358491	0.014413842925329809	0.012322465447378946	0.012408662286309928	0.013561680402576692	0.012652239613052885	0.014559398320349264	0.012082394321460884	0.01394808476325916	0.013145471058571783	0.013640058625254723	0.011464737085057075	0.013962201587016457	0.013876429761605776	0.013013172881045351	0.012534388494187525	0.01381958976209394	0.01256529680874411	0.013799359776317735	0.013944423439953575	0.01226467114898097	0.01171705155229092	0.013237071942499718	0.012753205051373211	0.012383923445748178	0.013753011845095982	0.012921318739790702	0.013082888222103559	0.01362715133096203	0.013494291969701198	0.013027429995240787	0.012541398294738824	0.012731120249455021	0.013522467376020982	0.012191517437850715	0.012040705434846151	0.013249852058139165	0.013010373486324231	0.014796314965767377	0.012020013207250371	0.013764245050304302	0.013790442446931825	0.012451364130205384	0.01334963913635431	0.012167734887560112	0.012927808459097263	0.01311372838830412	0.013143539682740141	0.012009287785451598	0.01306120141514754	0.012508388686694873	0.013915220672051037	0.012536468009821878	0.01204352357098214	0.013144707995527718	0.012835453213708863	0.012707433648706364	0.012959392542537217	0.012640342548147089	0.013510237603713166	0.012968252903945971	0.012406394089374112	0.013715832548686626	0.013126807767241781
crocodile	0.011984924256664555	0.01352791732916051	0.01211457493458317	0.013875202686731827	0.012198566348201904	0.012172153485569553	0.012449992292266643	0.012802995042555897	0.013682123224234627	0.013038029144247685	0.013478674035008877	0.01323489695198537	0.01351424301906925	0.01272838231183756	0.011636692479611617	0.012565862615460494	0.013159038439208315	0.013309992548272764	0.013539396340662212	0.013343902099998459	0.012765652806640411	0.013957004767887655	0.013180949574517663	0.012963328112163646	0.01143839236099219	0.013291468285922557	0.013247488766635887	0.013940741080265854	0.013677670836827058	0.01378797943497403	0.013734151155715713	0.013341360787982417	0.013617480880581932	0.012131883495053272	0.012666209156793813	0.011372486521906956	0.013740222016089893	0.01341281016112114	0.013581622089311265	0.012767884317608513	0.013418210361146508	0.01367612375894537	0.013785817496794655	0.01363794746725578	0.012882139021350799	0.013406201463410244	0.013695471765268294	0.012611801961388558	0.013636933377206442	0.013436759989320974	0.012904126494452916	0.0	0.012951547021326537	0.013165042910921793	0.011844998391259966	0.01343126387044494	0.013657063353175307	0.013336875595558066	0.012031041389762851	0.012426812195892933	0.013075731792087065	0.01210763071835506	0.013359799841854075	0.01291859205610177	0.012827471970545392	0.013070749919671434	0.013384662856904343	0.012077053443705249	0.0129069492484844	0.01300276475591725	0.013471054246796035	0.012235056953480972	0.013787149964996857	0.013198076389040012	0.013224221954702482	0.012970512992162208	0.013153404004542115	0.013520210455913341	0.011557338286057843	0.012786868355071637	0.013494658293325135	0.010752190646973714	0.013004038196101107	0.013451556467890275	0.013650369426253348	0.01231567992355965	0.012470711685979059	0.013133514750048671	0.013695670648276896	0.012886457184377906	0.012759966113266004	0.012206566837348656	0.014137771872040001	0.013047062191606644	0.013408468392593506	0.01344623987808093	0.012921831636090777	0.013642224993839403	0.01328709702811995	0.01270126199154417	0.013467792097716284	0.013545956334493934	0.012022693866524395	0.01387405115995125	0.012630819466878883	0.012453391878646422	0.013466199051455628	0.012187101294681589	0.011745145076666921	0.013325867017236228	0.012664649654775992	0.012021589909170622	0.013551578854637807	0.013606332951506444	0.011746936527466062	0.013160143730578047	0.013243827476561132	0.013236380493085249	0.012211972572195407	0.01398231194519064	0.013031050633419285	0.013503156432099143	0.013250309119373298	0.013344317152229088	0.010856636958634657	0.013605358495953615	0.013274859917137827	0.013594726328874273	0.011814017823754493	0.012700410352044531	0.013865538402288791	0.012130237690042213	0.012416790794724526	0.013115919813535475	0.01259469122566892	0.012900591193899517	0.013301513800483429	0.013702545566722919	0.013345920275150126	0.012865644426653776	0.012138714949017207	0.01164419282492489	0.012922744493150388	0.011931650918673087	0.012523688012432447	0.013248151794238418	0.012040070283351917	0.013416034074839663	0.01386218692554737	0.013905808308700657	0.013344804502798333	0.01280331941993085	0.013508474754700066	0.012534601030720752	0.01305417676044679	0.013306205571150758	0.012882437881324274	0.011970317305032264	0.012464667208636966	0.013093709420649892	0.013425872545739103	0.013069468297907798	0.013047868461149931	0.01299713680527787	0.013016467139463863	0.01355984368230071	0.013711873600063214	0.013792805858889517	0.011676770105157656	0.013984022523591544	0.013000383476197284	0.013689751974662571	0.013735783561166354	0.013160432531443594	0.01235663937027135	0.013549618174635432	0.012621169769433671	0.013222035785601017	0.012100546260600737	0.011877336988873001	0.013362188371062527	0.012377663005890365	0.013627950496626533	0.01376133988035123	0.014206377091967745	0.013318032430899381	0.013725030002712559	0.013384319507208513	0.013633646808291383	0.01357065035118543	0.013324107155924182	0.011188431602629634	0.011395695121896839	0.013453108354422214	0.013252640503334148	0.012997589729024072	0.013741711295174845	0.012487450965072928	0.013171559813185884	0.01369606364345116	0.013539590734824452	0.014181606938064513	0.011817313470191779	0.013669775286713504	0.012835430613523564	0.013129868947235189	0.012989955305085218	0.014327846093142032	0.012973672224925023	0.012856473999582556	0.012369594290935003	0.012190693563776205	0.013147432781657458	0.012536651569946522	0.013551612168473497	0.011831834487260844	0.013754156211996233	0.012618666871677137	0.013479075302851092	0.013477790505343534	0.013298852843911524	0.012925725491661242	0.013136907597822317	0.013306263499476043	0.012655509876209822	0.013025415051491152	0.013013064426483152	0.014558785259857128	0.012989876014684354	0.014176333562133176	0.012316492447739675	0.013746312927053344	0.013834501612830372	0.011641838297680224	0.011836925731230746	0.013824293529398672	0.013837741660367464	0.013079650782116047	0.01361921715154882	0.011517783673530551
crow	0.01093296389015034	0.012553651221701524	0.011852998393684469	0.011908012590492885	0.010158904938441661	0.01191556032214589	0.009677155586928535	0.011489198843637449	0.011597218207680109	0.009873293528640385	0.013649290020729224	0.013516946584800476	0.012522554012292188	0.0128599105091632	0.010059450459429145	0.011792573285552053	0.011808131528806044	0.012987899512804406	0.012252289872652467	0.012753591077988045	0.009690467312850514	0.013447497220308618	0.01101795974735158	0.012099330906946499	0.012640427046117444	0.01258479787551332	0.011803130070757301	0.0123901507404964	0.01253787417522051	0.01200202409935181	0.01080888758717892	0.012293488128808221	0.01126217796770586	0.013184836916819704	0.012223412702617207	0.011254399006512865	0.01139873191487529	0.012485070688698467	0.013806513853900219	0.010829347543577186	0.01206779153230363	0.013136305400244437	0.013206388320038	0.014023110066596272	0.013037667094841766	0.013434444637246365	0.011897370116049459	0.00959720120208939	0.011968674548411171	0.010706028179739657	0.013681381171494582	0.012951547021326537	0.0	0.011102534118013287	0.011470106158408787	0.012275184869268018	0.012060325301983383	0.011465365276984654	0.013162936256100781	0.012535398682898135	0.012471341542772053	0.011504842167718545	0.012310988351510305	0.010322502967269912	0.010960262369569897	0.011853829515526638	0.012310835753495558	0.011301868864393296	0.011109207820820827	0.011807589771951087	0.013415705835167718	0.012561385018164744	0.012662637016493063	0.010683818530878181	0.012269362329376095	0.01308122281716745	0.013718949977438414	0.013030568525032345	0.012232546948241711	0.011101586652583175	0.012878450007629607	0.01195084395220259	0.013895038918251135	0.013207572290827658	0.01275925384451428	0.011151079997026817	0.011471057494786751	0.01104065160766268	0.013463721232478677	0.012849954077259852	0.010661312719023342	0.011533327149776817	0.012486097679021958	0.011539288201123267	0.009532147566130274	0.010247754492723814	0.011125853568914488	0.01354640802323386	0.012771697874401942	0.012241301129676615	0.010955540761712158	0.012660638964335343	0.010713109161818385	0.011503817015361255	0.010862454466335176	0.013233555804553631	0.013134058531691339	0.013424572865800028	0.01169176575740711	0.009811664392719872	0.009485330015372174	0.012419083905312408	0.012332755538574172	0.010835362297931743	0.01068045665567207	0.01296165919260517	0.011187539070485909	0.013517142518913415	0.011117994026743936	0.012478525683911055	0.012668672414071927	0.01263189922182141	0.012038464729661413	0.014330178718944146	0.011709617341380166	0.011384385214058632	0.01259373839123054	0.012470520977441042	0.012287033615546134	0.013235731268427786	0.01383127450735106	0.012688937548939292	0.01054909156391099	0.01047106994777023	0.011546764658716995	0.012314248554769546	0.01242844456407536	0.012608692341491465	0.01275085439623392	0.012640576066038309	0.010965917969164758	0.011545715604471771	0.011352744861960832	0.010699022165696346	0.013010373649076217	0.011818743764585655	0.013182276793344916	0.012478050370558862	0.011098198780322404	0.013117964685038775	0.012521568180215768	0.011496368811398292	0.013229080129468192	0.013346097950537893	0.011260668833237125	0.01123804466631382	0.011526281688077315	0.012139929163890678	0.011676711142098476	0.01343550711595563	0.011173295761525226	0.011959472071698611	0.010884039603430025	0.012539432234149227	0.011920509967776964	0.011806512410804056	0.012885232949534557	0.012058208131570894	0.011882010225171125	0.013490523390758064	0.010887069332562716	0.011836194115331293	0.013078913541877145	0.01345254791929555	0.011907376589731797	0.011280900986841268	0.011210162358433123	0.012887447704258878	0.011644352348402729	0.011972770269650544	0.011266639797283063	0.009982559993518644	0.013096080384301812	0.011829441874165712	0.013486252851256703	0.012091059961431377	0.013016566190474518	0.012624323056230726	0.011955941480125491	0.01000513953599161	0.011343512995453005	0.011886164928155203	0.013064124987576458	0.012312633489533884	0.01327366193177693	0.011756434246135143	0.011538640991136034	0.010548863825820544	0.011843953811843451	0.01161231105154384	0.01210217331460188	0.010672977858831282	0.011222028279243257	0.013343597121105605	0.01057766748999747	0.011156284440103107	0.011377611824610001	0.01417587542315001	0.013054942332945574	0.011270548849916089	0.009967984967556886	0.010741550373803067	0.012511133700962955	0.011116385281823547	0.013668114414974395	0.012421131223232882	0.011963671640879163	0.013586490165125486	0.012824477242199738	0.012773447806711056	0.01217777281617821	0.011795228577833338	0.012525814720522126	0.012095089630511934	0.013455926289540393	0.011208959987042712	0.01262132496337034	0.014953365564120556	0.011157847453917468	0.013817943255007861	0.011685951270047488	0.011399578327554585	0.012576516458751892	0.012127702629030073	0.012639155060735716	0.010103143753515413	0.013390118669491843	0.012515701283523153	0.013029431309500905	0.012291956001769754
cuckoo	0.012586746280275639	0.012911967677671655	0.012122145764459205	0.013572553255294727	0.012070242209392179	0.013353003409711264	0.011809229793361978	0.012931389816371814	0.013056271600445368	0.01145311886538108	0.01389845395369785	0.013449427411663925	0.013186602982567852	0.013551580097845716	0.01143077937190772	0.013203234017448726	0.012831656452828672	0.012426056317953335	0.012307299513321546	0.013210006739839656	0.010843870251064775	0.01369445066229537	0.011431110499456115	0.013337969676779183	0.012853543967397216	0.013086725399532474	0.011268788923573326	0.01239106748086587	0.012745647076383822	0.01324074099796688	0.011746223279185128	0.013047174789641664	0.013089220515351217	0.013618726612513891	0.012494541823944357	0.012602635906698533	0.012227769571528282	0.012448604067310307	0.013512024241999397	0.011053511407530137	0.012683170279140758	0.013034073824299733	0.013744203832488072	0.01358514640354546	0.012786981740862277	0.013058475390102948	0.012992905350090084	0.00907696227036178	0.012189885429489577	0.011667562600871192	0.013971588970109472	0.013165042910921793	0.011102534118013287	0.0	0.012349826508552772	0.012398305863903726	0.012960082306912821	0.012188290248341963	0.013383110674401788	0.012740105611645897	0.013111121005227109	0.011537214926955386	0.012773861774117781	0.012638592611344458	0.012330172185300725	0.011866302105676817	0.012529220274787853	0.012071420257390235	0.011567468439821083	0.012860309751984713	0.013520522684609902	0.01251192732982762	0.012982871504694054	0.011987836395108706	0.013011277295414172	0.012758439782593715	0.013391786372500653	0.013060423144209915	0.013013640317437935	0.01191216974697516	0.012859853464638445	0.012464037426950535	0.013694869053411962	0.01399926074170275	0.013740022780829746	0.01179108352040096	0.012302962221596835	0.012085303748936984	0.013246609493447685	0.012646417629385254	0.012712716457456967	0.011972422589275535	0.013854760791989171	0.012602465140760999	0.011767282768166933	0.01129315412862125	0.012143174639599153	0.01314938029427437	0.013155999150292828	0.012947342301363785	0.011747995815824763	0.012532252649744897	0.011988941054623694	0.013247220238003983	0.01227156583703847	0.013421187159914692	0.01356358788356345	0.013846284838653064	0.0127883797078168	0.011721808094349249	0.009897568120244884	0.012550502441094312	0.013018900263131801	0.012514629858102155	0.012003828268831108	0.013172598273543511	0.012508128607880063	0.013913964008754649	0.01164096127266868	0.013028367220542207	0.011786125634010674	0.012281117233058454	0.012329734319519264	0.014930716892671978	0.013087912611195624	0.0126308560119638	0.012598395835670555	0.012690632380095837	0.012829264942791156	0.013759180092750735	0.013701213649656086	0.012613905845404718	0.011309293353595228	0.01178857106631038	0.012780250021420358	0.0125608634451836	0.01326602602074333	0.012802321702391505	0.012650615268230414	0.013183892654291903	0.011484240788519128	0.011737518115858128	0.011927627908620451	0.01131472466919021	0.012908953451977925	0.012386121699916517	0.012251939428543529	0.01307292876461532	0.013168951170249313	0.01360501743304488	0.012977079101625348	0.011657630568467305	0.013214242219556574	0.013313422924391353	0.012411255632585726	0.012294951418044662	0.012968637265287216	0.012386318684948132	0.012536984924802905	0.013565195221971584	0.012331190092310746	0.011319269702121522	0.012761361298918757	0.01223611237339778	0.012052334986124978	0.012906446077231726	0.01248735107784307	0.008955372455787196	0.01221742435085912	0.013744651591855638	0.011810069893965398	0.012977886938076404	0.01330087557168248	0.013961523595860437	0.012769887383901163	0.01171066217513434	0.012246576794458635	0.013590641530836318	0.012403286409717036	0.012558629021313899	0.008211886218906507	0.0103532601881174	0.01375273449494938	0.013270913079761726	0.013970276497180545	0.012241704420824596	0.01395660630953832	0.012853619758429332	0.013280657427362978	0.01171702550748932	0.011677479107252094	0.012557749085145424	0.01279759849601926	0.012778913676988753	0.013968625624669488	0.012935265276406413	0.012735669741383833	0.011791542004730355	0.013076782238129768	0.012511769668270436	0.012828601735283596	0.011389627478922757	0.012002460264618334	0.013542039356301858	0.011640518715007344	0.011655444585271972	0.012439738345130206	0.014255164477063018	0.013619529863589554	0.012902265322596316	0.011520864591444102	0.01199987792462282	0.012025445889449453	0.011136089297192312	0.014047707636902083	0.012304448833504627	0.013469703869075112	0.013779480099450618	0.013740644219116378	0.013834821060144047	0.01291937930513647	0.012981316904379227	0.011509900029828941	0.0121446325098717	0.013740300430946137	0.01186214858517061	0.012563822719911093	0.014259758012713645	0.01230849931558473	0.014116089039355361	0.011757178693018726	0.012360930740243258	0.013883294386727127	0.012892164514593588	0.012783999289906098	0.010728820727947862	0.012881070844768316	0.012177828201432726	0.013046926911418576	0.012997217110909691
cuttlefish	0.011928246576990336	0.013061356985022851	0.011295872998049534	0.012782670222044963	0.011026162239564432	0.0121549334694855	0.011303172637222986	0.012438456876598438	0.012631613097650152	0.011531553499800623	0.013602457295063122	0.013341949552737764	0.012170333892141599	0.013036800103392804	0.010369789932290104	0.012403623668268648	0.01213914533762041	0.01333066265959836	0.01193018513977838	0.012186699248317239	0.011413870449526686	0.012926878492514494	0.0125738495447066	0.012712426694813412	0.01106655250981211	0.012675668168511962	0.012338201514502455	0.012349878816497533	0.013166139009596196	0.01263597159422941	0.011516699343715972	0.013156517283574608	0.012329118250817294	0.012157636047162997	0.011433441551294983	0.011148362010078326	0.011909126296833685	0.012501264223464323	0.012814306035165503	0.012260695846068585	0.01217599999871302	0.012825051330131095	0.012250707618902547	0.012685591340461565	0.012212524450990412	0.011751007761065621	0.012174888237246426	0.011208576913175488	0.012503391416161865	0.0116106916182026	0.012255061127081779	0.011844998391259966	0.011470106158408787	0.012349826508552772	0.0	0.012294336591960033	0.01262681123215488	0.011491800232707912	0.01118833547984868	0.01291521589885842	0.01233947224489881	0.011437166005874395	0.012454171900460529	0.012226404174437164	0.011731162853232509	0.012756462872900387	0.012543099372527886	0.01130604923396929	0.011432634134468373	0.011257754653920813	0.012583073136026524	0.01182684214171787	0.012584020589383864	0.011719814034898097	0.011701756165952527	0.011889281329772025	0.012581662995835498	0.012658770069534168	0.011868060389747335	0.011274453329668083	0.013335601656490748	0.010947127938980974	0.013380527899571426	0.01317709272462882	0.01359400302788941	0.012221199694594669	0.011356201709058156	0.012208669647448656	0.013942875081415325	0.011598179596882235	0.012381384476322674	0.010724629627138431	0.013014014900027493	0.012722265693999382	0.011256196773755422	0.011394245045973353	0.011674027672565125	0.012537337887035626	0.013038083467321297	0.012524842596797705	0.011434408195132134	0.011808718605416227	0.011446919189738218	0.012841851028977417	0.011450975787926511	0.011879030756124863	0.013456991220137436	0.012045748128071916	0.011417867810006872	0.01187528874942927	0.011023263180286179	0.011541991349239368	0.012782697258260122	0.012016799195231229	0.010903044278129041	0.012099249292474037	0.011528329787730938	0.013465934850666385	0.011236585284021305	0.01288908357426822	0.011244866077693833	0.012601435988488124	0.012167849500769714	0.013857130643558136	0.01063870810565271	0.01281066796471612	0.012401031193814839	0.013439518049024424	0.011426223276888027	0.01251685512515357	0.013023689163468823	0.012528206167547733	0.011628813603546838	0.011585946597702542	0.012171058751949484	0.012952824366265875	0.013302117496265949	0.012217675098889068	0.01247340950875576	0.012470880190251254	0.012257950615785839	0.011461849594862607	0.011855490056781706	0.011684954329245784	0.012230099107449554	0.01258347132556431	0.012006830579296858	0.01209151128739716	0.01245646708526841	0.012689860328604537	0.012359327368959451	0.01182488745526105	0.012501961571346037	0.012591955091551537	0.012292714994318752	0.010871940464696542	0.01267744147598883	0.011471447186409973	0.011629172114111687	0.013126572605289225	0.01270650687327128	0.01219644428703389	0.012249512737811458	0.01295151007440958	0.010941165852487889	0.012379570296466079	0.011986781990502167	0.013036632948646133	0.012234327580503652	0.013292309451481738	0.011520955411764938	0.012576500080024634	0.01293217344424943	0.012700021633373953	0.011165823020072825	0.010838774236229759	0.011418313238956613	0.013337583669007374	0.012083000740044062	0.0117479220246471	0.012515520372042463	0.010917681808211227	0.013205602677867405	0.012538981425407872	0.013432584050399533	0.013050184918724127	0.012982755083279366	0.012762275744737294	0.012971795957257146	0.011919818356604153	0.011372659866474366	0.011146786595553522	0.012424567092541687	0.011920103585514832	0.012998610533377137	0.012932058440062323	0.012932161815351895	0.012009549730112075	0.011811976404045896	0.011740707458399663	0.01244872569221914	0.012329964731888804	0.011879416819664597	0.01335791435930919	0.012589573256064879	0.012311016969976147	0.011918093715305788	0.0136568759250905	0.013284752047615476	0.012291340304746443	0.010476446287489298	0.010897819948441682	0.013206872248106866	0.011606064916321894	0.013897273029250623	0.012119989154897516	0.012540576221773923	0.013137262777957404	0.012407157066592345	0.013710815580901101	0.012124756262943173	0.012023975533203963	0.012294883620580989	0.011902007319428514	0.013583560867252174	0.01218896965980973	0.01213499392757841	0.014085341097364194	0.011625513231889768	0.013335280463108647	0.012006526391737028	0.012541461901418915	0.012450003490139232	0.01144359999361487	0.012610084723564285	0.012260504863842612	0.013076993851201866	0.012582747689275739	0.013299444360295103	0.01154024416983989
dachshund	0.012510364951539777	0.013265877254867229	0.012601275832219747	0.012577325837302802	0.012616747573267034	0.01373360207412828	0.011940779114291892	0.013260036018298194	0.01313326964215136	0.011437246921584932	0.013333301145323355	0.01304941681284578	0.01143460051794214	0.01348498527682078	0.012551671676028806	0.010954197063247947	0.013224763978240921	0.01302409662100627	0.011378084058152526	0.013456518234939764	0.011029984868233995	0.014089101465084937	0.011450838995747866	0.013622721592648053	0.01336625730768475	0.01358147345165698	0.011771673209345737	0.012996392049019954	0.013588774017887025	0.01359037279828977	0.011356173630037842	0.013382101092972432	0.012766080299533009	0.013888766797001316	0.012123264385013184	0.012837942942465303	0.013141246746280519	0.013011169569541731	0.01335662729142274	0.012381769348796527	0.012607973207145195	0.013542310282709184	0.011042630779748853	0.012485418029950339	0.012046828073925755	0.011803554742014477	0.012887067039328032	0.010913043010936223	0.012398304674714618	0.012853932233665495	0.013032213050867485	0.01343126387044494	0.012275184869268018	0.012398305863903726	0.012294336591960033	0.0	0.013229262514952198	0.01252714106500883	0.01337906967096022	0.013008237184743518	0.013375058174502867	0.011525020518807598	0.01254248789357112	0.012789919448503868	0.013038119510588093	0.013394447906048474	0.01211453635932108	0.012209755481655149	0.011836559267874676	0.01230266867164726	0.013354782249585613	0.013384342746680225	0.01223997023804154	0.013244802946540568	0.010129571169865126	0.011838247153075685	0.011891952977672992	0.012783041939327002	0.013767733554651296	0.012012162191001935	0.013537756573861677	0.01247221797919593	0.013876446035831767	0.011919561467840439	0.014002300048613645	0.013057790978634923	0.01283015673567522	0.012147553919373087	0.013332941381867696	0.011666870220237054	0.013121289533327862	0.01188688131085308	0.013508563896174884	0.013295160172386527	0.01226197922316113	0.012640545786204604	0.013279868307576262	0.012640257673251389	0.0135304287832025	0.013085025384535457	0.012347457040422354	0.01214185368841541	0.012161884891320354	0.01334396923668151	0.01251837943047084	0.013141114104375295	0.013768460209240217	0.01344883393888038	0.012655147491156678	0.012512794011560824	0.011895100977217982	0.013106960668918954	0.012852363112218587	0.012814012845170435	0.012599151836673013	0.013550600028305309	0.013018359730557021	0.013963641589496851	0.012104847785638431	0.012580359260421727	0.011596302914471713	0.012160738420900319	0.012776245111415962	0.014607962505430052	0.013344630191369868	0.012713703979656998	0.011383503485280883	0.013676985343389347	0.012816920196561771	0.013045317533794534	0.011755041526067725	0.013007624116016128	0.010659100569392217	0.012464827000563379	0.013683151919773427	0.012691856048314338	0.013433730257618353	0.011548555475266993	0.012201570600109403	0.013618407104849371	0.012154956770915588	0.011679939586220118	0.012169627533438768	0.011792486516871772	0.013736741835718016	0.012430109236656035	0.012573487825503198	0.013327801678145972	0.013761369143860756	0.01355709990531893	0.012577693265128477	0.012588449549547196	0.012652790639885624	0.013228142538432653	0.01269736822420288	0.011161636482688525	0.013331662059432904	0.013201801334796657	0.012097481018766962	0.014004718939076156	0.012088799360207292	0.011697194455238442	0.013007003586309107	0.01247362807264481	0.010936122797013302	0.012536759662726089	0.011403569274725982	0.012566242268553978	0.013465105196551207	0.01333597412977445	0.012013684304854406	0.013477563819071274	0.013516121129718102	0.013752086346825928	0.012531534133155291	0.01233163146786494	0.013033079379908653	0.014175434777610985	0.012605584690321827	0.013397261362510753	0.011626445015160605	0.011074318757052795	0.014560851682783862	0.012420379356880135	0.013549083185826274	0.011806770273398406	0.014157152022891766	0.012846941108714354	0.011705194641549803	0.012368658388145676	0.00994803426355913	0.013432337832675395	0.01334376582162736	0.013318412271869608	0.013005965978102798	0.012751254551486164	0.012738300418164766	0.012099718886610102	0.012708906351829976	0.011555730907968338	0.012695452667727472	0.011915228513976353	0.012568082256021655	0.014082842273388635	0.012290785904209671	0.012606785090547952	0.011722391336659749	0.01336098607983923	0.013482345527045874	0.012533039045386553	0.011807412138087479	0.012437062505977987	0.011690928112416179	0.011590115273841961	0.013455057961878862	0.011823064099769864	0.012719307383014562	0.014153678527526225	0.011989213768642672	0.01313213912124601	0.011590049690751746	0.01384952294471819	0.011559592590581216	0.011829395557857385	0.012963282600022996	0.01111866740589632	0.012642581067808028	0.013812729066093932	0.010602143332916118	0.013254132268148982	0.01322990511253499	0.013261880481857473	0.013178578265423164	0.013230270732870284	0.013292644180691553	0.012070657807315739	0.01296869345185985	0.0099275595809084	0.012566730239253476	0.01365734115987572
deer	0.011327148190722582	0.011529584453856698	0.012866160933221453	0.011973846642449215	0.011879972825989625	0.012638631482221819	0.013213718477544491	0.01228464993829439	0.01141646625611116	0.013256464461510648	0.013853450065914095	0.01271580913362422	0.013466204261088672	0.01297940852588742	0.012794582078642208	0.012188268438356742	0.012957875479658966	0.013613743588349209	0.013277902112036053	0.01243900777851116	0.012331019053656583	0.01332544047711212	0.012608863404852774	0.013261213868805268	0.013086218118220624	0.011808124129630988	0.013463832180319393	0.013191616748845742	0.011902862268036093	0.011897201457817044	0.012855433664812404	0.013529798293502643	0.012333717992430398	0.013667240347870528	0.012785850027506327	0.012469561194574373	0.012279320480765432	0.011050198607050653	0.012663692497819692	0.011909338089244688	0.012588296258072403	0.01252639705777038	0.013303945594392255	0.013354449527138122	0.013424518384038289	0.01400589268480716	0.01334210187088821	0.012463886561553455	0.012764787132432797	0.011460038053190246	0.013394612019307426	0.013657063353175307	0.012060325301983383	0.012960082306912821	0.01262681123215488	0.013229262514952198	0.0	0.012222435929458519	0.012956771813627794	0.013357784903335914	0.012576312609660462	0.013506835940434359	0.01353859932005556	0.011687045308589012	0.012290223763393887	0.012829574356158356	0.013672530380421807	0.012821653586910762	0.012048840968210472	0.012980487592807956	0.013766677551805726	0.014383612309707926	0.012885764369374608	0.01200853452187976	0.013535943924295912	0.01362923467453295	0.012614547997793418	0.012243685336086283	0.013103216874085213	0.01214359156878844	0.013307261041671303	0.013383465844344068	0.013027180851743522	0.013187471029151174	0.014528184897776629	0.012331525709504527	0.012464005570717142	0.011646151857253217	0.012968416672572305	0.012893210405143947	0.010573785392560564	0.012449049545522664	0.013111758659064212	0.011316385447901877	0.012002528053124416	0.012121662527967828	0.011149635383958073	0.01273983708495981	0.01185701229920504	0.013023519465968986	0.011943032536492459	0.013794335596646855	0.012812657132400035	0.011804478002905502	0.012264893011023686	0.013230993106700388	0.01395916440179656	0.014190078991586572	0.013847810677424768	0.011873955710955923	0.01197206112110089	0.012569683429442823	0.01173429581624139	0.011319594553752166	0.01261251558663348	0.013423699431427466	0.011356459873760954	0.013398341123240393	0.012057982632127727	0.012022623687797458	0.012930002275118053	0.012802262025546754	0.013017903092488674	0.013898000366596022	0.012681566300789622	0.012150072966165902	0.012274308197155715	0.01371544790135107	0.012082495238632635	0.014506626185579328	0.012699030106717288	0.013255405378445677	0.013286948210884749	0.012398339840399557	0.01343195872462416	0.011433281919551038	0.012223109556252672	0.012907702827299805	0.012330993253737633	0.013509926144999589	0.012555287139629912	0.013182474504614149	0.013251609867518353	0.012317400959512979	0.012143536506598425	0.013207424314708963	0.012977356346629953	0.012046295214537081	0.010961714345700965	0.01311755673085925	0.012729730918343863	0.011706439546435781	0.012920777402468015	0.013397641659061084	0.010966628839362143	0.012140746691083098	0.012766495898607476	0.01283476756006411	0.012977869954669527	0.014210875008201007	0.013505480746798991	0.012215315535333853	0.012641312888907906	0.012921286001440808	0.012484169094994198	0.013771328636257947	0.014101186277199518	0.014173717124991898	0.01336644532614325	0.013317139114618104	0.011515803046066057	0.012242661313025706	0.013216588549095808	0.013749382707282272	0.013784169166961619	0.012389315866819047	0.011669432720521622	0.01338685094908921	0.012731948241632787	0.011234318733486452	0.01248507400206431	0.012001672137005086	0.01368262814417033	0.01140071894295761	0.013124052754828919	0.014203212844983914	0.012573407318697627	0.011874456323832177	0.012672609779167987	0.011532915716853578	0.012260889742437062	0.013370580847532674	0.014119971011818198	0.012354100975550522	0.013755512067273499	0.012895364522461367	0.012045687291015466	0.010705585740632306	0.012818906625321543	0.01297062406220766	0.012454922665975043	0.012366232987772632	0.01316162511071387	0.011305750810686648	0.012887908159863216	0.012467333327035948	0.013107712672174223	0.01343373743141485	0.013554025337216662	0.012591015475919797	0.01263987594453223	0.012202302309428904	0.014123357095039393	0.012581662665003275	0.014616848806317598	0.013821252008694671	0.012252865908181018	0.013187422631308898	0.013316475885559658	0.01304792313519904	0.012076130322869909	0.013015412676400172	0.013062521971935206	0.012224479075469785	0.013000874055006155	0.01328290030536981	0.011658734502431111	0.01438229456517858	0.012184158084247443	0.01387390870522639	0.011714761763194305	0.01294134120190804	0.012606907042947195	0.012463822781458904	0.013491062261603973	0.012424077420345316	0.012673761929006131	0.013947577587974287	0.01345094482057297	0.013186730030385554
diamondback_rattlesnake	0.011529298941702334	0.012335803833452246	0.012092729581424544	0.012236040798162047	0.011047861019324381	0.013279889267474554	0.011369930382393695	0.012231431331330504	0.01251512994562076	0.010552418697951144	0.013629482619810573	0.013373528466738662	0.012554124459929174	0.013597508629570368	0.011400668073073949	0.012590992987924009	0.013031287730902976	0.013410131563358674	0.011619321659196552	0.011434249446617013	0.012064045038089529	0.012790069335905225	0.012296827752270057	0.012913436874139756	0.01274084474035902	0.012304464755698867	0.012569998714204594	0.010253786405654304	0.012431576616449915	0.011112162412996444	0.010712222355329116	0.013327971521417655	0.012349877041183453	0.012995390909203729	0.011769025977638025	0.0123275912111324	0.011701206113490086	0.012215576762123738	0.012323598229886202	0.012275091965430338	0.012747941320546503	0.01256787663312648	0.012112030456577298	0.0132157561710195	0.013223370412446166	0.012931080414168324	0.012096309417455183	0.011673196409138473	0.011560199898322385	0.01176241357919912	0.013092672502285733	0.013336875595558066	0.011465365276984654	0.012188290248341963	0.011491800232707912	0.01252714106500883	0.012222435929458519	0.0	0.011459685841846827	0.012882060243995925	0.011350322939323863	0.011847345431240391	0.0127438609003876	0.01174470441484253	0.011792781034075035	0.013324089951617093	0.012655856696826095	0.011411403579446509	0.011675653033424702	0.012328118178391292	0.01306877277781199	0.01230327510184339	0.01224194719997548	0.010884394540542224	0.012286468078871236	0.011368938815713926	0.012518148013471803	0.011964310671168795	0.012813016444915637	0.011768078620379041	0.013397599966850707	0.012191908057208944	0.013802312397122709	0.013709294502898674	0.012674776388051145	0.01242349389013227	0.012160777239435731	0.012538174348350962	0.012490976141479567	0.012077384963193105	0.011609367538583519	0.011809182724861516	0.01285160019251265	0.012431321517492898	0.011077596195402415	0.01169253027461483	0.011537452503527907	0.012264247247238102	0.012865290894587166	0.012575781059778525	0.011809074751271225	0.012069348564790883	0.012203878044708048	0.012321859516427407	0.011408326604193511	0.012225247759779678	0.013936600678522017	0.013106351582400597	0.01292590646588514	0.011634298383470536	0.011576062525351403	0.012455395500079014	0.011989385369486358	0.012025101311218178	0.01167178960677085	0.012635694237186452	0.011545639160585243	0.013650450535879276	0.012154009917094264	0.012922392247069267	0.011051126440246329	0.011235644653181647	0.01249328638678283	0.014078563758135192	0.012024953975615957	0.012559128611788681	0.011783348875929236	0.013226146799867704	0.012115989021129734	0.012181936140004523	0.013201855925464537	0.013463259026204693	0.012076569828488039	0.012358434109966185	0.012303701792494712	0.012129377499954989	0.012378897913088452	0.013298077193581913	0.011742188879032927	0.012911518121073488	0.01317340618342651	0.013037913549455958	0.012554302209776678	0.01246520600049903	0.012679771356832143	0.012317211493660074	0.012930962483812097	0.012123499504670796	0.011667368322186535	0.012374210169432041	0.01278447013207906	0.01149348238992643	0.011866417246021454	0.012115242479103871	0.011905059565156145	0.01091692008316652	0.013071093636935949	0.012215164015292167	0.01312935499660717	0.014205162636055984	0.011680618189623957	0.011848538599513476	0.012645894331652896	0.012564215322925313	0.011932478895649497	0.01108782643866578	0.012560786776844466	0.012344087933006875	0.012705888993613907	0.012863530744860976	0.012188812566252285	0.011944220514332688	0.01255086669817751	0.013417489629878893	0.012209460459117439	0.011270070534014465	0.01187018545162298	0.014193153533808522	0.012195843941637833	0.01209529281399011	0.012031384765700415	0.011755687100202947	0.013957124873246789	0.012785162812629678	0.013033283711249278	0.011773858830359972	0.011987666584979873	0.011999405008304645	0.012649082474526778	0.011945445803451582	0.012080152246873139	0.01241177210538529	0.014185849054502195	0.011969508621184045	0.01332914593405236	0.013008526434687844	0.012767415610764055	0.011275969384338405	0.01194435225850839	0.010577246479230955	0.012510460495469923	0.012046488555868871	0.012853458396360349	0.012468825480903303	0.012219209564174499	0.012183202008983644	0.011052581642375525	0.014140578770612222	0.013966079478708643	0.011713379571647288	0.010934859226972966	0.011924798649512158	0.01269260072089781	0.010927337368838304	0.013958747142045633	0.012033466509194322	0.012099559741815985	0.013355479521538325	0.012634302958207689	0.012794123154459568	0.011909315119680887	0.011402502339802865	0.012647087885475718	0.010978329671144876	0.013535554556654488	0.012799157870487667	0.011121524416154185	0.014203429866252407	0.012228074587994565	0.013168943640374096	0.01272664590889382	0.012639225467904837	0.01186168752540733	0.01217723631647638	0.01321179501287433	0.010605666764440797	0.013413702621667125	0.012799576841437899	0.013401702742906729	0.012313699926683973
dingo	0.012522554744089295	0.01258987377273756	0.0110866878736318	0.013418522109193767	0.012799534004726084	0.013348933647491021	0.013222529809039232	0.012045656069972656	0.013260293830778288	0.012852660698946533	0.014191305048656164	0.012634297893936336	0.01296998553755182	0.012950832307849863	0.011673843750477282	0.013292108841900243	0.013065026127368365	0.013506489308967244	0.012124457139218961	0.012432750826243044	0.013195605128410665	0.01276359916522508	0.013058501142727906	0.013346120622781255	0.011458640337986133	0.01317155905030128	0.01337476696627047	0.012926734155783761	0.012869428931091444	0.012930039066143236	0.012562549202542286	0.013582817919568614	0.01277232803139126	0.012662895783927224	0.012360448219621243	0.01190904582829636	0.01289863773697353	0.013184788189643129	0.012728217355052814	0.013490062577660175	0.012688795444333099	0.01196067581138422	0.012360017042925968	0.013528098121855596	0.013021644219509538	0.013356375094407515	0.013339482051754798	0.013088822819048253	0.013173724502229367	0.012583563106330985	0.012980644300986529	0.012031041389762851	0.013162936256100781	0.013383110674401788	0.01118833547984868	0.01337906967096022	0.012956771813627794	0.011459685841846827	8.429369702178806e-10	0.013226753974064344	0.012798145865442813	0.012307586702744504	0.013316697470244603	0.01320508937850412	0.012450120270380291	0.013794893370216065	0.013780991195755838	0.012354263386080961	0.01255392294157663	0.01296330593115267	0.012828246833221448	0.012413841637682705	0.013521284944861933	0.013003523635304682	0.013139070815894612	0.012644675372418947	0.012821073629012643	0.013219429274453152	0.012136252680044974	0.01237027917497171	0.013307072455460416	0.012306807492387434	0.0138306235462836	0.013842752117024335	0.013752153356798368	0.012126098387267328	0.011698696873960463	0.0130221553570189	0.01340249827929975	0.011991856316821516	0.012240406456024502	0.013040895094764225	0.01340170061985401	0.013073819338401077	0.013052827955814248	0.01304104759390435	0.01265220287133714	0.011607681484937077	0.01261495601191563	0.013571271370865107	0.012856755281819773	0.012954261790833333	0.012924257113257209	0.013164396227129642	0.012664693858261373	0.011350542759867768	0.013810946626907392	0.011779507009133026	0.012838154374007444	0.013487688253487111	0.012780958948651298	0.011578842795901531	0.013569257907498517	0.013392270959365536	0.012536269660117736	0.012873166657572106	0.012228989342616492	0.013886807561472396	0.012601422555821291	0.013681018460027965	0.011894551197630214	0.011584822840098884	0.013025819069096669	0.014151225640020524	0.010941957289374494	0.013653203828617965	0.013005715474078791	0.013770860708687273	0.011069894622965159	0.012166062911571107	0.013272337224830457	0.013090561776316866	0.013328054581152125	0.013257620627467848	0.013181727292344968	0.012989609552236573	0.013590593448545114	0.013957573725546386	0.011935320937292606	0.01283630695345908	0.013457457968596211	0.012307896891362968	0.013490251781180287	0.013154407627342388	0.010990700625160605	0.013463666090328825	0.01230169129931364	0.012946940391016421	0.013178612785251675	0.013302688274537188	0.012595222805781363	0.012659580842958184	0.012513986385454156	0.012337277154704616	0.01340882190541761	0.012470193406894736	0.012778982773188537	0.01207382941320227	0.011943152432441312	0.013478343884361811	0.012754257212776694	0.012829613177249392	0.013418144854154056	0.012619440190842372	0.012724684956595393	0.012257988898637525	0.012715939468538898	0.013262041209927132	0.012811960639932191	0.013830571064508594	0.012923050255838729	0.012882775409448908	0.013411210477106233	0.013265722252069616	0.012340159059334001	0.012404998386072175	0.012152236887340557	0.01432384017237038	0.012968987440459474	0.0109623906581118	0.013090161854499011	0.01283539138065758	0.014470255457998493	0.01361078757942489	0.013414314361798699	0.013388349911019887	0.013156442565115391	0.013161441574535623	0.013441773191760306	0.013445269939754652	0.013096080759108697	0.01192847912614209	0.012986203525529554	0.012456252046185856	0.013488191042662776	0.013384611514938196	0.013914543928116339	0.012449265104562107	0.013264940635396178	0.012194698031282298	0.012949391327335297	0.013012706649273276	0.013712619240953875	0.012260575518396549	0.013445189985975986	0.012928561097238675	0.013184710274482965	0.014077623910474853	0.013840514602330156	0.012748515796302992	0.011690482513927649	0.012976364491112134	0.013491329540541976	0.012132832678571381	0.01450417697846325	0.012190535716182773	0.012778461525015718	0.013101534761347376	0.013324076725941143	0.013006455559860918	0.012985080847512867	0.012267922443271734	0.012879742048588145	0.012697926441605462	0.01357514441399679	0.01408704911490557	0.011971194729217012	0.013862171851300831	0.012323605870926797	0.013552274908737677	0.012005187108282729	0.013574156109301612	0.012711711977326902	0.011677775146376324	0.012879861071695422	0.012986860376769983	0.013812244797148002	0.01352672591905656	0.013339252306743505	0.01147326182534273
dog	0.011871754473831583	0.01223400364848663	0.012503707384197068	0.013453434895283778	0.012663781602633973	0.013548983527367728	0.012738432050078581	0.013349067827785244	0.013335830873438344	0.012734706208015936	0.013757677856386456	0.01310091188262358	0.012794797157060122	0.01307112465902979	0.011880679955938651	0.012624435183111002	0.013021604923431875	0.013118856147501516	0.013514071472741402	0.013728954903861891	0.01261203444096683	0.013818600723861844	0.012979923701305109	0.013366797301558769	0.012778269680180577	0.013297031338301669	0.012492923199901631	0.013316319995232407	0.012087135930251777	0.013290291921649702	0.012537313049585884	0.013297512309879583	0.012616415685281306	0.013001185190816883	0.012194520565794162	0.012682016017382858	0.013123505153611477	0.0121097107168768	0.014119291088851085	0.012684352402273384	0.012481116277713939	0.013077032402723341	0.013421875451884658	0.013445073821609763	0.013303792551303727	0.013755790945219358	0.013427505876624992	0.012169204863461241	0.013540779159720595	0.0127993665963232	0.013101494678188537	0.012426812195892933	0.012535398682898135	0.012740105611645897	0.01291521589885842	0.013008237184743518	0.013357784903335914	0.012882060243995925	0.013226753974064344	0.0	0.013248263955282944	0.012258672910888177	0.01369237652848091	0.0122989226650757	0.012866156521676962	0.013104897595791998	0.013097345776782888	0.012815832256250404	0.012581375746385908	0.013103936232725582	0.012524965980125346	0.012749615232903513	0.013182572288126568	0.012175818238195297	0.01382458244433253	0.013454213617542817	0.013422173531607145	0.012686642597646555	0.013059723436785787	0.011369466697583725	0.013823137463322565	0.01263687454810912	0.01322363309994757	0.012948607170688424	0.014080756002999224	0.012310588578515478	0.013234324719800752	0.012262818319159215	0.01292559474087597	0.01329406325432962	0.013246525571691236	0.013460537391270382	0.013777364397468943	0.013396312470680977	0.013333981181325852	0.013487074432532187	0.012981023598716866	0.012867553224788926	0.01329159460335167	0.013365951241581391	0.011902791901322395	0.013801883825060457	0.01278566706781293	0.013392312557262946	0.013046067347639584	0.013558956031264028	0.013375886803588947	0.013232728757492982	0.01328891525543414	0.012842887837692878	0.012456169713042997	0.012434304050432837	0.01326929752361689	0.012511922495870615	0.01271951419203261	0.013617004497588299	0.01259720097168278	0.013470281262062945	0.013010829198704457	0.012884298673426895	0.013135667445624864	0.013055162211189996	0.013190198410619424	0.014383417119361358	0.01342389028647567	0.0123257796181635	0.01271152548015618	0.013128647712553822	0.012477695385950126	0.013909982428506433	0.013246682905807114	0.012839378790634353	0.012505461842825472	0.010626179561701077	0.012815607469938175	0.012381610053286952	0.013091876201332937	0.012853516739843963	0.012801338358024232	0.013723444699821556	0.012405023130205774	0.01303468151830264	0.013075590571081533	0.012421624904554745	0.012757444699254035	0.011110094364872569	0.012992064997879908	0.013127804245884405	0.013246168412619587	0.013649933650596387	0.013002966501902757	0.012506611225890443	0.013201167450028172	0.01320105938342606	0.012126578652767112	0.013244249020211167	0.012233493895119716	0.013093175256002643	0.012246136436381902	0.013757358808463177	0.013436458623179454	0.011434674168975487	0.012875594111489832	0.013210245340708473	0.01294400245480575	0.013158601599850656	0.01312431224712024	0.013042662634344355	0.012103485477675747	0.013893488909208815	0.013248975580183541	0.013117026703212851	0.013285869500774906	0.013888610343462632	0.013119559042575646	0.012639014782837032	0.012464870946020286	0.0130952751990579	0.013053272896929327	0.01246075746116133	0.012301728357613045	0.012658635789846955	0.013377732596436256	0.012697106135081161	0.014680645425613712	0.012645390898590231	0.01392399120304017	0.01242412960847765	0.013388229673790634	0.011935176728870601	0.01210099837295937	0.01315561418105232	0.013675539695160418	0.013667666933033153	0.013642572828053028	0.01287905640980091	0.012907630727174485	0.012782635375968745	0.013519561186788646	0.013092783093988225	0.013016194123284464	0.013216574515975625	0.012838294557370407	0.01237488816658486	0.012896909366639816	0.012842726475857819	0.013167480059769839	0.01394091022396969	0.01274242963886856	0.012593542015385227	0.012849871832011958	0.012945808536274882	0.013572119994208527	0.012620007877453305	0.013602932125844805	0.013141537380975317	0.013677143163505346	0.01303949530596461	0.013596520890772854	0.013752714932008178	0.012502628620919514	0.01194105544758587	0.01293408210291959	0.013086998856201217	0.013003374095485722	0.013162520031801404	0.013382237592797002	0.014447804498316594	0.012579420339207108	0.013761431385134738	0.012762900426529116	0.013553342067132488	0.01368245031165428	0.01242444993345978	0.014282417719255503	0.012674843124508848	0.013471404552613283	0.01282606226211411	0.013794445358361551	0.013315747844899384
dolphin	0.01150773876086364	0.013655081615547278	0.012626030078145669	0.01291992960693097	0.009800868313954835	0.012886037822141734	0.012632429120316391	0.01286871943428381	0.012319162756323079	0.011723953483834206	0.014387890328318123	0.011488052878448942	0.012142381220166048	0.013411174391287795	0.011053677807328806	0.011924838450122559	0.013392816538221584	0.013065474327982647	0.012563395458732664	0.008363607813674085	0.012638052870349059	0.011820625048419962	0.01419320654514683	0.013044715655904206	0.013204028778138772	0.011103445829813407	0.014433923221359723	0.010554141592836493	0.013918789762480588	0.010734185202843778	0.011514338815883105	0.013254257369519738	0.01314391467962027	0.01301353406992613	0.013343275019842832	0.013087443708475859	0.013444937510436426	0.010969566223661987	0.010526269226059804	0.012450423526871585	0.013315026519417482	0.01254198167034789	0.01359220099867606	0.012769235210837303	0.013984279253383287	0.013667507632112264	0.012633128100532395	0.012938353501622667	0.012618922214984922	0.01125149992834623	0.01179145443608177	0.013075731792087065	0.012471341542772053	0.013111121005227109	0.01233947224489881	0.013375058174502867	0.012576312609660462	0.011350322939323863	0.012798145865442813	0.013248263955282944	8.429369702178806e-10	0.012825759445813559	0.013612089481916419	0.012822100597863085	0.010188770927035068	0.013191964538273157	0.014127026010800257	0.011741501764987245	0.013075821022533884	0.012155792930092115	0.013392169855619243	0.011191426409414638	0.010871805944818548	0.011955615006905401	0.013152205483117373	0.012769328068736365	0.010367122936115579	0.009792338965941038	0.012391806486515493	0.01228489039824186	0.013575600114104974	0.0125646933577807	0.01283332395794654	0.012589416314980072	0.012658663724051389	0.012211874143789873	0.012426089696984118	0.011455092101270038	0.011455432893768096	0.012317708672875271	0.012113332172104231	0.013234640183593452	0.01243632022295589	0.013609520439044781	0.011411461648812158	0.013128476934764217	0.011477866324727472	0.01326279797893189	0.013767569874757602	0.011991462920075182	0.011607963776446704	0.012451398131202707	0.013022162539149174	0.012463539614169175	0.011462032769096232	0.011637679288316499	0.014170739321479536	0.012923041344751496	0.01396856269280901	0.01293189617573451	0.012756338116835342	0.01238266421397359	0.011235706423667438	0.011561834275362191	0.01105210586330597	0.011723529897711677	0.012231243685887835	0.012992888280639669	0.013504273492193186	0.01177489647818705	0.01165098014236827	0.0125493785095511	0.011279634668547868	0.014458998997068538	0.012680221037298782	0.01119024385049972	0.011650912587475741	0.012894932720474362	0.011625486661598142	0.01119483357055047	0.011198244470094362	0.013516036394052376	0.012839843922333345	0.013005214290162772	0.01233841134590451	0.011751662510188807	0.011593110011770092	0.013636043730795366	0.01159510215808476	0.012731476072842413	0.01312022115268568	0.01292008807449014	0.013184027848192097	0.013127648021325504	0.01368676299344295	0.01249409122104006	0.013138983536808393	0.01066145330609631	0.011594735291214929	0.01093915325816881	0.013305988258857737	0.012604216455701246	0.012865260400166258	0.011526612694971293	0.0107639667274335	0.0120646854292071	0.013033856554908057	0.012417179864315819	0.013706022993643678	0.013449425316569402	0.012716257707442082	0.01294283381990233	0.011018335631742076	0.013093762765410017	0.012680644473492266	0.011520798752088683	0.0126558724580279	0.012921599254150045	0.012733314734104113	0.012342570926963699	0.012036450752553687	0.01258510763020399	0.012309402381625175	0.013140240914088695	0.012244260016140606	0.011147683455360258	0.011795605010292644	0.013990509877928612	0.011343023235448522	0.012240566002477124	0.012937901655536653	0.012994587850327975	0.013928274983936124	0.011148410921743688	0.012364534387939292	0.013387123219666739	0.012162933113183854	0.010450302149208135	0.013544900519719667	0.01341544486444629	0.01255383574019357	0.01263805662492895	0.013700376670635745	0.011119771928462674	0.013060527524045469	0.01399552905922724	0.011503825542865187	0.011432828226288638	0.011902217250993172	0.01156880779867372	0.012534743363934531	0.012430093228773077	0.013465093792497742	0.01270433727470622	0.013820463835450119	0.012900646745403109	0.011784720059575801	0.013052792259427688	0.013050489275748294	0.013261880287480501	0.011531474255610135	0.010844722395359642	0.01359985925429806	0.01264569939007986	0.014050094498635873	0.01194437294086332	0.012160256055626007	0.013581893717014595	0.01061380439207681	0.013253047242323375	0.011324057617167631	0.010530704159391984	0.013068659562029373	0.012117253309105205	0.01141566379970538	0.013520555571387961	0.010916190922084146	0.01454170685160463	0.012360694916818857	0.013064131154867056	0.013138443555354082	0.01329654713235972	0.010753351433349673	0.013352041275499492	0.01257626301481374	0.012698075930698832	0.01289076138879831	0.013317237792311563	0.014502132384184518	0.01320009378590052
donkey	0.012101185075471666	0.01280436990755825	0.011263703617116405	0.011590958961387413	0.01190576758152123	0.012685615990927032	0.009869879512160852	0.012336055491765297	0.013257429448019378	0.01061374521652341	0.013487108982355958	0.013095496542149669	0.013098256916860682	0.012931273996263724	0.010305452721943147	0.01234677150007863	0.01223819555053377	0.012881227831359157	0.012033494515651902	0.012585777646346212	0.010645734209986402	0.013378973404713012	0.011027504987479137	0.013116443764574588	0.011594722531078067	0.01309175170607926	0.012396772052432614	0.012103743574159932	0.013137342301431834	0.011775407014518995	0.011521602038973719	0.013159094712164724	0.01201722004720533	0.01281475408002161	0.012540911299563494	0.012820375645344948	0.012284217668391774	0.01299708105022	0.01272916916334511	0.011663906271512538	0.012889071632756178	0.012578022341055747	0.01206015856264875	0.013177820267575501	0.012606909172162126	0.012266316094430508	0.012888746443157614	0.011307553201599969	0.01206071016504113	0.011470918261336718	0.01206579855115769	0.01210763071835506	0.011504842167718545	0.011537214926955386	0.011437166005874395	0.011525020518807598	0.013506835940434359	0.011847345431240391	0.012307586702744504	0.012258672910888177	0.012825759445813559	4.214684851089403e-10	0.012717376314323268	0.012623324081289801	0.011934963375053807	0.01280941672941922	0.012553363073730322	0.01052096424010042	0.012097380794151798	0.012245876444360421	0.012086820291419036	0.011620129057557773	0.011916749262205135	0.012309044978070442	0.011705585376477234	0.01125775719953448	0.01240963975610869	0.012436050941217257	0.012232162427247418	0.011586899666531814	0.013574475070243222	0.011543791716258031	0.012641296025354633	0.012969025609508435	0.013795513534828661	0.011443910983856014	0.01167284583606078	0.011943826594611042	0.01320879298806964	0.012023329793852513	0.012641565047987934	0.013107849533235866	0.012170570282210844	0.013085964858819032	0.012646874255664553	0.01246702836052187	0.012235546778890922	0.012917201113020053	0.013422155749482181	0.012599950408507185	0.0107366709396513	0.012409520062486839	0.011620623021821598	0.013184480318020317	0.011962591732344194	0.012699792694604204	0.014003263989668334	0.013145688542431366	0.011728353089816767	0.012395189220801994	0.011638187987569009	0.012109147065203637	0.0123880432486199	0.012000195028595626	0.011053582533882047	0.012174994957223725	0.011574206299538488	0.013111450574634122	0.012383079747281478	0.011926739480715296	0.01168949749423444	0.011686962986874891	0.011530178146684732	0.014462569071134433	0.012208954458116395	0.012055476012225981	0.012444225965720278	0.013497552373858343	0.011829065525368374	0.012533104269165105	0.013220578205264313	0.012709581056798494	0.011078535209442276	0.011130113071642482	0.012361620542461323	0.012320082780038702	0.013302281815383746	0.01266191475164405	0.012055719185484879	0.012822186188031336	0.010571970842579255	0.01146301302545934	0.01225569362679581	0.01061508826186716	0.013075790778388387	0.011914247495865586	0.01197130307601075	0.012411102474208064	0.012793418269939703	0.012898616531491767	0.012308806160617278	0.011570108391510108	0.011293838298994415	0.01271990498945921	0.012489883369033235	0.011309076075747897	0.012728034842942713	0.011453975141346131	0.012665066889360357	0.013809846705667768	0.011327636444001081	0.011783207955246273	0.012145631604156581	0.013182276510828208	0.012219790410314202	0.012568650701724509	0.012490303822277716	0.01231958766536971	0.011393026118425744	0.012574813487940446	0.011070476239022131	0.012677260831434872	0.013445423095000648	0.013223140923463793	0.011588435175894155	0.011021307769827914	0.011815082564362806	0.01433638292407723	0.012556372435917845	0.012130322308008918	0.011690180629317917	0.011152687315711647	0.014598432239380526	0.01265313471838035	0.01376039605584152	0.010935227418170492	0.013990431984068987	0.011550251100875366	0.012097265903300436	0.012043739085399708	0.01187427539645967	0.011644141858383082	0.013165910861529621	0.01294974620998103	0.013078429706945982	0.01355454348085034	0.012437249012080836	0.010493865219607568	0.012308838555133528	0.011391164348318923	0.011889512801304996	0.011965653704710094	0.011717695169404001	0.013828768073750537	0.011395238837031809	0.01268741393187809	0.010750541926776904	0.013804387559921347	0.012298749462192282	0.011843828340566916	0.011540008792395922	0.01187995234139751	0.011830090901970338	0.01009201811521646	0.01386732824594212	0.010946804909749992	0.012117534438640866	0.014058758427415103	0.011432865760302936	0.012105026774911916	0.011855475304414624	0.012663149710652173	0.012046994871576145	0.012392369118996154	0.012485352973694375	0.01121956053309055	0.011962481660875612	0.013414359031219356	0.01187097511946315	0.012492210424675647	0.011884096387874844	0.012217473663609752	0.012139226294797766	0.012649935850258138	0.012636352293852302	0.011558035227448003	0.013252296293309852	0.010983770900353676	0.012630043729278647	0.012806572792269018
dove	0.013118261189992961	0.013694719541735201	0.012774188467216403	0.01285719164155564	0.012435313289750229	0.01355531257339898	0.012258038501972091	0.013546341324345582	0.013367020176115347	0.012221044842886379	0.013172220920449387	0.01311136559723879	0.01278444811131265	0.014058716191331654	0.01283480060755	0.01343801002127613	0.012895572807534674	0.012741373143664756	0.012509827838506364	0.013414030109862444	0.011967009465732299	0.013273983341358766	0.013258817726559563	0.013922597175539547	0.012649623930778522	0.013217794063515174	0.012641868095672037	0.012741903098626946	0.014096509276190848	0.013339975702410528	0.01291434266576345	0.013685875341496427	0.013298566632721148	0.012384064438296863	0.010779568459622225	0.012748038862688446	0.012439007616137122	0.01417826204980027	0.013923765781478121	0.012746420100286687	0.01399198912968181	0.013774208363335096	0.013124202316620924	0.013412296489557874	0.012436427306653392	0.012422527574448521	0.01321567138713653	0.012049008569909439	0.01296933520130571	0.012642480595900922	0.013151671251512063	0.013359799841854075	0.012310988351510305	0.012773861774117781	0.012454171900460529	0.01254248789357112	0.01353859932005556	0.0127438609003876	0.013316697470244603	0.01369237652848091	0.013612089481916419	0.012717376314323268	0.0	0.012477882372024409	0.01316879664395887	0.013238440888386842	0.013107822428318469	0.011869320674939314	0.011675069294134033	0.012685881271667804	0.013716469648223024	0.013985134695914312	0.013926695865329481	0.012955239896423172	0.012006709679812934	0.01275744896056625	0.013601102788802446	0.01361351669227943	0.012731175843296767	0.012419282523453572	0.013226234754064455	0.01256633527942071	0.013445756225084364	0.01305580799411444	0.012577745697996367	0.013467970828442548	0.013263981308787823	0.013033642477953196	0.013689242503001315	0.01174561823508238	0.013382017120133866	0.011682923945546802	0.013690336275922935	0.013258262414772166	0.012054400625459063	0.011974018123755476	0.013634280401635192	0.013583829157410705	0.01381166959556894	0.013320390777739272	0.012851308705791396	0.012791910610539995	0.01250039466334072	0.013857732713975947	0.012354527815999501	0.01330284077168328	0.013101972301437996	0.013243831561291006	0.012273230296155613	0.013171573088974315	0.012166030564851152	0.013090602210675362	0.013596175280085105	0.013452688915035737	0.012809619144164291	0.013905888217276065	0.013607240104635994	0.014027072611170466	0.011770354880235185	0.013824975899596676	0.011845122068707102	0.01260013757270763	0.012952385889018292	0.015061159071498973	0.012028508034523872	0.013074023253568358	0.013304561036770236	0.013199809834055196	0.013439946774143603	0.013442240195135553	0.013655149244130877	0.012717797600574725	0.011991055005446007	0.012887842063170906	0.013981686607276826	0.013840059072627618	0.014194472628191235	0.0124082210416906	0.013355147621977304	0.013270893567633203	0.012859730559619406	0.01202250374527929	0.012949026753825602	0.012295775648287996	0.013927738225399482	0.011926901316935174	0.012589574097512435	0.0132081570008063	0.01332556195023244	0.013598993223587269	0.013471528166405561	0.012636083135719288	0.013425214183129681	0.013588401800299844	0.013940628876822434	0.012029896370479982	0.013041317514109363	0.013066823775138285	0.012584387801488017	0.012586643827103063	0.013192527726103458	0.012852992582234223	0.013124916900931555	0.012745337389060966	0.012698133851881097	0.013638298264468758	0.012475323011298911	0.013480565262365303	0.012403600600002196	0.013325346287576116	0.013286410732382315	0.013136212647838088	0.01342481341228587	0.013199985237861332	0.01293688032269925	0.013303679080941629	0.013290304928171655	0.013540634556026393	0.012709967746272855	0.013344939583123917	0.012443476619437005	0.010814537655909983	0.01348426077797406	0.014128259493063977	0.013426340816309246	0.012903760113286998	0.01278184526788399	0.013599428017869763	0.01305736117927122	0.01282747154260978	0.012682601945903135	0.012811637142017183	0.012843700798111961	0.013255235918542316	0.014034311284105105	0.01172018151315646	0.013966164243698575	0.012581718909391734	0.01349508608463543	0.012995136448472673	0.01319740678931201	0.012662382075332768	0.012621434331279498	0.014066093989268445	0.013050808077443896	0.013110564931145556	0.012558510896831859	0.013593682924420156	0.013963584215653852	0.013211948100498326	0.01207403941210682	0.01235946493349105	0.012739878444819282	0.012373444223975849	0.012011641020211081	0.012246522042349672	0.013592867117758258	0.013135561708597823	0.013612451861644448	0.014092157742930994	0.01345721354281239	0.013667215280398685	0.012383765835137108	0.013085508990451142	0.013789003268099573	0.012426567828889772	0.013858968532270697	0.014596487681342071	0.013003167874679247	0.013868070578548036	0.012860047546087845	0.012927963973423212	0.013298567105855183	0.012314108586370588	0.013071156518084423	0.012255366309464229	0.012114933075375684	0.012745858467697555	0.013340095638315523	0.01334604068141137
dragonfly	0.010768178260731091	0.011042567290426693	0.012473539440844072	0.013147944843974507	0.01079666347328548	0.011573045696528334	0.010440174105644661	0.012312003150505966	0.012502544947662524	0.011700098744727478	0.012274807635883981	0.01353213946612259	0.012937363452729465	0.012993635415865625	0.012468281311342018	0.011756874123630311	0.012508771052580015	0.013501327347247016	0.011399880700315635	0.012756362138359192	0.011462585482203436	0.013578408345954567	0.012901621299076713	0.013021197091238166	0.011130788692429663	0.011813942909925823	0.012551613419230697	0.013232120991117442	0.011334190565821349	0.012676872777387653	0.01136186382967039	0.013987088862159542	0.012386350620705467	0.013430849395912756	0.011406087288608842	0.011461491609402474	0.012781472128880896	0.011939497849494154	0.013394716321089947	0.012057046318713634	0.012485134682176914	0.012386531447812772	0.011875067673838495	0.013343625852131129	0.012886018861639486	0.012915475622318867	0.012867450425294748	0.011355727325296532	0.010613525130627584	0.012103567763387203	0.013473971615837162	0.01291859205610177	0.010322502967269912	0.012638592611344458	0.012226404174437164	0.012789919448503868	0.011687045308589012	0.01174470441484253	0.01320508937850412	0.0122989226650757	0.012822100597863085	0.012623324081289801	0.012477882372024409	8.429369702178806e-10	0.01188965384588261	0.012532542254788726	0.01301078387402699	0.011780462772949904	0.011599566981537166	0.012214531413053762	0.01322186105059069	0.013496975901955675	0.013010796914170572	0.011280736656151763	0.011886361925323274	0.012710854746879201	0.013042109144168342	0.013260257582896841	0.012520795481506388	0.012019109622087971	0.013668772238300155	0.012475235657346435	0.013925421413394132	0.013117931804889627	0.01337407415732155	0.012329041465574895	0.01194667181497588	0.012363176322854512	0.012881014099027898	0.012245906449120617	0.010573239948711533	0.01092557678341945	0.013479174603287241	0.010344679438514599	0.011554457903884824	0.012375820355667845	0.011752075198207416	0.01167015900297899	0.012659336605682666	0.013032741398457028	0.01184454456036814	0.01346234159737316	0.010209204905256173	0.01218453411547575	0.011810585834696049	0.013047841468842405	0.01341550427344721	0.013965766030592172	0.01270112555312264	0.010620014589451802	0.010617901709982802	0.01251136759676874	0.012012882779984597	0.012049754756686648	0.01108202695574916	0.012119298968004346	0.012409567506699653	0.013584231008531775	0.011608578522668514	0.012747131210489406	0.012301268417273614	0.011949143914647162	0.01291251721304768	0.013809424330375913	0.012294967890010309	0.012190173570242354	0.012450382619040681	0.013017336648398402	0.01199535511483548	0.013315388346095915	0.013191356407912582	0.012456995790740152	0.01155826346611078	0.011502881815600233	0.012114591749792151	0.012616082540343371	0.012492971453038071	0.011759623353973132	0.012610423497039936	0.013264776696178537	0.01240721550909963	0.012189424700210649	0.01203112488179454	0.011751127574458566	0.01231677809745581	0.012322355681738846	0.013269173439115744	0.012729536219553311	0.011915918162955261	0.012851840106516249	0.012457843259625035	0.011283757819633427	0.012355925373290902	0.012490257040665677	0.010450192971795624	0.011366192160060677	0.012907562950013234	0.012462967298156862	0.012737823839787832	0.013431434885561604	0.012493917083290387	0.011746880187674497	0.012008497931096002	0.012022227740619817	0.011190628882582258	0.012513109333267975	0.013296663056915254	0.012681429328384725	0.011925513791337659	0.013035764917191413	0.0111708736901815	0.01263253690363019	0.012956133942242778	0.012770510117362412	0.01325734004959398	0.012336566031363672	0.012185259597019155	0.013386476524947817	0.011835795634603989	0.011342596454014482	0.012451365023259546	0.011342973047685001	0.012850680505256992	0.01287125353402368	0.014027259300334613	0.011901749289433305	0.01277483650692166	0.01343842752967382	0.012212305708098123	0.011034354552126494	0.010751915666185403	0.012541923756302855	0.013839455990584153	0.011926672710717725	0.013286190828906802	0.012332264254038907	0.012388732242300513	0.010558413197141004	0.012701743079788103	0.011959524999927728	0.012418613708673856	0.012761451368031777	0.012026590563502595	0.01226092953809727	0.012070223915835279	0.011616623347891285	0.01142355463586155	0.01401285942649301	0.013677852405131861	0.012164188645535754	0.011201333727335545	0.011566449107875158	0.012407041634375624	0.011844457265671238	0.014409535550004206	0.01208677169512298	0.012768301008043739	0.013177860800880148	0.013062629751876912	0.01285499923281624	0.012340961744027221	0.012450898230949923	0.012815604486671723	0.009820236605217419	0.013541191869191454	0.012437779183401538	0.012932905505202215	0.014520601726266114	0.011741453397862554	0.013914505311400404	0.012113367184495925	0.012737735705945002	0.013188816217990578	0.0105966247510541	0.01268933030236271	0.011800434557317819	0.013466096950625984	0.013481373633325749	0.012772652079586715	0.01263199657044527
duck	0.01178322159117231	0.012817552260396974	0.011788409790348914	0.012185027618105288	0.008843549095909928	0.01183416726919019	0.011507156652276753	0.011680081869232434	0.011726877485048076	0.010982236390687471	0.013815712731939038	0.013586689255275886	0.012710584825408735	0.013147200620890264	0.010711118646006403	0.012444865148003505	0.01270630828125157	0.013164969099172578	0.012666067793925768	0.01030831982255448	0.011179414623708932	0.011512750980189463	0.012699553094995542	0.012096396399041183	0.012348086879077926	0.011165857219124194	0.013297562720851967	0.011498013049427101	0.012587738974308387	0.011342142389159099	0.011711879176977557	0.012455954819342046	0.011899214414033348	0.013074642184827208	0.012734704801838416	0.011977619052773636	0.012110329607799904	0.01173656660066403	0.011728314185810725	0.012274323442297529	0.012242665780865563	0.012582658793429067	0.013030817893110868	0.013409314005851172	0.013427694365510159	0.012957304020562544	0.011797054236523892	0.01126551512409217	0.01275728449027446	0.010761650884804819	0.012607817788626956	0.012827471970545392	0.010960262369569897	0.012330172185300725	0.011731162853232509	0.013038119510588093	0.012290223763393887	0.011792781034075035	0.012450120270380291	0.012866156521676962	0.010188770927035068	0.011934963375053807	0.01316879664395887	0.01188965384588261	0.0	0.012587024034155013	0.013310568382686237	0.010724960047617976	0.011863955628013957	0.011859974373110684	0.013245881882848415	0.012188457248140305	0.012001227112076239	0.010309423635588283	0.012445121856129242	0.012287358301869823	0.012240027796087	0.01151710976073172	0.012330305224249367	0.011644918075356791	0.013535673342771887	0.011693079256096937	0.013133270060333673	0.013909727587231569	0.013725261005200398	0.01191354475582675	0.01084549235733217	0.011450141902578172	0.012051314467451123	0.012463408438934136	0.01063379437426415	0.012404970649902767	0.012333206843396567	0.01274792537351799	0.010978949416459067	0.01242881121067587	0.010562359486834618	0.012816906665241651	0.012730348828560428	0.012110036768845782	0.011137950670067278	0.012230230179369927	0.011501118743507104	0.011472476182822522	0.010062080562118722	0.013118252135938093	0.014446767688507396	0.013088567862261117	0.012676151723971485	0.011367226786569817	0.01118075494743985	0.01237961924308719	0.01205008432793782	0.011263593857135976	0.010369157773057034	0.01187543186902164	0.011236447903000612	0.013356776301286434	0.011629905204108086	0.012627463190323897	0.011884404078780197	0.012680499945779012	0.011791148595094534	0.01404969933211242	0.011886391460697341	0.01218912544691035	0.012226486608557786	0.013294892618440085	0.012048208925709276	0.01178312108911624	0.013098218287923897	0.01296765432506145	0.011038212537797685	0.012164719009926106	0.012061942376634596	0.011942431469188435	0.012690238949648618	0.013157555729884503	0.012035585574645506	0.01308691523647586	0.012173812527071018	0.012072298782502362	0.012694008237618775	0.01229250378634935	0.012855909389036439	0.012034691950019195	0.0131533057265521	0.010946640355592714	0.011030244141693773	0.011372251879619212	0.012486269278218132	0.012246764967280426	0.012884807753496246	0.01275641669381189	0.011145049092725451	0.01119507643183729	0.01287533023991114	0.012754833509873005	0.012937104283380735	0.013561642879605878	0.012660236535992336	0.012170217495184432	0.010962902846944398	0.012514165477174372	0.011895807319014995	0.012460746274680941	0.012872990931212455	0.01287367391257994	0.012195455204875465	0.013362522447967531	0.010414196069524819	0.011825980160570406	0.01232515831102348	0.012472764623799426	0.012255822077489932	0.01056712376742578	0.01005794730649154	0.014026364746056815	0.010400661792282304	0.011481736334919466	0.01211688658293835	0.01179583394300661	0.013898614328154157	0.011553574094097978	0.013125548599487365	0.012402798935622312	0.012139744701428569	0.012050088101347936	0.01269689698588518	0.012242082471442175	0.012343443925904949	0.012331075180078482	0.013685600672961587	0.010479288614293784	0.013518023248786194	0.013029987062117656	0.011895547415271924	0.009994872153627259	0.012015098226984475	0.011581918806729097	0.011469537509463718	0.012127512344548513	0.012138447972437485	0.012376668356182056	0.012482816842426626	0.011964666882732195	0.01194027767505046	0.0141326731530921	0.013170174507323485	0.01249020203743887	0.010984619640250291	0.009406935962977153	0.012969273234366183	0.011747870225001228	0.014038201300226934	0.012425522636636644	0.0109830040785637	0.014295903119268445	0.011967723325135191	0.01304311801887252	0.011869911141098088	0.009521469282447164	0.01315606887025559	0.011392458873675904	0.012771668423902942	0.0121918139977226	0.010864959648554405	0.01386286594221093	0.012196259260837353	0.013580002973052247	0.012247496666196485	0.012438600435915229	0.011437492617990088	0.012450540528375449	0.01246059784673213	0.011908392511353972	0.013730489763264514	0.012371173868917474	0.013562571539475671	0.012348216940259019
eagle	0.013074704294825056	0.013719890140321503	0.012513938109270584	0.01276024719334942	0.012399414032156915	0.012013496777077486	0.012536704915386367	0.012191315944540997	0.012654000164845795	0.012232978316972554	0.014534436418482302	0.01317546239003127	0.013538098743267366	0.012975940184211611	0.01243800152605777	0.012948833671698367	0.01236551065645227	0.012669710346247984	0.01351402688668251	0.013218565845734524	0.011870185691049827	0.01364852433999583	0.013148042039724783	0.01406758856475532	0.01358371562975498	0.012706501123333247	0.012984305208162237	0.012932244108016128	0.013516326374174638	0.012618060057488154	0.011704667703700468	0.013097957513384524	0.012366836601555005	0.01368325536648931	0.012964943287238611	0.012555822565632663	0.012670498427944044	0.01250375167048746	0.013412406730984932	0.011708177894387401	0.011699156702764897	0.011851126108096004	0.014625082459863244	0.013873034729759738	0.01347051786444977	0.014420408249204895	0.012836352694396069	0.01195280192285752	0.013155661284222915	0.011542108291274293	0.013503186090123466	0.013070749919671434	0.011853829515526638	0.011866302105676817	0.012756462872900387	0.013394447906048474	0.012829574356158356	0.013324089951617093	0.013794893370216065	0.013104897595791998	0.013191964538273157	0.01280941672941922	0.013238440888386842	0.012532542254788726	0.012587024034155013	0.0	0.013096676168150046	0.012753184999363369	0.01179615736572623	0.013458715174974451	0.014392623648830314	0.01357897611371226	0.013469212631176439	0.011389662420955437	0.013920228137091846	0.013998376511432447	0.0136564192395409	0.0131029839209948	0.013303532369688035	0.012520737496697708	0.013209735927944968	0.012608509672359748	0.012718303386820791	0.01423266763156506	0.014428843660298769	0.012248356814564806	0.012862082853068137	0.011967501536712355	0.013613951803780742	0.013693454108006216	0.012471707411315343	0.012139023585883141	0.013504716658434406	0.013142288139670286	0.012689535101712335	0.011482976083688777	0.011373819041404496	0.013546910648423402	0.013457047734543759	0.012687980309510101	0.012043112704181881	0.013383255578671604	0.013121063741387148	0.011450764646848598	0.011782147527945683	0.014046207502630468	0.013606234927907196	0.013917777279390482	0.012935347399758615	0.01176104163113139	0.010642270216558175	0.013486557689638972	0.012847931797203118	0.0116327937690201	0.012354037552144282	0.012587501552382226	0.01225583066393389	0.014135423525464937	0.012103660648421326	0.012604657479637469	0.012880421970764624	0.013457984202560544	0.012342306968179909	0.013794328071890986	0.013040355141052833	0.01279859037571686	0.01319636575309361	0.01288822787555869	0.013048046557342064	0.01331911453701952	0.013636100394803856	0.013544182496219009	0.01232526369772729	0.01186236876613497	0.01304376800595553	0.012217517386589286	0.012989510603292488	0.013791543811485889	0.013478802958866429	0.013610942248187397	0.011927972088408822	0.01228771270380839	0.012757025079587822	0.011826570488447293	0.013655267464874657	0.012957090684020251	0.01317790118381717	0.012732958978882387	0.012391049133353505	0.013573104326247708	0.011902485802184136	0.0124368713279117	0.013703799715864256	0.012526541876303744	0.012653886427851334	0.012622440892355737	0.012912703277812076	0.012832928316932064	0.01246309678165952	0.01394010285757279	0.012790688568420326	0.013301239628673139	0.012053423712109686	0.012793829234260892	0.012881802906078493	0.013370974797449873	0.014041708654043734	0.012652199828008987	0.013137492775068307	0.01371667895825965	0.012520026466475815	0.01371109635933899	0.013318731434414114	0.012730742573406307	0.012970892498203903	0.012194287295346046	0.012855173283062822	0.01341160673101765	0.013266647370339002	0.011699587403014413	0.011944814412139857	0.010607624560404327	0.013481934116129577	0.01217430927382356	0.013767992260391158	0.012931073179939865	0.013264322850139733	0.01285696537553162	0.013453126000823767	0.01234055372351585	0.012925074195701216	0.012175387075084284	0.012812646130430568	0.012781054554271634	0.013914801622396136	0.012554756427141411	0.011617134091278238	0.01279798210979442	0.013457807024406299	0.013523712076764336	0.01203669342644742	0.012152063327804895	0.012534814434469566	0.012856301355772193	0.012239369399278846	0.011631850544046867	0.013363050223478001	0.01430575573695958	0.013694410150355447	0.01216720066002412	0.012242905814012252	0.011543698140752474	0.013514785291461778	0.012234218953376483	0.0140802546789792	0.013592073895560998	0.012783604268297595	0.01431528824968623	0.013598832190677045	0.012200499194645532	0.01282905567207825	0.01293552316214313	0.012442212998982039	0.013442720187269153	0.01341421249510827	0.012568367697616278	0.013816838393460795	0.014177698227260832	0.0126224033232488	0.012867060663921492	0.012671338747142182	0.011648746750989003	0.012853398066643271	0.013189838851125972	0.012465296807715654	0.011746561038400412	0.01337958499670213	0.013455380340069947	0.013457168155471478	0.012815329396714299
earthworm	0.013363802234735487	0.013390852917268239	0.013520455196452568	0.013760839455625005	0.012496868178738938	0.014097610268861598	0.011690309833407853	0.012778427723735124	0.013457341475408916	0.01247025542366508	0.012911418328350514	0.014147996793602131	0.013505003333216227	0.013528696273213323	0.012893654256043661	0.013256673501594143	0.013077378226283121	0.013404532825199012	0.013127013843951757	0.013916982133412891	0.011851338027481742	0.013333171543796199	0.011307669946875723	0.014269890245140977	0.01312786145471106	0.012730802518990513	0.011742361987508635	0.012979466919482844	0.013557421115074957	0.013443240109080467	0.013054156556951522	0.013700902757126859	0.013095314154615461	0.013466393591697108	0.012200839727765263	0.013513355061994345	0.013813560391924053	0.013719142789879962	0.014173668618492632	0.013323680273436188	0.012861669478721902	0.013857449289029489	0.012328604293146486	0.013500627259075661	0.012431396241338433	0.01211667679770718	0.013257860867532712	0.011595533997997964	0.013072184181119795	0.01306772742046499	0.01374208471546975	0.013384662856904343	0.012310835753495558	0.012529220274787853	0.012543099372527886	0.01211453635932108	0.013672530380421807	0.012655856696826095	0.013780991195755838	0.013097345776782888	0.014127026010800257	0.012553363073730322	0.013107822428318469	0.01301078387402699	0.013310568382686237	0.013096676168150046	0.0	0.012640336452414908	0.012268415114149717	0.0128385334728744	0.012748700931652389	0.013830308264161451	0.013465310485359743	0.013185856128498987	0.012578352857552657	0.011797171700372058	0.013977804557173241	0.01374214275733417	0.013147600644269754	0.012357855966017668	0.01376182250956681	0.01232196797349118	0.01383531639206833	0.013601651443419896	0.013551402159985475	0.012591982895047371	0.013387013552227805	0.01324300263561942	0.014744881534298529	0.012898271811678668	0.013392267074110255	0.012465488554672086	0.014250371176579204	0.013282608184607119	0.01240751279751398	0.0125721781313411	0.012823284447584878	0.013542062815023386	0.012707039490378918	0.013468689933497415	0.012998302866305187	0.01253178305355247	0.013023105001275383	0.013499985056139635	0.01263578034952822	0.013902057782490793	0.014245053364880049	0.01413788459582905	0.012471035967206008	0.012805460172605835	0.012274281602260075	0.013554944885616604	0.012991296665918781	0.013736473685900632	0.012944971493992603	0.014053841682960698	0.012755706741873594	0.01386815204980708	0.011589427021089609	0.013437891123225614	0.012478216532988718	0.012281844583132391	0.012984810586054414	0.014317759419069527	0.012957781155547956	0.013835364409471012	0.013733527137988887	0.013546349282643136	0.012946235297667088	0.014031622854799253	0.013854319652174674	0.01371466090673167	0.011389816026304378	0.013195129892369427	0.013479389010611157	0.013636647622958525	0.014256269726927171	0.0127177652691588	0.013358053602432784	0.013486222323865813	0.012347611742714967	0.012419433447578761	0.01328213121589556	0.012690681092914071	0.013593457234271737	0.01259459872434334	0.013063632573866975	0.013767658862859522	0.01337374768215286	0.01368983143629356	0.012666972604182543	0.01230042182698714	0.013115721867895868	0.014263554740646077	0.013477163211503251	0.012325076606028282	0.014208651441579854	0.013021756568445125	0.013035921689572998	0.012730612415672526	0.013148013060171137	0.012556100815234464	0.013189427432283274	0.012610626365532871	0.012179811625884631	0.013698753136430583	0.01352468131893725	0.01327693740135998	0.012825235512656987	0.013972072929878503	0.012501795444613006	0.013259116945163478	0.013698409281014507	0.013823151356350736	0.012938835709736146	0.013163582434121272	0.014016999761487094	0.01344210349723412	0.01190552146485027	0.013305534304418417	0.012352731973022793	0.011611082096114984	0.013380375582740252	0.01385367212419809	0.013401975536369386	0.0103123122431032	0.01274448251203159	0.01418201245925233	0.012241473762786321	0.013139477347337834	0.01295187432506705	0.013220919023594313	0.013018053960505503	0.013308628201890119	0.013746063549258758	0.013708595129344327	0.01405249692845414	0.01326807838885754	0.013186670360188734	0.01261513835423369	0.012916210998702488	0.013097570363750293	0.01219196519477024	0.013414980808917731	0.011345852968207868	0.01249107288112631	0.012608391579436837	0.014069065239772886	0.013663432462624187	0.013285959309827672	0.012834414738967024	0.012792513904098182	0.010419299762057844	0.012093890702210513	0.011889377476069244	0.013333548201517694	0.013631091528180525	0.013306560078714356	0.013903006195814985	0.01335109848645171	0.013453929154576928	0.013834244356660448	0.01235717642132102	0.013100152289195095	0.014607306185592759	0.011385371554796237	0.013536909527563108	0.014081826157502718	0.013032922846403297	0.014094389403061647	0.013612592437776239	0.012864223279561778	0.013506460448334274	0.013115568086759254	0.014115407144580688	0.0129844640277638	0.013954671642580003	0.011716085213883653	0.012947867398841247	0.0129916196294895
eel	0.011895277506321824	0.012639428371795	0.011890616877502503	0.012453766617449888	0.010429470714546286	0.012690254963383704	0.01040095182429797	0.012151855752718422	0.011883380892985643	0.010730215164596895	0.014077442474695036	0.012995876306220528	0.012570751915051361	0.013750784717626044	0.010811133493861385	0.012185457889769174	0.012859279731523867	0.013682858340506312	0.011863090633907841	0.011617410785072769	0.011606107921446007	0.012474067842599494	0.011986172910302245	0.012840578885453124	0.012453090140679137	0.012368634660503159	0.012936387179508214	0.012003179228268213	0.012982543658996492	0.01130728641928503	0.01084979919588166	0.013079348145071753	0.012264428191049493	0.013514123577195758	0.012033879878582383	0.012554954883330582	0.011727604196572296	0.012705536417407737	0.012607072710757767	0.011931996532055664	0.013036345930992501	0.012977976183091442	0.012578716834355496	0.013422040161417022	0.01330732965503969	0.012681740693980082	0.012766500583118004	0.011431989463613002	0.011876234032808804	0.0114610197096886	0.012831452598601183	0.012077053443705249	0.011301868864393296	0.012071420257390235	0.01130604923396929	0.012209755481655149	0.012821653586910762	0.011411403579446509	0.012354263386080961	0.012815832256250404	0.011741501764987245	0.01052096424010042	0.011869320674939314	0.011780462772949904	0.010724960047617976	0.012753184999363369	0.012640336452414908	7.300048299977713e-10	0.011588506068034831	0.011686144771446322	0.01298646229864265	0.011839907502384403	0.012075728337426268	0.011733122730124012	0.012326548068522911	0.012051620885569672	0.012451257137517397	0.011350749248160265	0.012408470257546161	0.01220438205397511	0.014111841079642832	0.011739257432520323	0.012763254829403561	0.013640011069855905	0.013312485599223284	0.011913789502810438	0.011639756654277236	0.011863206407302847	0.012287840053914326	0.012305427092360245	0.011827606815310586	0.011799999817378807	0.012314994921184472	0.01303146864434745	0.011706472935889162	0.011968840534666925	0.011715015593327372	0.012884584495286865	0.013045602930228712	0.010909158873583324	0.011906005700751081	0.012351777195607625	0.011389263362528818	0.01265958089354195	0.01083257529437682	0.01326060491688479	0.014303975850021862	0.013431753474197028	0.01301926943713927	0.01186328250001351	0.01099197445123209	0.012667577954695466	0.01223367990966036	0.011777539609603163	0.008914940448871683	0.011844532807823327	0.01143815428614979	0.011519937429251026	0.011790952989488034	0.012262477031912458	0.011349654968298767	0.011738937097000563	0.012450450897550099	0.014272523250824676	0.011819063220388648	0.012143355113584949	0.012265485100450398	0.014044642287527826	0.012202896082584314	0.01269504356823437	0.012974131897227535	0.013088360235479593	0.011061428779508246	0.011629888506572636	0.012658162673954452	0.012148120918722449	0.01273186735322801	0.013324499054358882	0.011799049866222718	0.012905754786695449	0.012076301731776097	0.012253473953960198	0.012145527381488797	0.011981748434022327	0.013000303697386502	0.01241930507662744	0.013054726570662938	0.012058005513612474	0.012318801800443258	0.01245667438081178	0.012164619125492805	0.011714129105418088	0.011503351512577349	0.012317600983341899	0.011926685026923269	0.011358478177469796	0.012975379182348647	0.01186087764866801	0.012875981202267694	0.014003366316527105	0.0118440107493225	0.01188648078476196	0.011293617718014445	0.012110446979702016	0.010917130445119933	0.012136330991848408	0.01234028068640696	0.012763781589738385	0.012473762780511922	0.01313880597928234	0.011599258069615627	0.012004346838242133	0.012414963767251177	0.013218531635938882	0.011889864019178962	0.011181606533576494	0.011026605538489768	0.014155684901402295	0.01149272094235595	0.012540981476721365	0.01200338730556741	0.010492547417354147	0.014270649375821945	0.012068982747578172	0.013959806292330835	0.011605721476594699	0.013138104493261325	0.011303938543315272	0.01243187210281779	0.011347440098516253	0.011718418192586786	0.011835894573595468	0.01329196576411412	0.01155258538025522	0.012654786767255235	0.013537244573309522	0.01215718314456888	0.010561694656568863	0.011330851710317023	0.010619465908642062	0.011725053469547306	0.012432110238881702	0.012018098761486257	0.013144319453282061	0.012020410332719993	0.0123129907270153	0.010829098396340796	0.014179526744177919	0.01292939837495737	0.011698409878688336	0.011006336476687997	0.010679747372171044	0.012654363840587579	0.010525086177120599	0.013684415365260647	0.01187171811805136	0.011658070088078794	0.0133024639052403	0.011472644758745092	0.012629563720692707	0.01169156674189925	0.011117997802128375	0.012605788525001032	0.011250097142789996	0.011663651824109467	0.01209501428224955	0.011037743463669447	0.013553301403227526	0.011818945099279131	0.01341521393279565	0.012183304740706304	0.012826968138776297	0.011915127816945648	0.01243416015362756	0.01189646946874133	0.011297555094793155	0.013257955338396599	0.01248020209763564	0.013418996452454444	0.013268799763786088
elephant	0.012544293881712158	0.012866897142277827	0.011655380635395651	0.012186887073725582	0.011765720180664876	0.01301429900413029	0.011959638673174941	0.012207023433151856	0.011777098241686384	0.011219588360530901	0.013575053928470714	0.012891950191562158	0.012080260642974645	0.012940001969120271	0.011793006380173587	0.01216961584209527	0.012645466075584364	0.012608753424527329	0.01178191040245608	0.013016310642224018	0.01041487811991913	0.013003405825167085	0.011957979896519309	0.013819022128881362	0.012381365820287921	0.01220464654687376	0.012558336449393836	0.011779786867704624	0.012658026747836339	0.012802843009320088	0.010869593202324572	0.013479030556895387	0.011921208492882647	0.012465684010534394	0.010628303413234721	0.011806634235169896	0.010965958721505046	0.012665789766766841	0.01296798215328404	0.011934736054342926	0.012028496516384813	0.012737074348153257	0.012475088429446578	0.013086586716824578	0.012223396891913737	0.012699035323460919	0.011994453301217067	0.01039095229009692	0.012612431763389786	0.011266273021384905	0.012571006363155472	0.0129069492484844	0.011109207820820827	0.011567468439821083	0.011432634134468373	0.011836559267874676	0.012048840968210472	0.011675653033424702	0.01255392294157663	0.012581375746385908	0.013075821022533884	0.012097380794151798	0.011675069294134033	0.011599566981537166	0.011863955628013957	0.01179615736572623	0.012268415114149717	0.011588506068034831	7.300048299977713e-10	0.011590138343103202	0.013392100053799988	0.013812903432997124	0.012857729021238384	0.011598793051337706	0.012463475981810652	0.012880586248424714	0.013173277873164874	0.013129654503747153	0.012348626039971507	0.01114393679872541	0.013041522281691373	0.012107492832020924	0.013538376858607688	0.01339355414606307	0.012903529197254446	0.011882178752796582	0.011309226609442953	0.011950084480272708	0.013124281826706748	0.011849100745280665	0.011980379063303341	0.01078449037747591	0.01366403248101381	0.012495296785324269	0.010787891813415057	0.011254895930903279	0.011770037023043136	0.012413278815711923	0.012019562305330037	0.013049316454879112	0.011665588712721801	0.012208056451805166	0.011976525138952785	0.012598305199941866	0.01092056735642233	0.012747576031078713	0.013534355926992163	0.012997663824037048	0.01201341967271157	0.010819860313222402	0.01018992985375015	0.01280718378880708	0.012035347885518797	0.011959645164143957	0.011979084859265948	0.013644050717550836	0.011842131694289269	0.014167146790868803	0.010713854918807119	0.013018833849776222	0.01030785340874215	0.012190301901267641	0.011870265439680849	0.013695547057661718	0.011620323104296323	0.01266363568061702	0.012026488576969753	0.01293730709255742	0.011959773307176812	0.01300835051997568	0.013062568007163404	0.013106459860809473	0.01104047935391189	0.011512849111081604	0.012512427480012493	0.013074847011116884	0.013099102838575905	0.012076306464789511	0.012530275624009667	0.012671394777638258	0.011717166047387035	0.011235383446238529	0.01178269315162049	0.011067810018722502	0.012593830859213178	0.012291815379307817	0.012359428447735799	0.012425448262895274	0.012511174866874081	0.01317725425862476	0.012414476147246936	0.011566643886967556	0.012105040457280059	0.013508790287315973	0.0120668501362139	0.010684940376404217	0.013055356837558452	0.012144012978230543	0.010549680913220769	0.013572025968740601	0.011695720257762086	0.010882317297200152	0.01273773286195349	0.011864834624698329	0.0108303189647732	0.012373691043889423	0.012121233849069424	0.012487426603455436	0.013111119135559212	0.01307077156437279	0.01138543276434843	0.013229765187669768	0.012602159204246092	0.013187657981161102	0.012245322333067266	0.011868203135095162	0.012190536215380974	0.013022070664244378	0.01205913366897543	0.012208357506857588	0.010900340933273103	0.009874850255932596	0.013472638726190256	0.012373583121424432	0.013202099149402813	0.012266511854759334	0.012545470146066773	0.012852958988384148	0.012577453554812155	0.011336320805714587	0.011452174392446305	0.012565031059424163	0.013121054096644727	0.012403057075951634	0.013725010713696542	0.0121178319760651	0.013175866474775776	0.01160709525930466	0.012392380571034402	0.011848943055470023	0.012213720816342564	0.011089502665924804	0.01176422759555734	0.01292504874981554	0.011719279988864094	0.011108697274036345	0.012192246321255087	0.013837449093428697	0.014039367637828728	0.011657894824530968	0.010818343341805408	0.011544562048786853	0.012596940927511641	0.011425763840870152	0.013031996366076373	0.012635976803228016	0.012601552188371515	0.012451502700273197	0.013180185864523191	0.013100830603544006	0.012587010536340482	0.012357942709466057	0.011228772300937018	0.011991590422588246	0.01413353879135434	0.012023487364348282	0.012761170334455592	0.0139398177193787	0.010760284890761642	0.013319209357483743	0.012551584008153722	0.01196967597278508	0.012577044563116929	0.011565912815896558	0.012937635879418255	0.011382721756457014	0.01221649284235814	0.012001628501318728	0.011636599453377174	0.012432121764387159
elk	0.01266240790669518	0.013606553480406586	0.012385892377160434	0.012855097678380223	0.01150975406073	0.01355732037129799	0.011853057691577582	0.013011430573931169	0.013450004157509726	0.01167557990934892	0.013000759352978371	0.013353841173033749	0.012869695870827534	0.01367612415178584	0.011863575607209843	0.012723670439356863	0.013651753294714212	0.0134256449813136	0.01187976336281551	0.012169290488810216	0.012527321778418149	0.013496217499232138	0.012849541985838698	0.01239665503101218	0.012456778121894257	0.012356847535605174	0.012754557819068608	0.012497662585552325	0.013693254218735714	0.012552587134011027	0.011828867609442748	0.01332344364770766	0.01289584128452073	0.012851927294986305	0.011933353517874272	0.01218320503320784	0.01241214819938057	0.012373037767491374	0.013191965150557048	0.01335478677354346	0.013162059067209029	0.01343278155958506	0.012016836436058031	0.013424405522792766	0.011651591847542593	0.011215368607559421	0.01254647142175515	0.012623846356333396	0.012575247690716282	0.012334759353579836	0.012683081693561932	0.01300276475591725	0.011807589771951087	0.012860309751984713	0.011257754653920813	0.01230266867164726	0.012980487592807956	0.012328118178391292	0.01296330593115267	0.013103936232725582	0.012155792930092115	0.012245876444360421	0.012685881271667804	0.012214531413053762	0.011859974373110684	0.013458715174974451	0.0128385334728744	0.011686144771446322	0.011590138343103202	4.214684851089403e-10	0.013390404889194225	0.013047293791934613	0.012947107667094025	0.01156037511687818	0.012004056615755897	0.011553512694110177	0.013425637480769883	0.012764536227350161	0.011980102758196675	0.012225846115413963	0.013722147944510921	0.01227593400385757	0.013283531410591649	0.012947667278111832	0.013182138792434123	0.012605628975956146	0.012041383777013715	0.01242403358620971	0.013025479013258956	0.011729721133957906	0.012649224817262416	0.012379922836780204	0.012894453137808229	0.012986527101782544	0.011902516016391886	0.012755460574177783	0.012311490171109178	0.012440431569592358	0.013302391409058716	0.013456216022067934	0.011958140917187726	0.012116325167438163	0.012286812600202283	0.012912018632634215	0.011451458387488895	0.013456012865257353	0.01421006428804336	0.013248788063488576	0.012131543417125105	0.01281368977182111	0.012537752917743483	0.011817556117630574	0.013106610173598243	0.012495901669345935	0.01186398111258429	0.013232863869386517	0.012174714173982325	0.013364148794591196	0.011606045135910624	0.01340778213790874	0.011643579735435214	0.012396414828096248	0.01272972712396681	0.01447117076595454	0.011625567418684122	0.01294757961898126	0.012887381527479737	0.01370529914813228	0.012330981266797728	0.013525230137197572	0.01297606704971406	0.01251585102339411	0.011836894869378438	0.012275482824523698	0.01326961650480404	0.012363657684670033	0.013459156905360514	0.011594376815037354	0.01233136635568097	0.013596475004499778	0.013055407028658367	0.012290920936717284	0.012283573884053524	0.01249735411646763	0.013645785727058221	0.01237358317068765	0.012744739044303384	0.012288878473335534	0.012685508000961606	0.01307676418823906	0.013016591221484268	0.012224030284284093	0.01270530632661817	0.012879272964123443	0.013145371772329157	0.011671234312002409	0.012800593484445198	0.013460677603337025	0.012161065827466835	0.013198516704291166	0.01305069070414764	0.012661749802934863	0.012573224833122313	0.012118505269163556	0.010790545722030668	0.013252972184882573	0.012098575563715776	0.01337165065838169	0.012896848526026967	0.013035211768846257	0.012031226869765295	0.012852693736296751	0.013723373396566324	0.013555035980472951	0.012601394635337335	0.01242352392132783	0.012813714231095685	0.013656161773495878	0.011305137422896107	0.01290226645985721	0.013196118137130198	0.011937660079445633	0.014040938360773723	0.012858274133713408	0.013680851300617898	0.012860418407466594	0.012941808080124437	0.012596899266419768	0.01209924468109631	0.01226923648140144	0.01173183688953643	0.013341778714872672	0.01347387324919372	0.012515165671331619	0.013473328016163251	0.013053168753841772	0.012692425047130125	0.012389820828248915	0.012493949916479794	0.011352301008567925	0.012912812366161895	0.012700541519276085	0.01267951752968638	0.01330669074166554	0.01332709350997727	0.011778344145331805	0.011570198894386072	0.013451128991861653	0.013402136482618072	0.012463644501337834	0.010458504846211246	0.01133247640616495	0.013223892877494828	0.012243110666090485	0.013913505719573456	0.0122582025763334	0.012808106393168359	0.013017969665500251	0.012697171195375665	0.013566404005741607	0.012945752887899651	0.012104947597713866	0.012266010964837521	0.012090059764863272	0.013092608533044219	0.012986515572712165	0.012342904378701485	0.014035417869646474	0.012010037565912998	0.013514249510381701	0.012676273518840368	0.01308551739939643	0.012072364731388998	0.012524715082857702	0.013011081907975763	0.013168641278956417	0.01311972175071481	0.012763434395506468	0.013890898483576967	0.012753601174618642
emu	0.013009910509234533	0.012709465976045019	0.013240892908254672	0.01312399923126262	0.013396556222484979	0.014407334386513706	0.013173008617648963	0.013609320875081352	0.013823053225972331	0.013253461278970612	0.013431260207114082	0.014084137687172895	0.013556010432112534	0.014250359947574896	0.01318560335439283	0.0137897700809694	0.013939141691724236	0.013362325383213027	0.01359605755421033	0.013539819943137705	0.013458226150006533	0.013588947120000661	0.0132378890231473	0.013923278082171585	0.012686652279097089	0.013702416306085268	0.012852192339936756	0.013488430506070254	0.013776449019485017	0.013254325921286534	0.013209470464283217	0.013907262971924234	0.013650775715703563	0.012482571439027989	0.012833840512123466	0.013721130138864921	0.013767427489164747	0.013262698109105391	0.013738523011615544	0.01390570740372215	0.013754489380498116	0.01366663663209974	0.012872573772618228	0.01378614541481781	0.01322782560743171	0.013325631438267283	0.013465716698225983	0.013674832822052303	0.013836686659677477	0.01363551815442358	0.013357443837011918	0.013471054246796035	0.013415705835167718	0.013520522684609902	0.012583073136026524	0.013354782249585613	0.013766677551805726	0.01306877277781199	0.012828246833221448	0.012524965980125346	0.013392169855619243	0.012086820291419036	0.013716469648223024	0.01322186105059069	0.013245881882848415	0.014392623648830314	0.012748700931652389	0.01298646229864265	0.013392100053799988	0.013390404889194225	9.424321830774486e-10	0.013316461275038343	0.013551917109278111	0.013666492707811848	0.013201052142116303	0.012237644911096636	0.01346046039872932	0.013060954586623048	0.013210022304790596	0.01165603195439056	0.01407173964235705	0.012291590806729586	0.013684722630454942	0.014038978963671463	0.014118545345087836	0.01319039792402836	0.013694517611205506	0.01397417854781378	0.014674749859918625	0.012868732078166623	0.01401244468312997	0.013891752191632547	0.013290952454526953	0.013612183775722313	0.013589012378636654	0.013901850490786452	0.014477448013868289	0.013407931485434154	0.013655042689111649	0.013851249441718482	0.012136767536471868	0.013267606703761379	0.01380831430241655	0.014136426596005433	0.013637815439423162	0.012939018451714024	0.01420109732840364	0.013175582333122486	0.0135397369883799	0.013591441110810626	0.013833056780152437	0.012656853572245292	0.013793073657102832	0.013672373346259328	0.012446733444903081	0.013786656568527463	0.013434614845908483	0.013532278980972302	0.013208402567892453	0.013936771765199418	0.012783645978732097	0.012975989885606385	0.013446873287695924	0.014718993908032461	0.013517613544819207	0.013486049142737306	0.013593567342143958	0.013998782914706843	0.012385001361552557	0.013519419880462045	0.014157592271731195	0.012516127768769855	0.013174947684852936	0.012242185465477819	0.013544705337294183	0.013729281202456105	0.013388748081215072	0.013554612510421709	0.012677851627755959	0.013531407661443446	0.01293632552790523	0.01289562446501006	0.013940940738564778	0.013071301837127325	0.012816222761759968	0.011518111326352908	0.012327256389071055	0.013253518597572376	0.013223484328906847	0.013148134130819293	0.012952881957109369	0.012394521609036986	0.01252618052825346	0.013933721487341582	0.01347400365347944	0.013681216316608355	0.013802644363592997	0.013566037284582333	0.013302342610560855	0.013987561603527196	0.013510556207591564	0.011684533887562198	0.01392076229413053	0.0136476100538742	0.014096328574604543	0.013431630866025192	0.01307299225909841	0.01379563812195118	0.013016879796395103	0.013818224434844779	0.013471414775886183	0.013127667972849975	0.014100426200383995	0.01463149711662157	0.013102969992346154	0.013142747475797916	0.013727698181729258	0.014487751283107173	0.013145435425994173	0.013486977191220996	0.013141015920834742	0.013160722586465001	0.014113626477567589	0.014053961074985246	0.013773661442634757	0.013219395769618902	0.013994835666677736	0.01367541284010487	0.01349058265889558	0.013345619055462634	0.013567423278017871	0.013406532430732618	0.01388783010872874	0.013669432351674045	0.013999658389703603	0.013620945847816857	0.01342918742917466	0.012865299519159242	0.013923618022088184	0.012745270488913843	0.013481694442345437	0.01334040937127294	0.0132482841992158	0.013661609608333547	0.013106819422690277	0.013803766712429917	0.013370998646104658	0.014337029336222688	0.012523238887994644	0.013671552038638264	0.012864248957792711	0.013207301373998153	0.013307195101240296	0.012881589195950642	0.013627825745636073	0.012464029761391514	0.013281031036019552	0.013863256989269088	0.01340872400532283	0.013773056251018191	0.01339125731675067	0.01370455996242463	0.013593642197134992	0.013020231593893684	0.013701308476045487	0.013492754684684097	0.01355246763305916	0.01392323067118866	0.01377154522666401	0.01373886081644208	0.013500914592480233	0.014627634227239556	0.013383282795923783	0.013277963412646997	0.014149587662446788	0.012911013387149815	0.014576879635922439	0.013040279923262852	0.01344529464813305	0.01326124567050301
falcon	0.012275579783794944	0.013964020313927503	0.012318014535901034	0.013631320914620566	0.012245424951981802	0.01297438354542642	0.012720285545350415	0.013199744625700578	0.01364260502080724	0.01192385081607305	0.013982787912595456	0.013354608051472405	0.013527201716759857	0.014132899729323295	0.009042812317487704	0.012974520048957383	0.012856941702444167	0.014206468984025156	0.012874368208776856	0.011259778704104781	0.01319700773812199	0.013060007021088544	0.012353256797046543	0.012855583895194306	0.012706655209002058	0.013075966524930765	0.013507778301935532	0.012095341668938806	0.013633899721810075	0.0127184454800626	0.01151705799676219	0.013330580695500728	0.013365257954691146	0.012206666867441398	0.01345813776377994	0.012825231222106034	0.013749108694683028	0.012750676144797106	0.012809295951185408	0.012392447459479698	0.013394556715557851	0.013097840790808142	0.013152233492866688	0.013188165457256157	0.014088454113105752	0.013704658433191295	0.01322856366716182	0.012874087925724833	0.01256924785121367	0.012430644046568571	0.012494312923686161	0.012235056953480972	0.012561385018164744	0.01251192732982762	0.01182684214171787	0.013384342746680225	0.014383612309707926	0.01230327510184339	0.012413841637682705	0.012749615232903513	0.011191426409414638	0.011620129057557773	0.013985134695914312	0.013496975901955675	0.012188457248140305	0.01357897611371226	0.013830308264161451	0.011839907502384403	0.013812903432997124	0.013047293791934613	0.013316461275038343	0.0	0.012712740796694749	0.012453533234713966	0.012884350380052504	0.012392755517244294	0.012439533230105654	0.012002353892234313	0.012772684313673238	0.01306549957686422	0.013733664385156344	0.011677487380521028	0.013602326791878911	0.013587674753670776	0.01317959139531889	0.01154321021275504	0.012374705524607128	0.012940607272749064	0.013176366925882518	0.013134715705976846	0.013315247405206579	0.013882386390279009	0.013392105580947807	0.013361271532971382	0.013132852935892548	0.013442103844947673	0.01244911829707473	0.01335515001003489	0.01435973902174754	0.013027636209982209	0.012674662358171399	0.012487904027838302	0.012838461475813016	0.013558220358265854	0.012696236858049135	0.01203025965107027	0.014306264736002517	0.01240940345675718	0.012847567860954685	0.013307241572603918	0.012805011556833765	0.012796034378610776	0.012926817970189271	0.013049241624368076	0.01146512060825849	0.011696286053531412	0.012750312163394553	0.013630874695116877	0.01335580700949649	0.012871553972649045	0.012176814686109493	0.012453605779771764	0.012778860693492216	0.014477411403102937	0.012255419250987902	0.013091090080755213	0.012768181016629066	0.013531177996217187	0.011931772776816238	0.011165480397366806	0.013397296368573109	0.013760875129103114	0.012815979137108613	0.012880435424797798	0.012724378536387198	0.013003356907618877	0.012808383721570718	0.014224108558857257	0.013110911559353556	0.012330610349987406	0.013389517697531838	0.012340001434122592	0.013603760367123659	0.012916198067651843	0.0139476546977602	0.013392923397577281	0.012739393469214164	0.012719092358646367	0.013693000696365807	0.01245787556719917	0.013831563669336754	0.01271689751256223	0.012872098782397558	0.012014679895664113	0.013165999150057459	0.012890987949781363	0.013399981737671075	0.0125370549623215	0.013584626116054549	0.014030970740717687	0.012687241446305089	0.013437465139197954	0.012483724404078135	0.013525337566767097	0.013233555426824773	0.011855308018219652	0.013037184377183557	0.012678355512201278	0.012684202186839163	0.013158880151602173	0.013085127309708795	0.013152409641524946	0.013848119305692791	0.013497897991102818	0.011042307654656943	0.012273957727505584	0.011945337529392424	0.014838294872624624	0.012538515947906887	0.012649130292948499	0.012768329061000736	0.013101552238627008	0.014442761294131502	0.012832425789980261	0.01324799926072071	0.013312460325926163	0.013850757461464644	0.012170283756833331	0.014022159040919146	0.01319567790722781	0.013041392912695413	0.011970399742270717	0.012620661279237822	0.01206123979312675	0.01334484977447223	0.014122236649704306	0.013112797243294592	0.01239825023075858	0.012778541176044189	0.011522762226291979	0.013335233971068864	0.013071022148594798	0.01326277311578523	0.013705462515670395	0.013444349900031986	0.013378927593714098	0.012466591134225635	0.013674299697719017	0.013197023401778743	0.013174668803901666	0.011818203972070436	0.012331062795643584	0.01362676657955267	0.012326556357385433	0.014672467800548568	0.010880016969835671	0.013130051444950023	0.013973105402169237	0.011821596438474911	0.013422572296263932	0.012422111580354986	0.012349881307256026	0.01305145445552498	0.012716419886032511	0.012803876180771607	0.013196184158817386	0.01178019271265542	0.014257122085884843	0.013423010837874292	0.013201689802853262	0.012837427973295672	0.013772628750381717	0.012865329615759915	0.013326063452597552	0.012858984803438665	0.01311139124623405	0.014152539243419408	0.012972849098185966	0.01451751528656012	0.012793266891765133
finch	0.010624152334740216	0.013906637496174063	0.012351169561455513	0.012487822191594214	0.011967533363523526	0.01412554689768152	0.011782590149043719	0.013823175436052729	0.012905916249447147	0.011395913170721023	0.01410430095828123	0.011408347897033645	0.012938608168875747	0.013596194866225389	0.012328298354453726	0.008808175462934976	0.013692844992635771	0.013832505995417918	0.012588141865135382	0.012356319633363871	0.01173298071038584	0.013361846817917175	0.013040859914857554	0.013634888430036391	0.013576805443507785	0.012973777951480121	0.01381676985852012	0.011987282720680607	0.01385128618698927	0.011658612934967833	0.011868020415383498	0.013809706236268654	0.013630906349361096	0.013731611739081835	0.013214329899163865	0.013467181257961964	0.013139824298946159	0.011419962650149018	0.011425434149802707	0.012290094059085065	0.012875732841834013	0.011980767231244754	0.012359198311425885	0.013069944611370772	0.014028919533589363	0.013375764065675012	0.012383542239162049	0.01244982963001521	0.01271504212059977	0.01193886000461285	0.012093309321348342	0.013787149964996857	0.012662637016493063	0.012982871504694054	0.012584020589383864	0.01223997023804154	0.012885764369374608	0.01224194719997548	0.013521284944861933	0.013182572288126568	0.010871805944818548	0.011916749262205135	0.013926695865329481	0.013010796914170572	0.012001227112076239	0.013469212631176439	0.013465310485359743	0.012075728337426268	0.012857729021238384	0.012947107667094025	0.013551917109278111	0.012712740796694749	0.0	0.01276224640948947	0.012712855966517153	0.012162221571358978	0.008018125911971338	0.010118338609253052	0.012826154217008666	0.01308664334355422	0.013673208397791186	0.013094051150973752	0.012775037816666963	0.012317453601096229	0.013059892809730437	0.01271498439818952	0.012392243718736711	0.011145676427703213	0.01218221582193053	0.012157600537984157	0.012346583950401266	0.013064703007618082	0.012822562898879166	0.013922903052501072	0.012103706991979726	0.01266497382094142	0.012193289068720399	0.013223295289978645	0.013888968018006851	0.01290116199900394	0.011207796845030102	0.012907342365139643	0.01251857314097624	0.01306640028208972	0.012715335161820447	0.01271272696941443	0.014848748601456303	0.013984847728842904	0.013973516474578363	0.012379220784752544	0.012669541770535721	0.012797081367238693	0.011597532634008362	0.01110078781676805	0.012195276290720182	0.01320710177966935	0.012403834944838078	0.012230670322322935	0.01369373240781259	0.01107715689442772	0.012183993675830711	0.012443225696819295	0.01114982252462058	0.01454165367577033	0.01340731373790512	0.011606928201994247	0.009247755570838954	0.013922822875903103	0.011479729106609991	0.01295041026845337	0.010348078894104511	0.013946578585368108	0.012043724753470979	0.012866192853353687	0.012622910651362396	0.01146394767943071	0.012574793114373348	0.013325902489601093	0.010963719208951023	0.013926244160881215	0.013155901778596202	0.013199780334902092	0.0129988839718587	0.01269547812348935	0.013615348002052703	0.012772002509377177	0.01275474886710674	0.011639792898180804	0.012308219633957108	0.012668382801585922	0.01331484656246439	0.012562616407130623	0.012106995577872941	0.013321186002769419	0.010281089819315501	0.011245368792517814	0.013416119827006374	0.012731082890430482	0.013508675264999588	0.013744451052759126	0.011216031929472608	0.01249084082205047	0.011045964395468545	0.012361188764272137	0.011642531409647947	0.011780289724479778	0.012845067400170749	0.012912236579730578	0.013097553886988703	0.012838002992470142	0.011718301097418473	0.013126703653264444	0.013052572135977193	0.01363201820701821	0.013040669018938269	0.011076340376241011	0.012400780093034578	0.014769244081409815	0.012527491823908303	0.012912351442385908	0.012652225212547843	0.012898873361397847	0.01409628501515852	0.009461801580123087	0.013342217932547034	0.012511185729596275	0.013904841173920794	0.009902480907620916	0.011834384353790271	0.012786614025148519	0.011256521704077684	0.013929089189271205	0.01436258282261418	0.012229171458943424	0.012405846212017546	0.014049931577434964	0.011143513300142788	0.010913856751970496	0.012039807358299513	0.011290857770108525	0.012869820567005695	0.012024204932107438	0.013083108904182348	0.012704871213519259	0.012876251166225403	0.013071353696212777	0.011028817073617615	0.01256935210992978	0.012873405477137978	0.01243907684161536	0.012840781120978266	0.012810138678462629	0.013072591798047635	0.01151504877342079	0.014184369817955953	0.013133308317023782	0.011611897640158403	0.013934355851875493	0.010206216305938497	0.012804648337505744	0.008399791235099612	0.01277821610798054	0.01303684380194629	0.011739945652536866	0.011286998522820793	0.012424542626741794	0.011386279490613016	0.014246040141203311	0.010808630775129177	0.013092047200613783	0.013507591024374519	0.013418330614982503	0.011228311079923399	0.013856813180466833	0.013195115953175211	0.012233433249714881	0.01236340518431347	0.012467437434548945	0.01288207653285433	0.014034723647421376
fin_whale	0.011790532525213554	0.01243539057990549	0.012387232305732498	0.01267195316578416	0.010023297054001649	0.011786356227321984	0.011573183525439332	0.011996899082239987	0.012182616350034925	0.010965959238305813	0.01389302235065474	0.013726925383122045	0.012904933123715873	0.013233973057271	0.01172907645396189	0.012904057120967916	0.012537218122002019	0.013080798664926943	0.01297966230418813	0.011498338933624778	0.01202333432165856	0.012879310534089396	0.012878694412914232	0.01215070801406824	0.013176618131395989	0.011180549458815517	0.012721076658592933	0.011622020388652654	0.012789959525982816	0.011452627941330196	0.011154037286701073	0.012725766014009234	0.011867992241478102	0.013116089696795518	0.012727870441930062	0.01146697648322781	0.011569707060314838	0.011240212494353816	0.013000222297130944	0.011646641634729697	0.011283546339839808	0.012599550236422624	0.013082652302292936	0.013494872485066891	0.013453392729736167	0.013438081018286833	0.01192300003437272	0.011891149248860778	0.01204188189943271	0.010476371981324523	0.013241250977852653	0.013198076389040012	0.010683818530878181	0.011987836395108706	0.011719814034898097	0.013244802946540568	0.01200853452187976	0.010884394540542224	0.013003523635304682	0.012175818238195297	0.011955615006905401	0.012309044978070442	0.012955239896423172	0.011280736656151763	0.010309423635588283	0.011389662420955437	0.013185856128498987	0.011733122730124012	0.011598793051337706	0.01156037511687818	0.013666492707811848	0.012453533234713966	0.01276224640948947	0.0	0.013316712491389332	0.012771007883840745	0.013251475901034817	0.01252102662454286	0.012740792628209912	0.011772760699420605	0.013233491609501111	0.012665799026106981	0.013519475776472532	0.014001403421897447	0.013706651562981237	0.012544905399556801	0.011145938349402053	0.011902982449318955	0.012464051677472672	0.013212749229502711	0.010850339169793442	0.01171614315169937	0.012738323926785962	0.012049428688290538	0.011284876227678313	0.011786354490341882	0.010200896837392882	0.013001899805201065	0.012139233371105139	0.012930939497855884	0.011710963131992286	0.01314672174489131	0.01204063512268954	0.01075927266262763	0.010902915802156417	0.013732596861183936	0.013211252951082357	0.013330272070739385	0.013033607643080586	0.010806171694982113	0.011250258565216194	0.01254698362487491	0.012187359482041894	0.010617834730492519	0.011585123547969138	0.012807375150124957	0.011546209587797627	0.013505077032703738	0.011724301717446296	0.012805717966555719	0.012041619465725628	0.01262127687942974	0.012857096672857102	0.01380906126400444	0.012452981695453018	0.01254632826771517	0.012097579499732005	0.012834146602488659	0.013066045259154883	0.013405907252857978	0.01393090388425622	0.012770159868265208	0.011875693424214835	0.011938970392464379	0.01235819195132126	0.011882933468265489	0.012447325586201728	0.012944659474647567	0.013054756606143041	0.013658516423323008	0.01238984527570226	0.012782382240624272	0.012839152064872975	0.012265444163892423	0.013047515103841006	0.012641419746170874	0.01322832122010005	0.011776633585294858	0.010940186501142209	0.012422651240581572	0.012414341303306233	0.010988531015007104	0.012506084309329773	0.012816401347559778	0.011464305872906587	0.010838124583947461	0.01243649168408917	0.012856325834699579	0.012521062846031265	0.01371059391035828	0.01219797462094083	0.012579760741443506	0.011999350422619924	0.012603153476870427	0.012128898965512185	0.012395191826971061	0.013198970551287081	0.013140511590646015	0.012042909243337414	0.01320363281322432	0.011597542943790404	0.012295851419333752	0.013100576069182478	0.013039889430268611	0.013287116255774003	0.01151439486439517	0.011325189231446937	0.01317747837793303	0.011936899830719399	0.012167008022535574	0.011947414247708328	0.011446862196152414	0.013047822274364757	0.011389652623281059	0.013460104721820625	0.012386997946292585	0.011813287047255362	0.011762267522904081	0.01243412784022884	0.011844840307542624	0.011706262569296117	0.012821260641848835	0.013803384477709468	0.011757747325122971	0.013596836576264008	0.01286779458284351	0.011261656416307959	0.011241390427452386	0.012327376348025974	0.01239550578033085	0.012046921250033225	0.011663536857102023	0.012777095868167512	0.011847479253136194	0.012588176778970762	0.011654643928058084	0.011749973966973424	0.014303129740832204	0.013865036614718398	0.011058661045048365	0.011349797126786519	0.010718826469065579	0.013189647513645701	0.011520110729120805	0.01393405152554496	0.013493838304814716	0.011786500107799065	0.013362066880604297	0.013013587052823133	0.013044689597366094	0.012390688823329506	0.010695150925230372	0.012843834354558645	0.011144472210576226	0.013711853138893004	0.012770492304728072	0.011788150305173307	0.014653613215432054	0.012622380915606185	0.013375547832880008	0.012371046506002605	0.012279343510673496	0.01210773845945558	0.012410768852765073	0.012670634377898435	0.01146932585963391	0.013708037872589389	0.013656787641622113	0.013680520445044402	0.012192345921933882
flamingo	0.012504263261479161	0.013526914962424343	0.012767752235169403	0.013084584356687827	0.01170298526757936	0.012905816653136466	0.01137087817714457	0.01301998652138836	0.013732072230721003	0.011896995023065474	0.011953364391874862	0.013532237344914787	0.012980890949302736	0.014059845900539993	0.012444313572926097	0.012054720735953553	0.013470576380323354	0.013412620453447375	0.010274091446859422	0.012770801329365734	0.011602448506792406	0.013385729438840279	0.012325732790123889	0.013347764182718094	0.01202832628895935	0.013214023942609612	0.012206200997622374	0.012759420259267564	0.013596251444409633	0.012967049390480916	0.011913352535238661	0.01335318022312274	0.013380757755774473	0.013358385747657376	0.011571398578181258	0.012504546566352099	0.013272444448378076	0.013425684855526946	0.012657481186085116	0.012774553488815184	0.013713249911556218	0.01360340500337543	0.010147186003501287	0.011557902432132108	0.010627009187214202	0.009185646308961815	0.012931896989791582	0.011849596313246473	0.012058443222445536	0.012809538019492877	0.012016083179311347	0.013224221954702482	0.012269362329376095	0.013011277295414172	0.011701756165952527	0.010129571169865126	0.013535943924295912	0.012286468078871236	0.013139070815894612	0.01382458244433253	0.013152205483117373	0.011705585376477234	0.012006709679812934	0.011886361925323274	0.012445121856129242	0.013920228137091846	0.012578352857552657	0.012326548068522911	0.012463475981810652	0.012004056615755897	0.013201052142116303	0.012884350380052504	0.012712855966517153	0.013316712491389332	0.0	0.010241859070686558	0.01251368258478086	0.012619669799947384	0.013330478103180372	0.012368739922206268	0.014362566387853376	0.012062250086109021	0.013688777289005855	0.011418441654344899	0.013233342912374215	0.01301923465203628	0.012311459156491377	0.012289030560477008	0.01388203362272191	0.011588478732378872	0.013060439629672786	0.011325791634393102	0.013162700351526295	0.012731890175937417	0.011632084213092085	0.012535431709307591	0.013235352729903527	0.012262558636689385	0.013738570932313822	0.013157295566456012	0.012718301642362323	0.011129207031688588	0.011084091051292311	0.013821691481965223	0.012256886607500746	0.013111321355518407	0.01389414806283065	0.013400350792577903	0.011996548167439162	0.013356177442251925	0.012267873727100071	0.012048419112663505	0.0124389157002594	0.013419138804072552	0.011781363722347775	0.013249754074022593	0.01304543958631839	0.01374528290261856	0.011371881796075707	0.012716167295671493	0.011364086741103467	0.011961063019125496	0.01217503086179327	0.014310203381107849	0.012814049193295221	0.013202991521133516	0.012789403412950073	0.013463962191255728	0.01337046423547803	0.012343752255783835	0.012588397661717203	0.012240413568918767	0.01083267022447523	0.01296068492190313	0.012988481576822199	0.013017439439674136	0.013172515177635603	0.010462385331630969	0.0125299676335527	0.013148351297426699	0.012487191109513273	0.011670664221738706	0.011565919330437617	0.01210774898383769	0.013272418900595571	0.012319148205824845	0.012895094763679386	0.012771415203530733	0.013565628642382605	0.013268412116505535	0.012910933227299857	0.012693523803776247	0.012597786784984875	0.013258879874377768	0.012581936362067147	0.011151863234037157	0.013789282970063686	0.012747940680541185	0.013027802142869202	0.012804417208006211	0.013114774890807552	0.012605588716225415	0.012177789348240679	0.012672433637477934	0.01035611879484976	0.012519427360146574	0.011649467440602267	0.013132403124539577	0.012813074720308737	0.012029633842840932	0.011886179499502941	0.013712458521185323	0.01330454917503505	0.01334524915105555	0.012551131323064024	0.012559626507032004	0.0126017922379851	0.01407979995841601	0.011707116406204636	0.01272674741383714	0.01289416900456211	0.011336841495281571	0.014407581706420137	0.013134430233866573	0.01328159533803236	0.012269158543009785	0.01377938860677696	0.013217020493197357	0.011691414021319053	0.012991496315560342	0.011829139803203164	0.013387434320312565	0.013929105790411156	0.01226337829050407	0.012511166238388653	0.01241414548665984	0.013298005499875653	0.011682257049829123	0.012783148256573583	0.011405690958270605	0.01249183902910854	0.01298549750167462	0.012147468286967094	0.01409308900481348	0.01263345696914549	0.012797302277083516	0.010541220334089664	0.013145690981108338	0.013006486804771402	0.013336195174346342	0.010884120810851106	0.012216760197114748	0.011965618404477513	0.012052224493400305	0.01359663253758015	0.01003322373906495	0.013012752558602984	0.01377436060439559	0.012235948034710876	0.013264464443836176	0.01259742057003189	0.013509602322275065	0.011635360957421076	0.011838447327805679	0.013233825859978994	0.01100164611923403	0.01246805598484227	0.013388058308619818	0.01243262682668175	0.012902167992766354	0.012576353351217498	0.013200193597348727	0.012814585704326031	0.012667955287816562	0.012803051852245582	0.012213201356336148	0.013936537844935606	0.010601462850498136	0.012931938302600268	0.012980559611513369
flea	0.012408179332545257	0.013437681213003216	0.012414565223091936	0.013319624255782704	0.011905061020035334	0.013729556052269856	0.011070964199140316	0.012713930719681958	0.013989213557849746	0.0117785456008292	0.011791352123075383	0.013929122300560697	0.01300927980960248	0.014211386234148155	0.012565155964283951	0.01271022627183678	0.01319895539341704	0.013839832381487808	0.010781961103171757	0.012269573539488727	0.012655346366969567	0.013294466556760413	0.012123956160821413	0.01296920818525503	0.011438629515317565	0.012803198550179709	0.012171890587204429	0.01177684652610094	0.013323404721395022	0.01274671401303209	0.011408026779815497	0.013628547669874105	0.013454607083118006	0.013083491164216018	0.011663201409822896	0.01339814068673766	0.013282686315870016	0.013425318126517063	0.012822518235588514	0.013387419365197748	0.013748098444191354	0.012993446756896787	0.010240734730516511	0.012595928676139276	0.010899561130889397	0.009312554481240107	0.01256467817873465	0.012705252570238785	0.011757356715281397	0.013127232258286173	0.012931315273093998	0.012970512992162208	0.01308122281716745	0.012758439782593715	0.011889281329772025	0.011838247153075685	0.01362923467453295	0.011368938815713926	0.012644675372418947	0.013454213617542817	0.012769328068736365	0.01125775719953448	0.01275744896056625	0.012710854746879201	0.012287358301869823	0.013998376511432447	0.011797171700372058	0.012051620885569672	0.012880586248424714	0.011553512694110177	0.012237644911096636	0.012392755517244294	0.012162221571358978	0.012771007883840745	0.010241859070686558	0.0	0.012579043848799883	0.01244518702154746	0.013231468652637437	0.012363585147985629	0.014002641637941633	0.012316115184378149	0.01379905333415995	0.01281499442584956	0.01339455830531621	0.0127001043329072	0.012302137013006482	0.013411966079360703	0.013160378637397087	0.010877432612845074	0.012759753748590437	0.012429953534477196	0.013081720599215862	0.013195381176092218	0.012737512051442587	0.013330986861480527	0.01315115441394855	0.012532272707509753	0.013380557513424422	0.012893162570316152	0.012555234892464691	0.011208958910817865	0.012049418874046328	0.013861090909422264	0.012471441505052085	0.012651627534560235	0.01479816865924789	0.013645987873814975	0.012964407228084784	0.012874087502336116	0.013368089243928391	0.012060467305408796	0.012851475417764211	0.013455572730745389	0.011903232103101536	0.013067698842031685	0.012489279319584674	0.013415774170375564	0.011467344568398501	0.013201687646921971	0.01122058275860065	0.011168074273637602	0.012542816037581757	0.014922233839900602	0.012745749881497457	0.013782269053792704	0.012468568854643335	0.01424773559017664	0.012536791884284207	0.012448059299928085	0.012528228179581253	0.013028206627250542	0.011304698109760893	0.012967038404963606	0.01321408428255548	0.012842327140042074	0.013895699866857125	0.011943334936683855	0.01183473845835756	0.01342353969676422	0.013308717467061956	0.01250307499195491	0.012173219261370067	0.01267671924929078	0.01321194438443906	0.01189220129048911	0.012620461190524847	0.012257931894518287	0.012946390821403276	0.012678979823130584	0.013250528234731582	0.011672983111955472	0.011977380602022795	0.012963006933588917	0.012954196683576452	0.011763986469808953	0.014136792255219409	0.012757869451348222	0.013285921173655034	0.01281639410257943	0.01253342216699534	0.01260532258520387	0.012660829681400894	0.012020968248894927	0.01095613751610825	0.012492788548004195	0.011902360468282209	0.012976383157611602	0.012849496006109809	0.013184797078673644	0.011990714271351718	0.01345504494692129	0.013735129086713505	0.01370534131950328	0.013026217829310216	0.011482163928321793	0.012752273395410773	0.014473833607042397	0.011212486902224641	0.013343464845172102	0.012718051066364233	0.012388803732140788	0.014471829670356973	0.013458992169836958	0.013345010742521247	0.011772657108946951	0.013212710905678713	0.013495764364559302	0.012160897643325135	0.012924724549234537	0.011809349356876431	0.013504808566729878	0.014130195093394565	0.012207918222166774	0.012831085871696206	0.013158796263259644	0.013613325064085491	0.012114146437648481	0.011996937656372653	0.01072573377290974	0.012761053876732658	0.013011601670398425	0.013390850346150118	0.013420263036146343	0.012984640932036183	0.012640092500691065	0.010880710203320052	0.01370210964761432	0.012916984096608363	0.013338920663989928	0.011317249443947233	0.012818206953910647	0.012354030224459958	0.011188670172685277	0.013594349902654807	0.010957239645386333	0.01298996389491237	0.014034623464181693	0.01210050821929039	0.013692739703920355	0.012145316507593698	0.012856194236624636	0.012477861387796132	0.011283936735602003	0.013337988032026874	0.012162142424560063	0.01174457965819649	0.013171742333524037	0.012410251761999305	0.013217546642594606	0.012961896407089207	0.013147475046105313	0.012530337561235519	0.012967920086188156	0.013283114075289275	0.012558928993932968	0.014039010532281036	0.011284810699267128	0.013204710058032348	0.01352840570240923
fly	0.010012063774812207	0.01379140913715617	0.012056924784618886	0.013238391699751889	0.012537791321142024	0.013021101851211721	0.012579918805508922	0.013557781390368697	0.013207967067424364	0.012328020509097593	0.014080789252269556	0.01066737851363376	0.01217986487904333	0.013060201243981344	0.012427653843493489	0.008935266059101894	0.01347937700445832	0.01373091059064546	0.012079262406830832	0.011728117243800745	0.012837053633857594	0.013057260330043391	0.013335088222538706	0.013087073170543506	0.01342092866913418	0.012798833021783857	0.013945044353398517	0.01187405409229104	0.013637493297997141	0.0120695438039504	0.012011000647212442	0.013642117585247278	0.013772298650365446	0.013766773177544735	0.013465485965461692	0.013419178622207213	0.013309573833527499	0.011159794696285575	0.010476169925139162	0.012423558011524963	0.013431948924782822	0.01240984534062184	0.01270082463476367	0.012455562292899812	0.01395986116228199	0.0131298455137614	0.013192691199048683	0.01309654237321882	0.01274015414668374	0.012258867237942204	0.011817550310906016	0.013153404004542115	0.013718949977438414	0.013391786372500653	0.012581662995835498	0.011891952977672992	0.012614547997793418	0.012518148013471803	0.012821073629012643	0.013422173531607145	0.010367122936115579	0.01240963975610869	0.013601102788802446	0.013042109144168342	0.012240027796087	0.0136564192395409	0.013977804557173241	0.012451257137517397	0.013173277873164874	0.013425637480769883	0.01346046039872932	0.012439533230105654	0.008018125911971338	0.013251475901034817	0.01251368258478086	0.012579043848799883	0.0	0.010136509559263335	0.013080442657860937	0.01320187691379482	0.013906724338749739	0.013008610194079794	0.012893798220024177	0.011747783938552848	0.013316850032494176	0.01269296645706929	0.012408496002088645	0.011425928930209018	0.012409877371984335	0.011782637618191373	0.0125973642115502	0.013018653663692741	0.013304800226072335	0.013657552398254828	0.01263581631140238	0.01297703498494211	0.012428414324967234	0.01250837505085935	0.013771049249621732	0.012872957964005106	0.011779094867043611	0.012654099885268626	0.013206484896309994	0.01341993663588078	0.012937299466018869	0.011781992721766438	0.014409922243207742	0.01357535001420288	0.014006731970351682	0.01317636443152197	0.01312577981007928	0.012273014546178013	0.01156276974810953	0.0119464432450838	0.012311504342094097	0.012461465329644364	0.012580366454789034	0.01302858494403988	0.013691691846381183	0.011148924800144532	0.011474281267749485	0.012239546391434725	0.011719407339693465	0.014502217440951194	0.012778317097216513	0.011935079267696888	0.009018630778871651	0.013951636534231203	0.010992537165601852	0.012420984137515488	0.009732505703912374	0.01353937802841223	0.012882184719861472	0.013227567227262236	0.012990743661993593	0.011746686437164741	0.011789552726481183	0.013384932469707874	0.010359191888580345	0.013513461063614557	0.013587330741656531	0.013239389321908754	0.013655262299509972	0.013188759774152318	0.013662963453584007	0.013019202306535882	0.0123683429915723	0.01164549722791279	0.012922586519456	0.011790037716863105	0.013477762051357773	0.012221373978798482	0.012170812741773342	0.012194988707405019	0.010704778720773009	0.011904619884746604	0.013617707406163988	0.012686500711064077	0.013246124033199271	0.013253400256242694	0.011842968707339975	0.012833924848962506	0.011623996549619764	0.012962311465188208	0.012086139523200605	0.011973824509580688	0.0122906845276369	0.013075960629179803	0.013428584387859892	0.01266246656883101	0.012003225591256684	0.013620357714413412	0.012525392668526486	0.013634416015319638	0.01285084335153955	0.011478736815826068	0.012201222973356664	0.01465223028999819	0.012247227990732142	0.012356170952368614	0.012705765860854307	0.013205037043310941	0.014298082439365698	0.01046547916196078	0.01276880482742546	0.013012334394223108	0.013528705818056565	0.01011043875886282	0.01273664026305288	0.013353177183326327	0.011201000723052872	0.013626869152900305	0.013883599598889433	0.012370635553692708	0.012773448484396372	0.013954529956012223	0.0116362568699349	0.011859493371212561	0.012693059638755777	0.011461478881363212	0.013230559809215899	0.012428906198376232	0.013809123048151739	0.012616465081225301	0.01370167760178125	0.013447907666180387	0.011574677502135105	0.011804733288123663	0.012893195476146369	0.01210527754340929	0.012820126493907522	0.012771570873852776	0.013252912955046053	0.011878925809247171	0.014635210576189009	0.012678178958855915	0.012390243860275131	0.013991511193106668	0.009810485633872662	0.01290773419689387	0.007858198990697353	0.012823033028750432	0.012988204720799814	0.011787483724527035	0.011187250083196223	0.013263411379863753	0.01064237829921593	0.013925954928778832	0.011448687413219926	0.013155833716183205	0.01269927323643015	0.013201494987085742	0.011223667318859548	0.013327411234402693	0.013132987933753481	0.013147877948969867	0.012365374654546537	0.012630381737993494	0.013236450291262324	0.013370173004731678
fox	0.010693178746341004	0.013373682354525131	0.01268908520329955	0.012114530931689477	0.011747419580950798	0.013058182384915889	0.012888007082565838	0.013227889064973908	0.012225068527163565	0.012027475531338129	0.014297523839523835	0.011234162472784961	0.012929773598244985	0.013801308392416632	0.011627060614334184	0.011417063415050974	0.013744591707853858	0.01325517056101807	0.01256999540858112	0.01055902000597191	0.012671901308373233	0.012663169622503271	0.01335621746768073	0.013185226019503534	0.013171032639244677	0.0118830757736836	0.013642820130664974	0.01195406830795947	0.013887237505789875	0.010685032752428	0.011369511565533412	0.013458634147382789	0.01309868819243828	0.013351517354438475	0.013142817924659062	0.013695745857863588	0.013200168019528644	0.01025043215746126	0.01000862725570705	0.011782591076777392	0.0129194261685023	0.012609117555548437	0.013217328316972348	0.012190390742837781	0.013476317852484578	0.013351454488981434	0.012483058336073998	0.012771013318774158	0.012920713094369906	0.011912950046060718	0.011060733806954472	0.013520210455913341	0.013030568525032345	0.013060423144209915	0.012658770069534168	0.012783041939327002	0.012243685336086283	0.011964310671168795	0.013219429274453152	0.012686642597646555	0.009792338965941038	0.012436050941217257	0.01361351669227943	0.013260257582896841	0.01151710976073172	0.0131029839209948	0.01374214275733417	0.011350749248160265	0.013129654503747153	0.012764536227350161	0.013060954586623048	0.012002353892234313	0.010118338609253052	0.01252102662454286	0.012619669799947384	0.01244518702154746	0.010136509559263335	0.0	0.012615094469940613	0.012488116729449009	0.013808688023210438	0.013056653705699922	0.012076448614018185	0.012537686657051666	0.013149285680668003	0.01183928053524533	0.012816571602000656	0.011672582550112012	0.012227247649365143	0.012579703195043588	0.01257089077203406	0.013676121846506134	0.012940861772027213	0.013579135015434823	0.01284111750241654	0.013207491753612766	0.011927578787919535	0.013091638719083537	0.01374070682984509	0.011776797251514577	0.01133828512238172	0.012639528232063218	0.013026323682131575	0.013179350562278681	0.011982825505097444	0.013102376310677262	0.014797670750859773	0.01382723352474272	0.01401090172956185	0.013292709087519313	0.012929354821774682	0.012586446040582318	0.010301469974018419	0.011402368253488303	0.011184380328513708	0.011670535807726787	0.012268210328912685	0.012206913853484509	0.013627686501817404	0.010940676397416272	0.011601912392336575	0.012810107166863713	0.011910098866924878	0.014102220841789132	0.013184568451895765	0.011450221236054818	0.011255460201696522	0.013326860782005451	0.012201357670083417	0.01242683235136044	0.011073771706837331	0.01320573595569969	0.012715552126713294	0.01263692266768355	0.013089277186781118	0.01130887684929943	0.011462563302864957	0.013428969153164312	0.011518456906294106	0.01370433074638401	0.013717564515057694	0.013596469607639126	0.013012027747618607	0.012958548716990514	0.013643023648184552	0.012224595607242516	0.01306709589437311	0.010476150429464724	0.012760428293016943	0.0116749413149723	0.012616421999005225	0.012217900346876925	0.012123162941508019	0.01174969985145395	0.010547764850311942	0.011787316209183454	0.013644688233853454	0.012796532677958305	0.013861936132138652	0.013300472947181185	0.012802249628442145	0.012272861260283962	0.011015763004544576	0.01261785293438308	0.012561209905166093	0.011884469589528062	0.013015224825044755	0.013399111469287186	0.012734854454530813	0.011970208226543495	0.011347962612199267	0.012665224284604234	0.012338257905883655	0.013117513810763166	0.012623117816158064	0.011358634845614439	0.011438667538460713	0.014321835103191564	0.012050304626897363	0.012061392318045238	0.012508268235971058	0.01292171971224621	0.013530070749806193	0.010349301729855664	0.013306813386836874	0.013225560555338856	0.013074585172350552	0.009475879124781652	0.01358839671226577	0.01320288985289848	0.012465476174054923	0.013470736329726375	0.013811644148552436	0.011669632156786283	0.012873251323009413	0.01346502607547407	0.010846960822795333	0.011095472378208874	0.012397806383171967	0.011220855925909587	0.012133462975244853	0.012901349080826305	0.013186232396051151	0.012092483671447628	0.013438534069306174	0.01322743388776473	0.011888836297690077	0.012947591476935172	0.01246245081466455	0.012859585392475986	0.012814275044001518	0.01188616592959175	0.013205759977734646	0.011810235942272127	0.013798939580477563	0.012483860767019765	0.01207563928813703	0.013386919641101318	0.010254965024773471	0.013193466734340464	0.010551423275674104	0.012364395162072363	0.012568558248188788	0.012308007808398603	0.010448602010698851	0.013197280951500885	0.010164862506862191	0.014349913876274469	0.012396096164896075	0.012561253141722939	0.013125438429746417	0.013233128429559432	0.010763603573326114	0.013701768754145738	0.012492400488049607	0.012883345397863693	0.01252792702947857	0.01289749291683711	0.013991467388925247	0.013861081571126763
frog	0.012224263000479296	0.013430225775648888	0.01120421083804768	0.012803909315568603	0.011542491853322673	0.012625205551321126	0.01261294443404827	0.01276875380267482	0.012930738242396645	0.013156026815630916	0.01397894249304464	0.012877170388303258	0.013041227506714815	0.011046213437747993	0.011850203844982365	0.012408591408483174	0.012650532576658895	0.01307936683996392	0.013378341190853207	0.01266670203999333	0.012506225905038686	0.012931690386840541	0.013052350126757142	0.012792305059940369	0.012201819170531784	0.012774939902719969	0.013321898461719819	0.013007648716909041	0.014000822806066397	0.012534122063604998	0.013055906811612061	0.013541190770038713	0.012571202267168822	0.011991042828306606	0.012262697044997465	0.011374677964373421	0.013172450236149581	0.012799107561351657	0.013289473649429331	0.012416919624386005	0.012722098186804814	0.012670138483703129	0.01380668537582745	0.013658291548527775	0.01300888839267329	0.013363143288502313	0.012812577226442124	0.012599473491916908	0.013527910718733908	0.01221097934177815	0.012152482423620325	0.011557338286057843	0.012232546948241711	0.013013640317437935	0.011868060389747335	0.013767733554651296	0.013103216874085213	0.012813016444915637	0.012136252680044974	0.013059723436785787	0.012391806486515493	0.012232162427247418	0.012731175843296767	0.012520795481506388	0.012330305224249367	0.013303532369688035	0.013147600644269754	0.012408470257546161	0.012348626039971507	0.011980102758196675	0.013210022304790596	0.012772684313673238	0.012826154217008666	0.012740792628209912	0.013330478103180372	0.013231468652637437	0.013080442657860937	0.012615094469940613	5.960464477539063e-10	0.012603031032705759	0.012482077784133103	0.011697836654651638	0.012693430172140365	0.013715843295193762	0.013517272074299053	0.011769719764472499	0.012642552158758187	0.012568865007031091	0.013199815842909619	0.01215049580233102	0.012269923215808831	0.012963036522108473	0.01262292164950464	0.013656502107876986	0.012620041867289267	0.013185947798590815	0.01198750659547948	0.013637434988259665	0.012804684873748251	0.012716919816947359	0.012444899820594045	0.012943017616233177	0.012698018530397284	0.013070902240644021	0.012532561588147606	0.012349501831776188	0.013716689933175596	0.012277152600894991	0.01123712365293593	0.013500340324649385	0.012588724685209697	0.011926981770064066	0.012933302581137073	0.012778850180718601	0.011988695948566322	0.012758487390710728	0.012728821363724076	0.013368237052309086	0.012805203888552179	0.012950526408566383	0.012466239404605133	0.013066671738270497	0.012053765699486806	0.014246529248777964	0.010981634088311886	0.012664787314556631	0.013206169927357727	0.013235419210065946	0.011668813683233857	0.012225076685606956	0.013232971870092989	0.01276389593494609	0.01243147560608515	0.01320325846033511	0.012275211820069827	0.012514884015469414	0.013030959667116654	0.013586755457727879	0.01278357681232566	0.012852871696237214	0.012510583787799519	0.011749813973841507	0.011962863580701087	0.012697862104610292	0.01241294399046837	0.013068678041501301	0.012856820153582783	0.012938175254548595	0.012929224857023384	0.012982605253967255	0.013337850010227144	0.012675496097437894	0.013566572997663975	0.012639016689036059	0.012579492852924045	0.012725197378822556	0.012559157439716613	0.011824446502941937	0.012864862368837467	0.013050235496575475	0.013803935315208434	0.013267902763027195	0.012072187780733816	0.012389214180133638	0.012903690126097465	0.013469716948158492	0.013797505227980154	0.013499770123497457	0.011949445798990026	0.013611098757553399	0.012612305772955627	0.013564486983948378	0.01307994763585258	0.013188166643283296	0.012725805332005558	0.012457935571301823	0.012607822861337235	0.013514544756945404	0.01172575482201291	0.011732689864048804	0.013380405760778289	0.012147494080298553	0.014006309391660515	0.01296533166216719	0.013861791566076169	0.013060468866070443	0.013356452733854985	0.012660208635291038	0.013773671177255066	0.013073019100432026	0.013077173980809185	0.011188882550993146	0.012340341089326365	0.012688766714934597	0.013471300727235427	0.013353632527609221	0.012669024388469986	0.012287038941061555	0.012992298723715698	0.012838306648477375	0.012916371286474994	0.012795548690900311	0.012175292617098616	0.013227750069956279	0.013532345902045806	0.012690889874704504	0.013131381191130212	0.013721915915164836	0.01313841131276392	0.013072351588294966	0.012234165958112225	0.01238835254317988	0.013403540504568174	0.012182938438162849	0.013773364342830177	0.012440897235976656	0.013566658405207899	0.012765205377496005	0.013460486036090534	0.012895979688389403	0.012921853572413693	0.01299113652992005	0.013010711085846203	0.013402613962803836	0.01298316382536391	0.012898561175809693	0.012788952550093607	0.014590384949200891	0.012972709748118549	0.013349859282951832	0.012090877230525076	0.01321292336637492	0.013195699600714435	0.012333356930783095	0.012525973393592465	0.01276504700103326	0.013291637831705217	0.013347000405446318	0.013469573634406517	0.011503543490885998
frogspawn	0.012102493165059616	0.013177420106978342	0.011322193996745973	0.011929302928410386	0.011664271272170044	0.013013110364581568	0.011126281444849135	0.012519280156415971	0.012238196327700237	0.010814957172488078	0.013035905723420988	0.01344377612786377	0.012201548598920961	0.013227186267844804	0.01112032270096469	0.012628009283910882	0.012327294496841869	0.012219065338000608	0.01252211736701433	0.012858514400518302	0.010768623367050353	0.012835380917392772	0.012222378417750358	0.01311636523478226	0.012243092460730614	0.012359562906254467	0.012287467994411471	0.011518844141362132	0.013400945952212574	0.012040185431263416	0.010808859433839486	0.013923661913000311	0.012473808889153155	0.011850062862113793	0.010539432560182773	0.011935571758384842	0.01157969520675261	0.012451775038928107	0.013501059142069059	0.012279992453960852	0.012693110636803253	0.012961379279449485	0.012689059215647648	0.013316710689946998	0.01223756104731213	0.012974225643951714	0.011828424268806705	0.011156357904493288	0.01225643280929527	0.011912922470102305	0.013160770079088065	0.012786868355071637	0.011101586652583175	0.01191216974697516	0.011274453329668083	0.012012162191001935	0.01214359156878844	0.011768078620379041	0.01237027917497171	0.011369466697583725	0.01228489039824186	0.011586899666531814	0.012419282523453572	0.012019109622087971	0.011644918075356791	0.012520737496697708	0.012357855966017668	0.01220438205397511	0.01114393679872541	0.012225846115413963	0.01165603195439056	0.01306549957686422	0.01308664334355422	0.011772760699420605	0.012368739922206268	0.012363585147985629	0.01320187691379482	0.012488116729449009	0.012603031032705759	8.429369702178806e-10	0.012982022166423026	0.011927531204089337	0.01323755786410551	0.013388008243920432	0.013198883106191361	0.011402489902877596	0.011927376565139331	0.012161440108275808	0.013225179666318112	0.012498738074289015	0.012435101077280322	0.01235798598883671	0.012370282387862143	0.01307782328522606	0.01119837240219715	0.011636258550293495	0.012329632285028182	0.013409716312297868	0.012677393307890117	0.012564235706879513	0.009739575348518457	0.011616048718962324	0.011956341809483666	0.012785011570445934	0.010731289395225427	0.01287886206026885	0.013433047291956414	0.012431923363049591	0.012002737326507716	0.011033424138746434	0.011951918301269494	0.011900602918136258	0.012894983304118512	0.012367983697738512	0.011695248517779573	0.01317384653479048	0.011334363117877935	0.013719315715475975	0.011468281752687675	0.013204840408250334	0.011895482252117406	0.01244130598584484	0.01191649396685356	0.014478659218580657	0.012540442567062644	0.012079924519538794	0.012236343106064838	0.012455044116748104	0.012011920790833519	0.013551526217729416	0.013531352860153455	0.01248780244715534	0.011695333135869946	0.009032621267007369	0.012359852659081549	0.012385879487715967	0.0129542206968552	0.012292569148503003	0.011620099371714458	0.01310291860827262	0.012044348480400867	0.011668286650948935	0.011854945036392004	0.010974071349552326	0.012685164961387399	0.0100205293553665	0.012286373009971374	0.012963495774330399	0.012052054602506562	0.012450074051127538	0.012192120008921876	0.011818045921498379	0.01219284151992114	0.01320482459838394	0.011868273113459473	0.011362182514546857	0.011989092173314815	0.012095476700365992	0.011571504293880687	0.013004139349828647	0.011450649086120085	0.009558459289205852	0.012992135216630871	0.01281871042813244	0.011891764623557764	0.0122095110291047	0.011972709985450278	0.012489150708230822	0.012327733133580154	0.01367049903201637	0.011709701609216314	0.012142654215165059	0.013134344922999112	0.013137065931194389	0.012611926235621369	0.01141545293172892	0.01211072022350212	0.01366610311566766	0.012026733502963984	0.01159653508369765	0.01131755158297581	0.010819112084853953	0.013717247659279177	0.012569993503546338	0.013692948119989258	0.012196306387613398	0.012265068984610742	0.012444346747741869	0.011753399943404892	0.011852954017057646	0.011200463217931458	0.012074119003178807	0.01255043389286518	0.012271163010201506	0.013553584407540628	0.012438811151008346	0.01256655325724717	0.011103602966044046	0.01163216433538651	0.012024621166055955	0.01216595635751976	0.011535288182762086	0.01201756017453903	0.013591039728838718	0.011621618969806452	0.01169529973924937	0.012061147391974655	0.014449441893436948	0.013214022585670261	0.012038969941964048	0.010525266451876594	0.011183355049305043	0.012703798921957506	0.011414182642691801	0.01300626916297599	0.012414938865813834	0.012138339675613887	0.013700255853466698	0.012910815683371393	0.013329099599977651	0.012349080186695496	0.011916183662380522	0.01298490376942005	0.012289850814111176	0.013638346718238296	0.01203359573581281	0.012840540028888807	0.014322065390116996	0.01199528506129476	0.013557192480092238	0.012353588954474732	0.012332438125341566	0.012479883413330112	0.012117161772559965	0.01293493475173221	0.011311996608495148	0.013240434563059997	0.012164257942191725	0.012891773563497959	0.012154295826133638
gadfly	0.013179926170274824	0.014004659846295526	0.012194592570991153	0.01367905198084419	0.013389857962771512	0.01397835533458729	0.01389475449430897	0.013113134959261401	0.013753629582871131	0.013783479078090709	0.014736819606429297	0.01329361824638275	0.013256877169407355	0.013715985044887325	0.01309739232026883	0.01332462877931856	0.013099212096117495	0.013166297569187833	0.014324867392662538	0.014115847770048255	0.012798104327990832	0.012907714727176193	0.013107857394537592	0.014293553544114919	0.014009439430297208	0.013637134748794627	0.01366117086578564	0.013761938819187804	0.014674222747212997	0.013144949162324235	0.01343915483947824	0.013832589981689736	0.013251290814461986	0.013830585334249208	0.012871310024280505	0.013157570418371957	0.013503701092858256	0.013643087445798435	0.013637208471021003	0.013031324349660605	0.013081580794562418	0.012602785915701086	0.013931599670881353	0.014289773767079218	0.014426778963825415	0.01491388822594901	0.01353816125658783	0.013227095605134676	0.013933766437794086	0.01288850778252231	0.013992939400324473	0.013494658293325135	0.012878450007629607	0.012859853464638445	0.013335601656490748	0.013537756573861677	0.013307261041671303	0.013397599966850707	0.013307072455460416	0.013823137463322565	0.013575600114104974	0.013574475070243222	0.013226234754064455	0.013668772238300155	0.013535673342771887	0.013209735927944968	0.01376182250956681	0.014111841079642832	0.013041522281691373	0.013722147944510921	0.01407173964235705	0.013733664385156344	0.013673208397791186	0.013233491609501111	0.014362566387853376	0.014002641637941633	0.013906724338749739	0.013808688023210438	0.012482077784133103	0.012982022166423026	0.0	0.013305259876260425	0.013912344883070416	0.014261133937261347	0.013758436462652037	0.01319130381226111	0.012995648210008674	0.013357541919143859	0.014107958607645273	0.014153925624320612	0.012999788233767398	0.013795312471980355	0.013932122083678477	0.013873677243316838	0.013565369788143829	0.013633195376610438	0.013346374416821256	0.01376005326701477	0.013393653981424383	0.013753689463565803	0.013139661090788039	0.013861205820922286	0.013789748892502602	0.013644970234280674	0.013772202954220873	0.013343503461138368	0.013635581420485559	0.013482902945716142	0.013778366515479853	0.01410961261606021	0.012962082896289607	0.013443898981809142	0.014159776353095677	0.01316576329123638	0.013690330673501762	0.014173725962675235	0.013383697397462131	0.014871901221437264	0.013208777419417872	0.013925265877467941	0.013545316649370209	0.013772182595718203	0.012808924417918368	0.014608402865811365	0.01291802813534163	0.013364260028373433	0.013251743651919161	0.013526713223094133	0.012375714959641492	0.013938442007682041	0.013566994883167389	0.01360327675606704	0.013285275124306333	0.013821446952427667	0.014193348695404999	0.013307987924682583	0.014124275393585219	0.013778697664418402	0.014029912177553562	0.013021711788901222	0.01357628290505984	0.013697449424190817	0.01404260834632751	0.013544110333960201	0.013856547204833966	0.013523004011182236	0.01305784950378057	0.014175493954028551	0.013456722097066592	0.01365645249402302	0.013654476003649219	0.014096099757157053	0.014124396412184534	0.01349609736592059	0.01376345298146479	0.013532185348204334	0.013134806477989487	0.013539644953684492	0.013499575989796382	0.014072644792303784	0.014006824913809855	0.014078030970419906	0.013763761007244937	0.013578908735138	0.014283484004127435	0.01396012145439413	0.014139102472117375	0.013490055966371893	0.013208021753240646	0.014185604442255586	0.013454899292150877	0.013488012441899866	0.013753000846145612	0.013659232154881207	0.013251973103436496	0.013292366631643921	0.014114305427591088	0.01421787661331812	0.013495585163722727	0.012518478624730218	0.013121847427745898	0.013143514034408658	0.014402263337554793	0.012977044738739684	0.013606289746340977	0.014150912847089416	0.01353006123580147	0.013728895781825344	0.013987618351946934	0.013593609255269631	0.013831796042862547	0.012486517007333758	0.012350900926887742	0.013551333003417545	0.014549784037347255	0.0133569921064902	0.013013253366906088	0.013268570816424914	0.013393359082910297	0.013960207658184558	0.013798659532871498	0.013059812241198992	0.013444703736372294	0.013488414248802968	0.013109997169065944	0.013811897664993592	0.013664811963656247	0.01430847069163801	0.014280123758330774	0.013717516241778534	0.013377637681447042	0.01364269933060285	0.013951505433285282	0.013599295077013289	0.014129909479500009	0.013503859728210664	0.012961268139465026	0.013661697830921873	0.014142390656967152	0.012970780028038848	0.01324874805459861	0.014317226689642321	0.013933600027649653	0.013897481429125369	0.01449662016164506	0.013467412130757323	0.01372907688322538	0.014458313563164071	0.012410015388024592	0.013537181983476214	0.014114705656752014	0.013106949799951629	0.013354992123160951	0.013636616191568592	0.012344170470694811	0.013090058151916972	0.01328462148593999	0.013700342960074854	0.013282455339102961	0.012672889621504058
gazelle	0.01173778433405563	0.013945628563039856	0.01156521069211243	0.013382007479300849	0.011703607285691371	0.012531953651994512	0.011245927392995037	0.012413245344737691	0.012943943497016799	0.011927323096728362	0.012668240130403472	0.013300541759312754	0.012877729704068556	0.013256104466006833	0.010704142145610128	0.012205133381147067	0.012509720611313528	0.012760038783564038	0.012927721192415875	0.0129611435687989	0.011080034575665207	0.012892779073353577	0.012616698246585173	0.01339842830070182	0.011043721030258594	0.013207827558904272	0.01191624739487816	0.012858624076889855	0.013410045323308526	0.012963955672570087	0.012484466940581822	0.012590197224429103	0.012766387112204411	0.012184859510937309	0.011694102578217482	0.012041963396406537	0.012925926927468608	0.013249064778407586	0.012473881524289647	0.012051223936690315	0.01283205921285605	0.013273032187763236	0.012774873520136433	0.013102968368796373	0.012179724247379873	0.012251178583812234	0.012355955903564465	0.011330154585432926	0.012604108907440617	0.012136834030529613	0.012065483070920974	0.010752190646973714	0.01195084395220259	0.012464037426950535	0.010947127938980974	0.01247221797919593	0.013383465844344068	0.012191908057208944	0.012306807492387434	0.01263687454810912	0.0125646933577807	0.011543791716258031	0.01256633527942071	0.012475235657346435	0.011693079256096937	0.012608509672359748	0.01232196797349118	0.011739257432520323	0.012107492832020924	0.01227593400385757	0.012291590806729586	0.011677487380521028	0.013094051150973752	0.012665799026106981	0.012062250086109021	0.012316115184378149	0.013008610194079794	0.013056653705699922	0.011697836654651638	0.011927531204089337	0.013305259876260425	0.0	0.013016660779791276	0.013086896258306478	0.013347175437739082	0.01185385871156687	0.012155936904732078	0.011890377240295355	0.013596726970304509	0.0119041575096436	0.013006525670444757	0.012418475471350787	0.012602523598281132	0.012877957530739345	0.011485537282581351	0.012269964081685453	0.012562373256584457	0.013227150180161322	0.013356123037400578	0.012260524394880033	0.012399084697791739	0.012346252085703972	0.01222229317137398	0.013512144897571769	0.011733063578106037	0.011952733030503926	0.013895865921206525	0.012185598936493576	0.01187003649611378	0.012368879904499476	0.011736541608413087	0.011731528409567512	0.012645150587845886	0.012939070646732453	0.010673171302590328	0.012571274942755345	0.013139585597383808	0.013049412065131067	0.01197927811342195	0.012700222683921989	0.011728454711691635	0.012742209094750177	0.011999263770105833	0.014616589660035723	0.01136471032162984	0.012409609802829836	0.013098459367618095	0.013362257664434263	0.011277942955214034	0.011454769254132278	0.013618343659270601	0.012184619620618032	0.01125448075180956	0.012616806002632652	0.012500188276458466	0.013314373089092548	0.013016549734016693	0.013022233281733192	0.012552785174490351	0.012172628742970364	0.0111464253487343	0.010691436426687979	0.012854235423786442	0.010874593321328539	0.012997106661863546	0.012095075107810804	0.011538595603492257	0.012466571125983799	0.013383127338582374	0.01307290954335093	0.01316288381469868	0.012437316364672319	0.013078194023157838	0.012764259368298668	0.012830454784415597	0.012483398155601913	0.013171880439006427	0.011052359887476963	0.012409252306385692	0.01243887218437605	0.012427640190179721	0.012293128724591285	0.012183440711813553	0.012666381099300086	0.012139536029580398	0.012418765870955816	0.01230541968651917	0.012689067205661429	0.01212561618436609	0.012713664828266953	0.012035220223274554	0.01350020640682857	0.012683990161933188	0.0130993302489831	0.010957760852167025	0.012848959474766742	0.011991181118047686	0.013830947055659355	0.011795287289513803	0.012375719566505832	0.01204761003438716	0.011170431556717706	0.0139143502178197	0.013398985032487855	0.013636018400778637	0.01226755676605102	0.013234855849505806	0.012764407056251923	0.012635862806737303	0.013042156077868213	0.012738098215538552	0.01117556039772042	0.012731884262183414	0.012172639811227395	0.013232817332030076	0.01305285180031717	0.013265129517115757	0.01163928655325753	0.013268025688315479	0.012864127560218845	0.012540719860558642	0.012494079312776433	0.01171564156245986	0.01380873682566888	0.012386397909162163	0.012586796385873497	0.012108552731388594	0.014005773696814845	0.0118882157805344	0.012702546667506562	0.011204373918798177	0.011150795992379978	0.011753159235526438	0.012344849846474019	0.013300416891687096	0.01060691441319656	0.013208806178516384	0.01337347996418867	0.013002456067702678	0.012839664681015899	0.012822154487609072	0.012355619673499614	0.012135498963019567	0.012602366014721408	0.012843018888683066	0.01180805452395805	0.012537422389770968	0.01372191328898507	0.012291661887696436	0.01321801524846676	0.011838255389488912	0.012641983122359722	0.013387977910650422	0.01203673621098087	0.012638628721736943	0.01220705873292292	0.013316910324185685	0.012334123200746673	0.013513416890075269	0.011807860606359213
gecko	0.012868493565767825	0.014177072158398299	0.013365530196364798	0.012166810875031398	0.013103297352271264	0.013047909429274	0.013263964623943143	0.013262565725308048	0.012134713014693157	0.013518582131743246	0.014677640653372561	0.012400016842594105	0.013858278100993606	0.013489536509888243	0.013500418894246831	0.012939199346116044	0.012820598985613368	0.013011364626884552	0.01387425823864743	0.012963983864567761	0.013010350309652363	0.01308665838669093	0.013814201738652858	0.013769271390112588	0.014121434194434403	0.013235933385573448	0.01415201447909966	0.013536267717453095	0.014498065743233564	0.011312897926298028	0.01335719287146071	0.01387398232594611	0.01280866553401306	0.013380738780144457	0.013138284590477303	0.01362005347189597	0.013270709647067168	0.013240419206649008	0.012919226628404218	0.011980180264442898	0.013064608034320545	0.012718084928238093	0.014208290524028982	0.013250211371800248	0.013521553455296495	0.01377379738915888	0.01359240040306964	0.013440127747017576	0.013954474486558607	0.0114876760194028	0.01169608990805425	0.013004038196101107	0.013895038918251135	0.013694869053411962	0.013380527899571426	0.013876446035831767	0.013027180851743522	0.013802312397122709	0.0138306235462836	0.01322363309994757	0.01283332395794654	0.012641296025354633	0.013445756225084364	0.013925421413394132	0.013133270060333673	0.012718303386820791	0.01383531639206833	0.012763254829403561	0.013538376858607688	0.013283531410591649	0.013684722630454942	0.013602326791878911	0.012775037816666963	0.013519475776472532	0.013688777289005855	0.01379905333415995	0.012893798220024177	0.012076448614018185	0.012693430172140365	0.01323755786410551	0.013912344883070416	0.013016660779791276	5.960464477539063e-10	0.012554421780688987	0.01402475412661446	0.013397650608150347	0.013755641408401312	0.012066049925288556	0.013546083642708862	0.013669016209279666	0.013516793603730688	0.014234381644869308	0.011970282715511925	0.014321816973581538	0.013249310272350372	0.013391591332675423	0.012634933590175654	0.014089816283399068	0.014348666804629436	0.012082805645092136	0.012595345546488036	0.012943887443642513	0.01401042504978075	0.013588823335023507	0.012724037786691662	0.013353944206318963	0.01460544832275431	0.013651022385629064	0.013421829945260432	0.013832781909928394	0.013301004830977015	0.013515423319000774	0.012857607213219711	0.012652511617948671	0.012560023161903147	0.012898796492414051	0.01355265585027607	0.013387774540463384	0.013710503022795915	0.011591549396458137	0.012772920556712919	0.014096126719692046	0.011316304418184743	0.014741233425499737	0.013412548835973115	0.012234234888966055	0.012898103338373143	0.01334991332097984	0.013367732072497687	0.013559388685046948	0.012639448332786747	0.013956822570392897	0.013269878419932053	0.013512748900470075	0.014106673153520884	0.011300336777767348	0.011889320724261125	0.01381482247887815	0.012942822538044123	0.014072606734474075	0.012511682903140357	0.013139120320364182	0.013572786479787073	0.01327200395210196	0.014739521888121103	0.013689951906965115	0.013434279610859879	0.012467998644366424	0.013292742913051008	0.013902165610776356	0.012492293742364017	0.012805753514310262	0.01402663901770313	0.012180034641859589	0.012823815382815247	0.013238219446129249	0.013768992607848576	0.01334681197802777	0.013850618984703881	0.013297099293456651	0.01365039230895631	0.013740276737566292	0.011655691536418523	0.013956906929938374	0.013352712464746466	0.014040204868472796	0.013884010256930066	0.01433282805523376	0.013347252917120895	0.012983826858202166	0.013072858198146908	0.01347692320782305	0.01309991359822087	0.013127369897982678	0.013625635629150212	0.013078789843942286	0.012844387015080328	0.01420735831143371	0.013415633723891294	0.012864568187667156	0.013785138588441706	0.01295070130968559	0.01448390447656018	0.012616152596577723	0.012964629440589914	0.013502563445336464	0.014336982632732496	0.011717474121879084	0.013795011148254637	0.013235177744254452	0.013265669968834852	0.012766761576530507	0.013183644295778799	0.013284872637846841	0.014105771845672672	0.014271126556462297	0.011238299802628979	0.01271857481805614	0.013427953755335138	0.01301617517131004	0.012574235051908142	0.013401172587760517	0.013846156190087102	0.013657057649717643	0.013308523921696508	0.013015653530978803	0.0134858736510984	0.013652698867981023	0.012181203110680805	0.01281835327746998	0.01341956909771852	0.012704584259511355	0.01375539654802858	0.013015699030463165	0.014229496226713554	0.01338254885183341	0.012824200477565767	0.0140610266558418	0.012405652487096052	0.011621026002018822	0.012987202406931832	0.013008140745112882	0.013129178132811668	0.013623267403242463	0.011522984044357707	0.013301934338647734	0.013432688949617307	0.01409704422735414	0.013326826272206566	0.011489707808431993	0.013089210631051238	0.01314228496886311	0.01187314863360276	0.01396205498847898	0.01264305080495308	0.012772691334552312	0.01299806601656289	0.013406259948972859	0.014179169972291858	0.01376118482564902
gerbil	0.011914616717237488	0.01367948008687967	0.01374458632773926	0.013189487337300862	0.012676311439454961	0.01342463375964661	0.013105414054846725	0.013836154209250615	0.013215003640652858	0.013700037938449277	0.013480278663644223	0.010908704245597674	0.012602814277866406	0.013807866568126326	0.012961274276051543	0.010892664625172663	0.013045601298631505	0.013197943393919175	0.01206074149759236	0.01362101539556671	0.012940524518870844	0.014329136998755893	0.013849790355212936	0.013808815339259645	0.012990199782684383	0.013651285028755794	0.013940375436862013	0.013760631264304633	0.013531520045920842	0.013090555097960019	0.013390002288877595	0.01364692589653917	0.013732849607038342	0.013305991549474863	0.012624523191411005	0.013480154447394197	0.014032355538302446	0.01273288469640172	0.012113730922107125	0.01260603946560787	0.014001264636795106	0.013775866940694229	0.012588787484144888	0.008854298605832426	0.011840705486246328	0.011970508285578598	0.01384410906781754	0.013243928430914176	0.01339676903175328	0.013510156612829838	0.011339280363326239	0.013451556467890275	0.013207572290827658	0.01399926074170275	0.01317709272462882	0.011919561467840439	0.013187471029151174	0.013709294502898674	0.013842752117024335	0.012948607170688424	0.012589416314980072	0.012969025609508435	0.01305580799411444	0.013117931804889627	0.013909727587231569	0.01423266763156506	0.013601651443419896	0.013640011069855905	0.01339355414606307	0.012947667278111832	0.014038978963671463	0.013587674753670776	0.012317453601096229	0.014001403421897447	0.011418441654344899	0.01281499442584956	0.011747783938552848	0.012537686657051666	0.013715843295193762	0.013388008243920432	0.014261133937261347	0.013086896258306478	0.012554421780688987	0.0	0.012737808928241971	0.013434480740590346	0.013346786435416567	0.01109783084190196	0.013626778165238244	0.011545765273545497	0.013655251018428054	0.013299461450942686	0.013618887620876867	0.013488303188622057	0.0129939784732339	0.013707576989947103	0.013883950111573144	0.013007420950529935	0.014316171110470857	0.013212635134312175	0.012979118100923155	0.012635604532523102	0.013343280915433783	0.014140296255880811	0.013541697580359441	0.012152076947254078	0.01409033280403424	0.013362812500117872	0.012957845338645614	0.013583910210343273	0.013329895187272461	0.012570668637330529	0.01154245167790148	0.012758334849930407	0.012637419381774864	0.013476790985918722	0.013821348145274743	0.013783539689968342	0.013092637884312515	0.011091669518174675	0.012692975645765358	0.013474692686414132	0.012497379521796175	0.014542240254853518	0.013151857067103858	0.011111834622442059	0.012374290839346382	0.013690892181908866	0.012799479116173185	0.014102250084403587	0.009359792032296876	0.012466781722096676	0.01313034897656627	0.012981646807527168	0.013651670793897279	0.012374065529320594	0.012944795423887162	0.011950522572769223	0.012573577939375387	0.013615660436046863	0.012798598618934242	0.012228504026318844	0.013303379408464837	0.012281406052383606	0.013757257049742138	0.01326257383980461	0.0122441816663212	0.01161483120870955	0.013902625916509068	0.013492415809713155	0.013864886406773884	0.01320055501475627	0.013658637568848777	0.01310525839877538	0.012158935239148032	0.013091761784350321	0.013540258422785478	0.01326535179641719	0.013792485465893414	0.01227045791855226	0.013324090349684639	0.013713231692439393	0.01147210001537603	0.013959752649355912	0.01188281543450425	0.013359212704844794	0.012278487587887427	0.014350039704899288	0.012819714468922286	0.010730750210290447	0.01237893347217859	0.014058512723840628	0.01352792252007477	0.013756096447670264	0.013388541907453633	0.013427065879155941	0.013768718336359603	0.013522402940126719	0.012680592936173098	0.01317573190307805	0.013963605562019416	0.01276413190441128	0.014313304076631155	0.011809329385313917	0.013221582044892566	0.013256215049014263	0.014164051434373017	0.012281675357968097	0.012746622949690634	0.013778378523738475	0.012220945219914242	0.013995505360496182	0.014309598666585011	0.013208006324226227	0.01304558406270024	0.013048580548346577	0.012560829599332636	0.012534343403311951	0.013640539077490015	0.013130451454048748	0.013560490138129528	0.013532776016831807	0.013828244247508918	0.013591786700892425	0.013906601218889491	0.013188381081789456	0.013139975893528322	0.011401003469148342	0.011159476404777387	0.0132809208262646	0.012715198666845782	0.013121565134206306	0.013236177233835508	0.013700855001863091	0.013824091263079971	0.012425719799198624	0.01400119918136846	0.013206130288757027	0.012290425931099967	0.01281519215824671	0.011878570363980078	0.014046364024724874	0.011688140015697197	0.013369881172127196	0.011213390362911023	0.013001904188311021	0.013052331628945969	0.014265202853781895	0.011982791895876452	0.01321140410834741	0.012831201262166464	0.013395520565491544	0.013003462443454216	0.012963620838681808	0.013508364715325977	0.013496658847498613	0.012434507028536195	0.011607083692306681	0.013622848264299154	0.013819645147701412
gibbon	0.013241050575567865	0.01446369458228914	0.012911139590650836	0.01311875220295908	0.01363174982312088	0.014621022063766798	0.012786928295266373	0.013607910532660248	0.014360210901793019	0.012797890587582517	0.013960597762242241	0.013449332140960508	0.012850869451187812	0.014952492476244741	0.012566669726045277	0.013006220516015363	0.01419590157501116	0.013638683689717278	0.013508882807293265	0.013635664811415276	0.013537397341578643	0.01377083120732169	0.014082070947222015	0.014091045924210462	0.0135995245208671	0.013575302114864513	0.014579697455884822	0.0130151065015894	0.014599265598373174	0.01327973216531901	0.012653793852348298	0.013797474422391584	0.01383813604262975	0.01227883879703748	0.012101461649870587	0.013332212175367937	0.013618973895256284	0.0137888086078137	0.012827865228771702	0.013559047766933561	0.014380876478019403	0.014311520891005307	0.013093716520021496	0.013054223491626936	0.013271832156683013	0.01352608090409926	0.013582045691547095	0.013436529875015852	0.013159872038685237	0.013898227557202705	0.01353670430950741	0.013650369426253348	0.01275925384451428	0.013740022780829746	0.01359400302788941	0.014002300048613645	0.014528184897776629	0.012674776388051145	0.013752153356798368	0.014080756002999224	0.012658663724051389	0.013795513534828661	0.012577745697996367	0.01337407415732155	0.013725261005200398	0.014428843660298769	0.013551402159985475	0.013312485599223284	0.012903529197254446	0.013182138792434123	0.014118545345087836	0.01317959139531889	0.013059892809730437	0.013706651562981237	0.013233342912374215	0.01339455830531621	0.013316850032494176	0.013149285680668003	0.013517272074299053	0.013198883106191361	0.013758436462652037	0.013347175437739082	0.01402475412661446	0.012737808928241971	0.0	0.013599257338982325	0.013256454102740536	0.013646013621637426	0.013895683836080659	0.013202387528876224	0.013919928787155549	0.012910022175556953	0.014018058341802904	0.013859225015735908	0.013067675758843439	0.01380080174691448	0.014254378995354828	0.014178132372130909	0.01526735508523348	0.014363292413467945	0.01315126730499133	0.013209048693394707	0.013281354151765557	0.013921621450731527	0.013455517959906642	0.013091584716524631	0.01384992752641948	0.012767231018494744	0.013108636282276286	0.013007862649523319	0.013600643428477797	0.013390340235902513	0.013183847971651381	0.013287448167980947	0.013354314123638172	0.01415361573397757	0.01354578867127374	0.01477387735662914	0.013545502855237241	0.014175149130810347	0.012695408406663743	0.013689436320628126	0.013032455876252722	0.014874139008661216	0.012744124239746699	0.013165544450677674	0.013324756863352914	0.013025135656873736	0.013406755695483885	0.013330508577355864	0.01378334075823723	0.013495150955243668	0.013604339944500825	0.013804828088826732	0.01360316922992923	0.014291377124114593	0.01391998544062648	0.013512268198172035	0.01354725462491082	0.013018929476359718	0.014491302707554016	0.013368722043815184	0.013866413741405006	0.013765295398019428	0.014447390800081672	0.013574989967962452	0.013510801184281298	0.013724102572356345	0.0139075321132273	0.01316145911462535	0.01435178439944321	0.013613613531005622	0.013480773195326853	0.013758531609459512	0.013549649118056378	0.012904933549988989	0.013234970568653913	0.013026601671415465	0.013654596537070986	0.012207503669915605	0.012620582264368498	0.013749885319816652	0.013609520943172068	0.013570612076548012	0.013216739030531126	0.012225475131786956	0.012996469644613824	0.013511130402735294	0.012693580174215714	0.012916397918639386	0.01348715799011413	0.01350249135326619	0.012734347161346006	0.014692074908567021	0.013242490494291118	0.013254925361873735	0.013645364248484752	0.013791015955862069	0.013397689848840062	0.013959891514804592	0.01362819074377903	0.013429881425973726	0.01378238056718606	0.013850071389562277	0.013896968905284008	0.013661526394482804	0.013723626663363743	0.013963558432190118	0.013258663534216569	0.014005539329122836	0.013793860861503299	0.013690805722812232	0.0130556172137668	0.013149082410598862	0.014167521423066575	0.012717446578784056	0.01432571566354211	0.013229478674240607	0.013115497526222495	0.012956389624745773	0.014074031694836812	0.013566177281011555	0.01352674350096455	0.014503347279570408	0.014022357127224074	0.013415780505961367	0.012582135556132528	0.014512425708773445	0.013932145119934285	0.013363799598364402	0.012606687481677733	0.013622481295633638	0.013408534078648107	0.01337316151549374	0.01293425135910219	0.012557134944862524	0.013183632013271046	0.0130513933998018	0.013068423779697238	0.013930856096643254	0.013322147929341664	0.013568220538943658	0.013468033722837525	0.01347740167054109	0.014061508003331485	0.013592338541183186	0.013270327087153842	0.014676685597774155	0.013285647089851358	0.014324958245903588	0.013992289439056806	0.013866843485411838	0.0133764364799265	0.013247087180981333	0.013741667900847337	0.013593709514539157	0.013093951782155269	0.013645887430875194	0.014410371454822667	0.013574750843088597
giraffe	0.011532007123251958	0.01289263304148353	0.011596739543396194	0.012784437891146486	0.012395734002072596	0.013035170131139823	0.012016728047148127	0.012549931201602058	0.013395074144924902	0.011286928010213328	0.013606702552693879	0.012934493643310683	0.012917637214501978	0.013025496882773624	0.010378885552807813	0.012641911928143425	0.012501686458244718	0.013629646112840304	0.011969573420946256	0.012045963144651606	0.011900064171583635	0.01301805334334027	0.011726870922781747	0.012559840003220213	0.01177376847392413	0.012592293764759333	0.012581122693216045	0.012330547285701609	0.012173958356869723	0.012655476245879498	0.010781453227257582	0.012347542807025835	0.012902956294216193	0.012237903278921556	0.012849935209680892	0.012758114989281361	0.012494934355297766	0.011293545000020094	0.012216193399690463	0.012224622957949403	0.011915038064664535	0.012678142330724935	0.01318523145623335	0.013587248316717555	0.012843933811801014	0.013094441333298436	0.012904958297966404	0.011846183496569901	0.012387513040093903	0.012023444305957682	0.012920384011827173	0.01231567992355965	0.011151079997026817	0.01179108352040096	0.012221199694594669	0.013057790978634923	0.012331525709504527	0.01242349389013227	0.012126098387267328	0.012310588578515478	0.012211874143789873	0.011443910983856014	0.013467970828442548	0.012329041465574895	0.01191354475582675	0.012248356814564806	0.012591982895047371	0.011913789502810438	0.011882178752796582	0.012605628975956146	0.01319039792402836	0.01154321021275504	0.01271498439818952	0.012544905399556801	0.01301923465203628	0.0127001043329072	0.01269296645706929	0.01183928053524533	0.011769719764472499	0.011402489902877596	0.01319130381226111	0.01185385871156687	0.013397650608150347	0.013434480740590346	0.013599257338982325	0.0	0.01185650939991065	0.012108900249128675	0.013227198244262934	0.012672006556981332	0.012205656003965972	0.01330865048300222	0.013080174644820353	0.012745747016703972	0.01228504145761105	0.012422490910606512	0.011831054421710088	0.012831981454991618	0.013186020402294383	0.013026806055865703	0.010991136752003014	0.012267237976300012	0.011853306425722	0.012914567412313487	0.01237223131120325	0.012829846001987513	0.013987359033068827	0.012985699021462243	0.012130180173747358	0.011846701103212308	0.011661977917621101	0.011684764678430526	0.011317531577839103	0.012346477712837556	0.011209576692761368	0.012209381102000476	0.011197614657934125	0.013641797098640916	0.01200661653964997	0.012984098042056915	0.0121189049523796	0.012378640123969262	0.012195007665071846	0.01436777739346617	0.011917804620115385	0.012690614302906945	0.012704095208639252	0.013788905675878895	0.011830050961888073	0.011840766608240677	0.012890792190975156	0.013159512012102734	0.012464401844765778	0.011034335458697064	0.012732982193976712	0.01274096206343796	0.012199985493692793	0.01296123609068795	0.012327534764018117	0.012145899514769602	0.012156572381790139	0.01173606243342688	0.012350618860524121	0.011363499124487596	0.012948152042576364	0.012547405045417492	0.012110535786034611	0.012824704827320333	0.013412467911549184	0.013014715390208273	0.0125402010029965	0.011379595589829568	0.0116960037912852	0.012659448672440083	0.012365648398038633	0.012442697670417151	0.012775699816723876	0.011337537741158641	0.012048271888887258	0.013523056332891565	0.012388289743092964	0.012241330319893712	0.012370647224022315	0.012381805451773949	0.012463618109461408	0.01222620299744513	0.012578194353450195	0.012718655070229217	0.012421045052229802	0.013332234103991106	0.011222061768920117	0.013144515016840854	0.01324552893903667	0.013462862707637038	0.011339045137228623	0.011180780027665437	0.011670508828384041	0.013788252914282628	0.011626583390328515	0.011641008602806648	0.01132093368536131	0.011847374426844541	0.013935743218615697	0.012757285503038977	0.013576986097587033	0.012534212509215553	0.013053862586721253	0.012443943389238097	0.012903591196854075	0.011573516880929698	0.012203666347143134	0.011770289917695383	0.013494407019810471	0.012215576792611711	0.013630595734719276	0.012505382003090315	0.01235605330391936	0.011803291159750049	0.012706426025989828	0.01094762083809923	0.012393973143717455	0.012094778740782632	0.011877154446634293	0.012402518901712924	0.012239700012330984	0.012480195018902976	0.012363721963062234	0.01389403584765886	0.0131294279856714	0.01190700546152068	0.011181071777530154	0.012068015573886428	0.012891459790840287	0.011427858567765925	0.014044944101957115	0.012373054489436354	0.01262194789831791	0.013536582359031808	0.012534282824321891	0.013475403140337388	0.012103387494543087	0.012636007334176629	0.012566757283431547	0.012943872720016094	0.013100766584146557	0.012716922844748998	0.010909008842654675	0.013846442799220187	0.012092152122974747	0.014021016801416488	0.011431249999716791	0.012973579450423534	0.012372701939516926	0.012292898886831004	0.01306735731759917	0.012492787626109442	0.013277478371102264	0.013277449161706312	0.013414937890095378	0.012590451292697806
goat	0.01210033225343551	0.01258942079569223	0.011249686926092675	0.012555172933707549	0.011418961714140068	0.012736209322758379	0.011532370873434273	0.012176243081676665	0.01264090088990045	0.011109692736460577	0.013443216702215937	0.013074556820824283	0.012834315321566698	0.013292945978174703	0.010881093208898003	0.011969738952870948	0.01260544653210891	0.013469844480311572	0.012036604775644642	0.012627242528968524	0.011896344281737114	0.01351657945015584	0.012234740723238973	0.013744749184204019	0.01150307858510393	0.011970733114538647	0.013347088010919913	0.01227086066825574	0.01271350680171351	0.012641195004527851	0.011320789109719443	0.012470148958790157	0.012047187969476736	0.012331467664514024	0.012455091309280002	0.011548644692945347	0.011906348573838797	0.012339478802676307	0.012814666872117308	0.01317427016018655	0.011735641166320705	0.012367944364497653	0.01212785499687662	0.013478036653679732	0.012916672940799935	0.012892600940611804	0.01262103440765133	0.01171409917237839	0.011881129165673611	0.011706669178286106	0.012376299055024416	0.012470711685979059	0.011471057494786751	0.012302962221596835	0.011356201709058156	0.01283015673567522	0.012464005570717142	0.012160777239435731	0.011698696873960463	0.013234324719800752	0.012426089696984118	0.01167284583606078	0.013263981308787823	0.01194667181497588	0.01084549235733217	0.012862082853068137	0.013387013552227805	0.011639756654277236	0.011309226609442953	0.012041383777013715	0.013694517611205506	0.012374705524607128	0.012392243718736711	0.011145938349402053	0.012311459156491377	0.012302137013006482	0.012408496002088645	0.012816571602000656	0.012642552158758187	0.011927376565139331	0.012995648210008674	0.012155936904732078	0.013755641408401312	0.013346786435416567	0.013256454102740536	0.01185650939991065	5.960464477539063e-10	0.01207100168628037	0.013309806013658583	0.012850083889945923	0.010429150355549095	0.012149448686365187	0.012956777599314764	0.011994846867567313	0.012226088747840806	0.013292292595661403	0.010780825945852113	0.012815398395630168	0.012704290331654463	0.013359556552338635	0.011676147904374282	0.01251447177950123	0.011299765540675098	0.011837207292518399	0.012215963715705753	0.012422901635886581	0.013559710336352764	0.012966078747303116	0.011802775669101467	0.011498899114217092	0.011940634190945192	0.012177351584899378	0.012804155960878414	0.011765987587695812	0.012176685642204595	0.01302036069924396	0.01185848766528028	0.014256286022953948	0.011577705252715042	0.013418007773043169	0.011884777049918976	0.012402024492268635	0.01249639666159573	0.0138741412674042	0.011258180670488378	0.012896776377437318	0.012411314849757127	0.01331781024623649	0.011754653328893994	0.012289304438517583	0.012920514955535563	0.012046235945427555	0.011690050463160325	0.01229756107105303	0.012372103516994033	0.012719117573524391	0.013332051296482093	0.01270712290889721	0.012648929855250474	0.012613756089409072	0.012056952376626757	0.012090861398464709	0.012739757835255518	0.011536648378297177	0.011795834321238173	0.012934538721381464	0.012377873954861729	0.01246739557435952	0.011954819119417688	0.012941022702548259	0.013038999084416003	0.012251871034305245	0.013004874064010838	0.012737377529042146	0.011544702973292152	0.01089789553337051	0.012666178528657692	0.011031506756829011	0.012671926161157372	0.01324406853702196	0.012416897049128617	0.012539153698311031	0.012527313909712961	0.012612874824609877	0.011172895563425404	0.012768850477018536	0.012605082043574129	0.013436335197004368	0.012294304723492371	0.0132741523653965	0.012048628748727148	0.013003635684470407	0.013134078712961725	0.012912658009082107	0.011655168042936174	0.011507342367774745	0.012209876144378238	0.013592509996692386	0.012217992657531934	0.011508484311361413	0.01242464988255751	0.012110317099423848	0.014069214024740468	0.012092731495930396	0.013807135445211846	0.012554674504161409	0.012507250161585779	0.012430051450081952	0.01239543179648922	0.012191896880117202	0.011949793320900952	0.01231976051768682	0.013349590086790044	0.012716748129967188	0.013968371830671202	0.012534912569882387	0.012588620732789761	0.011263829902122335	0.012441010863070694	0.012352691973423348	0.012210096988462387	0.012207929855622563	0.012456049470076313	0.012806598899756477	0.012488268892030948	0.012453149212022174	0.011343776462774872	0.013501164190002642	0.014324678923745695	0.012489637336236686	0.011214769798646287	0.01223437660104697	0.012940589817188333	0.01184983183695094	0.013731834833086426	0.011980998357629245	0.011684952470156787	0.013663766163894224	0.012887845387313208	0.01287000670983681	0.012478935386068583	0.012531365215971414	0.013378994777277366	0.011779229358702783	0.01405035500739742	0.012238525127961085	0.011863645486889809	0.013059066644174479	0.011472063151502808	0.013581080161481584	0.011596677260736567	0.01208252813047512	0.012544604902977652	0.010895513645522582	0.012994022540077827	0.012222289757995625	0.013063012338308245	0.012313678700001109	0.013159261916286434	0.011795908240872266
goldfish	0.01117321254879159	0.013531353045838548	0.012136246896577517	0.012539109053661861	0.011331030259326863	0.01255430606177802	0.011688926263780524	0.01224308007427942	0.011732161495694166	0.012514977548647223	0.01342607328881567	0.010147379487870945	0.012809778269702919	0.013258293235609035	0.011428882180192662	0.01061397785330121	0.012490522369013603	0.013232761287067464	0.012171337919677236	0.012446616427282186	0.010466810719156805	0.013439236647460724	0.013176006485855405	0.0134433215117269	0.012735760671992105	0.012119358612389757	0.012975174340746933	0.01268480080683198	0.013459898663981005	0.012033160863133496	0.012586838105648014	0.012707684583948265	0.012209560352703857	0.01385917548449396	0.012410693176582957	0.012398337168515818	0.012181317954797424	0.011423261198800454	0.011586002174359096	0.011107791707322878	0.01277522405259128	0.012873835902839435	0.013033433171937295	0.011712783983346835	0.012846985770697962	0.013221159334757749	0.012306834763231246	0.0112792530475322	0.013230009390011642	0.011243571972563864	0.011806929423965207	0.013133514750048671	0.01104065160766268	0.012085303748936984	0.012208669647448656	0.012147553919373087	0.011646151857253217	0.012538174348350962	0.0130221553570189	0.012262818319159215	0.011455092101270038	0.011943826594611042	0.013033642477953196	0.012363176322854512	0.011450141902578172	0.011967501536712355	0.01324300263561942	0.011863206407302847	0.011950084480272708	0.01242403358620971	0.01397417854781378	0.012940607272749064	0.011145676427703213	0.011902982449318955	0.012289030560477008	0.013411966079360703	0.011425928930209018	0.011672582550112012	0.012568865007031091	0.012161440108275808	0.013357541919143859	0.011890377240295355	0.012066049925288556	0.01109783084190196	0.013646013621637426	0.012108900249128675	0.01207100168628037	0.0	0.012769407847568066	0.011983547821231224	0.011455521177061006	0.012513842336619474	0.013152162408254913	0.01302497046684975	0.011482230487378843	0.012111427755487514	0.011748428957073035	0.01302078096803114	0.013432380100693388	0.011941943930317798	0.011842094345908494	0.012790386100385515	0.012012857590561926	0.012004450635336577	0.011645689290919099	0.012682975845060833	0.013497066656736419	0.013573878290918209	0.012760249262339585	0.012219136018820414	0.011399567080542352	0.012058786668330976	0.01079295152327629	0.0101172772917771	0.010799696797953184	0.012899706003083856	0.012286438615649091	0.012915081706783314	0.012577061383256101	0.009067905115437253	0.012588473648685374	0.013297797831263319	0.011727264093656273	0.014576844055119864	0.012596419299495655	0.00913023957391327	0.012045743180864236	0.012989029901418005	0.012238942197727032	0.01294483717729131	0.010043434777433803	0.01324132958541086	0.011794518337149968	0.012937872104493507	0.012669033905013278	0.011332592809351989	0.011676393825198549	0.012347323623244796	0.011689929079731026	0.013472679698101517	0.01010539828722592	0.01192608742075297	0.012546503511037478	0.011389816522550715	0.013395162755827528	0.012558811464435887	0.012847812346392106	0.010218122749322132	0.011990940321298939	0.012749915762112141	0.012599095336723128	0.012055430620606123	0.013175661442079411	0.012676375366530102	0.010530411501215014	0.012342877576845285	0.012378761194502454	0.012736604620674673	0.012647604318991212	0.012809362063613557	0.01310224677529615	0.013251073684161443	0.008747288550946787	0.012839362617072388	0.01212068573416706	0.013078042578307218	0.01293231038901496	0.013237195716810774	0.01281400483267826	0.01208887780932627	0.010541909379615695	0.012610700343374802	0.012565247873502083	0.013317013949822766	0.012757470151853684	0.011748284175228618	0.011537028456253587	0.013303241423058625	0.01178992823039619	0.012285849778188035	0.01269484007398606	0.011489384495569006	0.01355170465997114	0.009813953120910992	0.01289211487229424	0.012585701751963895	0.013143652013369245	0.010444961453151267	0.012263606379044492	0.012505929504911226	0.011738850272814827	0.012943432265578652	0.013764862549149562	0.012254431284744172	0.01305488348949158	0.012920234898996154	0.010790747978893763	0.010979997182410224	0.013272622428162842	0.0126001826670561	0.012418664969345522	0.012039641580840062	0.011786479846094171	0.012131064678864023	0.01246072401734937	0.012106187171883635	0.01233851386523088	0.01138433032629118	0.010540954344986834	0.01267609867227647	0.011431527837695975	0.011345343075604458	0.01287588519676347	0.012262827827832643	0.014055295013458015	0.012384221950173085	0.012841879863035225	0.013507567879764431	0.012235362852570833	0.012734313400087795	0.011204683702738577	0.01216520096159107	0.011643909451168045	0.012445824842444156	0.010236532527067056	0.011693637237691245	0.012012539917583427	0.014079091995648923	0.010810374824277937	0.013747299522190424	0.012233309786765446	0.01177617312779235	0.012317989890676045	0.012588274435611961	0.012871922771521636	0.012075297121745224	0.012094488305643147	0.012227071045490302	0.01371967593143965	0.013288013796374483
goose	0.012883068216637593	0.013680428332564575	0.013244083040227282	0.012820640305254333	0.011715454411876262	0.013473937886848586	0.013061950999108188	0.013740113666933977	0.012839184322182323	0.012917486923004741	0.014668052096584916	0.013333204887170668	0.013115611835743009	0.013843590930188885	0.012989904452126031	0.01302802342023863	0.013810130480884355	0.014037954460416701	0.013080465296481554	0.01145319475278124	0.013108168233566173	0.012520343802162649	0.013874742126708724	0.012533525877230382	0.014031676788846252	0.012478089047825564	0.014100872412494057	0.012567626443480218	0.013381568239533586	0.011680840402599469	0.01278295937920462	0.013764717314399686	0.013156703846197174	0.01411199910590029	0.013560329526989084	0.013225541100848446	0.013634850675697188	0.012490099224272378	0.012822923022320232	0.012660909512578975	0.013186267240932283	0.012699065138384752	0.013278269484927576	0.01307075013976078	0.014189356673471359	0.014238945117177765	0.013132531942057187	0.01301427873655774	0.013460264169725192	0.012239799230175945	0.013308034218698044	0.013695670648276896	0.013463721232478677	0.013246609493447685	0.013942875081415325	0.013332941381867696	0.012968416672572305	0.012490976141479567	0.01340249827929975	0.01292559474087597	0.011455432893768096	0.01320879298806964	0.013689242503001315	0.012881014099027898	0.012051314467451123	0.013613951803780742	0.014744881534298529	0.012287840053914326	0.013124281826706748	0.013025479013258956	0.014674749859918625	0.013176366925882518	0.01218221582193053	0.012464051677472672	0.01388203362272191	0.013160378637397087	0.012409877371984335	0.012227247649365143	0.013199815842909619	0.013225179666318112	0.014107958607645273	0.013596726970304509	0.013546083642708862	0.013626778165238244	0.013895683836080659	0.013227198244262934	0.013309806013658583	0.012769407847568066	7.300048299977713e-10	0.013011115642672948	0.012034475558752667	0.014002927137498703	0.013170423679543332	0.013772197609537257	0.012805547513810972	0.013800781480295465	0.012174607172499146	0.013425569380604711	0.013636287985487409	0.012747389950244443	0.012663567070295912	0.013657845059436536	0.013240981750400201	0.012741355815808597	0.012295381125037513	0.013667029061312596	0.014517617164597247	0.014364735079297024	0.014108743005861813	0.012896517795747152	0.013051844600812273	0.013464636576740963	0.012461359338213773	0.012563839071515514	0.012939460977564017	0.013339684464727558	0.012536113575962406	0.01347445835177371	0.013824363198712952	0.012528915781066909	0.012799175231725864	0.012942549199983854	0.01226564758547515	0.014240581380544366	0.013619390467708287	0.01258066888690493	0.01260654251729361	0.014427707121643112	0.013254307542587815	0.013223480548923078	0.01288590487271633	0.014285918502209994	0.012661684824354275	0.013318137992187937	0.012827036987799731	0.012649324827170799	0.012756481976755649	0.014080729582130302	0.012603627210798668	0.01341746681425009	0.013612577688373595	0.014081148111819663	0.013326959398027251	0.013127437769254218	0.014276721807073688	0.013231904874665966	0.013917305481280055	0.0121584240364923	0.012436788690349598	0.012915109174871537	0.01365562569555431	0.013192389668353663	0.01301292946358785	0.013116769168235733	0.012543827515819261	0.012310715277764587	0.013508394968146145	0.013547209644003952	0.013738265875222361	0.013949529833233155	0.013072583038333823	0.013053035515155863	0.012533051462573599	0.013258429312142082	0.012985468450417195	0.012696663976633828	0.013255316420343279	0.0131084414570037	0.014076912317762065	0.013109164812790033	0.013259228662113242	0.01344517442495965	0.013526332984496839	0.013760108864503018	0.01412144453893474	0.012284095763261059	0.012596842332226044	0.014538907113957946	0.012890666324029436	0.012995857141477359	0.013098011938823848	0.013359804024163854	0.014783201069936296	0.01223206513294002	0.013539944615879939	0.013763544965373933	0.01321108470177313	0.012245276940750798	0.013580292153651627	0.013104138266754108	0.012867304228024663	0.01415091778702213	0.014259444347854255	0.01243136931940796	0.013656380087564786	0.014245566535579582	0.012482829172470743	0.012335011398872253	0.012505180632609674	0.012239528253877691	0.012951234282313248	0.012939414174682352	0.01427568714378456	0.012970685092835936	0.013991980535661166	0.01323647705743442	0.012785621826246742	0.01333070395243025	0.014361634799538742	0.013166845999287786	0.01270156775943194	0.012066846856119922	0.013831658257000293	0.012662782508715253	0.014929118817210816	0.013704364994370635	0.012831717372520873	0.013899004794769066	0.012464475960307959	0.013849469543886767	0.012382778755591526	0.01234105418334887	0.013816619164161213	0.012618308053387737	0.013045755231016653	0.013766411388298412	0.011798142283014113	0.014407092475329538	0.013342923829979321	0.01362064704468992	0.013588397030524906	0.013925513716306643	0.01215755512842754	0.013226064162988986	0.013267349708848623	0.012969453859857386	0.013581127295575804	0.013025994297719579	0.013670456618855973	0.014088602230217963
gorilla	0.011463871889354596	0.01317513923931211	0.012477565549361122	0.012555666704167493	0.011894056867557162	0.013166866800591677	0.012056081680143202	0.01321813029276683	0.012905160862404874	0.012754123506254164	0.01280650826113387	0.012587341055186708	0.012126694593784779	0.013095189144008779	0.012281780083380198	0.011670673438906168	0.013319016061421385	0.013641923518190229	0.0112045876403277	0.01291721058334282	0.012541252611317104	0.013774960817118874	0.013316540220224644	0.013752484121007045	0.011277492761083812	0.013115967717800959	0.012218102310019928	0.012826450735797327	0.013097278534208633	0.012926481473939384	0.011705408095071394	0.013936932680249153	0.01365114088618028	0.012989521089235597	0.011103750599857423	0.012629405209432638	0.012496105498407526	0.012271278687144758	0.01244728408319614	0.012708095455751594	0.013637508138283117	0.012787411143998175	0.012121091461722008	0.011064668595036879	0.010243367629930231	0.010597561906591987	0.013174271735821159	0.012325366638009767	0.012822492056078447	0.012976768629837779	0.012488351515850976	0.012886457184377906	0.012849954077259852	0.012646417629385254	0.011598179596882235	0.011666870220237054	0.012893210405143947	0.012077384963193105	0.011991856316821516	0.01329406325432962	0.012317708672875271	0.012023329793852513	0.01174561823508238	0.012245906449120617	0.012463408438934136	0.013693454108006216	0.012898271811678668	0.012305427092360245	0.011849100745280665	0.011729721133957906	0.012868732078166623	0.013134715705976846	0.012157600537984157	0.013212749229502711	0.011588478732378872	0.010877432612845074	0.011782637618191373	0.012579703195043588	0.01215049580233102	0.012498738074289015	0.014153925624320612	0.0119041575096436	0.013669016209279666	0.011545765273545497	0.013202387528876224	0.012672006556981332	0.012850083889945923	0.011983547821231224	0.013011115642672948	0.0	0.012593649352620539	0.01156228171900799	0.013874294957758555	0.012951058546039944	0.012049612815548772	0.01252803081457916	0.013293711819563235	0.011816595610779922	0.013435908447236806	0.012459943681707166	0.012150857976559515	0.011759994613047149	0.01289293239026353	0.013779731182287909	0.011908033957255822	0.01130108820051362	0.014243360421922997	0.013302663305005413	0.012253533188674363	0.013358411454223604	0.012424891888987351	0.011591822166501155	0.011954617989768516	0.012959058664616057	0.010758628004298174	0.013262892013544976	0.012510111576843225	0.013404207024910502	0.012002239413145351	0.012563621679871682	0.010893489254997413	0.012066542952564142	0.012582992994600316	0.014684437603281768	0.012302178176061105	0.01306877874085313	0.012019775392455993	0.013901711147321716	0.011322598333247615	0.01257847445524226	0.011625533053946136	0.012520580299114592	0.012279474428163361	0.012334318895096522	0.013171695520451691	0.012723794517678345	0.013241815581817917	0.011494702541632545	0.011457236848949903	0.013348102126525103	0.013064013035231881	0.011423848890510182	0.011874873359481439	0.012213428405934597	0.012955039358562124	0.01217802693070304	0.011815602906116475	0.011533074805040629	0.013483681023398173	0.01312417007947174	0.013446522351576158	0.012345625325962837	0.01242204499407509	0.013295644989195651	0.012316965727954522	0.01190347528192516	0.012923841483984884	0.012198393983021926	0.01184490923498151	0.012458531979974614	0.01293960238303413	0.012658445949050008	0.012046090593235076	0.01235218617608165	0.01137610331951468	0.012320735377750686	0.011887375592068556	0.013036233215087517	0.01257164998537392	0.012176643271728661	0.01168100511048747	0.013398638307303833	0.01288526329893253	0.013123224451240671	0.012553096472294403	0.011704273929156175	0.012700621950083247	0.01376693740258987	0.011715843263033616	0.011967523944128398	0.012414929629664546	0.011807242283344333	0.013970606589973272	0.012804260152166003	0.013209106938668795	0.012726398156273015	0.01342292277286847	0.012973294520212772	0.012290898260720624	0.01238678674372033	0.010672611958709222	0.013123177066059694	0.013716233113243501	0.011933647516716503	0.013091474749860157	0.012570408830247383	0.01312705928116957	0.011902741595227742	0.01252088029038529	0.011897754847450976	0.013169032333203799	0.013200151257103172	0.013457518259367236	0.013140397412225408	0.013417943136711241	0.012476899172340974	0.012558121437826197	0.01261639404989428	0.012426902687346303	0.01320228473823609	0.011217140330679746	0.012119968237178232	0.01299709021268512	0.011655459293153671	0.013880582422926953	0.01205569452766042	0.01288778048596101	0.01295988984074641	0.011975434536051576	0.014012695446074792	0.011894130323615242	0.012884069335679947	0.011534064067622075	0.011769527187880735	0.012686182803568806	0.013127077330586759	0.012347887365244286	0.013862551207126185	0.011559344397037903	0.01384291639905555	0.012423842724916432	0.013100766124297347	0.012530628702486453	0.011844959862987121	0.01287655438160174	0.012898433255419587	0.012638615622428016	0.012476922965634261	0.012735514544053665	0.012942524019256387
grasshopper	0.011809684565969836	0.011369126373112097	0.012046084076775845	0.012417251277767015	0.009756391308952277	0.011618826617700622	0.011661957723482712	0.011537144376778703	0.01131194124915276	0.011566449648108254	0.013690697047795694	0.013490898446602608	0.013199712760084638	0.012854292271881848	0.012233390023555658	0.01254136159222497	0.012227282766115894	0.013382970101507623	0.012696878185868194	0.011478529890521625	0.011923762346257161	0.01324018867992807	0.012545202672825748	0.012658447561934395	0.011419339663114361	0.010543458005148618	0.012929240819898496	0.012823414887476636	0.011664770771319421	0.011022787609675296	0.011662436481437928	0.012742190118256867	0.010887026565123773	0.01326304063044168	0.012682396099638607	0.010661913166633199	0.011687301305078113	0.010762750488288073	0.01273462634123062	0.012554633113277978	0.011061829602853178	0.01036666776109163	0.012355151968724385	0.014070453258032514	0.013475051002287216	0.01369854227362441	0.012013192328316703	0.011436944101860474	0.01259540879740429	0.010789253221111685	0.01305747861474346	0.012759966113266004	0.010661312719023342	0.012712716457456967	0.012381384476322674	0.013121289533327862	0.010573785392560564	0.011609367538583519	0.012240406456024502	0.013246525571691236	0.012113332172104231	0.012641565047987934	0.013382017120133866	0.010573239948711533	0.01063379437426415	0.012471707411315343	0.013392267074110255	0.011827606815310586	0.011980379063303341	0.012649224817262416	0.01401244468312997	0.013315247405206579	0.012346583950401266	0.010850339169793442	0.013060439629672786	0.012759753748590437	0.0125973642115502	0.01257089077203406	0.012269923215808831	0.012435101077280322	0.012999788233767398	0.013006525670444757	0.013516793603730688	0.013655251018428054	0.013919928787155549	0.012205656003965972	0.010429150355549095	0.011455521177061006	0.012034475558752667	0.012593649352620539	0.0	0.011853698840597851	0.012818890813686885	0.010354789582368391	0.01122665128568014	0.012408442348474642	0.00911178869816352	0.012004372490412363	0.011178787112994176	0.012323401915182719	0.01167981684245021	0.01329192817075358	0.011256396106322562	0.010315683934804016	0.011560917333256905	0.01291678068437436	0.013341258440647359	0.013762158195378233	0.012606561492462294	0.011682409360340183	0.011328690123504898	0.012665099821762194	0.012083769239741417	0.01109228055639268	0.011961130366324202	0.01233070052193143	0.01173134734091239	0.013196850115671566	0.011313523303217254	0.012390061425764168	0.01276070308374512	0.0122583538112279	0.012447057604272345	0.013308795261535025	0.011571813281537635	0.012270406431181206	0.012376181836196303	0.013619449265642587	0.012317191444539698	0.013357721703556247	0.013256278068232813	0.01262501856477928	0.012486964836808978	0.012789367860167268	0.012082336866045143	0.011584409540834298	0.012490430337809522	0.013261161088742668	0.012074316458324725	0.01306473812758211	0.012572408769798442	0.013071141698650797	0.01262780662420717	0.012209329479500033	0.011674894556422333	0.012952067739865746	0.013638410746560697	0.011682853000256663	0.010697277312487517	0.012274063222488767	0.012231477193826466	0.011716518860691336	0.013274090377439225	0.012590193886784829	0.010713174791849061	0.011449078147514695	0.012778840869672068	0.012687757636383287	0.01264460661308342	0.013587382382961467	0.01306347490762145	0.012446256229584129	0.01100920451382607	0.012053585641921194	0.012411202086620412	0.013384643473862833	0.01345359427829279	0.013230784441340343	0.012811856648946495	0.013347685359205375	0.011336922173596513	0.012367721033559882	0.013223790535404971	0.012652663658264243	0.013343811077589411	0.011751306638995937	0.011707436367002371	0.013353649746014017	0.011051615210541795	0.010694592774763029	0.012818528008765276	0.012247861738073558	0.01337960673872849	0.011876861682874324	0.013734372480078192	0.012534414352702266	0.011488990399234029	0.012313111307725588	0.012427840211293497	0.011964165527284966	0.012199987232566843	0.01266905232967566	0.01358955330036266	0.01177464799227992	0.01258613126729491	0.01257478066256165	0.011438860111395287	0.010776325184758765	0.012434028660542053	0.01269184285128474	0.011028084433479001	0.012345140466026784	0.012505142773571974	0.01107845552886342	0.012856185897074561	0.01211896697189294	0.01200533974743139	0.013449476802928555	0.01386866882084752	0.01294769112954022	0.011970677153756732	0.011588084902313875	0.01251255420934758	0.01209374747313172	0.014396676405717903	0.013203490420703233	0.011286378432688156	0.013074980004566757	0.01267869283483589	0.012164785287157405	0.01249009977490329	0.011962078352671553	0.013364189178776185	0.01096863619597721	0.013051284962277485	0.012755135470851851	0.010989486392716095	0.014180537485468865	0.0122560569899853	0.013486111549630107	0.012200932210449615	0.012766867718808517	0.011815401791222223	0.010405898924901466	0.012479269305244393	0.012223650067672578	0.013626156898313549	0.013170922425446381	0.012658811048901444	0.012522307190017465
grizzly_bear	0.012672490341336173	0.012608563111300305	0.012201502547527731	0.013384019302644705	0.01113573327117879	0.012972759371029475	0.01164903979446163	0.01274864289451546	0.013119539710070169	0.011837565501748928	0.012820416283968907	0.013299902740749641	0.011792114480429097	0.013718439500663966	0.012829066598182042	0.011702050515251788	0.013284672320222528	0.013354129134095182	0.011424420512568532	0.01313840669996361	0.011715065288375794	0.013800667680000343	0.01261866334510891	0.013603241530038007	0.011463488243864596	0.012627121062850556	0.012052149100066016	0.01315966165606107	0.012792066278335392	0.013314857295032448	0.01217189260098627	0.013611270536481337	0.012977527838124043	0.01292107472456685	0.010828501994496724	0.010405241680262639	0.011687216318249259	0.013017362801082061	0.013519050246018276	0.013040319392630093	0.012753446507549336	0.013043524484311198	0.011942874178546945	0.013214502442224923	0.011651721601494107	0.011757006616444436	0.012632037637626436	0.010916861748036221	0.012534884803931709	0.01232861886732322	0.013871619534470959	0.012206566837348656	0.011533327149776817	0.011972422589275535	0.010724629627138431	0.01188688131085308	0.012449049545522664	0.011809182724861516	0.013040895094764225	0.013460537391270382	0.013234640183593452	0.013107849533235866	0.011682923945546802	0.01092557678341945	0.012404970649902767	0.012139023585883141	0.012465488554672086	0.011799999817378807	0.01078449037747591	0.012379922836780204	0.013891752191632547	0.013882386390279009	0.013064703007618082	0.01171614315169937	0.011325791634393102	0.012429953534477196	0.013018653663692741	0.013676121846506134	0.012963036522108473	0.01235798598883671	0.013795312471980355	0.012418475471350787	0.014234381644869308	0.013299461450942686	0.012910022175556953	0.01330865048300222	0.012149448686365187	0.012513842336619474	0.014002927137498703	0.01156228171900799	0.011853698840597851	0.0	0.014161897693621011	0.011605136819243524	0.010825621835102488	0.011968813894196795	0.012186771021843098	0.012275324205387883	0.013198404019722361	0.012916689009324068	0.012582093580555754	0.012473874103562287	0.010769901453860054	0.012135079447124976	0.012104549360752845	0.012713411155762402	0.01302795143475949	0.013191310271001143	0.011628513505765787	0.011446859778246703	0.010931484785858843	0.012614022741479151	0.013193855406653403	0.012645457188789259	0.01168880517820019	0.01361324915070379	0.012529914885731169	0.014036006681221451	0.009986125390266987	0.014222559668138166	0.011400902547915606	0.012481666882899603	0.012627681325253786	0.013657399495546532	0.01173290144371026	0.01396600528426793	0.012234335208654074	0.013301672713781298	0.012919412144733872	0.013486509365526806	0.013361447023850899	0.012173032244996192	0.011159938170369628	0.011974813916900705	0.013236340831515122	0.012994129246979813	0.013666588622754312	0.011741883745466248	0.012766015747207028	0.013259881150764423	0.012891506955877112	0.011668067132737284	0.011065937987925482	0.012159799524425294	0.012371026454823115	0.012373212378544184	0.012807067747053027	0.013264656548497481	0.012101029293885257	0.013236158869103003	0.013022924850579123	0.011673064145759313	0.013613613571318833	0.0136450871098899	0.011795435732855204	0.010481448919989193	0.012484799529917054	0.012523875928800589	0.012439601098846316	0.013136888077345279	0.012785893617309908	0.011478562913760502	0.012930056842165699	0.011935179528187791	0.010158903089255534	0.012760411953800472	0.01188003581858353	0.012876188978749087	0.01259888891486501	0.01389837927242045	0.01219853021466849	0.01365230766848077	0.012811569819722389	0.013509915793530957	0.012988854161700078	0.012383376908744654	0.012557736887832283	0.012610308716351618	0.011815041273562019	0.012688064742169727	0.012066239018178247	0.010309615038829377	0.012928114447393167	0.013346744850555526	0.013506690379523668	0.012794755736705965	0.012566610731752893	0.01372366011768298	0.012150254881885774	0.011670883269806037	0.011163425860549829	0.012570271139997157	0.013115964067846996	0.012044551719495178	0.013164154617198413	0.011197723790905096	0.013517264594079322	0.01198627582421451	0.012482630521850446	0.012661609253868375	0.012917231208599311	0.012807012044165265	0.011696840297552778	0.013249097714327456	0.012600065766467616	0.012324612154789201	0.012085404144378553	0.014353869682047821	0.013684384591531618	0.012448323832414138	0.011297634028318137	0.012228810814060836	0.012734407714962646	0.011739325561625774	0.012948277301147162	0.012364978119731923	0.012310752008736096	0.013382705438099964	0.01314419942584267	0.013761598073017857	0.01255174340716279	0.013098869378468912	0.011763524690861296	0.011213625623458423	0.013883237928114469	0.012240189793859005	0.01316581204832127	0.01463976092720762	0.012114510888845102	0.014480103827186896	0.012751779433394825	0.013055118141604743	0.013298139815848174	0.011688511960577064	0.012458980110151069	0.012167274028041495	0.01314990681218338	0.012574395724679057	0.013610108008944456	0.012149230124071235
guinea_pig	0.013657037136673102	0.014131051782810527	0.012769541666123312	0.0120051897744013	0.01213011784504963	0.013377893546794275	0.012671171543412494	0.01268210951393643	0.012771979003013077	0.012001148968324708	0.014062082027568009	0.013394182427181194	0.01299647969652278	0.013395655719370164	0.012615916638644996	0.013413588393232978	0.011964180680175053	0.013130966067522547	0.013158601932135668	0.012154267633933218	0.012781114043601178	0.013129611210332596	0.013445392894098206	0.013960005287720631	0.013760990578916405	0.012966865688514238	0.014010347080837215	0.012790310606663897	0.014633452228468336	0.010447241761974944	0.012539368361274263	0.013767209014537613	0.011006402285175472	0.013312601186621151	0.013279422908569505	0.013609194739388908	0.013041380221891196	0.01357259518039477	0.014201759340615388	0.012866114837184693	0.012790399004179163	0.011612258313155897	0.013056820815684237	0.014195748429687927	0.013157324640204155	0.013389754023325236	0.01264025494282393	0.01295756832433417	0.013175726638220999	0.010312261237221464	0.012508858216110485	0.014137771872040001	0.012486097679021958	0.013854760791989171	0.013014014900027493	0.013508563896174884	0.013111758659064212	0.01285160019251265	0.01340170061985401	0.013777364397468943	0.01243632022295589	0.012170570282210844	0.013690336275922935	0.013479174603287241	0.012333206843396567	0.013504716658434406	0.014250371176579204	0.012314994921184472	0.01366403248101381	0.012894453137808229	0.013290952454526953	0.013392105580947807	0.012822562898879166	0.012738323926785962	0.013162700351526295	0.013081720599215862	0.013304800226072335	0.012940861772027213	0.01262292164950464	0.012370282387862143	0.013932122083678477	0.012602523598281132	0.011970282715511925	0.013618887620876867	0.014018058341802904	0.013080174644820353	0.012956777599314764	0.013152162408254913	0.013170423679543332	0.013874294957758555	0.012818890813686885	0.014161897693621011	4.214684851089403e-10	0.01408239505279033	0.012072342156330422	0.012647784377487344	0.012332566102567723	0.01441973249322819	0.013868414455901184	0.012758478230454132	0.012266072016717651	0.011798278073272904	0.013575026169327256	0.012830225810871381	0.012610573166192645	0.013966342489172431	0.014902465414422084	0.013401736074874309	0.012910090856256232	0.012778774021129773	0.013321117656216575	0.013494756759272806	0.013099818659187423	0.013041110384388347	0.012122637263791185	0.013008763586272952	0.012369906520120787	0.01284620086647443	0.012709006422147258	0.012454483271235382	0.012452597406194648	0.013761819980607574	0.010982109158754026	0.014695838300579925	0.01307799667112147	0.012791399874536466	0.013369318434982316	0.013971040535896982	0.013436368581244173	0.013322666471938232	0.01384404129683607	0.013930103495048111	0.01322585039687874	0.012758332578963836	0.012511528714209607	0.01206933664394077	0.01316812954864756	0.013390005762059636	0.013051167689554038	0.013587380836338057	0.012661316318455356	0.013518314843936039	0.01346370955529845	0.013420871818150472	0.013836080268134704	0.012592070353271272	0.013703720000196658	0.012708017182303397	0.011717496725801359	0.012944741201958218	0.012043327552038312	0.01312750279716678	0.013404024485652833	0.0128715212780109	0.012620473851406664	0.012546213011513437	0.013597659623075537	0.01263088511736018	0.01365316153724656	0.014139608685058416	0.012317281641717213	0.012370215493143256	0.012489766812722928	0.013813023507153117	0.012967587819701335	0.012860352772149065	0.013252541330722102	0.01452751007410361	0.013809647257668206	0.013669152892445408	0.012325215231331314	0.012993561917109575	0.013655737428430901	0.012848916024875898	0.012915899682347805	0.01206089995160849	0.012499038215685345	0.01447596473589326	0.012177620184780944	0.012733552500789525	0.01372701085104736	0.012457367652912148	0.014574266318218301	0.012995196399499446	0.013014832905411396	0.013388238868918855	0.013337625201028354	0.012071531918289498	0.012772867343745695	0.01296780880274971	0.013154903285047854	0.012737384001598913	0.014218957869780263	0.01317384369085642	0.014123150605304136	0.013800229936768873	0.012255928813515189	0.01226118004207028	0.012104454690820696	0.012900363087565855	0.011272690803036313	0.012453493515782796	0.013602029061800152	0.013901068859592374	0.013995961513186503	0.012539385047701771	0.01272739572308214	0.014228538983093366	0.012803253641844148	0.01254392953621437	0.011936523595047807	0.012658029376470592	0.013737679675876408	0.012994372476452949	0.014371856616998763	0.013319931309687108	0.01144207615649918	0.014241200809287124	0.012634193044717985	0.012344749718580204	0.012708961120166668	0.012669620446300154	0.013500080587743532	0.01355715982018565	0.01294322650863116	0.013046613608268937	0.013132935327704091	0.014453756201617067	0.01317011470966855	0.010900284754688041	0.013300116265465733	0.012505382874842175	0.01119884722991662	0.013522263394117913	0.012960036581068802	0.012352822483823142	0.01413490228272714	0.013284457594958459	0.014673125661859479	0.013521169023612117
gull	0.011795908125298427	0.011691041944258735	0.013188870462443745	0.013369786317786807	0.011921011465803372	0.012649412027509821	0.012126649853907297	0.01306123646980965	0.012556173014792343	0.012594667641566972	0.012944753326585082	0.014152854684492677	0.013549729890003366	0.01382106800726435	0.012696150639719959	0.012986579926819284	0.01328984489651358	0.013550621519631562	0.012357108897459808	0.013125710508975154	0.012421170429906482	0.013778644931921323	0.01279750742679927	0.013270501655347959	0.011349891903100082	0.01208263160042051	0.012441767558049814	0.013453400152189822	0.012129164549595775	0.012898222307281642	0.012545299914269115	0.012639651047452856	0.012682817927215548	0.013633777439318756	0.012415844944594225	0.012030405295575504	0.012409645659410566	0.012634093815722745	0.01363548516173082	0.013283399930846186	0.012087525106748508	0.01267521464846423	0.012610877611694653	0.013764782393580111	0.012768432888255982	0.012887358873243377	0.013130177447292217	0.012176513482320255	0.012494184154898754	0.0125973395656978	0.014296882200355625	0.013047062191606644	0.011539288201123267	0.012602465140760999	0.012722265693999382	0.013295160172386527	0.011316385447901877	0.012431321517492898	0.013073819338401077	0.013396312470680977	0.013609520439044781	0.013085964858819032	0.013258262414772166	0.010344679438514599	0.01274792537351799	0.013142288139670286	0.013282608184607119	0.01303146864434745	0.012495296785324269	0.012986527101782544	0.013612183775722313	0.013361271532971382	0.013922903052501072	0.012049428688290538	0.012731890175937417	0.013195381176092218	0.013657552398254828	0.013579135015434823	0.013656502107876986	0.01307782328522606	0.013873677243316838	0.012877957530739345	0.014321816973581538	0.013488303188622057	0.013859225015735908	0.012745747016703972	0.011994846867567313	0.01302497046684975	0.013772197609537257	0.012951058546039944	0.010354789582368391	0.011605136819243524	0.01408239505279033	5.960464477539063e-10	0.012023024353204516	0.012845370357903911	0.011519553583948086	0.012587389309198551	0.012376323490853412	0.01407484062766522	0.012454828533505456	0.013170721739233338	0.011151222408212398	0.01210814821733155	0.012583128207548358	0.013454370418667871	0.01343701391198236	0.014323447637949738	0.012802881673000277	0.012253801118043566	0.011650992918541563	0.01241556375510341	0.01286231923596489	0.012895283341876517	0.012524044217588699	0.013284593741533133	0.012470928916481373	0.014005901508212468	0.011977122574108606	0.013719183142629458	0.013025978580766666	0.01297382018583699	0.0139114355767953	0.013412152122059975	0.012479435814653488	0.01348412948772838	0.013073336010525792	0.013467053217432157	0.012861099361030106	0.014046283127348536	0.013661452812583767	0.012056900072996092	0.013215804096387751	0.012937440123587843	0.01323607854270082	0.012986816587005871	0.01340693204227398	0.012785436520928619	0.013130049248297646	0.013714670112834438	0.013340184996543663	0.013007705074286238	0.012708839146865325	0.011974250250106021	0.012070158652500806	0.013348709814224065	0.012907118014311538	0.013234452759426998	0.01197237501948609	0.013911367827491661	0.013073771251135863	0.012225915647902558	0.013441022046685984	0.013328481976042588	0.011607415681620185	0.012148517519219065	0.013216469750443167	0.01239387082359323	0.01307088285255397	0.013289643726227764	0.013318269823060069	0.01301893078816642	0.013196275005406361	0.012270798224304822	0.012296989217254407	0.013466981850595416	0.013534534632621617	0.01390974609003013	0.012731709252008862	0.01385510265563901	0.01219228176413511	0.012971402903944263	0.013035153852788932	0.013757524412828204	0.012817688570100438	0.013106522145583414	0.012160095191699334	0.012818638132507004	0.01235883530568632	0.012489133148047428	0.012649592885061402	0.012115048918765626	0.01335284020389944	0.013505035120433379	0.013838857800737299	0.013134398938166085	0.012363335238246329	0.013771244051385053	0.012630678167669787	0.012187832320486116	0.01217136960228906	0.013268348431156984	0.0134832301242016	0.012563554651964886	0.01332518820518447	0.012692895757975052	0.013440224552142437	0.01193260561801154	0.013178340678590243	0.013003265385765872	0.012299668137287834	0.01312424072184069	0.013019727032520611	0.012441057913356406	0.01263759459765566	0.012247980569896413	0.011799276727475452	0.014463582262657862	0.014044397490479787	0.013214933786860122	0.01198532197226311	0.01284710832519796	0.01303743528190831	0.012775926309030784	0.013915140791861116	0.013051858294028197	0.012757981486332426	0.013337370288113692	0.013817743405567	0.013779579392928882	0.01335426757426351	0.013247774969925224	0.012965243533781564	0.011450376031567469	0.014034338287642577	0.01324647902542622	0.012059001639076066	0.014233978781754064	0.012982870460111165	0.0142084802685383	0.012118306345533892	0.013674621358769257	0.013636286312630435	0.010546944390638	0.013649604140502354	0.012675836114563748	0.013355516542608727	0.013479667966234463	0.01355397978587606	0.012815528971236364
haddock	0.012308711917795652	0.012939665129086342	0.012275039719444193	0.012163866241087744	0.009839453860498244	0.012892589599761663	0.010965969909069687	0.012138033435149884	0.011522584804689737	0.011036330771632998	0.013759457771319625	0.01319422449432106	0.011507519591672274	0.013227088237619887	0.0113605814453302	0.011845727867913863	0.012695732881775943	0.012693512126184947	0.012397674247439032	0.012121154818435597	0.0098720166804591	0.012773125542379114	0.01194700281640358	0.013162956886760044	0.01278869465943432	0.01207454159861143	0.01260092912038685	0.01068911977474564	0.012826815086472964	0.011994750697849695	0.01118012519246647	0.01270942075714075	0.011944268503915969	0.01299932624099092	0.011691014780502102	0.012145058862263074	0.011230803594336891	0.01252847491211889	0.013057050900262067	0.012170579458719043	0.01216750148824624	0.012745724021395734	0.01273118654646323	0.013147869037546207	0.01251506448847774	0.012831495341077019	0.010329443747291214	0.010529316480122066	0.012535933141434617	0.009905678772628403	0.01323644661283976	0.013408468392593506	0.009532147566130274	0.011767282768166933	0.011256196773755422	0.01226197922316113	0.012002528053124416	0.011077596195402415	0.013052827955814248	0.013333981181325852	0.011411461648812158	0.012646874255664553	0.012054400625459063	0.011554457903884824	0.010978949416459067	0.012689535101712335	0.01240751279751398	0.011706472935889162	0.010787891813415057	0.011902516016391886	0.013589012378636654	0.013132852935892548	0.012103706991979726	0.011284876227678313	0.011632084213092085	0.012737512051442587	0.01263581631140238	0.01284111750241654	0.012620041867289267	0.01119837240219715	0.013565369788143829	0.011485537282581351	0.013249310272350372	0.0129939784732339	0.013067675758843439	0.01228504145761105	0.012226088747840806	0.011482230487378843	0.012805547513810972	0.012049612815548772	0.01122665128568014	0.010825621835102488	0.012072342156330422	0.012023024353204516	0.0	0.009118558910523895	0.011460447115499957	0.013272787959105041	0.013426958722230837	0.0124941815445332	0.011377596940825414	0.01141671896134591	0.011765206418234786	0.011826111287062131	0.009990185883518155	0.012811911775519755	0.013630471479169029	0.013407399092599153	0.012478015258103064	0.01073276524925625	0.009819508558968954	0.01279277496416057	0.012230172319357049	0.011889224811074444	0.011411559134918496	0.013815765858796911	0.011808925163550144	0.013869114899219152	0.010845200981937222	0.012583405702395635	0.011015560026381979	0.012528656684286509	0.011254945579054296	0.014071536231380738	0.01187562051798897	0.01198277099749031	0.012399583423069478	0.012974377247275569	0.012716620436124662	0.013198097849904937	0.013143658716163178	0.013066994761623747	0.011098109649316752	0.011752625061514145	0.011497175212911851	0.01263067341913658	0.013113656019205566	0.012119572939021817	0.012378509207320532	0.012158501912907746	0.011494168327437082	0.012077229612370415	0.012304026937537628	0.011139872316731046	0.012964137658141882	0.011845201711430211	0.013210077678838406	0.012278195796568058	0.011294770659552257	0.012666036790684404	0.01275813242125658	0.011761230663167657	0.013333658569330144	0.014039769298161002	0.011378562805245497	0.010828233412370604	0.012811915253614265	0.012191574114673927	0.012111629521257258	0.01396322908379063	0.011408089198002536	0.011451156840906678	0.011432657341001528	0.012393871036965518	0.011717823134535493	0.011629495756854206	0.012039089910302109	0.012376302516340122	0.013314168887540804	0.013267629697407286	0.01130682786895697	0.0126774820993618	0.012215947911141263	0.01322853662713703	0.012575601259869132	0.011285511618143491	0.012011516700365486	0.013496470379380142	0.011755414414046888	0.012714073577522432	0.011080415918197918	0.009935896874730368	0.013211507350373892	0.011935208102157098	0.01222743151323155	0.012323593521776904	0.012449301211423021	0.012501204146747949	0.012011522635290319	0.011588225849387237	0.011335975280526751	0.012307037050285005	0.013437974318663712	0.011782576814487376	0.013547660225011013	0.012767768249755571	0.012226667072004475	0.011122738088484664	0.012001865702963625	0.01182444751749413	0.011719950589534631	0.010123513696594975	0.01195323540089143	0.01347032051160112	0.011886796949735306	0.0110876333208982	0.011509058712651834	0.013520534241309189	0.013405467102456336	0.01198485475212113	0.009677162398812066	0.010343289489050014	0.01274389284832919	0.012075784197602038	0.013569027962425711	0.012624379369314232	0.012247848484579358	0.013459951470817745	0.013024203380489706	0.013245809111054514	0.011820551472111718	0.011234932390904593	0.011986069161764635	0.011450730549093045	0.013871482554251977	0.0116987219012425	0.012382782349154702	0.014721423422761632	0.011917451387202098	0.013179217342977563	0.012494970417467688	0.011539892861084955	0.012388271368526271	0.012371819024006341	0.012755461954916076	0.010128629782017855	0.012976470692651136	0.012245920276981443	0.013287190181694917	0.01268029775728771
halibut	0.012407323359339337	0.013047132407296444	0.01259791215879808	0.012223013943109958	0.011822710737854698	0.012655727893245105	0.011527518801171963	0.01173909920682592	0.011707364523820176	0.011576383858670087	0.014430898733972212	0.013497201477524073	0.012248545252356966	0.013316185471785067	0.011638678641718088	0.012558265746898343	0.012772412795246671	0.012457285007782194	0.012931045136862164	0.013219478736044893	0.010941104789519323	0.013087926549899764	0.01182402752284231	0.013356841199476905	0.013164187596057404	0.013235459993471931	0.011803008174930558	0.011127393009693835	0.012955109944909917	0.012338560669233258	0.011807756116085994	0.013461197599234111	0.012134961441427793	0.013308614839634764	0.012384979366095861	0.012665952703315464	0.010823450678032554	0.012944694872109148	0.013604971217235178	0.011917967021299365	0.01262213797356381	0.013069877452537057	0.013728602256953479	0.013691081767231397	0.012997262100629514	0.013445406579048264	0.012092807635759347	0.010930830258669397	0.012971386382977094	0.01093864440664001	0.013583809517122956	0.01344623987808093	0.010247754492723814	0.01129315412862125	0.011394245045973353	0.012640545786204604	0.012121662527967828	0.01169253027461483	0.01304104759390435	0.013487074432532187	0.013128476934764217	0.01246702836052187	0.011974018123755476	0.012375820355667845	0.01242881121067587	0.011482976083688777	0.0125721781313411	0.011968840534666925	0.011254895930903279	0.012755460574177783	0.013901850490786452	0.013442103844947673	0.01266497382094142	0.011786354490341882	0.012535431709307591	0.013330986861480527	0.01297703498494211	0.013207491753612766	0.013185947798590815	0.011636258550293495	0.013633195376610438	0.012269964081685453	0.013391591332675423	0.013707576989947103	0.01380080174691448	0.012422490910606512	0.013292292595661403	0.012111427755487514	0.013800781480295465	0.01252803081457916	0.012408442348474642	0.011968813894196795	0.012647784377487344	0.012845370357903911	0.009118558910523895	0.0	0.012452908037972285	0.013230429607672838	0.012926565844006336	0.012253408170498097	0.01168403757242848	0.01212283771951845	0.012135147888277737	0.012306026388706117	0.011072053909502609	0.013481471311454178	0.013631351807281396	0.013462244970616094	0.013369811909169783	0.011520233707038596	0.009791300689059255	0.013287335095102043	0.012983017110981815	0.012226511169269443	0.011857978903150395	0.013580570773255496	0.0117903922434903	0.013283032209309204	0.011195189164538346	0.012605349676723587	0.01153381755420708	0.01235105033892188	0.011824582799668193	0.014379532212819209	0.012092167875060414	0.012791760593056757	0.012717323729931323	0.013230401241306346	0.012927820120682007	0.013602754098368103	0.0138371847452192	0.013711943522641722	0.012082411173719483	0.01175795565861097	0.012103745421428794	0.012714237490538974	0.01328391619191335	0.012728745231707044	0.012796332561446697	0.012900626479652344	0.011843554754507928	0.012103488947629797	0.012608032724284696	0.011479619365502356	0.013049922666993244	0.012416239470704707	0.013022449504386335	0.012990099941496636	0.011491837382313897	0.013418639887706758	0.012414796444185451	0.01139932225173721	0.013240402053775382	0.013667873826245246	0.012443431426377195	0.012117954143565948	0.01281133951510741	0.01258349871820692	0.011525205848843995	0.014241566285390259	0.01137930499682527	0.01225755125771669	0.012258812703171789	0.012969856993036086	0.012215447321021235	0.011839674237016807	0.012849375043282936	0.012549283440846604	0.01323925600670866	0.013904241106504085	0.012191081314428571	0.01279700878963894	0.012867774947749428	0.012867166164828416	0.012330058642452919	0.01185328688276168	0.012218525255057759	0.01349971973014733	0.01260546332957095	0.012254657301372145	0.01108750387088127	0.009388153724428798	0.013004209321800885	0.01249020053791099	0.012612960636831587	0.012784620305038612	0.013074316432213367	0.012525694169839023	0.012443909425006236	0.011605445889265991	0.01198486880981667	0.012205112273016884	0.013578576087302287	0.01228146665512578	0.013625873637696176	0.013156892423011908	0.012825032617081133	0.012005688906925738	0.012809181025609245	0.012188133021710316	0.01182462204011411	0.010249598453440999	0.01257729744577062	0.013368263544068646	0.011360400238790973	0.011969328101997327	0.012534183479924606	0.014164703877447386	0.013536869264167455	0.01220411823137672	0.010775659531635435	0.010767480617074944	0.013155744903196891	0.011737357815292076	0.014057159344216454	0.01339285478364677	0.013063938034829936	0.01321870781916776	0.013338995142377286	0.01320335502740974	0.012074464626932442	0.011668559910744001	0.01225622654349317	0.012498334354857962	0.013615430425731632	0.012212998614353827	0.013134525960611092	0.014521757577549225	0.012363319095857327	0.012979957338678823	0.012353804255778051	0.011988497524346753	0.012888442388216062	0.013029362297688649	0.012813612012546029	0.010049709766414457	0.01299304368344003	0.012799632538687995	0.013403864186184368	0.013087470023058838
hamster	0.012361775138428429	0.012479436709223508	0.011791757179817999	0.012128978491512144	0.009836273718813767	0.011739810730873006	0.011722913513905016	0.012209513262133724	0.011291869470522005	0.01078819917835221	0.014234535170416302	0.013188548000481286	0.013642193628503264	0.012516038942939818	0.011294858523444546	0.012481935426362218	0.012213861130890024	0.012998398605787989	0.012712005759401668	0.010481564451734277	0.011684089179272187	0.012847743055470331	0.012024700464260412	0.012412457633874847	0.012650974485190676	0.010419588129136159	0.013272694278538484	0.012089839186640878	0.012673562752630728	0.01032418414131204	0.011702719181684293	0.012816855446571134	0.0107851714168021	0.012825683336731055	0.012823127278849262	0.0116072613556696	0.012344916949947398	0.011260815763375667	0.0130021549459659	0.011960632575610353	0.010891734881152257	0.010990612203406136	0.0130854980423178	0.013702313601449976	0.013711030301635604	0.013473879749972028	0.011774609112199387	0.010994901456857654	0.012466839229126328	0.009896147343692622	0.012871828331056448	0.012921831636090777	0.011125853568914488	0.012143174639599153	0.011674027672565125	0.013279868307576262	0.011149635383958073	0.011537452503527907	0.01265220287133714	0.012981023598716866	0.011477866324727472	0.012235546778890922	0.013634280401635192	0.011752075198207416	0.010562359486834618	0.011373819041404496	0.012823284447584878	0.011715015593327372	0.011770037023043136	0.012311490171109178	0.014477448013868289	0.01244911829707473	0.012193289068720399	0.010200896837392882	0.013235352729903527	0.01315115441394855	0.012428414324967234	0.011927578787919535	0.01198750659547948	0.012329632285028182	0.013346374416821256	0.012562373256584457	0.012634933590175654	0.013883950111573144	0.014254378995354828	0.011831054421710088	0.010780825945852113	0.011748428957073035	0.012174607172499146	0.013293711819563235	0.00911178869816352	0.012186771021843098	0.012332566102567723	0.011519553583948086	0.011460447115499957	0.012452908037972285	0.0	0.012725961313875982	0.011759162542266893	0.012118403369990573	0.011621803016578463	0.01241503183238473	0.012322750036107402	0.010032115094064011	0.011250187744978504	0.01314415218720355	0.014010818049126525	0.013746930291639045	0.012007891942836855	0.011100506572772671	0.011027823234691807	0.013086816914640143	0.012029664405519742	0.010636341131098546	0.012189723242533186	0.012044212663814606	0.010953257385310708	0.013361644983904741	0.011580796069985966	0.012186853401693138	0.012186504380537968	0.013351414278715577	0.011590757628532022	0.013152125993494952	0.01190539295831465	0.012377221905312869	0.012277703223683972	0.01316560687951277	0.012257046889937798	0.012793727845672698	0.013347217102907013	0.013020526264448584	0.011979140282910134	0.012243039952420508	0.012068833254759779	0.011283953173942067	0.01236559457601988	0.013191681193420459	0.012274179830590941	0.013393033036513574	0.01214765641177614	0.012949887481179931	0.012775971267507368	0.01250715798424058	0.012809761527129704	0.013036006205521675	0.013591815757932441	0.012037706251336919	0.010988672599804992	0.012017786054392257	0.01242547409508428	0.011964059741637502	0.013107644543885435	0.012105458292558005	0.011394146114706042	0.011313623366298247	0.013299017251246098	0.012679091082981361	0.01298479497545816	0.013395135393876257	0.01245910819546967	0.012393373945903364	0.01134282437892903	0.012266454203859824	0.011545736842395828	0.013038217379480075	0.013769730153399553	0.012870326439569335	0.013178499148315653	0.013503815947253623	0.011349869691053095	0.01288099614427828	0.013382434618265507	0.012478778716410635	0.012582082758391675	0.011012197399297872	0.010780139371289283	0.013549219918725179	0.010839774853149655	0.01124228442676301	0.011990526214135745	0.011567926604249285	0.013907896638704826	0.011479682235272544	0.013335558040761314	0.012645536428064182	0.011693170401474091	0.011171811000420024	0.012452890583446738	0.011917296629210976	0.012312751135834053	0.01262481674591085	0.013391223370859375	0.012096456612208439	0.0133133676574596	0.01318635116209771	0.011192840326161803	0.01144331243112302	0.011903090452235553	0.011803772506725436	0.011360906417894983	0.011719003664775914	0.012531840295756764	0.012151790188190195	0.012491157238683803	0.011612467215202397	0.011747587097436014	0.013828024332008198	0.014278537572836753	0.01173134872820755	0.011587742822644213	0.011242254659738427	0.012708864634839143	0.011830264151535954	0.014104273376216298	0.01336405447949256	0.011521804562291708	0.013606312488531787	0.012463637501799695	0.012813093563924391	0.012230900806815046	0.012108967831523503	0.012746643771819242	0.012221623892524902	0.01323023078093956	0.012689160127164817	0.010653169446797646	0.014080303835279896	0.012537403018543001	0.012584504226344223	0.011949356419074733	0.011639306793893212	0.010746905157296743	0.011503486542897014	0.01304583087424014	0.012204987224397645	0.01356460250964408	0.012663349424462208	0.01372702088990714	0.012223593241616555
hare	0.012336712402198642	0.01207079257035074	0.012506739020359233	0.013477815722220936	0.012921868001662618	0.012950764275014359	0.013445541139052757	0.012325970407991967	0.01330222401996425	0.012992327769761993	0.012887659679526701	0.013351640454744967	0.012856750369071827	0.012900723425977721	0.013269377439807857	0.012825643242691824	0.012767532410295553	0.013724082615212607	0.011545164568572306	0.01306435176940005	0.013162928246703112	0.013538310580278084	0.012883160667811986	0.013603682558004813	0.012308761867718326	0.012562835564669392	0.013198291377807023	0.013585505703894392	0.011249212235310578	0.013041621001345902	0.011783755333125014	0.013631706884064586	0.013586969380522708	0.013594878043793996	0.01221743145055723	0.012697259176282994	0.01273442590810291	0.012332392878924126	0.012630029830388382	0.013698916731455684	0.01247696275223478	0.01213136386261546	0.011398241394929197	0.01321917531848949	0.012945900106099186	0.01238859113864859	0.01362961280747962	0.013010900575259459	0.012884380801517605	0.013221466587798299	0.0133543770710996	0.013642224993839403	0.01354640802323386	0.01314938029427437	0.012537337887035626	0.012640257673251389	0.01273983708495981	0.012264247247238102	0.011607681484937077	0.012867553224788926	0.01326279797893189	0.012917201113020053	0.013583829157410705	0.01167015900297899	0.012816906665241651	0.013546910648423402	0.013542062815023386	0.012884584495286865	0.012413278815711923	0.012440431569592358	0.013407931485434154	0.01335515001003489	0.013223295289978645	0.013001899805201065	0.012262558636689385	0.012532272707509753	0.01250837505085935	0.013091638719083537	0.013637434988259665	0.013409716312297868	0.01376005326701477	0.013227150180161322	0.014089816283399068	0.013007420950529935	0.014178132372130909	0.012831981454991618	0.012815398395630168	0.01302078096803114	0.013425569380604711	0.011816595610779922	0.012004372490412363	0.012275324205387883	0.01441973249322819	0.012587389309198551	0.013272787959105041	0.013230429607672838	0.012725961313875982	4.214684851089403e-10	0.012361627402176372	0.013481330123571906	0.012890023882957348	0.013178560673003138	0.012845079507601678	0.0130820854920213	0.012958267230653084	0.012983640544791857	0.013784102583869886	0.013758075091473095	0.013877223918456078	0.01324786386802435	0.012149290317174558	0.012813741592740123	0.01316237910779431	0.013548736581695009	0.012756182222059397	0.01289807805701251	0.01228609786788852	0.013643522467807598	0.012429185480985063	0.013610067986599054	0.011737735459797007	0.011017680602733247	0.013909964474372472	0.013627299201864394	0.012602511939219772	0.013637597795506407	0.012492137750886085	0.014177879589049409	0.012154101524137408	0.013187110554223972	0.012919106296954702	0.013413905249022	0.01295826952304799	0.012920228252924944	0.013100978454156817	0.01327484392655319	0.013507867544926264	0.012116599159525556	0.012770507639641455	0.013550950849032429	0.013279077799703474	0.012929747793393226	0.013340865075229509	0.013580473578029526	0.012293293025565078	0.013193722510092876	0.012720788333982285	0.013671478262984036	0.0133873072105841	0.013053711722540688	0.012968692580468275	0.012634491780325394	0.011767752198867307	0.012500960932441305	0.012979079570677567	0.012522062703494131	0.013496981083079965	0.013611193463398846	0.012583606287396583	0.01351784713340552	0.013337626789464175	0.012772899934440975	0.012845470511981179	0.012239744126647563	0.01179438869651699	0.012907153376239267	0.012521859730539183	0.013431567728312676	0.013644174951461151	0.012925852199792968	0.012773846845217532	0.01329696545661852	0.013228351382613125	0.013424720810149731	0.01370760984717576	0.012492136192987517	0.012821889025568432	0.014117618954142359	0.013036536091969846	0.011651627034594573	0.013280713194651796	0.012811852685528514	0.013840072382704611	0.013692508964984071	0.014207659118733234	0.013144124513396421	0.013230611409520438	0.013485991912244134	0.012808334634745368	0.01290016160023971	0.011838878523020008	0.01389479441890521	0.013984591502354489	0.012392467324740924	0.013430626228048758	0.012754052615969645	0.013167450122146795	0.01262282209646034	0.013756159217095958	0.012438720772925625	0.01276242264536952	0.013686484446226827	0.013989741705570309	0.012194689261611349	0.013812151792100118	0.01280541287157485	0.012646531838845444	0.013685199732218968	0.01399513996104047	0.012983553552211462	0.012424274540506595	0.012952799828090396	0.01364428314736146	0.012003100959411445	0.014551132933328532	0.012608262469844606	0.013459755777830828	0.013136208902022599	0.01306794622585684	0.01325062957038617	0.012278261930907348	0.013110483709830556	0.01286757944257939	0.011274756624724637	0.013538081503212123	0.013711126844035203	0.012001454367909725	0.013716038709455515	0.01234822672069106	0.01364427599437023	0.01280148127520555	0.013718545341479841	0.013526115700971859	0.01221254238515857	0.013216369467720535	0.013187699045247813	0.013499792218336795	0.013511830197638311	0.013266670804090053	0.013058932260139015
harvestman	0.01257026701517859	0.01237085182921998	0.012717742436763642	0.013435254579088816	0.012285728136094562	0.01306127002829667	0.0135430444726271	0.012315102842308889	0.0120343213190596	0.013633069438836283	0.014219523694307812	0.013890680945241922	0.01371917856662263	0.012650243757548103	0.013913148163390818	0.013541748683808825	0.01351547092083245	0.013636599579881807	0.013002694193353669	0.012990116962955904	0.013496786904993223	0.013063796594524143	0.012433825914117356	0.013287593266143293	0.012388707262092393	0.0118200359115277	0.012703346419339403	0.013680873489007088	0.012523353878503339	0.01222840202486623	0.013337367761651144	0.01427223808423065	0.013000652776720132	0.01377725155880641	0.012917411430835161	0.012188384135378517	0.01262264310272095	0.01197357888114543	0.013894100337518749	0.013098536493366836	0.012007730491041875	0.012499792312363431	0.013122342216846928	0.014009451405571522	0.014074034193902176	0.013550447920330451	0.01375935732529147	0.013081750203706187	0.013776428806613871	0.01309024362877056	0.01399113589409788	0.01328709702811995	0.012771697874401942	0.013155999150292828	0.013038083467321297	0.0135304287832025	0.01185701229920504	0.012865290894587166	0.01261495601191563	0.01329159460335167	0.013767569874757602	0.013422155749482181	0.01381166959556894	0.012659336605682666	0.012730348828560428	0.013457047734543759	0.012707039490378918	0.013045602930228712	0.012019562305330037	0.013302391409058716	0.013655042689111649	0.01435973902174754	0.013888968018006851	0.012139233371105139	0.013738570932313822	0.013380557513424422	0.013771049249621732	0.01374070682984509	0.012804684873748251	0.012677393307890117	0.013393653981424383	0.013356123037400578	0.014348666804629436	0.014316171110470857	0.01526735508523348	0.013186020402294383	0.012704290331654463	0.013432380100693388	0.013636287985487409	0.013435908447236806	0.011178787112994176	0.013198404019722361	0.013868414455901184	0.012376323490853412	0.013426958722230837	0.012926565844006336	0.011759162542266893	0.012361627402176372	0.0	0.013389195874978645	0.013179731778464354	0.01343695522636064	0.013322620401248096	0.013107708685233229	0.01285978060431394	0.013656695680975526	0.013997456392699927	0.013557453863253369	0.013359635830237424	0.01350030379311712	0.01282886860764684	0.013172466566811147	0.01354864993744313	0.012593414490719011	0.01318994623371439	0.0136622293683562	0.012284347504506948	0.013559694914986004	0.012044566555736085	0.013579042481513077	0.013311110269314433	0.012672899906324017	0.013971212877022233	0.013309712581322686	0.012049207571372575	0.013796723335385046	0.013321417245844456	0.014169203113380413	0.012678673518995574	0.014035698549662145	0.013637201910000214	0.013574132017924139	0.013449449730330963	0.013383398419266597	0.01330136984520051	0.012681195414457566	0.013082283754398771	0.013774647253736692	0.013124520707983511	0.013560718573118222	0.013183797933342763	0.013855565918243752	0.013609316283001221	0.012972444016914829	0.01203621620474912	0.013501722246225187	0.013407890527605344	0.01355078131704718	0.012290750895138822	0.01326163228584567	0.012615760138461107	0.013195878148765721	0.01327347541475966	0.013771509052997809	0.012417196999633007	0.013225199841717914	0.01396271204616612	0.013656333153764095	0.012317122178830109	0.013433801503325949	0.01408866616203011	0.012824282303819236	0.013482743931781867	0.012577606994355861	0.012559704733327959	0.014204579500422462	0.013649810898863161	0.014282273141355894	0.013641776460004123	0.014098416891006547	0.012670550579469687	0.012862569049332685	0.013332218939570211	0.013454042497526235	0.013889840769470302	0.013119139244726859	0.012635634761159116	0.013320368732210914	0.011655690960977422	0.011868053939159507	0.013140331537633856	0.012944153711916732	0.01316504679082793	0.012826511451481724	0.014288835282368139	0.013359256797123608	0.011534853801817686	0.013356961389761833	0.013169666462741664	0.012814276633311646	0.013156426641595222	0.013172573455172087	0.013989074059466245	0.012993053852784764	0.013573040140086711	0.013438519687386437	0.013196939456429288	0.01327773087972195	0.013324993450584972	0.013627488821250457	0.01229595151945269	0.013775939775434143	0.013495792787602635	0.011358094171662449	0.013288822934392795	0.01256944677751005	0.013296055304895811	0.014263729961724267	0.014160201479869731	0.01293931119051425	0.012903284525899903	0.012958162154664126	0.013631254080780529	0.012845000917722029	0.014183344115116672	0.013756443010532936	0.013159159255781165	0.012855507656275642	0.013857916728969388	0.012902255262091617	0.013535343383723222	0.013130049224009116	0.013926910130632176	0.013060444845796217	0.014057170733492209	0.013790540001336575	0.012814381891617392	0.014721439436555246	0.013093675896453412	0.013640132660356862	0.012553804263539508	0.013379256090664928	0.013427787585628972	0.011396587294018408	0.013910147440085195	0.013007962339991266	0.013769657287454197	0.014082210216478772	0.012851423882835803	0.012291808507187297
hawk	0.012408486520862953	0.01347194789120558	0.012864399141093491	0.012127711269269155	0.011520930699860588	0.012151566790315801	0.01192345085866989	0.013004806788988325	0.009762466415864172	0.012514726749787349	0.014401268170593381	0.013101528115631667	0.013148094852662417	0.013768580394490144	0.012635539095656585	0.012245631775197868	0.012881207188803605	0.012978117569832769	0.013052553221313067	0.012340720816966555	0.01220703641705423	0.013284346157630425	0.013047539533836876	0.013174767552714024	0.01305307155971736	0.013182352682738931	0.013174909429267518	0.012739145795616127	0.01388245422372897	0.011490936754226846	0.012650764206243866	0.014353322093405346	0.012198421442724247	0.01373294311417676	0.013066817042768561	0.01296084153874589	0.012604624025175053	0.012327344126669235	0.012859869960655737	0.012260021570869063	0.013331643534946085	0.012298677398161182	0.013827667544402645	0.012766523425158004	0.01373695309146414	0.013473801661717386	0.012840611402444337	0.012286548834106618	0.013304771356685355	0.011798654665406236	0.012956799454711171	0.01270126199154417	0.012241301129676615	0.012947342301363785	0.012524842596797705	0.013085025384535457	0.013023519465968986	0.012575781059778525	0.013571271370865107	0.013365951241581391	0.011991462920075182	0.012599950408507185	0.013320390777739272	0.013032741398457028	0.012110036768845782	0.012687980309510101	0.013468689933497415	0.010909158873583324	0.013049316454879112	0.013456216022067934	0.013851249441718482	0.013027636209982209	0.01290116199900394	0.012930939497855884	0.013157295566456012	0.012893162570316152	0.012872957964005106	0.011776797251514577	0.012716919816947359	0.012564235706879513	0.013753689463565803	0.012260524394880033	0.012082805645092136	0.013212635134312175	0.014363292413467945	0.013026806055865703	0.013359556552338635	0.011941943930317798	0.012747389950244443	0.012459943681707166	0.012323401915182719	0.012916689009324068	0.012758478230454132	0.01407484062766522	0.0124941815445332	0.012253408170498097	0.012118403369990573	0.013481330123571906	0.013389195874978645	0.0	0.012886316516112868	0.013100367526689902	0.0130626678593264	0.013006631409701642	0.01154525213618831	0.013131830763292331	0.014677593899729528	0.01412517545503473	0.0134418350342543	0.012795636529142536	0.012590811732553378	0.013516904527009519	0.011773586011670611	0.01182958764706981	0.010544039128608646	0.012541776667782141	0.012601551997782288	0.01051981751528634	0.0128257545784268	0.011685514027732524	0.012817123640607166	0.013367413216917721	0.012147121022912233	0.014053942012809583	0.012877700229812265	0.012394706541045125	0.013108396138498063	0.013356658717036292	0.013131083654822578	0.013263971421082424	0.013106744319605838	0.013798649740587126	0.0122131815553422	0.0130659503978487	0.013164282831543203	0.01134915519796241	0.012127323473510672	0.013676297935597636	0.01290912552097815	0.013484498900059953	0.01270313381804553	0.012814099613955673	0.012635251525943808	0.012839261934851054	0.014082099383639262	0.013294832791005741	0.013752120992879629	0.011640635559205874	0.012965933246887367	0.013089489409813469	0.012304005359965706	0.012674582385761473	0.013304115517818819	0.012742885600313869	0.012051930358918045	0.01283686638279609	0.013260588117434595	0.013255298317854526	0.013403877211076064	0.013801470934144078	0.013252635045219827	0.013106368952219262	0.01072154598280295	0.013789125874846502	0.012926605521328531	0.01316934227226285	0.013513477997745375	0.013698012473602838	0.013692547843899132	0.013009714387428381	0.012272628923301821	0.01328139486740173	0.012933642882888492	0.01150159718402598	0.012754717625614174	0.012184013120354768	0.011838413797023235	0.014150215489775596	0.01226579658661761	0.011709422175241076	0.013370917668918104	0.01211689926576103	0.013917257130500658	0.011708719543152802	0.013605478078665446	0.01306259793772121	0.013735253865521718	0.011617069536636472	0.012799838934759875	0.012724954762553777	0.012891719379875856	0.012495529498230858	0.01347652795624354	0.011799819345974604	0.013300675034432965	0.01383514608696184	0.010807813866498461	0.011963940025692172	0.012650265855548473	0.012727728448469445	0.011515286518570285	0.012939720086691945	0.013745300160659987	0.013261067441392986	0.012846161101469286	0.012707894424163958	0.0127378853124832	0.013580145752226323	0.012205403910015298	0.013415944877172578	0.012705411431130582	0.011286915908112571	0.013093233391487507	0.012140105524715032	0.014388594893307717	0.013002773328373948	0.013021618161797038	0.013589901747737908	0.012636245833021673	0.01297533276666629	0.012667154992259753	0.012497973578129403	0.01268647067242578	0.012856969306908881	0.011468342551140905	0.012632630451117297	0.012394076444787737	0.014076439413346555	0.01240062024197133	0.012181392105170188	0.012445168467524737	0.012318135985760658	0.011853104763339187	0.013311455577328903	0.011796808338993181	0.012417927913075335	0.013506105937744069	0.013014421558503197	0.013840358195897096	0.012955523298973712
hedgehog	0.011082616984506804	0.012835483028643426	0.011615817647256879	0.01136734350498866	0.011066774583805217	0.012653407929570681	0.011209752252804375	0.012987333525144812	0.012467070533737048	0.010319045942250497	0.013209085441104093	0.012970059595623345	0.012553901398630735	0.013086331365870157	0.010847819152528441	0.011962303701212009	0.012095393757009854	0.012226486629028843	0.012309189941848328	0.012343859674151064	0.010857284962601056	0.012956276929204225	0.012292255606332216	0.013328742831449004	0.012956050109114412	0.011847303104207332	0.012661011119937433	0.011580726177295936	0.01305318519212645	0.011134758566840604	0.010363143443758579	0.013421088995962465	0.012123693399563252	0.012568984088182956	0.011629192244357217	0.012257482124256374	0.01171900873340458	0.011374851057959207	0.01249428779787123	0.010970934856650669	0.011866175165002718	0.012009006038658643	0.012627340245585636	0.012700184498899378	0.012505629794926363	0.013348287974212886	0.011731238938156908	0.010976453651120838	0.011892566221863472	0.011076214324850871	0.012582080013318928	0.013467792097716284	0.010955540761712158	0.011747995815824763	0.011434408195132134	0.012347457040422354	0.011943032536492459	0.011809074751271225	0.012856755281819773	0.011902791901322395	0.011607963776446704	0.0107366709396513	0.012851308705791396	0.01184454456036814	0.011137950670067278	0.012043112704181881	0.012998302866305187	0.011906005700751081	0.011665588712721801	0.011958140917187726	0.012136767536471868	0.012674662358171399	0.011207796845030102	0.011710963131992286	0.012718301642362323	0.012555234892464691	0.011779094867043611	0.01133828512238172	0.012444899820594045	0.009739575348518457	0.013139661090788039	0.012399084697791739	0.012595345546488036	0.012979118100923155	0.01315126730499133	0.010991136752003014	0.011676147904374282	0.011842094345908494	0.012663567070295912	0.012150857976559515	0.01167981684245021	0.012582093580555754	0.012266072016717651	0.012454828533505456	0.011377596940825414	0.01168403757242848	0.011621803016578463	0.012890023882957348	0.013179731778464354	0.012886316516112868	0.0	0.01181593262942668	0.012207659597472657	0.01183446330434121	0.011231268099033966	0.013021022836094978	0.013481219783354733	0.013346555285976716	0.012518363596885691	0.011035002798757167	0.011413259792847748	0.011844997537026196	0.011907552370799017	0.011382193256808884	0.010752902587768757	0.01280765441048625	0.011284715440703948	0.013591483415824229	0.011999536322747799	0.012283764210617413	0.011749365538949213	0.012196206863809518	0.010931263514433893	0.01406795716541311	0.012792426843607776	0.01163323809503991	0.01092886629738363	0.012901878683151114	0.01179270214417571	0.013139586352917329	0.012924873801249646	0.012549640169457739	0.011722435391163187	0.009462768438910547	0.012501327252735223	0.01142938992065256	0.012301993321361646	0.012212711160202292	0.010871475916308677	0.013172158993474292	0.011814380983503793	0.011783092813371955	0.011926766257145447	0.010912198038324545	0.012934654084206316	0.010562816930336685	0.011441317216513657	0.011840212595365059	0.011288037979179773	0.012445303555297944	0.012391755868674335	0.011165129722181042	0.011927932273604667	0.01281135569228948	0.010608441420855813	0.010684907295829556	0.012257630683735057	0.01156754087233157	0.012086274776000192	0.013152599000080758	0.010527036717926826	0.010389363516022224	0.011661265509530783	0.012540185220748403	0.011556814795433112	0.012051725806033493	0.012087527092301278	0.011952390269512204	0.012229121030953569	0.0127974940211419	0.010987955956054405	0.011951595506612922	0.012137920491989022	0.013814881357120487	0.012686837193823599	0.010452961952987115	0.011681957387787954	0.01359074133062117	0.011990251065649684	0.011797988117322569	0.01124628400047509	0.011432861900799706	0.013601297729392302	0.011461951905693326	0.013302737972640033	0.012388134927245869	0.012666447114571752	0.011312369819450219	0.012141713223563307	0.011772515815283878	0.01065914777439797	0.012314488300108443	0.013150775980747568	0.012146403360982638	0.013425096093979723	0.012703235172358895	0.010900473841636654	0.010107991365048339	0.011700221511832493	0.011081890612996472	0.012094241257776478	0.010642915993309578	0.012207213741903455	0.01303749337474398	0.011659808040458575	0.011085409759295752	0.011233930844071887	0.013593742498318327	0.01321128669077098	0.011199369582694565	0.011543196471350636	0.011264171291660472	0.012993015334159785	0.010575810977854991	0.013344468006259342	0.012490115285007916	0.011003626270405364	0.013785454446756946	0.01184083182930352	0.013368191463281437	0.0107327768577614	0.012626457406956348	0.012871522007273239	0.012392307680044718	0.012963922757273903	0.012149104444424123	0.01181888417549718	0.013859305250326354	0.011473123004631037	0.013450462036245598	0.012131256891289443	0.012485040405785892	0.011049792258639923	0.012733842452744438	0.012917133179575992	0.010995546428315432	0.012215311669025009	0.012337693236349043	0.013513984335330824	0.012918891520750668
horse	0.013339159188916342	0.014392464155838936	0.012352439341866604	0.012604999122640216	0.012175852598721186	0.01370009471443914	0.012371534917556963	0.012809178566512631	0.013033901406715754	0.011985000366885691	0.012527481973043608	0.013521027206071998	0.01263159742871943	0.01388242129608796	0.012332721139417517	0.012675772145781243	0.012584318668297576	0.013313067018470506	0.011222736491363506	0.011963461024828963	0.01231069726302004	0.012972417406534346	0.012626276578663833	0.013617103428516386	0.011961391303514863	0.012541002795444026	0.013052790701686167	0.011739416322659473	0.01400595325777286	0.011916298178349542	0.011353796471465021	0.013317802420019871	0.0126091406458833	0.013075847506919367	0.011939427610950626	0.013234387479706502	0.012748814567910082	0.013268665352132987	0.012885058271234616	0.013110111391354914	0.012655523375361995	0.0127328683929457	0.01181356380249918	0.012387220731627077	0.011398405491382985	0.01087450936044501	0.0128530427357573	0.01205296920170895	0.012723715684604398	0.012369942062857256	0.012845232742890027	0.013545956334493934	0.012660638964335343	0.012532252649744897	0.011808718605416227	0.01214185368841541	0.013794335596646855	0.012069348564790883	0.012954261790833333	0.013801883825060457	0.012451398131202707	0.012409520062486839	0.012791910610539995	0.01346234159737316	0.012230230179369927	0.013383255578671604	0.01253178305355247	0.012351777195607625	0.012208056451805166	0.012116325167438163	0.013267606703761379	0.012487904027838302	0.012907342365139643	0.01314672174489131	0.011129207031688588	0.011208958910817865	0.012654099885268626	0.012639528232063218	0.012943017616233177	0.011616048718962324	0.013861205820922286	0.012346252085703972	0.012943887443642513	0.012635604532523102	0.013209048693394707	0.012267237976300012	0.01251447177950123	0.012790386100385515	0.013657845059436536	0.011759994613047149	0.01329192817075358	0.012473874103562287	0.011798278073272904	0.013170721739233338	0.01141671896134591	0.01212283771951845	0.01241503183238473	0.013178560673003138	0.01343695522636064	0.013100367526689902	0.01181593262942668	7.300048299977713e-10	0.01274461934889161	0.013455607166453776	0.011702611025855394	0.012636320687946819	0.014463799056297348	0.012999812301810196	0.011784752268531628	0.01246185001952973	0.012322505326468655	0.012223222940191686	0.012702082731959542	0.013647315386549785	0.012051566573029313	0.013052414483352261	0.012079141121689391	0.014091866766282525	0.011279436929715338	0.013031168405595444	0.01089595059883402	0.01323937573952317	0.01189132234009724	0.014257653490859841	0.01254822423080644	0.013289229505915648	0.012869991224431838	0.013406137608545587	0.012808353262589329	0.012302377983470917	0.01287261087196545	0.013206879770715052	0.012413518479468436	0.012363081308532997	0.012810786627068534	0.01310079468457023	0.013243953662563906	0.012107051904432302	0.012356143003463115	0.013189610335668052	0.012945611057163985	0.01216158908715651	0.012787422325165864	0.012746273218669852	0.013468102294755115	0.012654038893040166	0.01287631595919998	0.012812567483065751	0.013225494384972315	0.012580302595232544	0.012910640688460413	0.012448417145424516	0.01274081418683753	0.013339473977516876	0.013167360462315975	0.01198288791227591	0.013558651396082887	0.012260940196178818	0.01206303313185187	0.012929597249228693	0.012019476164765149	0.012348781277998646	0.012470521904797263	0.012826467752888896	0.010988278933665947	0.011909487637672982	0.011528772966499618	0.013290923916031221	0.014041274652500093	0.012969671828160816	0.012253239893223227	0.013488293156514215	0.012377117880350775	0.013766479438631862	0.01232972439151818	0.011872181922064882	0.012311341245269874	0.013869525622361269	0.011074202001420664	0.01305008934957242	0.012362287836505746	0.011751770617496876	0.01468790641667991	0.01361691738695744	0.012453576471485461	0.012814076865310164	0.012445968644978798	0.013228751177665157	0.01192949264346961	0.012887014867718032	0.011825421152335645	0.01258411427110017	0.013826324851383152	0.011909914690751686	0.01342468936453958	0.013024007500338495	0.013247044633554568	0.012635680099115039	0.01249071083010608	0.011463809526492872	0.012387053777908821	0.012500618868826318	0.012286575556762902	0.014177835498049664	0.01300063678188426	0.012170021763185072	0.012101275488117373	0.013683905718368205	0.01294194340414683	0.012565154644624989	0.010942444330358413	0.012213909083942941	0.013068427218511558	0.012595770946437206	0.013420010712077789	0.011937055529352189	0.01292232697682006	0.013876157102159453	0.012303810018301333	0.013650831243975006	0.011967007299857198	0.013147996790027136	0.01243471480600741	0.013199199451373744	0.013668635537447193	0.012286727916608967	0.011861657636796879	0.01391764645282007	0.013012387621539554	0.01248023327837073	0.01302399943705057	0.012766119448321669	0.011599520212955274	0.012105985178245104	0.013635979246890726	0.012451855650983931	0.013362896685703916	0.011757403176602782	0.013903100668141918	0.012815041353936973
hyena	0.011412878558913042	0.012206251464575308	0.011978009395206594	0.013560197217240689	0.011431776294019392	0.012289443982226813	0.009376434797222319	0.012642482986570593	0.013037187078748872	0.011001052815968092	0.013198610571553858	0.013709099454700937	0.013240507449089677	0.013861705949421039	0.01158829280105827	0.01221555804561671	0.012740797806123007	0.013671855085337819	0.011619364100232838	0.013177196874345638	0.01095126065987331	0.01340007987356745	0.012448214727504346	0.01322898690034634	0.010326697353486741	0.013444705185958862	0.012231895700553554	0.013087387936131638	0.012213935255989556	0.01326757440238253	0.011508804452811293	0.01344648962425324	0.012790921384689027	0.013271657206792263	0.011938985344939954	0.011780796200831055	0.012212830111285256	0.013113913483176394	0.013089629562388759	0.012478257484612246	0.01296489374950267	0.013189178103690075	0.01215429741644092	0.013856466097159754	0.01300171738218439	0.012646762826073766	0.01237620712563114	0.01112619060884041	0.011144065553037779	0.012509989261541891	0.013212596294941505	0.012022693866524395	0.010713109161818385	0.011988941054623694	0.011446919189738218	0.012161884891320354	0.012812657132400035	0.012203878044708048	0.012924257113257209	0.01278566706781293	0.013022162539149174	0.011620623021821598	0.01250039466334072	0.010209204905256173	0.011501118743507104	0.013121063741387148	0.013023105001275383	0.011389263362528818	0.011976525138952785	0.012286812600202283	0.01380831430241655	0.012838461475813016	0.01251857314097624	0.01204063512268954	0.011084091051292311	0.012049418874046328	0.013206484896309994	0.013026323682131575	0.012698018530397284	0.011956341809483666	0.013789748892502602	0.01222229317137398	0.01401042504978075	0.013343280915433783	0.013281354151765557	0.011853306425722	0.011299765540675098	0.012012857590561926	0.013240981750400201	0.01289293239026353	0.011256396106322562	0.010769901453860054	0.013575026169327256	0.011151222408212398	0.011765206418234786	0.012135147888277737	0.012322750036107402	0.012845079507601678	0.013322620401248096	0.0130626678593264	0.012207659597472657	0.01274461934889161	8.429369702178806e-10	0.013111710228101031	0.012205831300630363	0.013355209011558133	0.013613595005568626	0.013635935499634126	0.012327587808762041	0.01141002010464361	0.011360947676973059	0.012365389291701286	0.012581651207355165	0.012343382364286982	0.012186943190161002	0.01231312620255862	0.012560392825159956	0.013548126595079138	0.012328753762890908	0.013461596312132477	0.01239275860099045	0.011451119008292321	0.012742189614277179	0.013758107428043835	0.01196697261823028	0.012531854907278086	0.01270662658625678	0.013398019484199976	0.012754308807894365	0.012811512682190511	0.01349674145106239	0.012145963869123564	0.011042576836690972	0.011705962289707002	0.012682923112557323	0.013050847851705289	0.013333524584380635	0.01257482675452241	0.012144991794794118	0.013086981719339244	0.01233401614017829	0.012017855079559886	0.010658774034873537	0.01205285476044073	0.012398273095552805	0.012265336015768409	0.013834914200323649	0.013081828732730378	0.012672514242740867	0.013678833051658328	0.012781327211628784	0.01128200062455854	0.01220473491651994	0.012770672256573721	0.012055641849351767	0.010426797273697053	0.012502673220186564	0.011970201657707806	0.01287293836368824	0.013503277015146203	0.01265221841290224	0.012315586338035103	0.012215577484660345	0.012104723802186879	0.011293747826878206	0.012713127796538728	0.012511480012434548	0.01252875337428342	0.011476138147132569	0.013697987290004411	0.012055909535290848	0.012936450427990256	0.013596342611104102	0.013251194558504306	0.012350590294327099	0.01207935664096318	0.012160447900061013	0.01373675014604047	0.012436535970656592	0.012132785259809178	0.012033243330979966	0.011230017295400954	0.013935970288545055	0.013157922601567168	0.013838939896232893	0.011746264809859424	0.013754628911613878	0.01325409008343685	0.012188048988519804	0.010864112898629465	0.011174433427656252	0.01231794277120353	0.01240834283697924	0.012211100275700775	0.012332003663048666	0.012270267482031446	0.01291483310500418	0.01119452291470459	0.012079980760607248	0.011891050647156388	0.012857946616985312	0.012723166921662182	0.010873607077345089	0.01340992754844883	0.011456394045081073	0.012902078255666855	0.010846450362080887	0.014152121766766564	0.013613790272484128	0.012665208896164197	0.011211838164401682	0.01175726299895495	0.011712308964056659	0.010694069425757971	0.013832475796780657	0.011700945876206481	0.012939162633995773	0.013371927463651982	0.013191000865345227	0.013649092917920169	0.012606496422735026	0.01221516338511814	0.013265816201020271	0.009945197905023207	0.012823997797566227	0.011284053040895702	0.01248414594541263	0.014045960049932969	0.011949073618614105	0.014241101297152472	0.012016527434412814	0.01250690332807321	0.013533547745109158	0.011621458013899695	0.012298728928331157	0.011934325145024682	0.013353245544356143	0.01237735435497129	0.013498854823973982	0.012857677639841407
iguana	0.013234046624086029	0.012492087034725914	0.012729641562769319	0.0122467024384345	0.011365137485102181	0.01236990900489282	0.012650677378018765	0.012046473028890482	0.011938414879973942	0.012248159407825006	0.014188683662526562	0.01377779497438077	0.013552132220373669	0.012774176602649654	0.01281327745992311	0.012960633363092566	0.012673680123794806	0.012554021711145913	0.013499814628164233	0.012632004123128895	0.012600126932987525	0.013797090793348175	0.012925014512403587	0.013324288177303724	0.013662420664747614	0.011433610141996363	0.013825247973273882	0.013150021942894077	0.013087472402001341	0.011525928986029525	0.012308318671026473	0.012502305285453812	0.010193313046451442	0.013183170708617797	0.013181427403825687	0.01189119184150821	0.012073050612041353	0.011560818951602889	0.01378400673389935	0.013222618116668703	0.011005813299627975	0.010940778871720758	0.013316678202481929	0.014034097743912734	0.013696155872965571	0.01430982997802196	0.012375110691805467	0.01255160624956968	0.013566209327260253	0.01106295505612194	0.013525399506796178	0.01387405115995125	0.011503817015361255	0.013247220238003983	0.012841851028977417	0.01334396923668151	0.011804478002905502	0.012321859516427407	0.013164396227129642	0.013392312557262946	0.012463539614169175	0.013184480318020317	0.013857732713975947	0.01218453411547575	0.011472476182822522	0.011450764646848598	0.013499985056139635	0.01265958089354195	0.012598305199941866	0.012912018632634215	0.014136426596005433	0.013558220358265854	0.01306640028208972	0.01075927266262763	0.013821691481965223	0.013861090909422264	0.01341993663588078	0.013179350562278681	0.013070902240644021	0.012785011570445934	0.013644970234280674	0.013512144897571769	0.013588823335023507	0.014140296255880811	0.013921621450731527	0.012914567412313487	0.011837207292518399	0.012004450635336577	0.012741355815808597	0.013779731182287909	0.010315683934804016	0.012135079447124976	0.012830225810871381	0.01210814821733155	0.011826111287062131	0.012306026388706117	0.010032115094064011	0.0130820854920213	0.013107708685233229	0.013006631409701642	0.01183446330434121	0.013455607166453776	0.013111710228101031	4.214684851089403e-10	0.012052602331173454	0.013845728102399892	0.013556210609492147	0.014054074607380822	0.013163566164924223	0.0114259085925784	0.011782235347424466	0.013656927027873496	0.013210244497438526	0.010499749468637425	0.012773789849650384	0.013308060993798302	0.011808110297534046	0.013739103881219447	0.012074129348203672	0.013216292231825683	0.013300677359894486	0.013540273097032878	0.012530518734017724	0.013301235327591032	0.013050142655805402	0.013280931174152648	0.013006178354673437	0.013514708147901143	0.012922667473799191	0.013648322833308102	0.014126037919765841	0.013829986544734638	0.01268563142605991	0.012859877755283702	0.012157296239314736	0.01207105953905967	0.012969823921683747	0.013555893996047862	0.013306686520306048	0.01377765193619267	0.012834247080385608	0.013044668549873833	0.013348536103007813	0.012693628428045414	0.01298454689431632	0.01291800684887783	0.013562696241601746	0.01278813211430159	0.010847028210406206	0.013341881354416043	0.012441317228143988	0.012241746020181982	0.013761160291554775	0.013047828263504615	0.011721501951723792	0.011999683668208395	0.012893967790563864	0.013620111191334232	0.013396689118519848	0.013810641005289068	0.012969131436430437	0.012830517603333194	0.011954995700429911	0.012624863487429618	0.013025506355278995	0.012903515367380223	0.014229350972100962	0.01368866862290275	0.013546063480983733	0.014001594221192366	0.012350567460355788	0.012823349683830304	0.013157316628679083	0.013260160121138516	0.013506129341729107	0.011837119188148414	0.012555220955215574	0.013446925272451758	0.012556507466859075	0.01210507001384582	0.013053895221468253	0.012152162113916778	0.013179997330664082	0.011988514800355678	0.013800753110070422	0.013311674890304461	0.012323713322569072	0.012446414441901126	0.012600397469359426	0.012683728862971247	0.013021960406019628	0.013000227368779406	0.013798160949490799	0.012852750821739844	0.013613558296427268	0.013078416962512525	0.011914325526365828	0.012179393995111918	0.013342602282688323	0.013054299130162763	0.010987858596135042	0.012508451790955158	0.013395149235662209	0.01296077662079787	0.012908685842002006	0.01281263633428699	0.013252261282088966	0.013984213445379368	0.014264798449883629	0.012802637519575097	0.01226451975790923	0.01208380927109016	0.01355795665961066	0.013145834935151762	0.013899484539871275	0.013902607865017092	0.0118092159908944	0.013899596709518	0.013715260067990847	0.013037885652549534	0.013046052842702318	0.012316389227117192	0.013141958832230748	0.012394555449348931	0.01391427474227449	0.013149537189366844	0.013049258017554027	0.014518757537192294	0.013098636532346724	0.013478757890520691	0.012978212457822236	0.012988645665627246	0.011729515055194494	0.012813665166889587	0.013248480725495464	0.012244796045919921	0.013715684383557556	0.013424932788736039	0.01380198882073474	0.012777347496445187
jackdaw	0.012104031939395599	0.013357465806063897	0.01186537588481099	0.011775179892446128	0.009565329376509335	0.01189486017612793	0.011121414423503577	0.011685805967148313	0.01156432001707371	0.011100874835121684	0.014148161869905388	0.01310222677875075	0.01209934961948852	0.013633973865656542	0.01129480061775945	0.012495231720080172	0.012386445737903103	0.013330455910476378	0.011537330514198679	0.010786549677002977	0.011070173388896615	0.012399121897176608	0.01239272544421284	0.01297771588738676	0.012916417260160929	0.01120709218151397	0.01244903651308326	0.011281070488729183	0.013319999657807028	0.011408535332981227	0.010872258501680268	0.013120697529662996	0.012436523848953407	0.012687883121978367	0.010963897718980476	0.012277911834994864	0.011441789271690053	0.01226900757663093	0.012335920784367693	0.0119622266198774	0.012115999687798274	0.01277661659917441	0.012707473061653905	0.01241585680307381	0.012141716944793698	0.01313045879423296	0.011489848904355691	0.01146036596018838	0.012363819581272728	0.010710630008257236	0.012428181070624534	0.012630819466878883	0.010862454466335176	0.01227156583703847	0.011450975787926511	0.01251837943047084	0.012264893011023686	0.011408326604193511	0.012664693858261373	0.013046067347639584	0.011462032769096232	0.011962591732344194	0.012354527815999501	0.011810585834696049	0.010062080562118722	0.011782147527945683	0.01263578034952822	0.01083257529437682	0.01092056735642233	0.011451458387488895	0.013637815439423162	0.012696236858049135	0.012715335161820447	0.010902915802156417	0.012256886607500746	0.012471441505052085	0.012937299466018869	0.011982825505097444	0.012532561588147606	0.010731289395225427	0.013772202954220873	0.011733063578106037	0.012724037786691662	0.013541697580359441	0.013455517959906642	0.01237223131120325	0.012215963715705753	0.011645689290919099	0.012295381125037513	0.011908033957255822	0.011560917333256905	0.012104549360752845	0.012610573166192645	0.012583128207548358	0.009990185883518155	0.011072053909502609	0.011250187744978504	0.012958267230653084	0.01285978060431394	0.01154525213618831	0.011231268099033966	0.011702611025855394	0.012205831300630363	0.012052602331173454	5.960464477539063e-10	0.013062130183469477	0.013493851083086206	0.013021125403486229	0.013023845512884462	0.01124809962906299	0.011242750307154319	0.012772342771240196	0.01214356102529479	0.011530598335862395	0.010365896666490465	0.012478782903525432	0.011663216427686487	0.013150861353987232	0.01104146759399767	0.012407549573109562	0.010927543849778058	0.012776262941344827	0.012029256620463608	0.013868709807124367	0.011860081748532737	0.011881880175961701	0.01262789119449147	0.012981834810542414	0.01303120553371639	0.012496962175583614	0.013471966155179484	0.013511550136884537	0.011416262332640481	0.011789772052427448	0.012183021549020052	0.012459604342391906	0.012546781698546353	0.012713496884408752	0.01211082521311899	0.012714529394845568	0.01192094001154176	0.012018351207441928	0.012426314762713496	0.011156341731065667	0.013151170049881094	0.012027808046467508	0.012737085692012248	0.011435020691596964	0.011466750923797484	0.011700583218244676	0.012186792302492866	0.011890374742088183	0.0125073902909728	0.012714816612206274	0.011688978637126968	0.010939713033745255	0.012493431289824462	0.012340308304767416	0.011618430040851824	0.012955139544351093	0.011935666407071204	0.012046728271526808	0.011416343006426886	0.012514325623203686	0.011926860176759823	0.012063417109456442	0.012286712858848407	0.012809006067860073	0.012757613270540891	0.012541140297942326	0.011127156064545124	0.012664175355011844	0.01109675834759089	0.012864581977957826	0.011632721229459455	0.01116803467107316	0.011103270578971204	0.013757244346529276	0.010989229600560363	0.011998307048016282	0.011969035009901765	0.01041391737370426	0.01398302901763246	0.01239461114983741	0.012627527545335793	0.012900180433347555	0.011600809778938483	0.012101811479740128	0.01196941393731909	0.011518450410031755	0.011946149913861018	0.012049229462417287	0.012755920857873429	0.009698012103527642	0.013438933245405047	0.013093900770232942	0.012453961541029403	0.010716117025418317	0.011680325236697351	0.011585223964172412	0.011223664433280768	0.011581598921500567	0.012507644386970062	0.013185508270394289	0.011765301253311933	0.011212979649729626	0.011906686257200295	0.01384620657649253	0.01340954336553154	0.012397124897256213	0.010313587486596016	0.007866943906612592	0.012872246614172054	0.01190154448807476	0.01344619807432418	0.012364777001521741	0.011854953243356503	0.013244256026630328	0.012727557508487575	0.01306449941933969	0.011966799447988627	0.01060788835855183	0.012334214930731899	0.011795784371919485	0.013310164854062943	0.01253767923390473	0.011728050616392397	0.01375623519084926	0.012004480115203877	0.012897940031988941	0.01237662190776203	0.012478501914944918	0.012002296331014657	0.012575076328581567	0.012324279415067958	0.010862448376337113	0.012632320156389812	0.01252014966311336	0.013716344179526052	0.012452734516010084
jaguar	0.012406951911530024	0.013847973045892135	0.011673499264544578	0.013951453838842567	0.012775268963005676	0.013080998520533486	0.012744141561417337	0.01294914139114527	0.013053906235477473	0.013493383547605242	0.013858172083772421	0.012380035168571914	0.012901675880712065	0.013290192003129395	0.011760496505323507	0.01198241781461274	0.013081353019281256	0.013553853809552506	0.01305916722206141	0.012714821726237873	0.013470704005457565	0.014124048889602614	0.013625149636241885	0.013627808442548146	0.012085301244809799	0.013419411917507527	0.013534378718871042	0.012544156023965762	0.013836565974057575	0.01305468275406034	0.013372230268597794	0.01371213452836703	0.013771245338643451	0.012669787992117548	0.012688929249410846	0.01237098034978995	0.012933443568592537	0.013176284921121807	0.012451445239957427	0.012657219045954135	0.013715895552975395	0.012915275338878993	0.012988962360776507	0.012340094524365979	0.012608056721709351	0.012783698226443627	0.014128165315913509	0.013174520164998354	0.013439589678818347	0.013202736445879612	0.01216988497766795	0.012453391878646422	0.013233555804553631	0.013421187159914692	0.011879030756124863	0.013141114104375295	0.013230993106700388	0.012225247759779678	0.011350542759867768	0.013558956031264028	0.011637679288316499	0.012699792694604204	0.01330284077168328	0.013047841468842405	0.013118252135938093	0.014046207502630468	0.013902057782490793	0.01326060491688479	0.012747576031078713	0.013456012865257353	0.012939018451714024	0.01203025965107027	0.01271272696941443	0.013732596861183936	0.013111321355518407	0.012651627534560235	0.011781992721766438	0.013102376310677262	0.012349501831776188	0.01287886206026885	0.013343503461138368	0.011952733030503926	0.013353944206318963	0.012152076947254078	0.013091584716524631	0.012829846001987513	0.012422901635886581	0.012682975845060833	0.013667029061312596	0.01130108820051362	0.01291678068437436	0.012713411155762402	0.013966342489172431	0.013454370418667871	0.012811911775519755	0.013481471311454178	0.01314415218720355	0.012983640544791857	0.013656695680975526	0.013131830763292331	0.013021022836094978	0.012636320687946819	0.013355209011558133	0.013845728102399892	0.013062130183469477	0.0	0.013477028191874964	0.011942660467902537	0.012847101914787582	0.01346934266585468	0.013051222189557024	0.011152569548030731	0.012629859398769266	0.012818629895620824	0.012277082836928853	0.012986612952370205	0.013338985152796991	0.013484746584172392	0.013245842565149301	0.01278717742776951	0.01186505417576504	0.012717740524294627	0.01270885453922559	0.014307061749912095	0.011975215865365874	0.012728779668800115	0.012196783230707524	0.012944760115542669	0.010883331754424458	0.012303963314304773	0.011994554595408968	0.011953514512112679	0.012980394756892322	0.01309402707411971	0.013012022992551298	0.01309044242350662	0.012724995476897349	0.013005791789517081	0.01215407203739201	0.01277293657924722	0.013237850928057536	0.011521445139826504	0.013275358384589793	0.012058680648712294	0.012672969252128224	0.01359703050465513	0.011664456822081394	0.012077541164274336	0.013844378609929667	0.013083331602530423	0.013618913159806002	0.01314851535903555	0.013653144074121193	0.013037998468901047	0.012434330180492125	0.013232719585872396	0.013539870262228724	0.01179574367848998	0.01258160068706175	0.012988527112539219	0.01310557496435373	0.013387465103553951	0.013171876404419046	0.013510338156228738	0.012700478704980842	0.012620999686244168	0.01257940395708667	0.01333963268275948	0.012921742752059175	0.012600692924946694	0.012859401934428307	0.013817877104121901	0.013765155811464544	0.013302931790171448	0.012254033839927049	0.012984075565005844	0.013365887006556013	0.013805524852147316	0.012784941729983972	0.012359728078916863	0.01322349940419661	0.012978425906280682	0.014529497943380374	0.013053339387246036	0.013162996160796884	0.013569314058271395	0.0135953760230704	0.013110986265274453	0.01315295580528645	0.013598011175504236	0.012239381690419967	0.011903921571614217	0.012754837351896108	0.013011963551709391	0.012986743751503892	0.013651597088181143	0.013037241707989443	0.012783690125317899	0.013449105961486294	0.013051660238706105	0.0133492668188809	0.013142432984485378	0.013816788499390872	0.012725958127490344	0.013584196733051375	0.01345958757143541	0.013460535172839983	0.013058326215634256	0.013017222505814998	0.013262429596952894	0.01208517357787093	0.013047331721851947	0.01328630522260356	0.013203273852563029	0.014428676358013724	0.012095795898764599	0.013294563170122578	0.013824657515777654	0.012389613934835625	0.013477429414925069	0.01217709956488897	0.013282323201367756	0.012407128296838337	0.013081717865449611	0.012906143523692213	0.013457325187728622	0.012918563529044216	0.01429562220352227	0.01203676324131636	0.013792090699520058	0.012265208586749283	0.013087732720477023	0.013344971444690974	0.012257341775805739	0.012940138995195347	0.01321997542683644	0.013202053588318512	0.012693978222958612	0.012797259098431655	0.012095052785152478
jay	0.013807905688337173	0.013757059004745205	0.0129176091135766	0.014410693875583462	0.013852443777039463	0.013487842676231477	0.014094220596306953	0.013567866842054965	0.014323253570573423	0.014067012075392338	0.01471279875837458	0.01410287438192362	0.013389138678558834	0.014067421577754502	0.013553475735247011	0.014211720805881916	0.013684703851037825	0.012866951762963848	0.014542347313524997	0.014325395425919929	0.013784789013191674	0.014267797319144928	0.01415589370013958	0.013998022695647714	0.013822581306766835	0.01375931288880667	0.013836121879091829	0.013836474221475019	0.01406387503224865	0.014708614610118565	0.013832270614977079	0.013658866955577392	0.013706891200424723	0.013094863713142032	0.01339440727713896	0.012364764714283908	0.014055373423313445	0.013580053364646516	0.01454117082422771	0.014012896702921789	0.013686544599143226	0.014148952712990276	0.014325040717897334	0.014467221764361335	0.014073550689494943	0.014489996328604362	0.013918203403732166	0.013423736800834968	0.014198592183346997	0.014257519547662736	0.014512509360798329	0.013466199051455628	0.013134058531691339	0.01356358788356345	0.013456991220137436	0.013768460209240217	0.01395916440179656	0.013936600678522017	0.013810946626907392	0.013375886803588947	0.014170739321479536	0.014003263989668334	0.013101972301437996	0.01341550427344721	0.014446767688507396	0.013606234927907196	0.014245053364880049	0.014303975850021862	0.013534355926992163	0.01421006428804336	0.01420109732840364	0.014306264736002517	0.014848748601456303	0.013211252951082357	0.01389414806283065	0.01479816865924789	0.014409922243207742	0.014797670750859773	0.013716689933175596	0.013433047291956414	0.013635581420485559	0.013895865921206525	0.01460544832275431	0.01409033280403424	0.01384992752641948	0.013987359033068827	0.013559710336352764	0.013497066656736419	0.014517617164597247	0.014243360421922997	0.013341258440647359	0.01302795143475949	0.014902465414422084	0.01343701391198236	0.013630471479169029	0.013631351807281396	0.014010818049126525	0.013784102583869886	0.013997456392699927	0.014677593899729528	0.013481219783354733	0.014463799056297348	0.013613595005568626	0.013556210609492147	0.013493851083086206	0.013477028191874964	4.214684851089403e-10	0.012569363570485015	0.013055319979722655	0.013889988643326525	0.013049667178318259	0.014044010867362273	0.014242082706638657	0.013467583950165792	0.014442387063126599	0.014430841998223677	0.01395678752708939	0.015061531774300186	0.01371182914763815	0.014857856963317699	0.014165151229102517	0.014193673895929189	0.014486105836999576	0.013904320304082143	0.01298745307810219	0.014160367452123243	0.013879942339855022	0.012451212192162546	0.01388517392437302	0.014185731579521467	0.014746843914438156	0.012662173564312828	0.014288232344843065	0.013758798309092024	0.014058817617884372	0.014623524870279313	0.014138613759901837	0.013537078801128213	0.014387983744016834	0.013852545259675999	0.013790147781458689	0.013453975732249072	0.014582388143482054	0.013016252964134119	0.013394269892542457	0.013769883239413479	0.013183479254396897	0.014478213788269467	0.014102999702785522	0.014216491281127206	0.014544459602225335	0.01372130789379949	0.014251779307638282	0.01389061496043984	0.01410475347980121	0.013798006685249425	0.012398946273079938	0.013281143307565062	0.013308104167927236	0.013803493518465495	0.014462123380640313	0.013985169992896292	0.014199179089246106	0.013404612953568913	0.013988073996677355	0.014294626042426477	0.01394690035552127	0.013889760127093524	0.013174812757968274	0.014798680783842283	0.014466697842970966	0.014295693271049278	0.013604991990279147	0.01495535756420516	0.01405341894039638	0.013835668126921304	0.014209183214817112	0.011265660442796905	0.014267308848006963	0.013990734090487822	0.013656647068611609	0.012994130464133564	0.012108211459809002	0.014542214163764831	0.014389722492948785	0.01435583589111464	0.013703910740345677	0.014794874131087592	0.01429871810216133	0.01366583083351139	0.013827117076094015	0.013039158514585529	0.013079399524998607	0.014162809237556544	0.01466773515611757	0.01324931061130134	0.014146424748173611	0.013905993420551419	0.014282829480387947	0.014553843325330105	0.014460164993952663	0.01381738560549911	0.013315173024430913	0.013600737002631506	0.013963337073148294	0.014106944847371926	0.014237361204828776	0.014837196069916164	0.01460720945127416	0.013921554253236837	0.013614360738698188	0.013572576479855441	0.014593332029014736	0.014163210295176601	0.013292938540283556	0.013892753013805053	0.014015897940089733	0.013205184836829724	0.014607472969811866	0.01499500206301526	0.014254364698865738	0.013840737382788536	0.013804428599461092	0.014365387096417593	0.014804668621890713	0.014123193872773686	0.014569191233729312	0.015014465414796998	0.013694045080380008	0.014840723162460519	0.013686272635049351	0.014634278260484428	0.014236327682500325	0.013388672788581137	0.01389167605545056	0.013960581487067823	0.013237798051833479	0.014448879805058568	0.01472035916485669	0.013360886131524616
jellyfish	0.013332757576063956	0.014104923490084423	0.011872100788129397	0.01405643706923621	0.01336728408854959	0.013769778737489585	0.0135604322442611	0.013141297587930206	0.013670648691994443	0.01355203183032233	0.013857887925757137	0.013355302802280618	0.012680264920489	0.014320801015505808	0.012184862336936836	0.01359960927428123	0.01323191722772888	0.013897382782485812	0.013904403199359608	0.01320769161557088	0.013791813100345418	0.013751371158400345	0.01361990714572055	0.013702244150771769	0.012839512870753942	0.013027996065076063	0.01395519171827786	0.013228810108606983	0.01409621845261164	0.013692542248225326	0.013569828955342917	0.013431935716052818	0.01392372209714042	0.010180817745651098	0.01217177879409459	0.01202647328471753	0.013683109914792959	0.013425089975608102	0.013629195813543833	0.01384636009110401	0.013690844298803018	0.013574838337673902	0.013635969792831715	0.013757981259265356	0.013261654058582793	0.013774993088696478	0.013580859930972878	0.013264790964469591	0.014171839658925451	0.01367037481615582	0.013411537203996935	0.012187101294681589	0.013424572865800028	0.013846284838653064	0.012045748128071916	0.01344883393888038	0.014190078991586572	0.013106351582400597	0.011779507009133026	0.013232728757492982	0.012923041344751496	0.013145688542431366	0.013243831561291006	0.013965766030592172	0.013088567862261117	0.013917777279390482	0.01413788459582905	0.013431753474197028	0.012997663824037048	0.013248788063488576	0.013175582333122486	0.01240940345675718	0.013984847728842904	0.013330272070739385	0.013400350792577903	0.013645987873814975	0.01357535001420288	0.01382723352474272	0.012277152600894991	0.012431923363049591	0.013482902945716142	0.012185598936493576	0.013651022385629064	0.013362812500117872	0.012767231018494744	0.012985699021462243	0.012966078747303116	0.013573878290918209	0.014364735079297024	0.013302663305005413	0.013762158195378233	0.013191310271001143	0.013401736074874309	0.014323447637949738	0.013407399092599153	0.013462244970616094	0.013746930291639045	0.013758075091473095	0.013557453863253369	0.01412517545503473	0.013346555285976716	0.012999812301810196	0.013635935499634126	0.014054074607380822	0.013021125403486229	0.011942660467902537	0.012569363570485015	5.960464477539063e-10	0.01200488417931281	0.013782620899922675	0.01331402055922325	0.012412111314406797	0.01446494075069354	0.013340681230216787	0.01269588886890397	0.013653843553956069	0.013237137877992206	0.014185683999891261	0.013601015895771857	0.01415201384807275	0.013020812863699563	0.013962288435625856	0.013524822943455299	0.01442220991195971	0.010648554442198596	0.013826960968387016	0.013889085077887135	0.013252277707295061	0.01276361613253717	0.012043889876582104	0.013636334442588112	0.011935447963161547	0.013721474711641762	0.013089572599847762	0.013656803765233046	0.013710306323558281	0.014087527451984199	0.014089528519830632	0.013618329218357872	0.01315765154959797	0.013653294094605386	0.012706975371786913	0.013854205222903116	0.012776546345459137	0.013029031249362881	0.013662821803692516	0.011868082914397293	0.013858312221758462	0.014021602309407782	0.013359979119462384	0.013942067454246332	0.01356421085349845	0.013995187270493583	0.012787528548623328	0.013918522630292586	0.013707064061389836	0.01286036910120229	0.012447587199310196	0.012811289437456366	0.01254819879608718	0.01402528754879677	0.013857457459331146	0.013522278892843798	0.013670283455078607	0.0132245949754852	0.013447953713932976	0.012738207766018736	0.013773564509050058	0.011805541083628156	0.014471988437101157	0.013773761821812279	0.014303723482744881	0.01320234946231436	0.013783486391968542	0.012385417169205198	0.013153522536012938	0.0134626774800433	0.01363740824530145	0.012596735279891125	0.012922880938801173	0.013545522310603136	0.013167465934622929	0.014206893029617614	0.013734148185729262	0.0137749612575989	0.014200554921915598	0.013350875960947816	0.013876252150820839	0.013761740524230914	0.013972597445297354	0.013709814343882092	0.011891506536201977	0.011509893323399436	0.012697606605436935	0.013552908315123987	0.013158555686018803	0.014200340950636653	0.01376607445318423	0.013884327728201811	0.01375639004310085	0.014098663743485269	0.0138791153047645	0.013572927946140097	0.01357596286349596	0.014304885803296996	0.013262550657891566	0.014163325176698756	0.014133174180386003	0.013207050051725932	0.013796874811340547	0.01278077191110014	0.013062963417439587	0.013951892834523763	0.01378234182742965	0.012325796768999295	0.012655944927108193	0.013607507560923776	0.013063600751487284	0.013473101129948609	0.01363769148949355	0.013566477185931092	0.01292425823527606	0.013764944078451793	0.014199662275723326	0.01341325233485325	0.014091692722818398	0.013908970924211705	0.015075019382870716	0.013097129759573119	0.01431272279615522	0.013333685552959197	0.01377795247749681	0.013345987275547522	0.01273476466684187	0.013353962455683582	0.014035121758144871	0.013312368048379328	0.013764359059456199	0.014461242141488563	0.011874972775321221
kangaroo	0.013235617523962328	0.01385839801281451	0.011104036353167996	0.011544926341714381	0.012014203559788755	0.012344358267790042	0.01232870539474893	0.0125591587680653	0.013651385169820538	0.01216918219397573	0.012493490472370805	0.013873859293881517	0.012853808633520163	0.01294300793445233	0.011757887312271413	0.013113701945322347	0.012369084277139269	0.013113586169612036	0.012567857971669028	0.01355411928831331	0.01202212501703567	0.013576039777938026	0.012905541924200252	0.013326979862767463	0.01128541271178817	0.012621634737866271	0.012843319874039449	0.01336485556748453	0.014171133269344991	0.013341723230576617	0.012844107101645144	0.013246017182078856	0.01299250125134717	0.012003732188379947	0.01157478795735632	0.010609346637019639	0.01300949018963201	0.013266802943046442	0.013996128712386145	0.013049450347493542	0.012836866585786992	0.01302128438158628	0.012919767280976826	0.013377590881641638	0.011405724798268284	0.011829004610905003	0.01324443665835518	0.01158260672945604	0.013368573916308697	0.012437466873681134	0.013069573538946873	0.011745145076666921	0.01169176575740711	0.0127883797078168	0.011417867810006872	0.012655147491156678	0.013847810677424768	0.01292590646588514	0.012838154374007444	0.01328891525543414	0.01396856269280901	0.011728353089816767	0.012273230296155613	0.01270112555312264	0.012676151723971485	0.012935347399758615	0.012471035967206008	0.01301926943713927	0.01201341967271157	0.012131543417125105	0.0135397369883799	0.012847567860954685	0.013973516474578363	0.013033607643080586	0.011996548167439162	0.012964407228084784	0.014006731970351682	0.01401090172956185	0.01123712365293593	0.012002737326507716	0.013778366515479853	0.01187003649611378	0.013421829945260432	0.012957845338645614	0.013108636282276286	0.012130180173747358	0.011802775669101467	0.012760249262339585	0.014108743005861813	0.012253533188674363	0.012606561492462294	0.011628513505765787	0.012910090856256232	0.012802881673000277	0.012478015258103064	0.013369811909169783	0.012007891942836855	0.013877223918456078	0.013359635830237424	0.0134418350342543	0.012518363596885691	0.011784752268531628	0.012327587808762041	0.013163566164924223	0.013023845512884462	0.012847101914787582	0.013055319979722655	0.01200488417931281	0.0	0.012524944443581518	0.011942405917463338	0.012124494569973207	0.013097856533291643	0.013292664796495397	0.012146101855126377	0.012898212443011979	0.013069990021513227	0.014429000138987205	0.011026849654334998	0.013855522578847161	0.012754042007833834	0.013644394797409247	0.012263277838949366	0.013834318553258758	0.01134873577791731	0.013486096987937393	0.013662200353910454	0.012790967972750963	0.012586588532927682	0.012903899388354657	0.01400367762342995	0.011782974217256081	0.012085392364998617	0.012409170542118368	0.012820802353273708	0.013486170220060965	0.013555483981341548	0.012155654973171224	0.01395102572628701	0.013237454450681198	0.011835100660646627	0.011298362338519878	0.012229888377851977	0.012226965295357849	0.013081167991916401	0.013304737315572444	0.01270198504361423	0.013501494112597932	0.01339231017651038	0.013678413690104618	0.01296249804041937	0.012877955024181103	0.013878222223164172	0.013219613709801941	0.013509042054568647	0.011903723576933947	0.012826934451009289	0.012005447099027199	0.012733318447004989	0.012019043151097602	0.013058888046914843	0.012618522741855008	0.01291503688878134	0.012926522907582056	0.011672793735570765	0.013784810960784178	0.01306490994098193	0.013384872493307947	0.012039966684747001	0.013477764103153775	0.012159268235486506	0.013754700906948667	0.013809690622477208	0.013345133739500335	0.012345591249031349	0.012623046539971185	0.013442863061598873	0.01248168912810181	0.011636156671158294	0.012241611898207055	0.013208050958578941	0.011456420405291585	0.013444700622535223	0.013921804214128853	0.013589259359501253	0.012795101495387031	0.012575981581783626	0.013839460898889853	0.0130978086417349	0.01281409841489391	0.01310299265648555	0.011566769634424587	0.012430078206271334	0.013525678477119014	0.013853793220651795	0.011922992643050112	0.013439952849302933	0.012327704915971698	0.013005274082273028	0.013302537210465697	0.013362356653186705	0.013282310547067556	0.011218226585070086	0.014227625777445772	0.01300411268748424	0.012592246410667704	0.012628458405747634	0.014411802583359319	0.013288341776889166	0.012844839708978463	0.01217372043112731	0.01289870122404358	0.012703166441496367	0.012323872799543435	0.012805840682049423	0.0122701670573255	0.012758425120129363	0.01296445606768647	0.01382852903006791	0.013593855275122226	0.013583552205998274	0.014139356888674282	0.012351661844874016	0.013825677102457672	0.014210133055093029	0.0120525826612669	0.013516430260672098	0.014731828055383374	0.012968697633114703	0.01397127510845114	0.012234266918621452	0.012242191315129618	0.013190993229520515	0.010868095106315277	0.01325397401682962	0.013654471447312612	0.013565802988058458	0.012827109871370986	0.013734450567919207	0.011467307613526425
kestrel	0.01161943118325513	0.012876342677001202	0.012002994730340413	0.012139583678733933	0.011355493002253041	0.012999587336013951	0.010068559829095665	0.012671031071633492	0.012198174419427991	0.010019901252718042	0.013330353556826541	0.013709973384853216	0.012834392860437393	0.013463278551931603	0.011642981327215387	0.011872056122839725	0.012458994384811668	0.013280628081057845	0.011915729350787545	0.013036961335920449	0.010867429411019274	0.013728430029104543	0.012097807659823306	0.01335660401376826	0.012978664808574548	0.011769303730344094	0.012879716202888946	0.012138007722330408	0.011957569222105793	0.01240768309588828	0.01054842189032119	0.013637031014445673	0.011910389805639639	0.013091249724140663	0.012187438663904768	0.012068688761303119	0.011979445008058462	0.012373696721919904	0.013671788540386112	0.011687460720379406	0.011738385847635044	0.01300260970846431	0.01241729802108124	0.01359331765407972	0.013139454902046791	0.013369875053430071	0.011870797321546351	0.010682635734099794	0.01075986297315275	0.011245978962305656	0.0136444926670076	0.013325867017236228	0.009811664392719872	0.011721808094349249	0.01187528874942927	0.012512794011560824	0.011873955710955923	0.011634298383470536	0.013487688253487111	0.012842887837692878	0.01293189617573451	0.012395189220801994	0.013171573088974315	0.010620014589451802	0.011367226786569817	0.01176104163113139	0.012805460172605835	0.01186328250001351	0.010819860313222402	0.01281368977182111	0.013591441110810626	0.013307241572603918	0.012379220784752544	0.010806171694982113	0.013356177442251925	0.012874087502336116	0.01317636443152197	0.013292709087519313	0.013500340324649385	0.011033424138746434	0.01410961261606021	0.012368879904499476	0.013832781909928394	0.013583910210343273	0.013007862649523319	0.011846701103212308	0.011498899114217092	0.012219136018820414	0.012896517795747152	0.013358411454223604	0.011682409360340183	0.011446859778246703	0.012778774021129773	0.012253801118043566	0.01073276524925625	0.011520233707038596	0.011100506572772671	0.01324786386802435	0.01350030379311712	0.012795636529142536	0.011035002798757167	0.01246185001952973	0.01141002010464361	0.0114259085925784	0.01124809962906299	0.01346934266585468	0.013889988643326525	0.013782620899922675	0.012524944443581518	0.0	0.01062669675680184	0.013316710022494746	0.012503889408034536	0.010963076745432121	0.011594190139982032	0.01314195194860526	0.010933937324411535	0.014004809709322387	0.011569505629241646	0.012997152223372239	0.012196658703825105	0.01221105200635107	0.01275062293579755	0.014035410650891547	0.012817640434103654	0.012290571625840702	0.011310426195826928	0.013376030376406294	0.012345587396599881	0.013703825924765657	0.013871150545818335	0.01348869334255866	0.011220190042763865	0.010711216625305015	0.012273616790169006	0.012724127792619468	0.012249105797160495	0.012101839749139897	0.012778943843067126	0.014038081626309202	0.012183415944050657	0.012595737667271789	0.01184876075525028	0.01165450528226707	0.013591395100222982	0.012072641934924156	0.013401480860089448	0.012623377802506323	0.011451208080822643	0.012354266827685137	0.01288415052553443	0.010796734824512686	0.012069755175041047	0.013422903748302911	0.011020907474628201	0.010726662149356025	0.012529920389302663	0.012457126702049409	0.012186309295356433	0.013419997901903609	0.009812891768684981	0.011275668349401904	0.01262812831602753	0.01266719966217398	0.010808526379797272	0.011600199825105522	0.012400974722674579	0.012341965783949572	0.013117779009536524	0.01362058424809429	0.010930881688293658	0.012961661886099228	0.01254463479604115	0.013851939692795863	0.012865358778512309	0.011078412533523438	0.011944340021083575	0.013062017772014657	0.012246624591880622	0.01282305915018109	0.011420286323179705	0.011060578634425569	0.013193702689987354	0.011753080193814365	0.013668557405309735	0.012383027186175916	0.012283673797199777	0.012698199637023497	0.011453249549563414	0.01040815643079513	0.010699790102183655	0.012859040065433034	0.0136831483528817	0.01211535881159543	0.013515412643327038	0.012484845726902227	0.01199985298906558	0.010188683114688266	0.011886040210452404	0.011412526711142696	0.012378685449424102	0.010975609962926111	0.012216035856046052	0.013284147956082182	0.011216326648984651	0.011422911972829962	0.01122470150939464	0.014934628870888875	0.014054466937635792	0.01075208636644333	0.010877716749215035	0.011034206415570784	0.013027275491412424	0.010731581215672317	0.01364839041488094	0.013587297535593066	0.01189514375139278	0.013958349517607544	0.013260517136027756	0.013449745886142075	0.011576364763167004	0.012472457216548447	0.01241230411857205	0.011427939883259108	0.014337676725683503	0.01203406787098039	0.012421611136103374	0.014328361655648936	0.011643138871192364	0.014068888644892695	0.01180096506294359	0.012078297856953251	0.0127419194361638	0.012282858693392119	0.013435842671964664	0.011087187307355938	0.01366878154503989	0.012760599781572967	0.013499401952696215	0.013172770640847214
killer_whale	0.011889802765433166	0.012368044869569767	0.0117803963453824	0.012467125359917093	0.010653040088890923	0.01196538193461234	0.011006191617079933	0.012190608024474851	0.011851759671418943	0.01112002088732899	0.014080358461548474	0.012953592400109338	0.012472189595703821	0.012724433487526974	0.01063407449114041	0.011893639166680072	0.011879299862570502	0.012365285604025063	0.012543468077347382	0.013102652562600658	0.00912054341884124	0.01319202880739263	0.011346452326519646	0.012961924536797348	0.012508563425407172	0.012458954500381633	0.011380771494325875	0.012143108080839753	0.012423046114730892	0.012576916937275119	0.011220017841983353	0.012319866409928682	0.011736382572437962	0.01318248667962592	0.01177619194469566	0.011450992135431126	0.0116909459492522	0.01228125798935982	0.01322368033706612	0.010274927302660022	0.012107039817714372	0.012432027994904393	0.013245759201325766	0.013458262256911872	0.012791388828394005	0.012638585614259217	0.012337743665053642	0.007817371513151908	0.012448612379350917	0.010954499232106854	0.013449691426647472	0.012664649654775992	0.009485330015372174	0.009897568120244884	0.011023263180286179	0.011895100977217982	0.01197206112110089	0.011576062525351403	0.012780958948651298	0.012456169713042997	0.012756338116835342	0.011638187987569009	0.012166030564851152	0.010617901709982802	0.01118075494743985	0.010642270216558175	0.012274281602260075	0.01099197445123209	0.01018992985375015	0.012537752917743483	0.013833056780152437	0.012805011556833765	0.012669541770535721	0.011250258565216194	0.012267873727100071	0.013368089243928391	0.01312577981007928	0.012929354821774682	0.012588724685209697	0.011951918301269494	0.012962082896289607	0.011736541608413087	0.013301004830977015	0.013329895187272461	0.013600643428477797	0.011661977917621101	0.011940634190945192	0.011399567080542352	0.013051844600812273	0.012424891888987351	0.011328690123504898	0.010931484785858843	0.013321117656216575	0.011650992918541563	0.009819508558968954	0.009791300689059255	0.011027823234691807	0.012149290317174558	0.01282886860764684	0.012590811732553378	0.011413259792847748	0.012322505326468655	0.011360947676973059	0.011782235347424466	0.011242750307154319	0.013051222189557024	0.013049667178318259	0.01331402055922325	0.011942405917463338	0.01062669675680184	7.300048299977713e-10	0.012575911068054503	0.012178800313639849	0.011722336353184568	0.011175781323806776	0.012919958694695597	0.011813821677126822	0.013646734230975873	0.010752036744486293	0.012610532015042924	0.011566889868902402	0.012176954473507008	0.011735713919813023	0.013980762177530914	0.011616205272884754	0.012339631913891582	0.01234015141920821	0.012592694511664842	0.011905355430480082	0.01334870687855354	0.013267014087602658	0.012337540100375783	0.010200732451289964	0.011031594327496962	0.012205045609720242	0.012082569513896791	0.012700367107162502	0.01258177791884017	0.013003277564368067	0.012538420187993192	0.010721458719849782	0.011465949816885857	0.011720920256117434	0.010804867203559556	0.012672325229584544	0.012345576666617498	0.01266478849121236	0.012476425766594378	0.011849807805414003	0.013521170563887651	0.011683104673887824	0.011538685402802076	0.013080161274061903	0.012935040052560685	0.011346569037668574	0.011207954733556012	0.011976496416563471	0.011883956175571107	0.012147453732732063	0.013618866525826145	0.011946864188107737	0.011450234513784534	0.011320891578854776	0.012118601312876452	0.011411272024833538	0.012492089102059636	0.01296128492862027	0.010779038948891222	0.012120911689067381	0.013702925153365613	0.011143634316432513	0.01270176331756742	0.012912321414860855	0.013073210469756076	0.0122437296710527	0.011925836699704699	0.011715366817320985	0.013198674558237436	0.012102663128020512	0.011624594005544607	0.009938999069212253	0.008465039503775843	0.01297993722785796	0.012375443023144417	0.013493270110629021	0.011882572625289037	0.013156659610587016	0.012855453738011929	0.012559986506816142	0.010941540263578752	0.011539709118288315	0.011935871140423852	0.012698329315637363	0.012487000349891652	0.013730341408412672	0.012371445294681522	0.012112837272303292	0.0107952457786087	0.012380060334473381	0.012423389382426306	0.011904110596022676	0.010801067706284665	0.011617670100531224	0.013023221020756466	0.011163019566076977	0.010958518740657872	0.01204254483268894	0.013692709722954843	0.013254240751217955	0.011887387075161269	0.010603404924485154	0.010856778078836577	0.012034654310416691	0.010981297354724135	0.013960431158218484	0.01258404327795223	0.01271808633125493	0.013108133687856743	0.01341824946196181	0.012617569846345014	0.01208046895650057	0.0121199437705523	0.011443183495452456	0.011838321637887301	0.013591975626625221	0.010703078228947074	0.01269312034651255	0.01445292986852047	0.011519722089616734	0.013526239761630783	0.011949263122232	0.011406440300077526	0.01299534210633505	0.011556201783265418	0.012269730819336142	0.010390417176273637	0.012587546104842355	0.01165329545291288	0.012974261674542718	0.012431029756424142
kiwi	0.011246099441212222	0.01346192394452931	0.012183142056486249	0.01356771340354901	0.01241812819775589	0.012700626330322986	0.012161582998469547	0.012645848106376336	0.013326313851817522	0.012965254052914502	0.012950002073652864	0.013021043696376584	0.013025123053916532	0.013399353394414204	0.011570409927520786	0.011843240305135309	0.013548317122783853	0.013491919873093134	0.01202193742998875	0.01273475157079601	0.012532391608210222	0.013543851039922093	0.013250574393553104	0.012439081243082642	0.011108260944865136	0.013049739488436081	0.012864335719988296	0.012914502846072862	0.01340295052530473	0.0130238419005348	0.012978013866082298	0.012862484314139437	0.013600939419002535	0.012804660542784802	0.011795198381573748	0.011746516729903818	0.013072180154148067	0.012387402230233331	0.012582906000693436	0.012675030567536574	0.013307643221328696	0.013001382396028438	0.012392862747875308	0.013074012033151521	0.012109880340543467	0.012088904183438574	0.014065560241253716	0.012520817555240947	0.013139724545892168	0.012430685063349078	0.013017909563056387	0.012021589909170622	0.012419083905312408	0.012550502441094312	0.011541991349239368	0.013106960668918954	0.012569683429442823	0.012455395500079014	0.011578842795901531	0.012434304050432837	0.01238266421397359	0.012109147065203637	0.013090602210675362	0.01251136759676874	0.01237961924308719	0.013486557689638972	0.013554944885616604	0.012667577954695466	0.01280718378880708	0.011817556117630574	0.012656853572245292	0.012796034378610776	0.012797081367238693	0.01254698362487491	0.012048419112663505	0.012060467305408796	0.012273014546178013	0.012586446040582318	0.011926981770064066	0.011900602918136258	0.013443898981809142	0.011731528409567512	0.013515423319000774	0.012570668637330529	0.013390340235902513	0.011684764678430526	0.012177351584899378	0.012058786668330976	0.013464636576740963	0.011591822166501155	0.012665099821762194	0.012614022741479151	0.013494756759272806	0.01241556375510341	0.01279277496416057	0.013287335095102043	0.013086816914640143	0.012813741592740123	0.013172466566811147	0.013516904527009519	0.011844997537026196	0.012223222940191686	0.012365389291701286	0.013656927027873496	0.012772342771240196	0.011152569548030731	0.014044010867362273	0.012412111314406797	0.012124494569973207	0.013316710022494746	0.012575911068054503	0.0	0.012841314163990083	0.012315357127968907	0.011322026456133226	0.012802046861418998	0.012783914414241475	0.013284253884137794	0.012407761650759241	0.01300438318040966	0.01294839298957656	0.012645247154725132	0.012644169671993808	0.014650297338129585	0.011684296669922793	0.012859875968139946	0.012571658242277562	0.013354244311793533	0.011304670752425834	0.012997704917551063	0.012568672726966377	0.011266102519470902	0.012505591706383427	0.012092565928044014	0.013441730026299902	0.012393431105410685	0.013200468455519533	0.012628297957802077	0.011349724756121402	0.01349611908674095	0.01270988462860208	0.011681862799234093	0.012428441214338561	0.011317110744376371	0.012757366449377163	0.011943557571384999	0.011451569131884356	0.012339088028074352	0.013467844406455013	0.013581267212181246	0.01299862183053129	0.011902918007606228	0.013182473774746215	0.013092097070015338	0.012016945497638964	0.012717553743188949	0.011177005592480829	0.01131010343004102	0.012845237828066852	0.013122890278342505	0.01362005164222263	0.01283573252290477	0.012796200324673426	0.012984177024530495	0.011907351288043613	0.0132711971996082	0.012655549577582574	0.013401325655419698	0.01231825785614827	0.013380602102198953	0.011388348307775702	0.013565339609265321	0.01321270802635447	0.013596427625241627	0.012500764616106901	0.012423740806886263	0.01219235693903428	0.013893684896028533	0.011745788356035142	0.011664853366267859	0.012556968645756424	0.012259729766456763	0.014098760148804491	0.012808585082052371	0.014254913311504379	0.013069547308287138	0.013247737774496594	0.012592039398287735	0.012512628045031537	0.013153936416174744	0.012077178535200486	0.012509601809741852	0.01300351925958537	0.01264366971633151	0.012766420445667821	0.012969892757177576	0.013017261759656522	0.011652093472548268	0.013314191547575936	0.012259951702799537	0.013115122534372753	0.0133545180336958	0.01286069588271381	0.01247307051991745	0.01332417989561003	0.013052285694153929	0.012657585112745357	0.01318429934455768	0.011934456912079817	0.01290670297819827	0.011888138449008392	0.012401075373771246	0.012731858136213983	0.011898408981189363	0.013881856484923533	0.012005879387295644	0.01343466130796857	0.013143311292443147	0.012830708710760039	0.013455157862783762	0.01227804943205643	0.01307336621300059	0.013117028537929488	0.012979900310318506	0.012620108003247954	0.012983085694865589	0.011842634016298577	0.014063102623780434	0.01217470278148731	0.01428368826706021	0.010792921675527051	0.013215809530933507	0.013338963775816857	0.012121330196144663	0.012908053264500395	0.013121103809661567	0.013460502215098414	0.013178711386274388	0.013469723543311942	0.011879556680981965
koala	0.011409576421904488	0.013224342625444092	0.01285750921046154	0.012383732837921956	0.011342486929641037	0.012490696803370631	0.012176101499221676	0.012917088512841138	0.01258559091647002	0.012477601794927294	0.01310258007296527	0.011394019050783324	0.012800608203710474	0.013352925988605607	0.012181621322323194	0.011491895765689692	0.012689848856750032	0.013061322565531407	0.0116898242542543	0.01144821201702706	0.011745042423571734	0.012859913317255329	0.013230745133647874	0.012740825531389872	0.012803045601236164	0.012005038184240297	0.013154052798046455	0.012549148594987103	0.013179643513123016	0.011858956643712608	0.012207524492759449	0.014308100906113478	0.012702666945909498	0.013892959220293957	0.013186999914079784	0.013716597171255169	0.0131638295719828	0.010884015402426023	0.010539450696177382	0.011274382783741613	0.012957931685348072	0.013051709995588119	0.012819841281355627	0.010393418140576255	0.012865055041183135	0.013140054931972303	0.013277845898699424	0.011978709106748127	0.01291893661656227	0.01175402774010937	0.010681414751522282	0.013551578854637807	0.012332755538574172	0.013018900263131801	0.012782697258260122	0.012852363112218587	0.01173429581624139	0.011989385369486358	0.013569257907498517	0.01326929752361689	0.011235706423667438	0.0123880432486199	0.013596175280085105	0.012012882779984597	0.01205008432793782	0.012847931797203118	0.012991296665918781	0.01223367990966036	0.012035347885518797	0.013106610173598243	0.013793073657102832	0.012926817970189271	0.011597532634008362	0.012187359482041894	0.0124389157002594	0.012851475417764211	0.01156276974810953	0.010301469974018419	0.012933302581137073	0.012894983304118512	0.014159776353095677	0.012645150587845886	0.012857607213219711	0.01154245167790148	0.013183847971651381	0.011317531577839103	0.012804155960878414	0.01079295152327629	0.012461359338213773	0.011954617989768516	0.012083769239741417	0.013193855406653403	0.013099818659187423	0.01286231923596489	0.012230172319357049	0.012983017110981815	0.012029664405519742	0.01316237910779431	0.01354864993744313	0.011773586011670611	0.011907552370799017	0.012702082731959542	0.012581651207355165	0.013210244497438526	0.01214356102529479	0.012629859398769266	0.014242082706638657	0.01446494075069354	0.013097856533291643	0.012503889408034536	0.012178800313639849	0.012841314163990083	0.0	0.01194956037059891	0.011367748862334309	0.01244246122398038	0.012294354138487309	0.01367247651256364	0.012609966909377681	0.009910595008015562	0.01188122081491709	0.012955415432244847	0.011741820428373725	0.014730023256684979	0.013084893010461571	0.0106577986597051	0.012205819399528422	0.013145989160707956	0.012684290186365568	0.01292064107637858	0.011116809778699914	0.013425722959188403	0.012381121029683155	0.012732329832364555	0.012769184932161965	0.012197463969857382	0.011604725036891495	0.012615753409479725	0.012379652451936542	0.013730513366828396	0.01211128748440493	0.013074513910339416	0.012874288333188823	0.012088831085051679	0.014011861470856488	0.013436721164054364	0.01346149995409622	0.009647570476639626	0.012972669806144192	0.012803668185256623	0.013219554931981911	0.011825270630418667	0.0124363300558736	0.012945680813563287	0.010708578310887278	0.011710057784172731	0.013712576663631355	0.012666161856052523	0.013456601468100541	0.012473200251062279	0.012968251063524427	0.012720930768202297	0.010558586644536601	0.013315609977927235	0.012121910586699427	0.012586149671216105	0.013408960750922206	0.013523746959896096	0.012912915020900514	0.01023381050424953	0.010305315855011554	0.012979757345293951	0.01207593395808454	0.013173842907900878	0.01297547289832793	0.011767642384319718	0.011841685097685144	0.01312826990933802	0.012097752262631429	0.011913082117528107	0.012619446101510024	0.012185073057504154	0.013535845330425941	0.01110562537619367	0.013035234406717016	0.013139169312926226	0.012934839315858909	0.010997528089914365	0.012818907018627836	0.012288411360892646	0.01242842502503008	0.013042036375921577	0.0142731701968627	0.011646034688942007	0.013679770270114775	0.013092752389241118	0.01138987800907841	0.010675839435022715	0.012541377071820235	0.011680418537004973	0.011993966303824129	0.012935265001389251	0.012814835610135033	0.012132833027008074	0.013337644994653756	0.012800330614261184	0.012431712541537321	0.01212419710782006	0.012267711344381873	0.012633953528043734	0.011823391566041327	0.011558567720757841	0.013161821204327106	0.012328364496984733	0.0145588681638631	0.012784084058822759	0.013130999691249654	0.013111096503986189	0.01188008589792165	0.013368598625020316	0.011215702438516195	0.012259321146331376	0.012029221718228794	0.012471605042079528	0.012050474432972387	0.012705412858984999	0.011063668081010853	0.013845669357193764	0.012107732588999283	0.013175110064484536	0.012625723941609346	0.011987308978926798	0.011607014232898186	0.012897848669612317	0.013146379562779672	0.01290898369424559	0.012925605528466593	0.01282652483236444	0.01333079058669321	0.013438446965302308
ladybug	0.011296975308983577	0.01328029457479279	0.012069100366700081	0.011905334018982347	0.010972974414127758	0.01274836882756047	0.011119947921667863	0.012649286800186652	0.01141356030241583	0.011731076723998984	0.01443212941571008	0.012161703317568655	0.013498908785253075	0.013110625784228924	0.011458904081858427	0.011186847362044861	0.012682618299796165	0.013463877660812185	0.013101169434875397	0.012474129484107484	0.011649109998550209	0.013299479079546045	0.013146794359802292	0.013372337202112965	0.012867931593008596	0.011914495114693535	0.013480101861475673	0.012617125136196804	0.013178127754244394	0.011424458311813485	0.011869307789372296	0.012654765311265479	0.011585387416989366	0.012954858369723918	0.012749033517381063	0.012467937186652416	0.011946557655979954	0.010536810632791065	0.01217310195717327	0.011143110910595576	0.011758078765367162	0.012326085472254578	0.01311503929807742	0.012969087903081537	0.013712559156270756	0.014107471648945198	0.012088483520171542	0.011917393285760755	0.012977082389646576	0.010786118536404184	0.012464782584788553	0.013606332951506444	0.010835362297931743	0.012514629858102155	0.012016799195231229	0.012814012845170435	0.011319594553752166	0.012025101311218178	0.013392270959365536	0.012511922495870615	0.011561834275362191	0.012000195028595626	0.013452688915035737	0.012049754756686648	0.011263593857135976	0.0116327937690201	0.013736473685900632	0.011777539609603163	0.011959645164143957	0.012495901669345935	0.013672373346259328	0.013049241624368076	0.01110078781676805	0.010617834730492519	0.013419138804072552	0.013455572730745389	0.0119464432450838	0.011402368253488303	0.012778850180718601	0.012367983697738512	0.01316576329123638	0.012939070646732453	0.012652511617948671	0.012758334849930407	0.013287448167980947	0.012346477712837556	0.011765987587695812	0.0101172772917771	0.012563839071515514	0.012959058664616057	0.01109228055639268	0.012645457188789259	0.013041110384388347	0.012895283341876517	0.011889224811074444	0.012226511169269443	0.010636341131098546	0.013548736581695009	0.012593414490719011	0.01182958764706981	0.011382193256808884	0.013647315386549785	0.012343382364286982	0.010499749468637425	0.011530598335862395	0.012818629895620824	0.013467583950165792	0.013340681230216787	0.013292664796495397	0.010963076745432121	0.011722336353184568	0.012315357127968907	0.01194956037059891	5.960464477539063e-10	0.011367419267473063	0.012914432337311172	0.01123519635085303	0.012649083193671624	0.012665649393331854	0.010951972557854186	0.013146306868654027	0.013340490472334597	0.012126736543338934	0.013779558785122294	0.012775294687465251	0.0106596698231024	0.01130398863386249	0.012795802650331378	0.011858261784502437	0.013681985460745599	0.011831458376698025	0.013407990494796813	0.012279074199633025	0.012150034389541417	0.012723351208668236	0.010766961214836019	0.011711274553753547	0.013329269065014413	0.012002124215845653	0.013497679729909047	0.012096614702769523	0.012928256040937136	0.012708544993108228	0.011897552570511455	0.01385875160707383	0.01252220932985886	0.01303290004600001	0.01062300009307685	0.010902496679490375	0.01292436980061222	0.012555584327485759	0.011875696900783541	0.013159627096733335	0.012800624243921446	0.00997349013223791	0.012033937111527662	0.01208953013555298	0.013110117431006867	0.013082778226577763	0.013653958308605007	0.012256417112951272	0.012901410669166951	0.010370932075318282	0.012926193327709197	0.012172122321922085	0.012963158339251674	0.013413825344004992	0.013247327563412825	0.013222124513523052	0.012495887288597341	0.01082907797239738	0.01294869379165756	0.012937676713907258	0.013376260010650596	0.012754313585846635	0.010326313613864047	0.011354977312655369	0.0134238748008046	0.0124913997425953	0.01191620413877032	0.012517526585324942	0.011708752471775887	0.01305458086499049	0.009120178328995705	0.013760193589989405	0.013211717504299654	0.012815394517299404	0.010302884227956298	0.01225028097048031	0.011077162434631464	0.011933447645203639	0.012624688817644503	0.013496849799910983	0.011833692276663562	0.012968683334698299	0.013426206432213459	0.010480517340467604	0.010937335626408817	0.013098651605992608	0.012147039759693667	0.011944676101802427	0.011555704095511939	0.012553777403832988	0.011595415679516158	0.012528486844256644	0.012099096857764518	0.012424633316659746	0.013288897067838588	0.011674766429650776	0.012231863218785175	0.012229529025500277	0.011483649435504532	0.013702990911540997	0.012421715610274138	0.014019428488941037	0.013309048041446964	0.011532454537289825	0.013864150826460784	0.012428304173298115	0.012653019849118645	0.011332640246341482	0.012405426847065797	0.013035956966414915	0.012518761583617062	0.011595764379205868	0.012483637209030219	0.012201620571696792	0.014748949249378475	0.011233750565769291	0.013169153305964807	0.012198181440522236	0.012352490202517372	0.011998737668747015	0.012887926705682735	0.012811911624378225	0.011655229897090858	0.012475257809125694	0.013347793327365055	0.01361706316783777	0.01287514353540548
lemur	0.010239496175081488	0.012841955844262311	0.012037680539314762	0.012475677873876984	0.009610721899712285	0.012318622064528793	0.010862276774823397	0.012454541592998289	0.01198568164480472	0.01101810500703949	0.013054477066260227	0.012752545729419933	0.012522922087695856	0.013504536527843005	0.010586593232113027	0.011361569510678357	0.012104673312894713	0.013669567394735736	0.011746630928192416	0.011540114434490488	0.011162492836817806	0.012852986969420522	0.012745046790877367	0.012796691047785264	0.011465735442650518	0.01168571387361603	0.012143083691457612	0.0122893222628104	0.013170905639636833	0.011701181387679031	0.01117269047328507	0.013214605492909114	0.012386065764192484	0.013125199072699142	0.011781488685236345	0.012069935606821972	0.012259771774742143	0.01162693420256843	0.012206234134052868	0.0114266828659775	0.012827773351081137	0.012768002116991712	0.012528600399009613	0.01208158179678279	0.01148585022410591	0.011765747484593003	0.012088753387048576	0.011414390649286702	0.012387870817217778	0.011183120908080223	0.01228259932069193	0.011746936527466062	0.01068045665567207	0.012003828268831108	0.010903044278129041	0.012599151836673013	0.01261251558663348	0.01167178960677085	0.012536269660117736	0.01271951419203261	0.01105210586330597	0.011053582533882047	0.012809619144164291	0.01108202695574916	0.010369157773057034	0.012354037552144282	0.012944971493992603	0.008914940448871683	0.011979084859265948	0.01186398111258429	0.012446733444903081	0.01146512060825849	0.012195276290720182	0.011585123547969138	0.011781363722347775	0.011903232103101536	0.012311504342094097	0.011184380328513708	0.011988695948566322	0.011695248517779573	0.013690330673501762	0.010673171302590328	0.012560023161903147	0.012637419381774864	0.013354314123638172	0.011209576692761368	0.012176685642204595	0.010799696797953184	0.012939460977564017	0.010758628004298174	0.011961130366324202	0.01168880517820019	0.012122637263791185	0.012524044217588699	0.011411559134918496	0.011857978903150395	0.012189723242533186	0.012756182222059397	0.01318994623371439	0.010544039128608646	0.010752902587768757	0.012051566573029313	0.012186943190161002	0.012773789849650384	0.010365896666490465	0.012277082836928853	0.014442387063126599	0.01269588886890397	0.012146101855126377	0.011594190139982032	0.011175781323806776	0.011322026456133226	0.011367748862334309	0.011367419267473063	4.214684851089403e-10	0.01216755532298206	0.011777927164472348	0.011879798320517387	0.011326707187667522	0.011319229505083737	0.011889460021193335	0.012575375676186464	0.011960594749436027	0.014159994399072213	0.011509309069299915	0.011412917506896825	0.01187124362850197	0.01352805879626534	0.01201114220668819	0.012105435837439867	0.01246547682954129	0.012578404832273536	0.011275484987448663	0.011499439974678399	0.01201725427293421	0.011828991257658	0.012114458635161226	0.012225543460961807	0.011349911820254773	0.012952567168867694	0.011113779587536761	0.01112069878545791	0.011593187138822592	0.010709277430977812	0.012591821924790438	0.011823189533671669	0.012099005676306951	0.01110637065257249	0.012077898959825388	0.01180711069198349	0.011988645231410033	0.011629743858996693	0.012413576295779155	0.012623428461500314	0.01064820986061141	0.011749625723473432	0.012520236785226273	0.011757094664315924	0.01282456650373331	0.012685390388193794	0.01200439234513828	0.012077685556756677	0.00985864799776407	0.012232302144962195	0.011339627801261465	0.012007167219562806	0.012225447607260584	0.012812004500075826	0.012317191034727256	0.012372864125282306	0.009869225538345058	0.01215481688535769	0.011978474181233802	0.013438428121321075	0.011853201060355329	0.01126906490180512	0.010623636996201122	0.013805740619411982	0.010232747999475387	0.011901148547821967	0.011977848093566943	0.010966281348661391	0.013983179581531245	0.011601313363715655	0.013223629830345003	0.012087854700309845	0.012573298126929023	0.011619259950699979	0.01245804587315013	0.01152703768791709	0.011325933480306702	0.011784356256186375	0.01336740529056081	0.010892125014245285	0.012387209197822893	0.012659612981972022	0.010895044435382592	0.00985954361696215	0.012297528130807516	0.010995026143639978	0.012137275888761503	0.012333406265326006	0.012127507684128356	0.012643789326314192	0.012142237218531774	0.011721314075584967	0.011743301045228569	0.013413546698039078	0.01115456836647182	0.012239639398785302	0.01054318716731266	0.009888508947857083	0.012848150956705003	0.011080966390431945	0.013584527081966991	0.011189772978931463	0.011334783749819818	0.013442670848363099	0.011692156838162701	0.012531644535966691	0.011411230854461994	0.01136649725155042	0.011971187172887582	0.011716555056982176	0.01136021955127723	0.012014573644086037	0.011424228420962565	0.01348799449073264	0.011566438486752158	0.013643554697124116	0.01176782869679086	0.01259595770001529	0.012079015978363012	0.01186399568962676	0.011790458625218513	0.011621777977336078	0.013425122408198984	0.012978726695211504	0.013802779632522974	0.01248934117740585
lemming	0.012886250916973558	0.01383903798349736	0.012088065897001838	0.013326598877193374	0.012135573242456144	0.009836670262921964	0.012562476396587783	0.011920126448204282	0.012878836946962867	0.01245388499809438	0.01425084203748949	0.012964014645190132	0.0132897119301866	0.013089145217425135	0.011699681588617386	0.013466019782770997	0.012549742991849334	0.013151441334209025	0.012483836096278096	0.010538716977910154	0.013310991914903035	0.012915577068990287	0.014027301582888532	0.0132545413983994	0.012837880889180229	0.012208241745358206	0.013449340381657215	0.012952247219984668	0.013435902608520435	0.011883923249599148	0.011748495362116862	0.01351516229670662	0.013028770815370943	0.013619420145601626	0.013559926758592073	0.013180298786139199	0.013389038968217913	0.012348673914612307	0.011907032048276088	0.012596875116199818	0.013017253787804592	0.011797278064733428	0.013803530479186851	0.013312448269048396	0.013778652554102797	0.01370085453896574	0.013861838746659083	0.012979860911570367	0.012432505589170252	0.012118481025080315	0.012727417280676652	0.013160143730578047	0.01296165919260517	0.013172598273543511	0.012099249292474037	0.013550600028305309	0.013423699431427466	0.012635694237186452	0.012873166657572106	0.013617004497588299	0.011723529897711677	0.012174994957223725	0.013905888217276065	0.012119298968004346	0.01187543186902164	0.012587501552382226	0.014053841682960698	0.011844532807823327	0.013644050717550836	0.013232863869386517	0.013786656568527463	0.011696286053531412	0.01320710177966935	0.012807375150124957	0.013249754074022593	0.013067698842031685	0.012461465329644364	0.011670535807726787	0.012758487390710728	0.01317384653479048	0.014173725962675235	0.012571274942755345	0.012898796492414051	0.013476790985918722	0.01415361573397757	0.012209381102000476	0.01302036069924396	0.012899706003083856	0.013339684464727558	0.013262892013544976	0.01233070052193143	0.01361324915070379	0.013008763586272952	0.013284593741533133	0.013815765858796911	0.013580570773255496	0.012044212663814606	0.01289807805701251	0.0136622293683562	0.012541776667782141	0.01280765441048625	0.013052414483352261	0.01231312620255862	0.013308060993798302	0.012478782903525432	0.012986612952370205	0.014430841998223677	0.013653843553956069	0.012898212443011979	0.01314195194860526	0.012919958694695597	0.012802046861418998	0.01244246122398038	0.012914432337311172	0.01216755532298206	0.0	0.01296938632720284	0.01328922876099635	0.01354219815224126	0.01232459801277317	0.012281648930898613	0.012824148041068637	0.012648379664286273	0.014153404646637047	0.012740582600891589	0.012462975942584682	0.012908138187428782	0.013487285731471461	0.012375717241631523	0.011778102884793964	0.012782102232197659	0.013759308875833416	0.012917165883925014	0.013319897247502288	0.013163777020739058	0.012492864347308756	0.012885221843868396	0.014300737587474585	0.012777356170922499	0.013275461647398465	0.01313003288788106	0.012919878990465459	0.013298137462593911	0.013432473848957014	0.014037884381799828	0.013840912214808758	0.013837926739529969	0.012577443139773834	0.013437140637007088	0.011455487330996612	0.011294876847082176	0.012162867197763296	0.013146998634331069	0.009728042067175533	0.01279454520158309	0.012787144947444875	0.013391041967656014	0.012917330230756538	0.01313823226174157	0.013659004783566447	0.013779329830820695	0.013748670259267943	0.012025647156028312	0.013331719680035764	0.01271926511594628	0.013242836659355548	0.0129143554767008	0.013152049702415148	0.012579077669752352	0.012890366484315187	0.01290930956467093	0.013139504869096066	0.013121513958939169	0.01058741735260532	0.012486290820208204	0.012246618535175158	0.012681701485725609	0.014559657626472641	0.012629501765854494	0.010898657455260707	0.013559654129235703	0.012968786194129465	0.01438379530993652	0.012945029696036359	0.014119674476656987	0.013588624069387592	0.012900924509129321	0.01186641176283292	0.013636319250638313	0.012930811002071305	0.013075389587833346	0.011934308899849541	0.01335929641546413	0.011218322978762636	0.012983467924535964	0.014099803057367813	0.012307995957699113	0.012665147242175673	0.01307500773813739	0.012383082381918648	0.011446374898082952	0.013722152942733132	0.013820317402996387	0.013450413792333839	0.013551268198622748	0.013252344785527339	0.012270018795750771	0.014271073996429955	0.013642261525136146	0.013213932670201333	0.012496191450732648	0.0119433629472503	0.013496925655402675	0.012465886992902221	0.015306719046615408	0.011975653511239076	0.013620087886829111	0.01429733877443103	0.012606895427038753	0.01211278603479544	0.01294726401796854	0.012678187019945875	0.013348126489844332	0.012057690683423543	0.012102675350878616	0.01363417509852711	0.012013819295520858	0.013778033270368277	0.013306899576223583	0.011933668213816903	0.013252497037559992	0.013488662198963403	0.012206572814333894	0.012832355817883698	0.012091367357568382	0.013400870487245245	0.013808205554552658	0.013521771431284146	0.01392607737038978	0.012976724257620451
leopard	0.012063980869625467	0.01222407996921531	0.01172862950504076	0.012076924241836106	0.011561578330277869	0.01337250848512301	0.01157763332136318	0.012141433004135484	0.012273147018569953	0.011524580236677457	0.013396537742784794	0.013602475391924718	0.012598453746142421	0.013305482320491526	0.011671397378514671	0.012586456757089713	0.012649657929007794	0.01355691967313048	0.012145939747046742	0.011858956221820477	0.01194128812465007	0.01267474407451278	0.011685200238620193	0.012563222507139432	0.012433610874898651	0.011734017079463217	0.013031022754373645	0.012048414075002607	0.011909974223667536	0.010832736838007182	0.010989953195578774	0.013638353089937298	0.011857038228343218	0.013644003262593806	0.012452151166868253	0.012663798477970558	0.012082822468361005	0.011906246125162114	0.013201013736909253	0.012590092084285609	0.011911630157404398	0.012285838490945687	0.012570044714474388	0.013342605689774079	0.013218467771431241	0.01279184451020287	0.012748139945798454	0.011718737575471478	0.01234503507939016	0.011386061127881033	0.013448500802046692	0.013243827476561132	0.011187539070485909	0.012508128607880063	0.011528329787730938	0.013018359730557021	0.011356459873760954	0.011545639160585243	0.012228989342616492	0.01259720097168278	0.012231243685887835	0.011574206299538488	0.013607240104635994	0.012409567506699653	0.011236447903000612	0.01225583066393389	0.012755706741873594	0.01143815428614979	0.011842131694289269	0.012174714173982325	0.013434614845908483	0.012750312163394553	0.012403834944838078	0.011546209587797627	0.01304543958631839	0.012489279319584674	0.012580366454789034	0.012268210328912685	0.012728821363724076	0.011334363117877935	0.013383697397462131	0.013139585597383808	0.01355265585027607	0.013821348145274743	0.01354578867127374	0.011197614657934125	0.01185848766528028	0.012286438615649091	0.012536113575962406	0.012510111576843225	0.01173134734091239	0.012529914885731169	0.012369906520120787	0.012470928916481373	0.011808925163550144	0.0117903922434903	0.010953257385310708	0.01228609786788852	0.012284347504506948	0.012601551997782288	0.011284715440703948	0.012079141121689391	0.012560392825159956	0.011808110297534046	0.011663216427686487	0.013338985152796991	0.01395678752708939	0.013237137877992206	0.013069990021513227	0.010933937324411535	0.011813821677126822	0.012783914414241475	0.012294354138487309	0.01123519635085303	0.011777927164472348	0.01296938632720284	0.0	0.012942829550461356	0.011793959944800538	0.012579515648885143	0.011893453998662349	0.012476910785992966	0.012141986208485745	0.014166536668029433	0.012661977543909296	0.01276909096926155	0.012054720618057927	0.013726144159139576	0.012149846332082367	0.012957594714916443	0.013097295139129777	0.01382914572904582	0.012267106776653294	0.011340532950459649	0.012375156833580552	0.011874187949928363	0.013185938363253524	0.012738509594924285	0.012188291575044424	0.01364300740421326	0.012307750050729484	0.012666903761035811	0.012443881146181082	0.012461481322044315	0.012738060652145269	0.012757810549431547	0.013192899877201559	0.011916745806775575	0.01114183396363372	0.012342661734871101	0.012493411088190985	0.01215321113671515	0.01173674057467581	0.01355685263620735	0.0119222629001356	0.011556510269731505	0.013106689287792137	0.012445917864662558	0.012248147605801729	0.01364979863613951	0.011819256034104672	0.011967153844516994	0.012595579482539117	0.012231025075454458	0.011757121708105436	0.0115795522425506	0.012590190400801298	0.0132050423963598	0.013039494113775028	0.013833524178982643	0.010569319572303608	0.012302417224975359	0.01262129533935318	0.013264939809985853	0.012264123273175602	0.009086845648720919	0.011346285746734172	0.013800090551796557	0.011831295948751293	0.011530282666127392	0.011922877346916449	0.012052941853050144	0.013646785603529086	0.011507845694114569	0.013469832441215478	0.012880420389938268	0.012452695897448032	0.01202300674200712	0.011878733490484574	0.011239084910861355	0.011796726561199133	0.012665642619759167	0.013885252945048086	0.011672326924271425	0.013453938104252305	0.012880110565891088	0.012337266374499565	0.011519166892791654	0.011396665598374166	0.010586777216612539	0.012084972369854542	0.01212620853798584	0.01242202594094527	0.012314505270010346	0.012816814941065697	0.011469189637314503	0.011605709451147814	0.014618097212910783	0.013831447661246754	0.011704099167944593	0.010685831291731587	0.011491884748243291	0.01329489070761011	0.011491545212939961	0.013922948533178775	0.01331247288000435	0.011875887919667434	0.013423517277648154	0.01224975414418522	0.013390767366528333	0.011439483392834253	0.01179456711493478	0.013287677174472594	0.012470285208263598	0.01315597997824279	0.012329851745120086	0.010960947637829946	0.014391401939448371	0.012154911109460365	0.013133672137128747	0.01163469367778252	0.012615064833429222	0.01105109433535917	0.01258311972698849	0.013224446874733382	0.012072680999976628	0.013817338156288307	0.013311681981558457	0.013443204302024258	0.012155503570383237
lion	0.013242561969839133	0.013644260478831995	0.013609266989893256	0.013548077874960153	0.012547989892108152	0.013783130303670297	0.012913213380788878	0.014015246567577166	0.011209562662626611	0.013335136295324972	0.014378271268829523	0.013367247189577967	0.014084148440771146	0.01394721785127872	0.013440706168089988	0.012693372944262366	0.014412191527510379	0.01449561697262017	0.014221200390359066	0.012805093670604404	0.01348104355742514	0.013966843360915407	0.014141531176812874	0.013807420705855644	0.01325979115104285	0.013850790418406115	0.013465484088137141	0.01381532163015117	0.01379121628110265	0.012322272764993827	0.013800112586560912	0.014683465427492309	0.013487954645462034	0.014486806972131703	0.014076020998837934	0.013916834877596741	0.013321748460038443	0.01229718549649794	0.013318002507673156	0.01314757708879101	0.014024149880588614	0.012866884486309125	0.014151811469184277	0.01404717998695385	0.014250810498767152	0.013835491411723631	0.01299763767711687	0.01367530236740802	0.013739838031864262	0.013313395020637742	0.013715243345881064	0.013236380493085249	0.013517142518913415	0.013913964008754649	0.013465934850666385	0.013963641589496851	0.013398341123240393	0.013650450535879276	0.013886807561472396	0.013470281262062945	0.012992888280639669	0.013111450574634122	0.014027072611170466	0.013584231008531775	0.013356776301286434	0.014135423525464937	0.01386815204980708	0.011519937429251026	0.014167146790868803	0.013364148794591196	0.013532278980972302	0.013630874695116877	0.012230670322322935	0.013505077032703738	0.01374528290261856	0.013415774170375564	0.01302858494403988	0.012206913853484509	0.013368237052309086	0.013719315715475975	0.014871901221437264	0.013049412065131067	0.013387774540463384	0.013783539689968342	0.01477387735662914	0.013641797098640916	0.014256286022953948	0.012915081706783314	0.01347445835177371	0.013404207024910502	0.013196850115671566	0.014036006681221451	0.01284620086647443	0.014005901508212468	0.013869114899219152	0.013283032209309204	0.013361644983904741	0.013643522467807598	0.013559694914986004	0.01051981751528634	0.013591483415824229	0.014091866766282525	0.013548126595079138	0.013739103881219447	0.013150861353987232	0.013484746584172392	0.015061531774300186	0.014185683999891261	0.014429000138987205	0.014004809709322387	0.013646734230975873	0.013284253884137794	0.01367247651256364	0.012649083193671624	0.011879798320517387	0.01328922876099635	0.012942829550461356	0.0	0.01372738617834177	0.01199272844344813	0.013981985228226348	0.013501263959424348	0.013733550957860947	0.014167141454664944	0.013952461967726306	0.013136155326856884	0.01377642408316049	0.014629416163581788	0.013035187889294954	0.0145214017293583	0.01300993203878396	0.014378906756081316	0.013429547532977027	0.013558708159190363	0.012936203290054665	0.011737620806750398	0.013496785569721875	0.014415975254328674	0.013358965735662188	0.014329732343345258	0.013436746674196347	0.013631131790907223	0.013590172753442337	0.01335519515787293	0.01369309538199196	0.0140661298849387	0.014268589635485709	0.01292308140487594	0.013338264865003759	0.013887153120381327	0.0122755497390861	0.013426745546770645	0.013254388432849061	0.013817848307817569	0.012738715834972568	0.01378744159481155	0.013863520699846098	0.01387725040254105	0.013950729886050419	0.01380821202503323	0.014040374745387664	0.01373252797823854	0.011959123232137136	0.013240784887458359	0.01377513091618739	0.013891944811893781	0.01417365353186376	0.014366334574919594	0.014262556538312028	0.01407147571441926	0.013711152207473652	0.01272723372235743	0.013853713088979121	0.01333953732648539	0.013489232703853191	0.013433595505718932	0.013387257149894494	0.014932214102943518	0.013042599950423332	0.01335552899239073	0.01382476967353339	0.013187388983264176	0.013825891253089188	0.01210476650579821	0.014824829959186525	0.013079904639870498	0.014305785018797397	0.011867899602369135	0.013176306820237975	0.013717049537484163	0.013822739272612117	0.01437877651239323	0.014780142642977863	0.012966975577056658	0.01248757580048291	0.014545206078181761	0.012300738014735453	0.013093305352660085	0.013900195993566969	0.013722646902671823	0.012886974608117406	0.013965381127355165	0.013753189379270987	0.013335500502067128	0.013882096679285656	0.01352639225781728	0.012986962591576359	0.013305601098560917	0.012527262013107852	0.013972485575306384	0.013900101422811362	0.012871139185209258	0.013186548424980502	0.012821012368265003	0.014887781321874002	0.013616717175652125	0.013748102585514168	0.01399103202514384	0.013291483892095828	0.0136253726871737	0.01309025908491026	0.013272435252431604	0.013810906995172942	0.013102472301976842	0.010552618699415333	0.013286039058112991	0.013147710672956347	0.014133954793201673	0.01297759088365851	0.013281972257715659	0.01338530893047671	0.013927216625339795	0.013170857817478747	0.014001721548619662	0.013403622396457275	0.013650383273257191	0.013711205034137149	0.014072836324928575	0.014357772784797867	0.014368217439989374
lizard	0.012881067565692225	0.012629536601070341	0.01208964893865191	0.012898925046469034	0.010720247121094255	0.012716542368653716	0.012279565482762444	0.01203622383652603	0.012882454874347528	0.011846566201076124	0.012326177178535713	0.01366276880282612	0.012510066470545766	0.01298895073800929	0.012200295503114699	0.012650336859983386	0.012380348036147909	0.012919099482834038	0.011413019540036408	0.012599153225889882	0.011430793076080152	0.01296103663752262	0.011419164181838677	0.013069737324865107	0.011557729271882955	0.011562097205826467	0.011796714342828737	0.012661789542485164	0.01274027321792276	0.012803726266607746	0.011923493318402733	0.012903990779440617	0.012235353600429886	0.012440562771335251	0.011067895362187103	0.011106966834121556	0.012338514868081359	0.012454898090642758	0.013555707909669177	0.012894926641837327	0.0117579107065123	0.012569450547859047	0.011587679319086884	0.012647385917401196	0.010821965335619667	0.011103284947807593	0.012101700593212845	0.010633289689647744	0.013052173696129125	0.011463974305362064	0.01310221362463234	0.012211972572195407	0.011117994026743936	0.01164096127266868	0.011236585284021305	0.012104847785638431	0.012057982632127727	0.012154009917094264	0.012601422555821291	0.013010829198704457	0.013504273492193186	0.012383079747281478	0.011770354880235185	0.011608578522668514	0.011629905204108086	0.012103660648421326	0.011589427021089609	0.011790952989488034	0.010713854918807119	0.011606045135910624	0.013208402567892453	0.01335580700949649	0.01369373240781259	0.011724301717446296	0.011371881796075707	0.011467344568398501	0.013691691846381183	0.013627686501817404	0.012805203888552179	0.011468281752687675	0.013208777419417872	0.01197927811342195	0.013710503022795915	0.013092637884312515	0.013545502855237241	0.01200661653964997	0.011577705252715042	0.012577061383256101	0.013824363198712952	0.012002239413145351	0.011313523303217254	0.009986125390266987	0.012709006422147258	0.011977122574108606	0.010845200981937222	0.011195189164538346	0.011580796069985966	0.012429185480985063	0.012044566555736085	0.0128257545784268	0.011999536322747799	0.011279436929715338	0.012328753762890908	0.012074129348203672	0.01104146759399767	0.013245842565149301	0.01371182914763815	0.013601015895771857	0.011026849654334998	0.011569505629241646	0.010752036744486293	0.012407761650759241	0.012609966909377681	0.012665649393331854	0.011326707187667522	0.01354219815224126	0.011793959944800538	0.01372738617834177	0.0	0.013131563026974415	0.011445433442889801	0.012617117947554627	0.012245353190308112	0.013905184058729354	0.011865747128236353	0.013465915968159648	0.012592373468828431	0.0134899362053915	0.012764477708395183	0.013694869468199967	0.013216333787572455	0.012796660209708918	0.01147836324380156	0.011860892207619456	0.012285353436309548	0.012724776533796283	0.013332462926519508	0.011325444921319863	0.012759784802323306	0.01312322469786114	0.011906509547591895	0.011356641013592308	0.01155796521548334	0.01135598606625946	0.012038417105296273	0.012274851249624758	0.012359900863210059	0.012910111330952784	0.011941798760986045	0.012536552127771113	0.012071339300010982	0.011679967116268593	0.013803145954091147	0.013740373717809522	0.01201376167014369	0.011425077694195384	0.01287334705122261	0.012856361437561258	0.011531746469948638	0.012732585776406614	0.012294739236279741	0.01103242563638414	0.012291249270298017	0.012195934726141167	0.010291191318383608	0.013305929802947201	0.011978054731605283	0.013469206845223736	0.01303940899047218	0.013373506855611925	0.011110353127917005	0.012968883994997918	0.012720721829453918	0.013308349938686783	0.012272833706044269	0.011787550388278823	0.011673108147948617	0.012752881955523938	0.010218271618708858	0.01231478374872963	0.011537327839583411	0.009824973657896162	0.01288932908822548	0.013154198474918628	0.012956928101294684	0.012212667720722284	0.011671243210151202	0.013389038924335935	0.011581541263491266	0.011790443099453573	0.011639578092332464	0.012606657063898175	0.013674041981125724	0.01235649720009164	0.01364777119311861	0.011407381901448852	0.01314394738195268	0.011587218011046684	0.012266465349330775	0.012454242706157016	0.011617058012812612	0.012420856523730175	0.011626053815157971	0.012815121803181798	0.012039283376811769	0.010868542761061233	0.012500017920492927	0.013811392482964018	0.01324652628329005	0.012271843974849506	0.010707816593359808	0.011512208217721304	0.01243571014454515	0.012260579469613826	0.013539345519650052	0.012948565127695662	0.012156037770099952	0.012989873720302757	0.013020343334756148	0.013752138264653662	0.012611460665753534	0.012714851764504487	0.011701377128874441	0.012585739446424328	0.014125560151452308	0.01213945916442444	0.01225055899802632	0.014107265461280796	0.012036550068220271	0.013724199781255511	0.011761277105457251	0.011918610696910279	0.012740074405363865	0.011326472085837015	0.012486469912673754	0.012076836611219267	0.012932670555205717	0.012433161497562501	0.013095383330332317	0.01171748951157526
llama	0.01191499790268843	0.013724639952391766	0.012990224582707535	0.01237385453069182	0.011912921779212137	0.012671518920912448	0.012440281591824	0.01297542345855367	0.012295951788700944	0.01318010302822089	0.014143995939071285	0.01032953232323616	0.01342467085419766	0.013111380234855393	0.012185893882991182	0.011344970048485236	0.012733399445305535	0.013500905467091982	0.012754140053737303	0.011821897997306135	0.011445397504016665	0.013182277766458871	0.01310208130609697	0.01336845658711227	0.013858007376181355	0.012599527364492786	0.013653870450007814	0.013013211372233723	0.013322248277791158	0.011641781451912825	0.012719759725079967	0.013905074508383113	0.012425131509176495	0.014505949395006773	0.013611655746274353	0.014293867282983874	0.013445932142246368	0.011149514845557009	0.011099616868296313	0.010847442438991686	0.01329109231841871	0.012828606837206094	0.013457647887320361	0.011176724369590631	0.01377422956453484	0.013806060843084661	0.012849032861702572	0.012603819601538037	0.013345526209300513	0.011514504918442614	0.011149405626608709	0.01398231194519064	0.012478525683911055	0.013028367220542207	0.01288908357426822	0.012580359260421727	0.012022623687797458	0.012922392247069267	0.013681018460027965	0.012884298673426895	0.01177489647818705	0.011926739480715296	0.013824975899596676	0.012747131210489406	0.012627463190323897	0.012604657479637469	0.013437891123225614	0.012262477031912458	0.013018833849776222	0.01340778213790874	0.013936771765199418	0.012871553972649045	0.01107715689442772	0.012805717966555719	0.012716167295671493	0.013201687646921971	0.011148924800144532	0.010940676397416272	0.012950526408566383	0.013204840408250334	0.013925265877467941	0.012700222683921989	0.011591549396458137	0.011091669518174675	0.014175149130810347	0.012984098042056915	0.013418007773043169	0.009067905115437253	0.012528915781066909	0.012563621679871682	0.012390061425764168	0.014222559668138166	0.012454483271235382	0.013719183142629458	0.012583405702395635	0.012605349676723587	0.012186853401693138	0.013610067986599054	0.013579042481513077	0.011685514027732524	0.012283764210617413	0.013031168405595444	0.013461596312132477	0.013216292231825683	0.012407549573109562	0.01278717742776951	0.014857856963317699	0.01415201384807275	0.013855522578847161	0.012997152223372239	0.012610532015042924	0.01300438318040966	0.009910595008015562	0.010951972557854186	0.011319229505083737	0.01232459801277317	0.012579515648885143	0.01199272844344813	0.013131563026974415	0.0	0.01262877348352734	0.013002254867908925	0.011664706420210409	0.014607088883275237	0.013495296641549732	0.008055947497890004	0.012070067694678952	0.013513896770645753	0.012602447118042195	0.013285721401145251	0.009590796648745964	0.014025879115459399	0.012282655262002182	0.01314849471920653	0.012901477895233944	0.011314578821935085	0.01167193688974835	0.01326977896111824	0.012330202163765697	0.013755546811070043	0.010301841533601301	0.01305328600055914	0.013423846844518212	0.011970858268325342	0.014169874957332906	0.013540942613884874	0.013403515681801117	0.010276227896948131	0.012840360925140938	0.012912682934045416	0.012597385185009902	0.012284959534154136	0.013105882008510282	0.012532002016885209	0.010759452774741858	0.012698300391518747	0.014102548907659069	0.012783564614702297	0.013489806818052992	0.01375834054741213	0.013100535656133843	0.013772069285037438	0.009347193484640474	0.01375404638853265	0.012980723038253589	0.013136006955987298	0.013623900313499844	0.013285917466112889	0.013457592555947055	0.011281346694491158	0.011225707747113489	0.012697483942722743	0.012738330732640244	0.012880915904126964	0.012941844367693524	0.012199615883407244	0.0122369687549574	0.01413087147371965	0.012772754643193242	0.012143786798002685	0.013292222164463989	0.012313222325633515	0.01386391120695588	0.009390194529023678	0.013019103090078515	0.012725916796415486	0.014173074447268875	0.00948462076217592	0.013263287357894954	0.012468689912449163	0.012860647598311358	0.01355497650528861	0.014625958586966213	0.012260214080153509	0.013191521157959121	0.014203850747922962	0.01070948608110163	0.011499495159423794	0.013394999846748775	0.012193517545716664	0.011982873063433265	0.012455785240282903	0.01354623709879996	0.012388422373921714	0.012968637231524052	0.012650625635701246	0.012583523567485403	0.011356560361169433	0.010702248682038595	0.012912538193069836	0.012521319584380497	0.01203017498962929	0.013121845211775198	0.012645983270053453	0.014653051008781332	0.012554797577816586	0.01307381193377499	0.013923084328155286	0.011802124112001034	0.011899648736345733	0.011223794349671842	0.012846400614662346	0.012362785304684381	0.012654619346476636	0.010288808740128282	0.012086780466634925	0.011708320021157775	0.01357473091041026	0.01181787108619767	0.012380706013742299	0.013003818679149319	0.012178973131044797	0.012112332137276006	0.013248323354880503	0.013089650330372847	0.012617148065367494	0.012345781822565688	0.011936234516114592	0.012937090455612286	0.013988160635888607
lobster	0.012620734506186868	0.013149503390986665	0.010778422699798718	0.012512692983026756	0.01186050204762394	0.013248111856458602	0.012208467019224503	0.012129211549971524	0.01275525355015929	0.011560735589500326	0.013577018626081181	0.011507281725126635	0.011546989969927845	0.0135046944577471	0.012013798107762883	0.012690283603376434	0.012581290324461527	0.012596814943824601	0.010424054306903328	0.01101194463595202	0.011839478412854296	0.01253660039935888	0.012349210662993737	0.013775739532872032	0.012550376731203522	0.011739437109147332	0.012747243577315423	0.010564125239087889	0.012837617281417475	0.011353338889509007	0.01042912716433104	0.013068701025863485	0.012591603104171758	0.012768772278071711	0.010884542090221437	0.013020081186815895	0.011838564968353732	0.012518706716649806	0.011279650273922652	0.012329517686540479	0.013001584864982913	0.012439548783259861	0.011345935472031938	0.01219299513161034	0.011373698459177593	0.01146762670978753	0.0124683998430349	0.01193024588635615	0.012102634307295189	0.011419772661643703	0.011752518552292502	0.013031050633419285	0.012668672414071927	0.011786125634010674	0.011244866077693833	0.011596302914471713	0.012930002275118053	0.011051126440246329	0.011894551197630214	0.013135667445624864	0.01165098014236827	0.01168949749423444	0.011845122068707102	0.012301268417273614	0.011884404078780197	0.012880421970764624	0.012478216532988718	0.011349654968298767	0.01030785340874215	0.011643579735435214	0.012783645978732097	0.012176814686109493	0.012183993675830711	0.012041619465725628	0.011364086741103467	0.01122058275860065	0.011474281267749485	0.011601912392336575	0.012466239404605133	0.011895482252117406	0.013545316649370209	0.011728454711691635	0.012772920556712919	0.012692975645765358	0.012695408406663743	0.0121189049523796	0.011884777049918976	0.012588473648685374	0.012799175231725864	0.010893489254997413	0.01276070308374512	0.011400902547915606	0.012452597406194648	0.013025978580766666	0.011015560026381979	0.01153381755420708	0.012186504380537968	0.011737735459797007	0.013311110269314433	0.012817123640607166	0.011749365538949213	0.01089595059883402	0.01239275860099045	0.013300677359894486	0.010927543849778058	0.01186505417576504	0.014165151229102517	0.013020812863699563	0.012754042007833834	0.012196658703825105	0.011566889868902402	0.01294839298957656	0.01188122081491709	0.013146306868654027	0.011889460021193335	0.012281648930898613	0.011893453998662349	0.013981985228226348	0.011445433442889801	0.01262877348352734	0.0	0.011585267622406852	0.011299299667517295	0.01445340443269019	0.011858512930284431	0.012406978991148194	0.012030881142132901	0.013315621821648763	0.012592084662005353	0.011198849336997926	0.012158675866821176	0.01306635316107686	0.011471067778268739	0.012325378787735979	0.01240346020806941	0.012949352359069799	0.012798325613877469	0.012081428361251567	0.012276703308636836	0.01190047199259245	0.012600633577686694	0.011886706846776583	0.012203119327944333	0.012293676446439184	0.01309093891744063	0.012032037814522641	0.012486287410431975	0.011610834482105193	0.012774688957485507	0.011546472965687256	0.012639574813553947	0.01138284862308348	0.011832521257430744	0.012077643580979704	0.012386960865235663	0.00997746163877358	0.013524034563266134	0.01227497969724985	0.011501097737384254	0.01317897122760982	0.01185294869866455	0.011368422767932042	0.01216706270834672	0.012614026354359122	0.01117542317297332	0.011650591179659846	0.010821413641141064	0.012123094223324476	0.013134945197424464	0.011999234572718644	0.011792180795414463	0.013380138323423392	0.012327580060640952	0.012596005883369225	0.0118817488071731	0.011627446817244173	0.012292521146243114	0.014496447437910107	0.011700145291319972	0.012541768211686323	0.011553299186230541	0.010964240059676708	0.014322527303014943	0.013046856754644216	0.012658819204548012	0.012244396373310061	0.012462865463122386	0.011647002971988308	0.01234824978015295	0.012583423084126305	0.011514077638629362	0.012179697432645364	0.013279188029466218	0.011716534423046645	0.013514388719838122	0.01317062021418539	0.013355489813795599	0.011933460110989242	0.011715901459827547	0.01073869007410337	0.011677934407303412	0.011837245392800032	0.01293961815396895	0.012933220772046932	0.012653954848068279	0.011642459582416394	0.011415013965717657	0.0131228809409299	0.013247851533356565	0.011879790722136034	0.01079266066292774	0.011694291234591274	0.012937966646732413	0.01184500177656258	0.013788846232357871	0.011509869245660382	0.012895333332937997	0.01331511476597824	0.011968411770283334	0.012966281339440739	0.011908685682390863	0.011988601564045466	0.010898437775042654	0.010737883269901731	0.013130253955498711	0.012570075463072357	0.011215116275271862	0.012706705246222466	0.012000430364742657	0.011816429456985316	0.012806959851115523	0.012693429968089899	0.011492341322430644	0.012610385011223168	0.012861871954573391	0.011485793304508407	0.01297680908095999	0.011388343566735182	0.012634195963878738	0.012324300778951103
louse	0.012075883705103095	0.012155448319735309	0.012561208475703972	0.013484676638968804	0.012668857815398228	0.013559292747052065	0.01179999565999757	0.012152611778672417	0.013919582398084582	0.011368514982320457	0.01382211508084986	0.013503207130286016	0.012802471796183528	0.012923272280569392	0.012229380129693412	0.012478444123978225	0.01289880318008723	0.013193343996817113	0.011955231186673859	0.012651654201643365	0.012669003925395307	0.01275720887947369	0.011857608462531208	0.012969033080070736	0.012618065593220911	0.013565885140410705	0.012225615095130586	0.011789169064222163	0.010975165993404989	0.013075023657064781	0.011675383337042806	0.013608418667920515	0.013404472785689932	0.013778734244955152	0.012618905098559976	0.012964841980682046	0.012991345337977198	0.012678928895657658	0.012343964744868551	0.013181032561782349	0.012860481675775201	0.012518149468858637	0.012062873754502131	0.013428292985933484	0.013154522983201224	0.012993932435667033	0.013211468429805605	0.012476555505076224	0.012032379374484346	0.01283568696777635	0.012923834742773407	0.013503156432099143	0.01263189922182141	0.012281117233058454	0.012601435988488124	0.012160738420900319	0.012802262025546754	0.011235644653181647	0.011584822840098884	0.013055162211189996	0.0125493785095511	0.011686962986874891	0.01260013757270763	0.011949143914647162	0.012680499945779012	0.013457984202560544	0.012281844583132391	0.011738937097000563	0.012190301901267641	0.012396414828096248	0.012975989885606385	0.012453605779771764	0.012443225696819295	0.01262127687942974	0.011961063019125496	0.011168074273637602	0.012239546391434725	0.012810107166863713	0.013066671738270497	0.01244130598584484	0.013772182595718203	0.012742209094750177	0.014096126719692046	0.013474692686414132	0.013689436320628126	0.012378640123969262	0.012402024492268635	0.013297797831263319	0.012942549199983854	0.012066542952564142	0.0122583538112279	0.012481666882899603	0.013761819980607574	0.01297382018583699	0.012528656684286509	0.01235105033892188	0.013351414278715577	0.011017680602733247	0.012672899906324017	0.013367413216917721	0.012196206863809518	0.01323937573952317	0.011451119008292321	0.013540273097032878	0.012776262941344827	0.012717740524294627	0.014193673895929189	0.013962288435625856	0.013644394797409247	0.01221105200635107	0.012176954473507008	0.012645247154725132	0.012955415432244847	0.013340490472334597	0.012575375676186464	0.012824148041068637	0.012476910785992966	0.013501263959424348	0.012617117947554627	0.013002254867908925	0.011585267622406852	5.960464477539063e-10	0.013048202565939788	0.01433483999039113	0.012826619685004209	0.013028685079927058	0.012173644488792556	0.013891023772085785	0.011586351944734143	0.012612123926326255	0.013375487222158955	0.013128939391403098	0.011734851278611713	0.012134055483115644	0.013156628119264666	0.012960456074378155	0.013453559528769048	0.01330398360101994	0.012116828223384155	0.013234883961976862	0.01327448437786618	0.012518566721982703	0.013069299121270464	0.013060161380382275	0.012519745669955323	0.012433148962058847	0.013299056810329288	0.013271432630479219	0.013149726541090397	0.012917970413693285	0.012271451531570342	0.011516264801981984	0.011012894012567274	0.012957630059860776	0.012846984252034004	0.01105653135855328	0.01369680438736042	0.012722067150015377	0.01270890428267212	0.01386716213327181	0.01197471335921566	0.011601481631414121	0.013428140503833149	0.011789345413398345	0.01162331858480696	0.012105081693646809	0.012524152584414335	0.012533962094539733	0.012950308460780633	0.013717922142277112	0.012880733328809442	0.013126434902575215	0.01379235500038135	0.013605176886450276	0.012722749466736384	0.012467751840798924	0.013114296958391858	0.014744041601627353	0.013281230536212274	0.012289892590111252	0.012431646122747234	0.01234612856824707	0.014617645866592581	0.013087421054816672	0.01381467790793156	0.011001194885573946	0.013692521970634489	0.013033973103650055	0.012667618123510981	0.012653865803706104	0.012000243159884683	0.013239519909380595	0.01386681656784112	0.012129746652801612	0.013683401881209176	0.013803633766093965	0.013210217125939991	0.011364220410305308	0.012928322292138649	0.010781464319986975	0.0127190326231265	0.012580983189705866	0.013600206454349008	0.012888369523082071	0.012635705484541722	0.012654201337005497	0.011505231155927543	0.013725498899271674	0.01413577257969116	0.012090823832392373	0.0116066395039438	0.012370944539946447	0.012216376845824006	0.010266122438010093	0.014110488412230018	0.012054728153930074	0.013336980383870314	0.012954484972934183	0.012726859799883536	0.013138395543596179	0.012052831543883877	0.012337667302527795	0.012579149248191266	0.010434203467101026	0.013567911962355962	0.01250433974049678	0.011496569173718324	0.012845384125047299	0.012232702454389479	0.013750023848356835	0.012233040901952628	0.013344243406674052	0.013148602840568293	0.012765592318036211	0.012775095400143566	0.012105836831996479	0.013240596850631073	0.012527742323882277	0.012462120463507594	0.013427256691924364
lynx	0.012764571529160239	0.013961161288019573	0.011845668591491125	0.012172233377945691	0.01129258802265559	0.013237325006732472	0.012056401535774443	0.01250361936531318	0.012289970221317696	0.011492879492948319	0.013893226615599562	0.011667727849314911	0.012412414565282567	0.012989298157232794	0.011929161973115441	0.01207384981672295	0.011868147054757189	0.011687064765566158	0.012440149619808653	0.012257047785490726	0.010885658188944462	0.01179184256266423	0.012229300565557348	0.013381119466287568	0.012885848946155392	0.012531428219938199	0.013470964502926328	0.011897372619728688	0.01393659383551019	0.010757771931877663	0.011844013381380813	0.013495062691894329	0.011570448865504226	0.013214009887579578	0.012102594727013003	0.013042950855846112	0.01262266744271091	0.01273950058573433	0.011597924863040373	0.011658454000990739	0.012537377839334316	0.011614976945298767	0.012429990178006072	0.012628361436750803	0.01281354428208419	0.012437785810469908	0.012547029916622163	0.011246150815820324	0.013154456824295535	0.010136357153557514	0.011678442053593084	0.013250309119373298	0.012038464729661413	0.012329734319519264	0.012167849500769714	0.012776245111415962	0.013017903092488674	0.01249328638678283	0.013025819069096669	0.013190198410619424	0.011279634668547868	0.011530178146684732	0.012952385889018292	0.01291251721304768	0.011791148595094534	0.012342306968179909	0.012984810586054414	0.012450450897550099	0.011870265439680849	0.01272972712396681	0.013446873287695924	0.012778860693492216	0.01114982252462058	0.012857096672857102	0.01217503086179327	0.012542816037581757	0.011719407339693465	0.011910098866924878	0.012053765699486806	0.01191649396685356	0.012808924417918368	0.011999263770105833	0.011316304418184743	0.012497379521796175	0.013032455876252722	0.012195007665071846	0.01249639666159573	0.011727264093656273	0.01226564758547515	0.012582992994600316	0.012447057604272345	0.012627681325253786	0.010982109158754026	0.0139114355767953	0.011254945579054296	0.011824582799668193	0.011590757628532022	0.013909964474372472	0.013971212877022233	0.012147121022912233	0.010931263514433893	0.01189132234009724	0.012742189614277179	0.012530518734017724	0.012029256620463608	0.01270885453922559	0.014486105836999576	0.013524822943455299	0.012263277838949366	0.01275062293579755	0.011735713919813023	0.012644169671993808	0.011741820428373725	0.012126736543338934	0.011960594749436027	0.012648379664286273	0.012141986208485745	0.013733550957860947	0.012245353190308112	0.011664706420210409	0.011299299667517295	0.013048202565939788	0.0	0.014716297984678169	0.012259574823936564	0.011970914452051746	0.012285005537705262	0.013030787588468535	0.012317398660808736	0.0128531932570078	0.01241187135328648	0.013547341559262198	0.011042661312605544	0.012543802308128767	0.012623211266998575	0.011462519653231829	0.012443649320114096	0.012635517140647258	0.012327548682296359	0.012778338945898466	0.011756711825877373	0.012137314836521402	0.01212517893839088	0.012609227411573387	0.01357702200569042	0.012136364765411587	0.013061836160738636	0.011472422363630618	0.012066819435342819	0.013015447537893464	0.012466680220667836	0.011992584937980133	0.012797781335097338	0.012834503577159888	0.011764954283796954	0.011249817980052913	0.013295063011430592	0.012500120995848005	0.013249496907760177	0.013503929485474271	0.011961354509161571	0.011998976283408949	0.011094052889247242	0.013106225360325905	0.011971168234465663	0.01284171582074798	0.012678012131196723	0.012463713825567246	0.013523906595191947	0.012511046050892816	0.011457961653451802	0.013405393810309299	0.012655116006097216	0.012555078398495878	0.012353945587512294	0.011532580283775028	0.012261308953608155	0.01435548115471158	0.012088064556666368	0.01220495510890552	0.011928701769396389	0.011411986432895128	0.01428052402241868	0.01221356490511609	0.0118325687833292	0.0125091026468335	0.013466419163444019	0.011686127703672817	0.012950699908196783	0.01313187600144325	0.01244926238513269	0.012122262225126768	0.013610809243360085	0.012637397832526988	0.01352000350685112	0.013329018961601144	0.011801847862648812	0.011467855181654787	0.011824897762431055	0.01181947506643909	0.011248927311843938	0.01148230990876828	0.012121767756567698	0.013314897306774107	0.012374905596345796	0.012166575672967419	0.012072753767060377	0.012909031081862133	0.01246031587561366	0.012628963516284626	0.011901969678892833	0.012041705434033658	0.012622554711481344	0.012071211464372369	0.014184936664374682	0.012212003093147072	0.011954161679085744	0.014011802496160807	0.011531927774067332	0.011931508807846703	0.011579630061790112	0.012920343214448073	0.012042494417332666	0.012655388942010857	0.01190195368399876	0.011547837436930388	0.012201776138300209	0.01399835643135085	0.012105001841568435	0.010640986959362959	0.013012351160821087	0.01156031112727921	0.010894457674527352	0.012917033057774809	0.011767996456842676	0.011783534297394524	0.012886106685172937	0.011512496155872121	0.013445882196212355	0.013035812393048813
mandril	0.014413483743859845	0.013389644163065414	0.014017786822386477	0.013958689440946968	0.013933715490511278	0.013667034570108337	0.014819787473109424	0.013404606143931115	0.013455227352625236	0.014502700883617867	0.014531745170414011	0.014374588059727567	0.014427620217170206	0.013025060464065622	0.014543543751171789	0.014353162373734423	0.014335971892067936	0.014165240088062754	0.014977910173143219	0.014090602156506983	0.014265548844872767	0.013677705293279042	0.013823294470456384	0.014735835218743736	0.013734045104400721	0.01373167200765564	0.014647529443696978	0.014829167282306537	0.013699344141875848	0.014007245362630774	0.014796467811333237	0.013908713152005002	0.013962595522321031	0.014506173399651521	0.014449738043929294	0.013374660396843024	0.013873566335765	0.013720387468577466	0.014533415525765592	0.014773601379466594	0.013406234025047592	0.013142460422362485	0.014507083780208303	0.014314004901329815	0.014729640388213124	0.014771589089860239	0.0135564750834796	0.014414701710413182	0.014732175987649396	0.014457886969538583	0.014233573718375081	0.013344317152229088	0.014330178718944146	0.014930716892671978	0.013857130643558136	0.014607962505430052	0.013898000366596022	0.014078563758135192	0.014151225640020524	0.014383417119361358	0.014458998997068538	0.014462569071134433	0.015061159071498973	0.013809424330375913	0.01404969933211242	0.013794328071890986	0.014317759419069527	0.014272523250824676	0.013695547057661718	0.01447117076595454	0.014718993908032461	0.014477411403102937	0.01454165367577033	0.01380906126400444	0.014310203381107849	0.014922233839900602	0.014502217440951194	0.014102220841789132	0.014246529248777964	0.014478659218580657	0.014608402865811365	0.014616589660035723	0.014741233425499737	0.014542240254853518	0.014874139008661216	0.01436777739346617	0.0138741412674042	0.014576844055119864	0.014240581380544366	0.014684437603281768	0.013308795261535025	0.013657399495546532	0.014695838300579925	0.013412152122059975	0.014071536231380738	0.014379532212819209	0.013152125993494952	0.013627299201864394	0.013309712581322686	0.014053942012809583	0.01406795716541311	0.014257653490859841	0.013758107428043835	0.013301235327591032	0.013868709807124367	0.014307061749912095	0.013904320304082143	0.01442220991195971	0.013834318553258758	0.014035410650891547	0.013980762177530914	0.014650297338129585	0.014730023256684979	0.013779558785122294	0.014159994399072213	0.014153404646637047	0.014166536668029433	0.014167141454664944	0.013905184058729354	0.014607088883275237	0.01445340443269019	0.01433483999039113	0.014716297984678169	0.0	0.013946420967886312	0.014414125270538083	0.014464177271354312	0.014471118704661884	0.014194834522337624	0.014805995061355217	0.014707590683766772	0.014392574442335835	0.014324591665366515	0.014480266627687578	0.013505986256520528	0.014235894857277878	0.013687914570262427	0.014514684323375682	0.014504955099501402	0.014723885476513859	0.014516411340832657	0.014256961744139002	0.014300132404259975	0.014278707676278977	0.013407441946563696	0.014425549596213071	0.014325041197385409	0.014349328402578068	0.014575981315789261	0.014658570411386353	0.01362469998640051	0.014529074601688619	0.0140039380621618	0.01366168886240335	0.014248219972761473	0.014162641858319948	0.014738839457664752	0.01427013085593543	0.014348167439840237	0.014379656687707888	0.014920685538433705	0.014258598936871213	0.01406954039657182	0.013981313055551758	0.014481895257163552	0.01449723355016657	0.01488997789956063	0.014801964484591996	0.014350501817596945	0.014534942626080818	0.014509970203300263	0.014576384318474156	0.014664177160027658	0.013618004389324008	0.01472903760447466	0.014660017437363004	0.014138713120001138	0.014015587975916803	0.014367279284098146	0.013798774872670876	0.0144229040069573	0.014239102551538868	0.013360774263761128	0.014093698302265206	0.013708056710958334	0.014304202227678064	0.013644285152278689	0.014523670009251897	0.014843923399601187	0.01462046513177419	0.014685236689359518	0.013996456158963645	0.014325998925064927	0.01413468078251266	0.014044519319246107	0.01395381983925711	0.01409517066981954	0.014400967672010656	0.014249985570263182	0.014895915635761597	0.013736688914080723	0.014130393434767156	0.014176904192498613	0.01380275784580491	0.013634548628446977	0.014197614463953458	0.01489030809792221	0.014226534651346464	0.014622611781117869	0.014397996993462711	0.014486940888949938	0.014353459199289674	0.014478037893634586	0.014715297803493893	0.013712531673928365	0.014429939223826042	0.013641945786144907	0.0140785313620145	0.014708348124858777	0.013943343395862727	0.014854072450798204	0.01438554425826451	0.01455012005391522	0.014067257767405012	0.014074180772606849	0.01419223860779304	0.01417738273511201	0.014323951964708663	0.014467878407473413	0.013992135810630791	0.013793848834328657	0.014142493097729913	0.014029368505593299	0.012551993675446354	0.013981406228796922	0.014789096675648004	0.013764055704648398	0.014054150451272198	0.014496019889738955	0.01328536047596383
mallard	0.01200391950530734	0.0133547825894897	0.01125747753120696	0.013329786177245194	0.011872051358768296	0.011879366565220595	0.012152369036785357	0.012136573945325566	0.012806165435945614	0.012335667621480164	0.014090538187071431	0.01265249215118865	0.012508727947604915	0.01291523160722286	0.010468029716790152	0.012322651596935156	0.012464716300859486	0.013520796208608708	0.01282511238161763	0.01243560712519383	0.012609150096680545	0.013330263305134869	0.012473163307148906	0.012983362498989535	0.01108048513270655	0.012553686735417758	0.0130905724079727	0.012235803118355757	0.013206383375122746	0.012966344351802838	0.012685696977262262	0.012823575069720417	0.012422884540143349	0.010549653275728937	0.012114021418831633	0.010997947102100841	0.012358916829200949	0.012681040865916322	0.01258399557579444	0.013010940062631832	0.012657494474809246	0.012564042206981237	0.013079648665382495	0.013516018525653851	0.013194745526476492	0.013137591566800227	0.012599301841256426	0.012088377331379532	0.013109088607941456	0.012048629430318834	0.0126863928481096	0.010856636958634657	0.011709617341380166	0.013087912611195624	0.01063870810565271	0.013344630191369868	0.012681566300789622	0.012024953975615957	0.010941957289374494	0.01342389028647567	0.012680221037298782	0.012208954458116395	0.012028508034523872	0.012294967890010309	0.011886391460697341	0.013040355141052833	0.012957781155547956	0.011819063220388648	0.011620323104296323	0.011625567418684122	0.013517613544819207	0.012255419250987902	0.01340731373790512	0.012452981695453018	0.012814049193295221	0.012745749881497457	0.012778317097216513	0.013184568451895765	0.010981634088311886	0.012540442567062644	0.01291802813534163	0.01136471032162984	0.013412548835973115	0.013151857067103858	0.012744124239746699	0.011917804620115385	0.011258180670488378	0.012596419299495655	0.013619390467708287	0.012302178176061105	0.011571813281537635	0.01173290144371026	0.01307799667112147	0.012479435814653488	0.01187562051798897	0.012092167875060414	0.01190539295831465	0.012602511939219772	0.012049207571372575	0.012877700229812265	0.012792426843607776	0.01254822423080644	0.01196697261823028	0.013050142655805402	0.011860081748532737	0.011975215865365874	0.01298745307810219	0.010648554442198596	0.01134873577791731	0.012817640434103654	0.011616205272884754	0.011684296669922793	0.013084893010461571	0.012775294687465251	0.011509309069299915	0.012740582600891589	0.012661977543909296	0.013952461967726306	0.011865747128236353	0.013495296641549732	0.011858512930284431	0.012826619685004209	0.012259574823936564	0.013946420967886312	7.300048299977713e-10	0.012828349327650377	0.013122902381547317	0.01313983157191189	0.011435734587876792	0.012107099778454523	0.013364983192843233	0.011594024783265626	0.012619742728116431	0.012677653080323224	0.012609976813487033	0.012913848758235768	0.01315314636575907	0.01332650345546668	0.013039890473816491	0.012371133161896026	0.012542273359003183	0.011574305546978698	0.013022189328516603	0.011628312507600769	0.011818829519956133	0.01272863781336705	0.012403578771039212	0.013057028037377783	0.012776352137391	0.013057595509355653	0.0132015053071484	0.011915179710749624	0.013142116385317135	0.012629945425438032	0.012835687021295361	0.012239135422713893	0.012225544123394645	0.011362840815763614	0.012125499866737409	0.012869797033412796	0.013304722996643618	0.013006872081929861	0.0123997025591415	0.012694735836959889	0.012165403198538307	0.012993539787860437	0.012711786428107132	0.013276255580593031	0.011888845650857018	0.013556025399894877	0.012489487476105171	0.013574863930830254	0.012463586364939445	0.013027190102239648	0.011473902296067635	0.012546452258587477	0.012104949935184359	0.012700030469340531	0.012054663855549404	0.011356462775898586	0.012868249941091248	0.011939690219569265	0.013526833346182923	0.013307521007991395	0.013840258231925251	0.013443526279445341	0.013152604311891447	0.013061239539090042	0.013477559345518374	0.012642772674457802	0.012793370789620047	0.010625400343382146	0.011274319984069837	0.01255491631545316	0.013509983206711542	0.012133877487186336	0.01362826743036345	0.012384558635656658	0.012874492886056244	0.012635073412327513	0.01274433388198831	0.013133874364357671	0.011769946726554787	0.012514335802741345	0.01310390668622708	0.012359959919578391	0.012834690099988484	0.013752741049767094	0.013442265001234075	0.012551001873251049	0.011069937190445205	0.0115906604357008	0.013126244065203314	0.012101027920830261	0.013401051213813015	0.012004280007693489	0.013361964957342036	0.012721588380749755	0.013372449324707474	0.01296714478145035	0.012857569354307194	0.012172888639210823	0.012837852759782995	0.012668122773752573	0.013300569813238856	0.013585210624825945	0.01217346928656521	0.014293744069875911	0.012438630652857883	0.013789419273708064	0.012019769796848259	0.012831984351527133	0.012970030296195326	0.01014390807741853	0.012653194699407323	0.012941697356735796	0.013102322478086226	0.013263254323617696	0.01394099117680399	0.01072144346612408
mammoth	0.011298734515044024	0.013736364962282373	0.012489306502893727	0.012338661499616068	0.011669848095465713	0.012957188418295329	0.011935363003884172	0.01301856166579937	0.01249402784020484	0.012362668822045106	0.01425918122556211	0.010529664898581571	0.012933204906216664	0.013561112209688773	0.011727914260215307	0.011252892016482599	0.01227179535169092	0.013001996008477804	0.013079562453664513	0.0121831232007581	0.010919978671032695	0.013459005670011395	0.013227655710151722	0.013218586943138813	0.013760713275299147	0.012782537770175849	0.01366690456625044	0.012580102176979304	0.01302107205790881	0.012339043801151887	0.012513567349625679	0.013594060596333174	0.012599594554529452	0.013768390505241607	0.012906772939090512	0.013596888359967885	0.012956978968239795	0.011559197218003539	0.011662283413586634	0.010818452147182784	0.013475721078329981	0.013351361516201348	0.013829900932002332	0.011977053577021177	0.013936292450703006	0.014213252211480076	0.012266238683943881	0.012164014931275344	0.01241212321709638	0.011788411309309214	0.012021039399392554	0.013605358495953615	0.011384385214058632	0.0126308560119638	0.01281066796471612	0.012713703979656998	0.012150072966165902	0.012559128611788681	0.013653203828617965	0.0123257796181635	0.01119024385049972	0.012055476012225981	0.013074023253568358	0.012190173570242354	0.01218912544691035	0.01279859037571686	0.013835364409471012	0.012143355113584949	0.01266363568061702	0.01294757961898126	0.013486049142737306	0.013091090080755213	0.011606928201994247	0.01254632826771517	0.013202991521133516	0.013782269053792704	0.011935079267696888	0.011450221236054818	0.012664787314556631	0.012079924519538794	0.013364260028373433	0.012409609802829836	0.012234234888966055	0.011111834622442059	0.013165544450677674	0.012690614302906945	0.012896776377437318	0.00913023957391327	0.01258066888690493	0.01306877874085313	0.012270406431181206	0.01396600528426793	0.012791399874536466	0.01348412948772838	0.01198277099749031	0.012791760593056757	0.012377221905312869	0.013637597795506407	0.013796723335385046	0.012394706541045125	0.01163323809503991	0.013289229505915648	0.012531854907278086	0.013280931174152648	0.011881880175961701	0.012728779668800115	0.014160367452123243	0.013826960968387016	0.013486096987937393	0.012290571625840702	0.012339631913891582	0.012859875968139946	0.0106577986597051	0.0106596698231024	0.011412917506896825	0.012462975942584682	0.01276909096926155	0.013136155326856884	0.013465915968159648	0.008055947497890004	0.012406978991148194	0.013028685079927058	0.011970914452051746	0.014414125270538083	0.012828349327650377	0.0	0.01220691251467955	0.012368432639252863	0.012346123508383482	0.0133096876030831	0.010422645203674096	0.012669860163438613	0.012174045990267477	0.012076739834655497	0.012912746119799869	0.01184781867093218	0.011610208277455377	0.01334581993637027	0.012376911529012548	0.013172812784356383	0.010602480773892026	0.012628958255676804	0.013396933580347966	0.011650412525111476	0.013871979155001641	0.012395667937898886	0.013007641109378479	0.010610936045375415	0.01259586353453529	0.012468683143710288	0.012810751292206235	0.012498742344823875	0.013049566216532173	0.012299291357814686	0.010701679652962783	0.012538432302394615	0.012888586918411785	0.012813862733463107	0.013180015537488172	0.013447000489553827	0.012956366400507995	0.01286400589460544	0.009752188025434016	0.01344390421017994	0.013224032744631473	0.012778808343254818	0.013453437181485128	0.013088252836586583	0.012675332190680566	0.011620178242192684	0.01122210905348088	0.012496332411842677	0.013008935363075347	0.013426623395206377	0.012839310964190036	0.012178516732893073	0.012462155713200203	0.014009667100539967	0.01280672168694425	0.012489699400404968	0.013244466479002204	0.012389762257714194	0.013808321497007477	0.01042341739640916	0.0131040546117406	0.012727820741775902	0.01357072603400254	0.010283108225874827	0.013405538649662764	0.012135328303323378	0.012841122612718166	0.01307091619995334	0.013709708857146846	0.012670769496034002	0.01373689464618542	0.013559706028150341	0.011070416050168617	0.01082666634752684	0.01335943302200865	0.012472954234365426	0.012698821347905176	0.012238689136892855	0.012538280504586788	0.012520854134979397	0.012694316609941256	0.012246248469463325	0.012367729567066834	0.01223988442429697	0.01039203905440121	0.012806514426295278	0.012193081886823784	0.011478653557563924	0.013097257377666016	0.0127952086973921	0.014113532791851346	0.012051159880378646	0.013267859550860024	0.013568207465396775	0.012627571805671674	0.012097434007060677	0.011416928080623645	0.012474813247868873	0.012741374845316907	0.012500341807017036	0.010470549335281304	0.011997851251873136	0.012055274554227549	0.013989095982648293	0.011856626892011168	0.013170849962251758	0.012626012123821428	0.012480037608993444	0.012798598407515842	0.01317647516440297	0.013212813336627277	0.012148915223908974	0.012000118685961625	0.012468778340937887	0.013524414754724599	0.013655393393119124
marmot	0.009346083142112535	0.013612823188749814	0.012269169910916136	0.013043325782900793	0.012303813030679924	0.013383689450705645	0.011785908220192615	0.013940286103435664	0.013282959420731287	0.011673052590877005	0.014146910636321279	0.01208084744866058	0.012710842734226204	0.013186339794324773	0.012470129710172093	0.009412130368305148	0.013469305299002574	0.013728430128622288	0.011600667829622172	0.01240735462496715	0.012415256891826053	0.013413962844147727	0.012903650427641317	0.013556299943785708	0.013625466120780312	0.012782357071927576	0.01337972593935037	0.012213531309034393	0.01299090699349657	0.012579082292891442	0.01060801201537614	0.013487967083885421	0.013408028738317599	0.013938981370784653	0.012607107234025089	0.012691263363239533	0.013083112683206014	0.011478227526296424	0.012463656331682258	0.011515244664072421	0.012514179477487118	0.012922430380249482	0.012332518218118413	0.012819902142462538	0.013402612421648858	0.01307090370959865	0.012893972756608987	0.01207592483710724	0.011608692426111067	0.0121326608412358	0.012680927763802769	0.013274859917137827	0.01259373839123054	0.012598395835670555	0.012401031193814839	0.011383503485280883	0.012274308197155715	0.011783348875929236	0.013005715474078791	0.01271152548015618	0.011650912587475741	0.012444225965720278	0.013304561036770236	0.012450382619040681	0.012226486608557786	0.01319636575309361	0.013733527137988887	0.012265485100450398	0.012026488576969753	0.012887381527479737	0.013593567342143958	0.012768181016629066	0.009247755570838954	0.012097579499732005	0.012789403412950073	0.012468568854643335	0.009018630778871651	0.011255460201696522	0.013206169927357727	0.012236343106064838	0.013251743651919161	0.013098459367618095	0.012898103338373143	0.012374290839346382	0.013324756863352914	0.012704095208639252	0.012411314849757127	0.012045743180864236	0.01260654251729361	0.012019775392455993	0.012376181836196303	0.012234335208654074	0.013369318434982316	0.013073336010525792	0.012399583423069478	0.012717323729931323	0.012277703223683972	0.012492137750886085	0.013321417245844456	0.013108396138498063	0.01092886629738363	0.012869991224431838	0.01270662658625678	0.013006178354673437	0.01262789119449147	0.012196783230707524	0.013879942339855022	0.013889085077887135	0.013662200353910454	0.011310426195826928	0.01234015141920821	0.012571658242277562	0.012205819399528422	0.01130398863386249	0.01187124362850197	0.012908138187428782	0.012054720618057927	0.01377642408316049	0.012592373468828431	0.012070067694678952	0.012030881142132901	0.012173644488792556	0.012285005537705262	0.014464177271354312	0.013122902381547317	0.01220691251467955	0.0	0.013619984073823642	0.01130296313175671	0.013845989568933112	0.011043753992932061	0.013494798678595911	0.012278851512275882	0.011922264041205183	0.013198809567432565	0.011620550611387597	0.011895165399979353	0.012831040227053796	0.009820650134247755	0.014310061134396828	0.013698764064099825	0.013111700773640059	0.012658939605051059	0.012941575365894157	0.013589599699509937	0.012490758309344563	0.012398915131329005	0.012206272977801162	0.012877847959290211	0.012716173543722255	0.013532230029121626	0.011930624641606005	0.012432389796487957	0.012150438984351255	0.010049590289065848	0.011252434716077382	0.013153405378314527	0.012719494832684166	0.012704455398996888	0.013965536590440999	0.010601621465998799	0.01197686957395395	0.012334239466413065	0.0119237367446697	0.010413296833721868	0.011905368164498139	0.011813449390831858	0.01295111625009044	0.013618360728544528	0.012791055864582295	0.011838074879757899	0.013061200535713158	0.012983498896468182	0.014020847183621905	0.01306247792187885	0.011291463845185002	0.011980756581784156	0.013912290019248813	0.012593307717251215	0.012540039263289074	0.012138955401727056	0.012333776402620362	0.014190556218251606	0.010429510068246299	0.013377682325037605	0.013153514754214198	0.013559844332749076	0.010975741476430177	0.011890621004375657	0.011961122683123682	0.009645975392640987	0.013866345239497915	0.013965209322861938	0.01215393913596664	0.01242934179150646	0.013537749463462303	0.011202092099559871	0.010999177159780896	0.011995309698257376	0.01119249678853512	0.013318765917104448	0.011945541990117848	0.013362292591158443	0.012509885068030975	0.013022386572948423	0.012721191265306764	0.011389558412375695	0.01370502383641726	0.013440700091076958	0.01154335190933884	0.012295487399784777	0.012702037872962136	0.013339181052846705	0.011409475849660169	0.01455708433881233	0.013366237604210553	0.011505990297731607	0.013782413754874132	0.010612587561448159	0.01275983668371818	0.008287968665699537	0.01298378840289399	0.012697807635279959	0.011481845601111762	0.012245254419804747	0.013178272925054281	0.011378044631360268	0.014452591196334897	0.011091566253137793	0.013677315871771097	0.012356761368923217	0.013400603655961574	0.012216916214891427	0.013150812996570158	0.01295005228500386	0.01237921590476012	0.012766178776820679	0.01286139687388946	0.012934115601774845	0.01355362195817341
midge	0.013008177071105962	0.0143193439045167	0.012602925555088872	0.013774809257693761	0.013245932005451438	0.013054055456465525	0.013302544835499135	0.01335506594149259	0.01334954387562429	0.01306841404921496	0.01409416680441194	0.013031490248909877	0.013421659181792832	0.014165124903486332	0.012931782712474074	0.013053034671714939	0.012843606984389508	0.011024542065651712	0.014104920520153705	0.014065120373206126	0.01226523949856172	0.013867596070530577	0.014138489046997245	0.014616910031108026	0.014302477247835774	0.013364442101800095	0.01296955217715836	0.012917587990066924	0.014245592447803445	0.01361531179972703	0.013424305208762857	0.013921819516163553	0.013413810222579094	0.012878408981145683	0.012402445622682905	0.012691984914289918	0.013213628976180067	0.013259471183539458	0.013814368683190064	0.012499951176823216	0.013795418292538804	0.013327803634107883	0.014509626583542443	0.01370951155095321	0.013449329244376716	0.013895251899711226	0.013345851592090516	0.012519261622628815	0.013783564454876251	0.013182173671472458	0.013453952228297312	0.013594726328874273	0.012470520977441042	0.012690632380095837	0.013439518049024424	0.013676985343389347	0.01371544790135107	0.013226146799867704	0.013770860708687273	0.013128647712553822	0.012894932720474362	0.013497552373858343	0.013199809834055196	0.013017336648398402	0.013294892618440085	0.01288822787555869	0.013546349282643136	0.014044642287527826	0.01293730709255742	0.01370529914813228	0.013998782914706843	0.013531177996217187	0.013922822875903103	0.012834146602488659	0.013463962191255728	0.01424773559017664	0.013951636534231203	0.013326860782005451	0.013235419210065946	0.012455044116748104	0.013526713223094133	0.013362257664434263	0.01334991332097984	0.013690892181908866	0.013025135656873736	0.013788905675878895	0.01331781024623649	0.012989029901418005	0.014427707121643112	0.013901711147321716	0.013619449265642587	0.013301672713781298	0.013971040535896982	0.013467053217432157	0.012974377247275569	0.013230401241306346	0.01316560687951277	0.014177879589049409	0.014169203113380413	0.013356658717036292	0.012901878683151114	0.013406137608545587	0.013398019484199976	0.013514708147901143	0.012981834810542414	0.012944760115542669	0.012451212192162546	0.013252277707295061	0.012790967972750963	0.013376030376406294	0.012592694511664842	0.013354244311793533	0.013145989160707956	0.012795802650331378	0.01352805879626534	0.013487285731471461	0.013726144159139576	0.014629416163581788	0.0134899362053915	0.013513896770645753	0.013315621821648763	0.013891023772085785	0.013030787588468535	0.014471118704661884	0.01313983157191189	0.012368432639252863	0.013619984073823642	0.0	0.013596101771271246	0.013633571474774136	0.013900625729919928	0.012647485241264734	0.01306226411124376	0.01307438054569055	0.013785680081356215	0.013730327061303928	0.013599415232499903	0.013021613665011636	0.013819361583451175	0.013482310503600709	0.013530660829434377	0.012352816265754464	0.013477256831139244	0.013488463697534212	0.014021020870609706	0.013022969706351806	0.013369887599544932	0.013439287531638689	0.013622676136412808	0.01392332104542515	0.014002921039596222	0.013302315507757213	0.01450367828893524	0.013367751328118703	0.013170724181555531	0.013079624609877874	0.013275465556451333	0.012923741279283675	0.013592503458229653	0.01330193012953846	0.013294950352848159	0.013336856364864069	0.012945881711112462	0.01351335307604619	0.01371939476795248	0.013853960517282693	0.013685641330402867	0.012783398963151773	0.012622787997757607	0.013866234752796261	0.013380273435549784	0.014220279828631145	0.01344362935343888	0.01380755183149215	0.013246488516592141	0.013398018685490742	0.013459231230985717	0.013186051394795102	0.013580918176720257	0.013226664733201315	0.013093174346264745	0.012734453723917093	0.012755372633856253	0.013428521570570753	0.013674257449125721	0.013908456919724919	0.013574153830451319	0.013480958633887975	0.013730753909773652	0.013368974238041032	0.013439059747812947	0.012465506879498807	0.012172245211948067	0.01336684510015811	0.014716983869451488	0.013150687261097145	0.013341763975840056	0.013122197921653825	0.013968494853008637	0.013706974861162539	0.013526615376708444	0.013064146956586245	0.013216463342619764	0.013774203668698413	0.013216141257696682	0.013114842576458136	0.013469635810604534	0.014111589057391793	0.013498692434876374	0.013717128653324757	0.012938305224232527	0.013034330337745169	0.013432234348915113	0.0136046006043042	0.013670177371332106	0.012757818957649731	0.014117400829413443	0.013625807144034554	0.014481279993930571	0.013940535042629406	0.013702602755112963	0.01408851678615116	0.01269898723056338	0.014053230018694558	0.013762504892517362	0.012735747279138922	0.014090641346657334	0.015064351380726936	0.013356297333799106	0.013949891252221742	0.01325707175359256	0.013107926536788802	0.01401349481720586	0.013144725171110655	0.01296800516269302	0.012786789294267124	0.012712938426439875	0.013362066812820029	0.014729447044332348	0.012556582078718825
millipede	0.010734130773506776	0.013379877246580773	0.010990690984380045	0.013133157829168997	0.012500668534050675	0.012677382663791226	0.011629047221122703	0.012265416702844043	0.012612503546677043	0.01231973940108711	0.013676334473414325	0.012042883100800676	0.013064191696269434	0.012244452571600862	0.010799492472605293	0.010793488163421617	0.012682154741820826	0.013505791862956808	0.0128329668216204	0.012926289488292568	0.012315999819741463	0.013101686080896352	0.012724674936783403	0.013356180421639186	0.01154913093247502	0.01299074857189478	0.01327402065600167	0.012596137489948612	0.012794129300133746	0.012875975710635965	0.012279665870908668	0.01284200206472548	0.012852002752222735	0.012791443515525225	0.01253741269214363	0.011973387671178481	0.013131911106917232	0.011867643453936219	0.012374028810414075	0.012248910584865382	0.012455253501964915	0.011776883519594761	0.013179135387210878	0.013376402679226275	0.01337195697518659	0.013112323387629667	0.01358446635820239	0.01225756851198581	0.011964143677234324	0.012531486243801255	0.01198490550049141	0.011814017823754493	0.012287033615546134	0.012829264942791156	0.011426223276888027	0.012816920196561771	0.012082495238632635	0.012115989021129734	0.011069894622965159	0.012477695385950126	0.011625486661598142	0.011829065525368374	0.013439946774143603	0.01199535511483548	0.012048208925709276	0.013048046557342064	0.012946235297667088	0.012202896082584314	0.011959773307176812	0.012330981266797728	0.012385001361552557	0.011931772776816238	0.011479729106609991	0.013066045259154883	0.01337046423547803	0.012536791884284207	0.010992537165601852	0.012201357670083417	0.011668813683233857	0.012011920790833519	0.012375714959641492	0.011277942955214034	0.013367732072497687	0.012799479116173185	0.013406755695483885	0.011830050961888073	0.011754653328893994	0.012238942197727032	0.013254307542587815	0.011322598333247615	0.012317191444539698	0.012919412144733872	0.013436368581244173	0.012861099361030106	0.012716620436124662	0.012927820120682007	0.012257046889937798	0.012154101524137408	0.012678673518995574	0.013131083654822578	0.01179270214417571	0.012808353262589329	0.012754308807894365	0.012922667473799191	0.01303120553371639	0.010883331754424458	0.01388517392437302	0.01276361613253717	0.012586588532927682	0.012345587396599881	0.011905355430480082	0.011304670752425834	0.012684290186365568	0.011858261784502437	0.01201114220668819	0.012375717241631523	0.012149846332082367	0.013035187889294954	0.012764477708395183	0.012602447118042195	0.012592084662005353	0.011586351944734143	0.012317398660808736	0.014194834522337624	0.011435734587876792	0.012346123508383482	0.01130296313175671	0.013596101771271246	0.0	0.012572848317583199	0.011786019413718311	0.012056778513161814	0.01230103729051037	0.012372941869670577	0.012428923264424971	0.011718754743684685	0.012517636340436657	0.013462065208224431	0.011527211203674025	0.012833976285323423	0.012905674322569626	0.011751636423100242	0.013377784020864626	0.011577853426855007	0.011846004623238	0.012497728081898578	0.011614919082920989	0.012320899773444312	0.01294341891909659	0.012561695583989901	0.013286021664415787	0.011896328980001137	0.012328434161749868	0.012335094672488046	0.011665566639532105	0.012484391197661267	0.012268232057575292	0.011384930714603865	0.012289125538035538	0.013185625209388712	0.012556736279344054	0.012502445908844364	0.012456637729759046	0.011713050824502363	0.012051592466413446	0.012385891493696947	0.0132158747215475	0.01321222179876193	0.012478032292842176	0.013367688638015442	0.01165126124374983	0.0133313565400749	0.013284428852108654	0.013127797861762571	0.011714934481356916	0.011995998032317141	0.012399997335094805	0.01391390015623556	0.012184499201611187	0.011118765605459331	0.012464036533244875	0.012032263658380095	0.013982027952275737	0.011937594830281421	0.013934137778140742	0.012495941666795945	0.01343940415513627	0.012261301860934073	0.013418646598816593	0.012609195909822134	0.011808192435648403	0.01188799386674897	0.01264451017460436	0.01254194953691868	0.012881836902968003	0.013401038666719713	0.012233433771107456	0.011606541160295301	0.012999027837737103	0.012480430387652888	0.013183608075486502	0.013068709288271372	0.013161362666318354	0.012202432224009664	0.01286071321316314	0.01238062487412134	0.012159725896586052	0.012993356678518642	0.012743633046348535	0.012487585631726014	0.012043074352916653	0.012326690250949743	0.01265651415190183	0.011278993033723251	0.014587475185075834	0.01224523282772236	0.012846931053181639	0.012822291187101315	0.012102083657167622	0.01286024747184352	0.01143047761021948	0.012984972925669011	0.012971026650830742	0.012007121074947698	0.01270087346582345	0.012898706572452763	0.012065266931098604	0.014217547511760404	0.011318954964342653	0.013295893295199803	0.011854625697245748	0.013055585692216945	0.012849178312160835	0.0118783840334439	0.012395636977288873	0.013032297199907148	0.012455058137703518	0.012906774877997112	0.012457761856251333	0.011831810907824657
mink	0.01330038092445567	0.01445065012539684	0.01148834245016803	0.013515725140455886	0.012596117701234017	0.012698909250974695	0.012932519127023529	0.013049007533870983	0.014116292972269405	0.012245465845166788	0.014148805112701217	0.013419571572572177	0.013057027446401456	0.013908646775490816	0.011252085078530503	0.013556660345018255	0.013093995973281234	0.013756676047195155	0.011767505369247836	0.011520261527140568	0.013400077778421388	0.01297389391690161	0.013720792284748358	0.013145960075839937	0.012643543268095976	0.012794483456508217	0.013815373373153002	0.011386525449095653	0.014198983172846577	0.012415797970734797	0.01146314332359339	0.013109781982832431	0.013542674648570332	0.012741652878753005	0.013505018464395214	0.013065694647596023	0.01342822451661636	0.013306355978947202	0.011839708935808057	0.013599230141074701	0.013352251495776147	0.013070810629079747	0.013151635257659633	0.013001514243869474	0.013448298827115637	0.013519192756009199	0.013248875745311896	0.013443721197511898	0.012817912548229105	0.0126574426462105	0.011859699855320045	0.012700410352044531	0.013235731268427786	0.013759180092750735	0.01251685512515357	0.013045317533794534	0.014506626185579328	0.012181936140004523	0.012166062911571107	0.013909982428506433	0.01119483357055047	0.012533104269165105	0.013442240195135553	0.013315388346095915	0.01178312108911624	0.01331911453701952	0.014031622854799253	0.01269504356823437	0.01300835051997568	0.013525230137197572	0.013519419880462045	0.011165480397366806	0.01295041026845337	0.013405907252857978	0.012343752255783835	0.012448059299928085	0.012420984137515488	0.01242683235136044	0.012225076685606956	0.013551526217729416	0.013938442007682041	0.011454769254132278	0.013559388685046948	0.014102250084403587	0.013330508577355864	0.011840766608240677	0.012289304438517583	0.01294483717729131	0.013223480548923078	0.01257847445524226	0.013357721703556247	0.013486509365526806	0.013322666471938232	0.014046283127348536	0.013198097849904937	0.013602754098368103	0.012793727845672698	0.013187110554223972	0.014035698549662145	0.013263971421082424	0.013139586352917329	0.012302377983470917	0.012811512682190511	0.013648322833308102	0.012496962175583614	0.012303963314304773	0.014185731579521467	0.012043889876582104	0.012903899388354657	0.013703825924765657	0.01334870687855354	0.012997704917551063	0.01292064107637858	0.013681985460745599	0.012105435837439867	0.011778102884793964	0.012957594714916443	0.0145214017293583	0.013694869468199967	0.013285721401145251	0.011198849336997926	0.012612123926326255	0.0128531932570078	0.014805995061355217	0.012107099778454523	0.0133096876030831	0.013845989568933112	0.013633571474774136	0.012572848317583199	0.0	0.013260226711156066	0.013918678992753014	0.01280091535029642	0.01373054986345722	0.013172517453753186	0.013813194754855616	0.012908631443221233	0.013856813247909326	0.013068976286036817	0.011230517732839049	0.013239146224261195	0.012206551130820231	0.013310574626687825	0.01301451000405961	0.013848309523653221	0.01354741183830181	0.013418524924741286	0.012719325865021862	0.013492990936556317	0.012093936123358575	0.013353387145006963	0.013281836962079558	0.012752935494549618	0.011854330945299682	0.013498025994183654	0.012204220799641485	0.013729278797966735	0.011987507564336801	0.012722502270041642	0.013724423195123276	0.013459837276898413	0.013898867503637224	0.012814858095216812	0.013409413088595619	0.013112330283714143	0.011950323327840191	0.012163075949798883	0.013415129668384982	0.013143958940541213	0.013130604587189523	0.013009091434984328	0.013612306161382991	0.012996567053322637	0.01283702463494873	0.01103388695576727	0.01226313030101215	0.012456636737485871	0.014422011753370078	0.01245187743017196	0.012811183403158989	0.013610343514544907	0.013256064720378418	0.014902515301103734	0.013565412978257021	0.013706989918259898	0.01327177673952011	0.013580714762080039	0.012633065948502973	0.01386458261695051	0.013295640285436307	0.0135048557668109	0.011578298721729092	0.012900964179657803	0.011954275677421888	0.01429180435305697	0.013720956551013665	0.013639600542060714	0.012531305355608147	0.01320326132453701	0.012030054858447001	0.013196823738168637	0.013821147282699078	0.01350184011258085	0.013884831240019426	0.013797036969437158	0.013514558146605946	0.012218151569643067	0.014221117954572357	0.014006948078309336	0.013219086993346065	0.01174288878885724	0.012232036122019325	0.013545954319865012	0.012719083992819956	0.01432607688133817	0.01122521112487939	0.013376494463081033	0.013762369542848369	0.012890048931968967	0.013482547950806499	0.013026226138576194	0.012032943075221425	0.013041133385403723	0.012743369638176676	0.013624190537030725	0.013190561557157239	0.012442660199485795	0.013375671798181507	0.013602651329370007	0.012949192165768106	0.01319126620764967	0.013905271363658975	0.012204182877464893	0.013426391419292208	0.013396226845265235	0.012840743354700907	0.014042649236309443	0.013205685429799855	0.013898077646253535	0.012704476746279635
mole	0.011521673811528578	0.013925812488277258	0.012467158410391976	0.013532380159952848	0.012980580405349027	0.014188868369074981	0.013456077713842359	0.014056054377246885	0.013103998008961558	0.013813794305596714	0.013776343942664271	0.00866575387805986	0.012760000958860353	0.012927436180246055	0.013021079149330142	0.010330939170890592	0.01368218897867817	0.013876554427415779	0.01153657209515841	0.012350745628053215	0.012944316141002402	0.013604162983737022	0.013991327756122591	0.013822041268742362	0.013097225557336709	0.012712653820533572	0.013956883918767357	0.013081822864129393	0.013919416643074368	0.01283095580625618	0.012649410066218529	0.013627022733690507	0.014033109373886465	0.013932506828680927	0.012590100834797313	0.013729252549304023	0.013828438914146677	0.011532764592749262	0.010804030725922837	0.012314523432805003	0.01384021873956517	0.013243689453470485	0.012739701530252128	0.010486356306691959	0.013113029652242774	0.012653229784613852	0.013486061277413943	0.013239263471409135	0.01328115035987977	0.013214741434389719	0.011225133277741479	0.013865538402288791	0.01383127450735106	0.013701213649656086	0.013023689163468823	0.011755041526067725	0.012699030106717288	0.013201855925464537	0.013272337224830457	0.013246682905807114	0.011198244470094362	0.013220578205264313	0.013655149244130877	0.013191356407912582	0.013098218287923897	0.013636100394803856	0.013854319652174674	0.012974131897227535	0.013062568007163404	0.01297606704971406	0.014157592271731195	0.013397296368573109	0.010348078894104511	0.01393090388425622	0.012588397661717203	0.012528228179581253	0.009732505703912374	0.011073771706837331	0.013232971870092989	0.013531352860153455	0.013566994883167389	0.013618343659270601	0.012639448332786747	0.009359792032296876	0.01378334075823723	0.012890792190975156	0.012920514955535563	0.010043434777433803	0.01288590487271633	0.011625533053946136	0.013256278068232813	0.013361447023850899	0.01384404129683607	0.013661452812583767	0.013143658716163178	0.0138371847452192	0.013347217102907013	0.012919106296954702	0.013637201910000214	0.013106744319605838	0.012924873801249646	0.01287261087196545	0.01349674145106239	0.014126037919765841	0.013471966155179484	0.011994554595408968	0.014746843914438156	0.013636334442588112	0.01400367762342995	0.013871150545818335	0.013267014087602658	0.012568672726966377	0.011116809778699914	0.011831458376698025	0.01246547682954129	0.012782102232197659	0.013097295139129777	0.01300993203878396	0.013216333787572455	0.009590796648745964	0.012158675866821176	0.013375487222158955	0.01241187135328648	0.014707590683766772	0.013364983192843233	0.010422645203674096	0.011043753992932061	0.013900625729919928	0.011786019413718311	0.013260226711156066	0.0	0.013845576938350595	0.012982573770694401	0.013733965263666065	0.013440562030207577	0.011548527023279617	0.012413508098091011	0.012568254345404935	0.01116773902487167	0.013512093274320713	0.012943426783159837	0.013117419211083878	0.013218287662847905	0.012671734306737776	0.013697729029826394	0.013481341225551413	0.012638421586278892	0.011199036584818838	0.013597225722698445	0.01267372602982869	0.01353535488459585	0.013041044566694193	0.013647806146801713	0.012344353706259812	0.010995298381752778	0.013140989014209318	0.013826237321735579	0.01332715284338104	0.013615163063525065	0.013017514511835875	0.013742871729875985	0.013878645191023067	0.010829981070024976	0.012351613618533621	0.011823448962410056	0.013774135703792134	0.012582810664055864	0.013796994450297497	0.01362286577560176	0.011509047861265158	0.012070558547007885	0.013716102884065284	0.013238369207692457	0.013846055474186098	0.013163405429489012	0.0127057407827957	0.01309313793719389	0.013895346380033808	0.012291581080959084	0.013066100829194809	0.013538267285594638	0.013039616130832344	0.014274268201165164	0.010252483911162385	0.012984235789599818	0.013390284032528774	0.013776519742314171	0.011020107298608226	0.012990480155494049	0.01368306740602532	0.011602833688434568	0.014212281661826798	0.014511611265201873	0.012754564719406024	0.012658438502228248	0.013709953973780447	0.011768384351320103	0.012793941536742244	0.013366988322903051	0.012389855109333428	0.013287627631343304	0.01339027939518266	0.013995763131356167	0.01218787628992018	0.014100682760342225	0.013032769435020368	0.012957064783812033	0.010829178507428842	0.011218530365317442	0.013846641879421157	0.01273980367689397	0.013708518202118585	0.013530765360081283	0.013642857438559261	0.014266617379278403	0.012811168331299461	0.01363085591954682	0.013825566323523462	0.01084450393121588	0.012753221142968195	0.010444947188335794	0.013791051106638242	0.012380261096697358	0.012434199918967704	0.010013521843829181	0.012963525913513485	0.012157857615114539	0.014258782357327606	0.010758359489728036	0.013156462902231887	0.01303703066095268	0.013310256739304659	0.012846382178689584	0.013054665111776711	0.013529006277520692	0.013415298678199501	0.011245308826599102	0.012364365796848615	0.012954949702252343	0.014127541867378284
mongoose	0.01230437160933177	0.013323135718221793	0.01259341031654078	0.013762512310936859	0.012253687591005029	0.012350449404603156	0.012504364948436314	0.0133103606120142	0.013934782841129818	0.013453012711675611	0.013213834707732774	0.013241019449420254	0.01307358689831563	0.013938585790275328	0.01246164206650765	0.012874972777516518	0.013061791385383876	0.013040277816063997	0.014021549445293373	0.013977176163728818	0.012834667556623262	0.014309436011565866	0.013651392894239365	0.01336962755533204	0.011866951891752337	0.013631561489513357	0.01292063366904459	0.014020697450954184	0.013714329336100655	0.013629068820208428	0.0137588368588783	0.01268098447622244	0.01326439109950837	0.012187616515115653	0.012271475937101395	0.01161336832366842	0.013765030182297458	0.012958308868280331	0.013633867610016441	0.01307805252329151	0.0134611904439916	0.013257520621637084	0.013490806647643511	0.013420760712154452	0.01204492878128292	0.012123570642837119	0.01343811633970738	0.012766636926321429	0.013545698038450365	0.0136797097695068	0.013085890530874653	0.012130237690042213	0.012688937548939292	0.012613905845404718	0.012528206167547733	0.013007624116016128	0.013255405378445677	0.013463259026204693	0.013090561776316866	0.012839378790634353	0.013516036394052376	0.012709581056798494	0.012717797600574725	0.012456995790740152	0.01296765432506145	0.013544182496219009	0.01371466090673167	0.013088360235479593	0.013106459860809473	0.01251585102339411	0.012516127768769855	0.013760875129103114	0.013946578585368108	0.012770159868265208	0.012240413568918767	0.013028206627250542	0.01353937802841223	0.01320573595569969	0.01276389593494609	0.01248780244715534	0.01360327675606704	0.012184619620618032	0.013956822570392897	0.012466781722096676	0.013495150955243668	0.013159512012102734	0.012046235945427555	0.01324132958541086	0.014285918502209994	0.012520580299114592	0.01262501856477928	0.012173032244996192	0.013930103495048111	0.012056900072996092	0.013066994761623747	0.013711943522641722	0.013020526264448584	0.013413905249022	0.013574132017924139	0.013798649740587126	0.012549640169457739	0.013206879770715052	0.012145963869123564	0.013829986544734638	0.013511550136884537	0.011953514512112679	0.012662173564312828	0.011935447963161547	0.011782974217256081	0.01348869334255866	0.012337540100375783	0.011266102519470902	0.013425722959188403	0.013407990494796813	0.012578404832273536	0.013759308875833416	0.01382914572904582	0.014378906756081316	0.012796660209708918	0.014025879115459399	0.01306635316107686	0.013128939391403098	0.013547341559262198	0.014392574442335835	0.011594024783265626	0.012669860163438613	0.013494798678595911	0.012647485241264734	0.012056778513161814	0.013918678992753014	0.013845576938350595	4.214684851089403e-10	0.01265781415477929	0.012543023741534336	0.013627507456537284	0.01338318350079936	0.013764946176311132	0.012361101337032481	0.013284719031943663	0.013978768250123803	0.01364629855094311	0.011080506168047897	0.013146889191423851	0.01170909870485816	0.012517545607113044	0.012148459402950569	0.01184133669368672	0.01304471157571565	0.013473360556796217	0.013743119153297966	0.013643954682029447	0.013010206903211223	0.01387883787981959	0.013121396501467555	0.012894446634564193	0.01347860236742599	0.012797769148375805	0.011929812280673633	0.01354509097108122	0.012309613517322517	0.014022341011997905	0.01279686741304838	0.013242392962194666	0.01279524369858226	0.013000792992171151	0.01357645126458722	0.012949532824049408	0.013934563665916984	0.010957293178235475	0.013632823774023011	0.01302353815182098	0.013973146358672977	0.014101199603805842	0.013876271751788039	0.013056553376947739	0.013669588338995056	0.013754325990299843	0.013091043031477274	0.012512490737326198	0.012325461528592945	0.013460749604112515	0.01207961379571949	0.013821145620024677	0.013978887750593498	0.014306306498610413	0.013143674292457946	0.013847722896955175	0.013705688229039803	0.013041456057651335	0.013622196769995695	0.0130717672605957	0.01257221477087236	0.012085972765452185	0.013852601134410314	0.013632680053028468	0.012542831391791878	0.0131337091461318	0.012291506692783666	0.014150369402282243	0.013787423726614225	0.013884278054492702	0.013537862056670198	0.013080025404682775	0.013153557959058995	0.014065770218298699	0.013604648330670455	0.012847031278487728	0.014017164946390239	0.012773902520780953	0.013462108488804659	0.01297365009222298	0.01254087481140302	0.0126960195766546	0.01315851145472141	0.012894133053101418	0.012407025876355787	0.013494274501168226	0.01296268336843779	0.013780557225767766	0.014202959391350224	0.013594884054758179	0.013968941319003482	0.012852702988501474	0.013459301879972544	0.01358570366734868	0.01287357407699321	0.013125882781401033	0.014845970303951567	0.012700340216984421	0.014318485005095478	0.012217684389248966	0.013361603918147336	0.013774358945700178	0.011828699496630329	0.01283066342685424	0.013143658045192175	0.013492083400538323	0.012744176241298994	0.01404369104973719	0.01221698081815879
monkey	0.012216268114435153	0.013231438507699375	0.01163309710492667	0.012655291036161767	0.010494989895574548	0.013087184267604584	0.01028498740846058	0.011913475733207774	0.012544057016794279	0.010449524720492938	0.012717673421574332	0.013347352074545505	0.012972453258993533	0.013211775194622744	0.011272432493674347	0.011646007385216667	0.012649280137453424	0.012892346403126755	0.011782938749612974	0.013222898005350855	0.008298010592969817	0.013324279587433499	0.010562851798963411	0.013260491815693762	0.012516005045262353	0.012720136064175346	0.011209234265006163	0.011887066014807782	0.013133078175662343	0.012944445203232574	0.011572186333266505	0.012855923394536378	0.01232715246528714	0.01363716040820268	0.011816478006373034	0.011729558853863396	0.01230127910905542	0.013377413613880909	0.01302460100604128	0.011656085415874522	0.013123496403483623	0.01351081771734378	0.011571129185201687	0.01274990579909036	0.012535058966387387	0.011295597641006048	0.0122537124979217	0.009788272557753348	0.012001629941331058	0.011610586406851857	0.013035537765933908	0.012416790794724526	0.01054909156391099	0.011309293353595228	0.011628813603546838	0.010659100569392217	0.013286948210884749	0.012076569828488039	0.013328054581152125	0.012505461842825472	0.012839843922333345	0.011078535209442276	0.011991055005446007	0.01155826346611078	0.011038212537797685	0.01232526369772729	0.011389816026304378	0.011061428779508246	0.01104047935391189	0.011836894869378438	0.013174947684852936	0.012815979137108613	0.012043724753470979	0.011875693424214835	0.01083267022447523	0.011304698109760893	0.012882184719861472	0.012715552126713294	0.01243147560608515	0.011695333135869946	0.013285275124306333	0.01125448075180956	0.013269878419932053	0.01313034897656627	0.013604339944500825	0.012464401844765778	0.011690050463160325	0.011794518337149968	0.012661684824354275	0.012279474428163361	0.012486964836808978	0.011159938170369628	0.01322585039687874	0.013215804096387751	0.011098109649316752	0.012082411173719483	0.011979140282910134	0.01295826952304799	0.013449449730330963	0.0122131815553422	0.011722435391163187	0.012413518479468436	0.011042576836690972	0.01268563142605991	0.011416262332640481	0.012980394756892322	0.014288232344843065	0.013721474711641762	0.012085392364998617	0.011220190042763865	0.010200732451289964	0.012505591706383427	0.012381121029683155	0.012279074199633025	0.011275484987448663	0.012917165883925014	0.012267106776653294	0.013429547532977027	0.01147836324380156	0.012282655262002182	0.011471067778268739	0.011734851278611713	0.011042661312605544	0.014324591665366515	0.012619742728116431	0.012174045990267477	0.012278851512275882	0.01306226411124376	0.01230103729051037	0.01280091535029642	0.012982573770694401	0.01265781415477929	0.0	0.012118860885135465	0.012159410821362453	0.012997703121636475	0.013451391992584502	0.01160824252958128	0.012635757373240946	0.013222790267231341	0.010006111721696858	0.010745475638036546	0.011496089135868953	0.011060335823434296	0.012986042931350344	0.011303887982259482	0.01287032005902541	0.01214085610023969	0.012539680946347458	0.013217619610603366	0.012356147862912559	0.01205404519321702	0.01246175334709699	0.013619375590469156	0.011935028395048118	0.01068955827850459	0.013368669586853225	0.012204484837488466	0.012906128644667012	0.01313715142209277	0.012144634441493702	0.011714013689578672	0.01163293289855734	0.012178074786451552	0.011154445475581126	0.012398403849084048	0.012268182800514522	0.01134327294195406	0.012220677665733688	0.013405177135669204	0.011606233926767769	0.012975347123269058	0.01318255834226781	0.013064810751595332	0.012470633939935359	0.012224044167523911	0.012136620208156203	0.01441279843249368	0.011476514771807278	0.012972284724018568	0.010796165761889718	0.010075770410624544	0.014056830594559517	0.012274814084989046	0.013622901643622832	0.010833117165460013	0.013446412943736306	0.012542698240134187	0.011987006555813308	0.011798269077736711	0.011563388899929592	0.012810718986415583	0.013240104538653328	0.012353372827477511	0.013472829842697527	0.01294521430762838	0.012695286733257592	0.010788987860754306	0.012400281723019324	0.011465565012093247	0.012459908492878232	0.011046247769900392	0.010944366584035439	0.014021585136658896	0.010247744611515003	0.011867029375305085	0.010995901355978534	0.013698086876594467	0.013013696901695525	0.012482108185322726	0.011334199768017974	0.010879713260411605	0.010569027545193064	0.010404686812143656	0.013102979296065182	0.011384399693637073	0.012575130061140556	0.014012930930213583	0.012678793464494999	0.012369238589353161	0.012377278293649843	0.012622380229089543	0.012154158473541746	0.011354421965244055	0.013028227520997929	0.008296084455590776	0.012546861010186825	0.013708634257887953	0.011853020211252436	0.013377361976399915	0.012815663363797872	0.011769943373878171	0.012991632905793573	0.012969363641432485	0.01145515510415576	0.010901374772455145	0.013204596903532494	0.008845812709140768	0.012482548084637226	0.01323975273666508
moose	0.011399182515953682	0.012752946753079369	0.01247353513398774	0.012166357524966843	0.012147678727180254	0.012661437569168026	0.010765786424784627	0.01331283078420189	0.012980725929375637	0.010692625366119222	0.014163535537544358	0.01382828300045379	0.012591100045998584	0.013121104793310124	0.010857699020588085	0.012139614851234578	0.01236416889840215	0.012887022954487173	0.0121084878712855	0.013404662633915336	0.01159564342802278	0.013778592332248317	0.012433634171793651	0.012715034056167595	0.012563998107436252	0.013396856080902369	0.012204210818342647	0.012451246325398853	0.01194713095977624	0.012530526921809917	0.010744102502572787	0.013781580624194472	0.012559468659707695	0.012724625729777195	0.012064066059589713	0.012264646370458236	0.011997936246757759	0.012318675328670729	0.014070508719817677	0.011766376191202209	0.012660735053435599	0.013245471342786847	0.013144613225021773	0.013340538904118375	0.012672080714043021	0.013365380257655282	0.012720209685804314	0.011000510763414103	0.01187973054889143	0.011773486154913556	0.013229664501064492	0.013115919813535475	0.01047106994777023	0.01178857106631038	0.011585946597702542	0.012464827000563379	0.012398339840399557	0.012358434109966185	0.013257620627467848	0.010626179561701077	0.013005214290162772	0.011130113071642482	0.012887842063170906	0.011502881815600233	0.012164719009926106	0.01186236876613497	0.013195129892369427	0.011629888506572636	0.011512849111081604	0.012275482824523698	0.012242185465477819	0.012880435424797798	0.012866192853353687	0.011938970392464379	0.01296068492190313	0.012967038404963606	0.013227567227262236	0.01263692266768355	0.01320325846033511	0.009032621267007369	0.013821446952427667	0.012616806002632652	0.013512748900470075	0.012981646807527168	0.013804828088826732	0.011034335458697064	0.01229756107105303	0.012937872104493507	0.013318137992187937	0.012334318895096522	0.012789367860167268	0.011974813916900705	0.012758332578963836	0.012937440123587843	0.011752625061514145	0.01175795565861097	0.012243039952420508	0.012920228252924944	0.013383398419266597	0.0130659503978487	0.009462768438910547	0.012363081308532997	0.011705962289707002	0.012859877755283702	0.011789772052427448	0.01309402707411971	0.013758798309092024	0.013089572599847762	0.012409170542118368	0.010711216625305015	0.011031594327496962	0.012092565928044014	0.012732329832364555	0.012150034389541417	0.011499439974678399	0.013319897247502288	0.011340532950459649	0.013558708159190363	0.011860892207619456	0.01314849471920653	0.012325378787735979	0.012134055483115644	0.012543802308128767	0.014480266627687578	0.012677653080323224	0.012076739834655497	0.011922264041205183	0.01307438054569055	0.012372941869670577	0.01373054986345722	0.013733965263666065	0.012543023741534336	0.012118860885135465	0.0	0.012776032242600741	0.012095751285348545	0.012610239307315783	0.012536519041668564	0.011515614234732942	0.013420132654491303	0.011957117785530259	0.012133754078876761	0.011516473666785145	0.011474793446345671	0.012831606718717746	0.010440662317606868	0.012586114824915659	0.01299604568908362	0.012645850087704535	0.013355294685455736	0.01261122383378287	0.011717647391199975	0.012141786609602747	0.013411528725990758	0.011556397442975631	0.011525885321649283	0.01191030183554769	0.011823594065942713	0.011688831435818831	0.014258458830341467	0.011194093374047486	0.009989040618229243	0.012885082215772621	0.013295330941238576	0.01148598189480942	0.012148348303595836	0.012408422160761885	0.012358541639855211	0.012482536997991163	0.013602919438010312	0.011753772888213445	0.012369556736205814	0.013587365311465758	0.013347273748747572	0.012324621507350322	0.01108523086026185	0.011819376638350414	0.013851573741959906	0.012662377324893783	0.011913344691870822	0.011492735841661723	0.010573927702508295	0.013640120698199844	0.012438735044946223	0.014397907292042836	0.012543750984310056	0.013553656181241205	0.012160658743296264	0.012504158487821488	0.010497069387831482	0.010682182538004707	0.012779936333024829	0.013008171875158665	0.012796804882788077	0.013458496535611465	0.01254752777424941	0.011929152345399667	0.010973675448087488	0.011645204258890231	0.011808252239007517	0.012707009895733644	0.012014151388937338	0.012281586382227533	0.01355883308565822	0.011381179885505743	0.011590377695641535	0.012242010175614921	0.014384642182097673	0.013349980088384126	0.011079349496950466	0.010850719242040525	0.011542960826637659	0.013275615145558911	0.010935629375263108	0.013892428363775775	0.013089308254230492	0.012507294639656908	0.01378123140544449	0.012843604182221831	0.013705570388594967	0.011580094997292768	0.012199440550101167	0.012722673876638257	0.012660486681749938	0.013557971638391807	0.012705942565568168	0.012951220012705105	0.014161655662456005	0.012091749158175543	0.013708255816165306	0.011773523168805897	0.012557791986023947	0.012831280589648561	0.012687103531354365	0.013811320152548585	0.011410912712250287	0.013461346640497225	0.012631017291843384	0.013538361942793137	0.013273667647711006
moth	0.012795632139102479	0.013473165240949391	0.012673499628028051	0.013427886601701484	0.01162662931827315	0.012606821895018123	0.012445859163227577	0.012423126819690098	0.012572196033051684	0.011993558329761367	0.013717062408310362	0.013187903030207431	0.013095806045339775	0.011979711590104098	0.011804937388929342	0.012766401341948029	0.013000715828130806	0.013541704132152423	0.013284948207357277	0.012395266066307833	0.012087802192196915	0.012947999054302568	0.013451464108925216	0.013298076417734901	0.012652220187638768	0.012561909200924282	0.013437200030495457	0.01216338942021946	0.013509074467303777	0.012472715977140909	0.012357772767662414	0.013357573455805728	0.012592485494850328	0.012763594040516933	0.01313888211234473	0.012591349612382613	0.012371197281404765	0.01283807932893092	0.012824232799455413	0.012641822387644915	0.012676118187258016	0.012958754366885605	0.01318316096510867	0.013180197333049912	0.013231009088175634	0.013750265002475382	0.011992988170818264	0.012256373905780462	0.012936715919433342	0.011929478814033199	0.013120100529617427	0.01259469122566892	0.011546764658716995	0.012780250021420358	0.012171058751949484	0.013683151919773427	0.01343195872462416	0.012303701792494712	0.013181727292344968	0.012815607469938175	0.01233841134590451	0.012361620542461323	0.013981686607276826	0.012114591749792151	0.012061942376634596	0.01304376800595553	0.013479389010611157	0.012658162673954452	0.012512427480012493	0.01326961650480404	0.013544705337294183	0.012724378536387198	0.012622910651362396	0.01235819195132126	0.012988481576822199	0.01321408428255548	0.012990743661993593	0.013089277186781118	0.012275211820069827	0.012359852659081549	0.014193348695404999	0.012500188276458466	0.014106673153520884	0.013651670793897279	0.01360316922992923	0.012732982193976712	0.012372103516994033	0.012669033905013278	0.012827036987799731	0.013171695520451691	0.012082336866045143	0.013236340831515122	0.012511528714209607	0.01323607854270082	0.011497175212911851	0.012103745421428794	0.012068833254759779	0.013100978454156817	0.01330136984520051	0.013164282831543203	0.012501327252735223	0.012810786627068534	0.012682923112557323	0.012157296239314736	0.012183021549020052	0.013012022992551298	0.014058817617884372	0.013656803765233046	0.012820802353273708	0.012273616790169006	0.012205045609720242	0.013441730026299902	0.012769184932161965	0.012723351208668236	0.01201725427293421	0.013163777020739058	0.012375156833580552	0.012936203290054665	0.012285353436309548	0.012901477895233944	0.01240346020806941	0.013156628119264666	0.012623211266998575	0.013505986256520528	0.012609976813487033	0.012912746119799869	0.013198809567432565	0.013785680081356215	0.012428923264424971	0.013172517453753186	0.013440562030207577	0.013627507456537284	0.012159410821362453	0.012776032242600741	4.214684851089403e-10	0.013408702648803051	0.013615406620108676	0.013231625230627098	0.013054041125954796	0.013236750393814986	0.012301262126869888	0.012514259876467893	0.012796496775789092	0.01130262066540179	0.013137233964299642	0.01276475871215723	0.013587044435487932	0.012862706991425315	0.012459304684910794	0.012699251818349825	0.013053266236190804	0.013151836271995301	0.013482219487665014	0.013728311816543508	0.012358120996390045	0.012509543554480258	0.013452335887038796	0.012620509740686237	0.013140081983158686	0.0135311458899735	0.012396763134291833	0.01271871780822716	0.012152851930071486	0.013156799951107068	0.012890396803139978	0.012396204231479881	0.013403287745039436	0.013364932328003122	0.013128174983471741	0.013304314080915057	0.012709418711590235	0.012978077091323561	0.013436821636785562	0.013175046640845473	0.012718192707013886	0.011394319155940915	0.01223368373318661	0.013619893439986321	0.012323358532181894	0.01214115150384438	0.012301737956404036	0.012486111900380976	0.013464566276530272	0.012411974198945313	0.014118456279011482	0.013102863307862408	0.013160682067492841	0.012629255702851831	0.012785961611180376	0.013052414931099463	0.012867606662610324	0.012679321610098857	0.014191921775285008	0.012402581393437822	0.013234628709310995	0.013247346860652065	0.013070409205826883	0.012403050872153907	0.012782838946880428	0.012996224656292143	0.012042709418356601	0.012655450497747116	0.013024798732027014	0.01341737921003992	0.012685939428486876	0.012557814604117248	0.01255917925652879	0.013778586845898015	0.013740877907549737	0.013474988818308798	0.011724268186550403	0.011901962513888571	0.01302215472300108	0.0129828817135746	0.014318750618673149	0.012856852983850428	0.013244688567364556	0.013604276747257884	0.012867738788868622	0.013735790460810802	0.01264026915964162	0.012229418608049	0.013412655823214914	0.012487368695716889	0.013620629684301338	0.012721867851104634	0.013161859126987878	0.014330871016074173	0.012688954445936007	0.013357580634523572	0.013036150125490496	0.012868911773866842	0.012644342071085809	0.012635965935026411	0.013086537497088522	0.012021264905153093	0.014029312262475568	0.013292539963532477	0.013447794291937265	0.013012428968829981
mouse	0.011525682380231472	0.013508914520389352	0.012889586469279523	0.011955360608330167	0.011831578742982289	0.012405193287142251	0.012238885390317762	0.012659503271962726	0.011044791871322563	0.01236087321568876	0.014554352269721677	0.012019543404786368	0.01333170575040991	0.012859761719166703	0.012622421867280624	0.011685844603278366	0.01286616309044984	0.012939087484841722	0.013118232940966873	0.012562885658016075	0.012579788985774984	0.013185629741538052	0.01325968151398053	0.012869014410193582	0.013083697726141716	0.012818567242740038	0.013209225661014273	0.012982344293143768	0.01321852037351796	0.0103162226885708	0.012509940180685042	0.01341778381377374	0.011890187646500983	0.013796071717423704	0.013137740522585383	0.01249531069448887	0.012277568389148277	0.010979736271145488	0.012477083079196795	0.011321871554310314	0.012070162664818198	0.011146568356411259	0.013730787784640016	0.01290076198417253	0.013350066432680002	0.013537664072058508	0.013039356413339264	0.012180436890549843	0.013140537419148774	0.011546836213512626	0.012238026934511932	0.012900591193899517	0.012314248554769546	0.0125608634451836	0.012952824366265875	0.012691856048314338	0.011433281919551038	0.012129377499954989	0.012989609552236573	0.012381610053286952	0.011751662510188807	0.012320082780038702	0.013840059072627618	0.012616082540343371	0.011942431469188435	0.012217517386589286	0.013636647622958525	0.012148120918722449	0.013074847011116884	0.012363657684670033	0.013729281202456105	0.013003356907618877	0.01146394767943071	0.011882933468265489	0.013017439439674136	0.012842327140042074	0.011746686437164741	0.01130887684929943	0.012514884015469414	0.012385879487715967	0.013307987924682583	0.013314373089092548	0.011300336777767348	0.012374065529320594	0.014291377124114593	0.01274096206343796	0.012719117573524391	0.011332592809351989	0.012649324827170799	0.012723794517678345	0.011584409540834298	0.012994129246979813	0.01206933664394077	0.012986816587005871	0.01263067341913658	0.012714237490538974	0.011283953173942067	0.01327484392655319	0.012681195414457566	0.01134915519796241	0.01142938992065256	0.01310079468457023	0.013050847851705289	0.01207105953905967	0.012459604342391906	0.01309044242350662	0.014623524870279313	0.013710306323558281	0.013486170220060965	0.012724127792619468	0.012082569513896791	0.012393431105410685	0.012197463969857382	0.010766961214836019	0.011828991257658	0.012492864347308756	0.011874187949928363	0.011737620806750398	0.012724776533796283	0.011314578821935085	0.012949352359069799	0.012960456074378155	0.011462519653231829	0.014235894857277878	0.012913848758235768	0.01184781867093218	0.011620550611387597	0.013730327061303928	0.011718754743684685	0.013813194754855616	0.011548527023279617	0.01338318350079936	0.012997703121636475	0.012095751285348545	0.013408702648803051	0.0	0.011489076092088707	0.013081949953975875	0.011519261937282825	0.013943832829856458	0.012491049553579442	0.013262629138266693	0.012478565235494201	0.012228073855640209	0.013436597653868782	0.0129720161289467	0.01309121572208021	0.011701734140633444	0.01119813903860208	0.013487743606574218	0.011990112365038375	0.011911226210831485	0.012924536792002101	0.012393534513497222	0.011036056563602775	0.012711102729848052	0.012669134975357203	0.013415559556012839	0.013689482329828705	0.013894413466809325	0.012769051995863477	0.012871947670634192	0.010927988075513177	0.012966384867989102	0.012042342594787503	0.01325266683995127	0.013736128930689248	0.013697800787604256	0.013117370776569371	0.013166370249621579	0.012076919735356108	0.012709857611710276	0.012999439241329442	0.012507898871997668	0.013260002246715355	0.011723834730191784	0.011782310046297794	0.014459217130055477	0.012367628289210904	0.010903328699651412	0.012910320442013906	0.012064309413078978	0.013674078468392243	0.010053191619177093	0.01375277214757865	0.013614618004770207	0.013781186690796537	0.010302421150465181	0.012804428457760671	0.012795532336789024	0.011975019162960438	0.012758060749068172	0.013621860793326763	0.0121551751600748	0.013143105417584906	0.013510661535332624	0.009248041660807331	0.011631562461109784	0.012525346059295159	0.012813396403957521	0.011934671941387412	0.012757431477543404	0.013022329005824807	0.012049350574144359	0.013401193525165618	0.012267477803956315	0.012621705711340686	0.01306392922635533	0.012548836147759465	0.012268079769970937	0.012466169705712798	0.012003386650961158	0.013562670929184239	0.01147776577359243	0.014965098435785855	0.012875178588222725	0.012381148289309111	0.013702200712007128	0.012042289473763724	0.012279784224036082	0.011044992795822297	0.012493907375790276	0.012969978833634311	0.012500917021740571	0.010954235613601671	0.013197905946719254	0.01216819099456618	0.01441703327821673	0.012092645257148083	0.011870148391697652	0.012369420913576634	0.012810935998976314	0.01179198628903961	0.012912075370846219	0.012219113207094467	0.01210749067955808	0.01358537866169511	0.013289093015169083	0.014099404026059364	0.013506055664437655
mule	0.011529941587170037	0.013595064253090093	0.013052803273488834	0.012456893421113955	0.012352519528922972	0.01236449804173908	0.012582396756505075	0.013729429361586196	0.012564903843433506	0.012538728676324355	0.014298090991471654	0.012568750748606243	0.013511452933161295	0.013196077097483416	0.012600410526819423	0.012484281706893885	0.01342486192057169	0.01355520106019528	0.012710201870338871	0.012331061060925907	0.012874649061117788	0.012353127716714192	0.013359079313469418	0.012666438456214424	0.013496799515241544	0.01284212064158371	0.01396132405985157	0.013309042016462477	0.013349021637482236	0.012098889675397333	0.011989863261485116	0.013597860587492851	0.012752316935197421	0.013785419218799782	0.013824351889445204	0.013352882520999518	0.012722371891854697	0.011477528587854481	0.012367120316106366	0.010957709191710489	0.013106924554611366	0.01330795535028946	0.013877008418689803	0.012448814917482122	0.014200637200777822	0.014208808823791661	0.013608708094992532	0.012993709202970152	0.012176496141203275	0.012607725431801728	0.012249731104420701	0.013301513800483429	0.01242844456407536	0.01326602602074333	0.013302117496265949	0.013433730257618353	0.012223109556252672	0.012378897913088452	0.013590593448545114	0.013091876201332937	0.011593110011770092	0.013302281815383746	0.014194472628191235	0.012492971453038071	0.012690238949648618	0.012989510603292488	0.014256269726927171	0.01273186735322801	0.013099102838575905	0.013459156905360514	0.013388748081215072	0.012808383721570718	0.012574793114373348	0.012447325586201728	0.013172515177635603	0.013895699866857125	0.011789552726481183	0.011462563302864957	0.013030959667116654	0.0129542206968552	0.014124275393585219	0.013016549734016693	0.011889320724261125	0.012944795423887162	0.01391998544062648	0.012199985493692793	0.013332051296482093	0.011676393825198549	0.012756481976755649	0.013241815581817917	0.012490430337809522	0.013666588622754312	0.01316812954864756	0.01340693204227398	0.013113656019205566	0.01328391619191335	0.01236559457601988	0.013507867544926264	0.013082283754398771	0.012127323473510672	0.012301993321361646	0.013243953662563906	0.013333524584380635	0.012969823921683747	0.012546781698546353	0.012724995476897349	0.014138613759901837	0.014087527451984199	0.013555483981341548	0.012249105797160495	0.012700367107162502	0.013200468455519533	0.011604725036891495	0.011711274553753547	0.012114458635161226	0.012885221843868396	0.013185938363253524	0.013496785569721875	0.013332462926519508	0.01167193688974835	0.012798325613877469	0.013453559528769048	0.012443649320114096	0.013687914570262427	0.01315314636575907	0.011610208277455377	0.011895165399979353	0.013599415232499903	0.012517636340436657	0.012908631443221233	0.012413508098091011	0.013764946176311132	0.013451391992584502	0.012610239307315783	0.013615406620108676	0.011489076092088707	0.0	0.013726155552165801	0.011879021824373637	0.013823762201280948	0.013395571915420288	0.013503931597345581	0.013398640409029024	0.013229611860214683	0.01424652349880715	0.013338138318936887	0.013609107616666932	0.011847191891400705	0.012829837268265667	0.013008676243651335	0.01314240708734823	0.012293423238929407	0.012539925932996583	0.012064529083738085	0.011367490060190968	0.01306545949928468	0.013561168923009105	0.012821467768401556	0.012917679269921635	0.014030396811350616	0.01291522081759308	0.013067207783482472	0.011936041100085283	0.013524348817564676	0.012782945542985934	0.013016655754137425	0.013500547853757736	0.013116889440102563	0.01348876171499025	0.012386031009021305	0.012203530537073902	0.012980545759168514	0.01293114933353504	0.013452123203570816	0.012878337531253135	0.012884716976975526	0.011982455889005442	0.013688196316010752	0.01269363809066186	0.012428308989042805	0.012797987468623904	0.01300670347074756	0.013570540478316885	0.011893344590594214	0.012587567120808354	0.013535922057179286	0.013933755601115174	0.011631029197804463	0.013862358585304001	0.01203078808059814	0.012319710655508027	0.012997728487688782	0.013634547000706472	0.012844961493707629	0.013289493684623201	0.013471476372025382	0.011076470562970373	0.012082999465214175	0.012975868572160522	0.012299047357681316	0.013209713224672046	0.012774369022564746	0.013220471559635546	0.012629777885347172	0.01298185120949328	0.012478778095850396	0.012882444617812482	0.013604167042631635	0.01279741449241673	0.012034293899359673	0.012938262982391778	0.012487503276097272	0.014008562652652223	0.0121658793534496	0.014746719822344559	0.013302490901101837	0.012618505796842688	0.014138214473140034	0.01222480794725408	0.01290905857534918	0.011726509871197555	0.012983328187809152	0.013090089754585865	0.012335952977899406	0.012150505883733467	0.013714072405261213	0.011925712581529557	0.01436673009627981	0.012670388468351517	0.01292407324442915	0.01288807086752404	0.012652986453413126	0.011991555768433288	0.013180415142322124	0.013106788957817674	0.012538990785700178	0.01345943669709784	0.013824156975813436	0.013534738107626752	0.013548913325667775
newt	0.013076352377553144	0.01343656065504967	0.012729093061780382	0.012851685909950202	0.01232590800811666	0.01380129315005712	0.01245186494407854	0.01303165536002021	0.013534360684082316	0.01256319581958048	0.01110916420579825	0.013414421556538977	0.012536001586423538	0.013713186331748877	0.013038124801098762	0.012557800222582308	0.013203396232965847	0.01270595584597715	0.011157749593104657	0.01384685937897244	0.011820563429390116	0.01399582246567364	0.013156474910317238	0.014012980415442154	0.012400700845475754	0.012507351925390193	0.012706857586958935	0.01303866138058406	0.013373111878939001	0.013247553430320873	0.01209297941016747	0.014464541277975855	0.013239430999156027	0.013286275186405645	0.011147391384915627	0.012203245117590723	0.013370483025464903	0.0128639983242666	0.013617652512851425	0.013459608136291124	0.012771393512797515	0.013567777422616823	0.011037878781882747	0.0119349075025799	0.01036532893743008	0.010180928019214006	0.01357164140904462	0.011983860379800215	0.01303196724791851	0.01258349625810695	0.013309847328777151	0.013702545566722919	0.012608692341491465	0.012802321702391505	0.012217675098889068	0.011548555475266993	0.012907702827299805	0.013298077193581913	0.013957573725546386	0.012853516739843963	0.013636043730795366	0.01266191475164405	0.0124082210416906	0.011759623353973132	0.013157555729884503	0.013791543811485889	0.0127177652691588	0.013324499054358882	0.012076306464789511	0.011594376815037354	0.013554612510421709	0.014224108558857257	0.013325902489601093	0.012944659474647567	0.010462385331630969	0.011943334936683855	0.013384932469707874	0.013428969153164312	0.013586755457727879	0.012292569148503003	0.013778697664418402	0.013022233281733192	0.01381482247887815	0.011950522572769223	0.013512268198172035	0.01296123609068795	0.01270712290889721	0.012347323623244796	0.014080729582130302	0.011494702541632545	0.013261161088742668	0.011741883745466248	0.013390005762059636	0.012785436520928619	0.012119572939021817	0.012728745231707044	0.013191681193420459	0.012116599159525556	0.013774647253736692	0.013676297935597636	0.012212711160202292	0.012107051904432302	0.01257482675452241	0.013555893996047862	0.012713496884408752	0.013005791789517081	0.013537078801128213	0.014089528519830632	0.012155654973171224	0.012101839749139897	0.01258177791884017	0.012628297957802077	0.012615753409479725	0.013329269065014413	0.012225543460961807	0.014300737587474585	0.012738509594924285	0.014415975254328674	0.011325444921319863	0.01326977896111824	0.012081428361251567	0.01330398360101994	0.012635517140647258	0.014514684323375682	0.01332650345546668	0.01334581993637027	0.012831040227053796	0.013021613665011636	0.013462065208224431	0.013856813247909326	0.012568254345404935	0.012361101337032481	0.01160824252958128	0.012536519041668564	0.013231625230627098	0.013081949953975875	0.013726155552165801	0.0	0.013519331161146677	0.01398386833687626	0.012224179116397949	0.011479802185145174	0.012078224674976053	0.012016666316254287	0.01316237624894437	0.01260463768832311	0.01240198615165399	0.013068667416964356	0.013399467393164093	0.013437348518624818	0.013504738454452275	0.01236447865402555	0.012952841750629978	0.013972542351767625	0.012252035002080648	0.01200154824132994	0.01339957529358214	0.013083874790567772	0.01285014334518387	0.012822728403246135	0.013191712381861634	0.012793241161181343	0.012976818171724747	0.012921642470636888	0.010769350842025693	0.01317917653907531	0.01172386243627076	0.01355932526578148	0.013095222012626053	0.013034762804757965	0.011715614948274668	0.013626810975225645	0.01313779634123869	0.013765173805881476	0.013673682711966291	0.012577979352828039	0.013273002011515983	0.012472881713313582	0.012045253618267264	0.013188123594514121	0.012676092427562964	0.01182674860984877	0.012939308785544662	0.012807067021333423	0.013731537878798722	0.013116754212471736	0.013382757406186467	0.01350390626313035	0.011679208119782172	0.01259398923927741	0.010674957875935857	0.01360563089879272	0.014020171042242114	0.013498054908421096	0.013580647580440133	0.012076926336151744	0.013506731880606526	0.012031539429985017	0.012761916452857715	0.012217667401234793	0.012895435136545598	0.012877508622187285	0.01231404195643752	0.013164518024763608	0.012869908926708468	0.012499937819215741	0.012319450667361155	0.013196423059308168	0.013175158709535728	0.013311167722952391	0.01182310311583812	0.012446887051240528	0.013019980936149377	0.012373519431901453	0.0132516688814109	0.0122579466429024	0.012555480116405065	0.012659744465136296	0.012940072283880713	0.014590482587759926	0.012468010467702207	0.013751137633989859	0.011680403553748952	0.012644751075025946	0.013963866641897762	0.012150380250498567	0.01329925607948456	0.014434070667462528	0.011777895938001746	0.013871237439189159	0.012334527208500605	0.013043935637288194	0.013126375053556913	0.012508159820612836	0.013942534369298643	0.012675168980462172	0.013094720486335632	0.012725518507409763	0.013041435273673263	0.013582914950784303
nightingale	0.010289248872435618	0.01337035615131227	0.01276418165262615	0.013157557725757375	0.012394099842921004	0.013064165122810894	0.011447454004940072	0.013510536844371073	0.013240273025640424	0.011892841935125367	0.014068378264966801	0.012146180466076023	0.012759126714420135	0.012987749783026166	0.012001516927747672	0.010719852330026107	0.013481568888414794	0.013439241057237945	0.011616909409097178	0.012092992174338481	0.012482501994519694	0.013128152553831129	0.01325937531100233	0.013470376442364485	0.012188257596249467	0.013034490353477821	0.012679947353656571	0.012146546155171	0.013029993845475298	0.011989253496780084	0.011468994530949518	0.013567649389528934	0.013376289435655388	0.013908206611961722	0.012080129792714122	0.012987640951323076	0.012731280233309574	0.01260036244509423	0.012054891948532145	0.012115600533562558	0.013389865692255119	0.012682661321327565	0.012380051590302435	0.012644635860879359	0.012724244385874288	0.012907692315466967	0.012543562797555757	0.012542818406522155	0.012105725505883947	0.01224271709104777	0.012378474854544429	0.013345920275150126	0.01275085439623392	0.012650615268230414	0.01247340950875576	0.012201570600109403	0.012330993253737633	0.011742188879032927	0.011935320937292606	0.012801338358024232	0.01159510215808476	0.012055719185484879	0.013355147621977304	0.012610423497039936	0.012035585574645506	0.013478802958866429	0.013358053602432784	0.011799049866222718	0.012530275624009667	0.01233136635568097	0.012677851627755959	0.013110911559353556	0.010963719208951023	0.013054756606143041	0.0125299676335527	0.01183473845835756	0.010359191888580345	0.011518456906294106	0.01278357681232566	0.011620099371714458	0.014029912177553562	0.012552785174490351	0.012942822538044123	0.012573577939375387	0.01354725462491082	0.012327534764018117	0.012648929855250474	0.011689929079731026	0.012603627210798668	0.011457236848949903	0.012074316458324725	0.012766015747207028	0.013051167689554038	0.013130049248297646	0.012378509207320532	0.012796332561446697	0.012274179830590941	0.012770507639641455	0.013124520707983511	0.01290912552097815	0.010871475916308677	0.012356143003463115	0.012144991794794118	0.013306686520306048	0.01211082521311899	0.01215407203739201	0.014387983744016834	0.013618329218357872	0.01395102572628701	0.012778943843067126	0.013003277564368067	0.011349724756121402	0.012379652451936542	0.012002124215845653	0.011349911820254773	0.012777356170922499	0.012188291575044424	0.013358965735662188	0.012759784802323306	0.012330202163765697	0.012276703308636836	0.012116828223384155	0.012327548682296359	0.014504955099501402	0.013039890473816491	0.012376911529012548	0.009820650134247755	0.013819361583451175	0.011527211203674025	0.013068976286036817	0.01116773902487167	0.013284719031943663	0.012635757373240946	0.011515614234732942	0.013054041125954796	0.011519261937282825	0.011879021824373637	0.013519331161146677	5.960464477539063e-10	0.01374176995076993	0.013382688956084405	0.012899296345243404	0.012502891314176826	0.012763680910327231	0.012823701430774154	0.011396300581978037	0.012538617513277894	0.011808531386307941	0.012682627584128863	0.01277740107339292	0.012879422278844262	0.01176054037877726	0.0127222434126006	0.012380826299694897	0.011096974303327328	0.012317623285303208	0.012494247480905971	0.012732354673395478	0.012789942107186305	0.013867301356383564	0.012061470554299267	0.011632348408800902	0.011900489978488069	0.012244395352570105	0.011291135066583136	0.012795218229192473	0.011847779947873336	0.012544546615075768	0.012907472667671933	0.013200231643738203	0.011937869942727174	0.012903977976193718	0.012726599789238215	0.013896742194072274	0.012505188519863557	0.01111653361124359	0.011406481471638731	0.014200109968757632	0.012288776360680704	0.012301339918850828	0.011981838099896537	0.012307033567119596	0.014824595368751657	0.011777220406152013	0.013350481483230838	0.012527705492164882	0.01348340904143336	0.011496514064948815	0.011885529819521729	0.012329615574498251	0.010608379766867338	0.01316777279935167	0.013218041838713725	0.011908535695188507	0.012144791619620352	0.0134487212216396	0.011640072469451123	0.011289197090188526	0.012531084409976044	0.01080570413320932	0.013033701709715786	0.012371001111718564	0.013616135384914605	0.01200720032781142	0.013281194445747149	0.012651287646187765	0.011962832314486437	0.013133736333953407	0.012875943970221229	0.01234701705327627	0.011779024015417559	0.012178011023421118	0.012685110177861596	0.011542563036710203	0.014384219504924167	0.012858080871591251	0.012445323070147628	0.013594765092747102	0.010444736815971491	0.01306467984450859	0.010314152877700149	0.01241048341029277	0.012607861560870322	0.01140142364957106	0.011723095378523929	0.013171215617342769	0.01143191090927471	0.014177288816197635	0.011241964199030306	0.013719511432570828	0.01173154228915228	0.013230425514790988	0.012018933511498147	0.012887051061217401	0.01316388886743812	0.012611144457146126	0.013232575785067811	0.012481356845674885	0.01369477270831427	0.013693205935898692
nuthatch	0.013571309037539319	0.014273201831972443	0.012176697043240016	0.013967444822365617	0.012415285223425195	0.013076450988384931	0.013222873722267485	0.013144729493387899	0.013481919863144749	0.012504135245425992	0.01471871967120205	0.013323900616900097	0.012859127780145623	0.013947365670937533	0.011736644211133705	0.013789218850889224	0.013149999689892975	0.01370106489022439	0.01295713553481703	0.013124237529907485	0.013011781685325442	0.012957462909004283	0.013362920297083547	0.01389189074919063	0.013579847480050396	0.013332150725327114	0.013786386154944676	0.012539547504121723	0.014179093110624874	0.013277349434670247	0.012757946270851998	0.013384870142448132	0.013264839897760852	0.012731536715576619	0.012883713529601836	0.013397331434039629	0.013177048313300998	0.013560914303850861	0.012995879196350292	0.013667428755079076	0.01346831285331461	0.013511252040921183	0.013638509716782012	0.013794319881576924	0.01394935712741624	0.014114365830600543	0.013111635790782304	0.013237381034634366	0.013389298334473927	0.012809121525197687	0.013154919388032878	0.012865644426653776	0.012640576066038309	0.013183892654291903	0.012470880190251254	0.013618407104849371	0.013509926144999589	0.012911518121073488	0.01283630695345908	0.013723444699821556	0.012731476072842413	0.012822186188031336	0.013270893567633203	0.013264776696178537	0.01308691523647586	0.013610942248187397	0.013486222323865813	0.012905754786695449	0.012671394777638258	0.013596475004499778	0.013531407661443446	0.012330610349987406	0.013926244160881215	0.013658516423323008	0.013148351297426699	0.01342353969676422	0.013513461063614557	0.01370433074638401	0.012852871696237214	0.01310291860827262	0.013021711788901222	0.012172628742970364	0.014072606734474075	0.013615660436046863	0.013018929476359718	0.012145899514769602	0.012613756089409072	0.013472679698101517	0.01341746681425009	0.013348102126525103	0.01306473812758211	0.013259881150764423	0.013587380836338057	0.013714670112834438	0.012158501912907746	0.012900626479652344	0.013393033036513574	0.013550950849032429	0.013560718573118222	0.013484498900059953	0.013172158993474292	0.013189610335668052	0.013086981719339244	0.01377765193619267	0.012714529394845568	0.01277293657924722	0.013852545259675999	0.01315765154959797	0.013237454450681198	0.014038081626309202	0.012538420187993192	0.01349611908674095	0.013730513366828396	0.013497679729909047	0.012952567168867694	0.013275461647398465	0.01364300740421326	0.014329732343345258	0.01312322469786114	0.013755546811070043	0.01190047199259245	0.013234883961976862	0.012778338945898466	0.014723885476513859	0.012371133161896026	0.013172812784356383	0.014310061134396828	0.013482310503600709	0.012833976285323423	0.011230517732839049	0.013512093274320713	0.013978768250123803	0.013222790267231341	0.013420132654491303	0.013236750393814986	0.013943832829856458	0.013823762201280948	0.01398386833687626	0.01374176995076993	0.0	0.013127723694137658	0.012765967079440247	0.013326485418547083	0.01283128163721301	0.013592811478425042	0.012991033298477433	0.013580056176473308	0.01337770465058066	0.013349512413702962	0.013302706649472333	0.013753836534261606	0.013303422702744951	0.013231601699535632	0.012937320632446429	0.013343891571902126	0.012572422503632903	0.013315630181663912	0.01242496798399103	0.013112751526797481	0.014226548321785682	0.013390185680265424	0.013335948479371309	0.013084829256494498	0.013937384384502793	0.013676427328253391	0.01303326000001213	0.013082511469619449	0.013443450421995169	0.013541947707604965	0.01302679068635657	0.013532888583695897	0.013670447946031982	0.013486077530366125	0.013543411306001563	0.01171718179207128	0.013463789245570236	0.01359546624862128	0.014176824227461676	0.01309472900095925	0.013233824460499142	0.013412678437798278	0.01254888145502863	0.014588616910612535	0.014244022263185859	0.013765196250573106	0.013696293750151845	0.013301143202168903	0.013430229856816047	0.014345068636091434	0.013256603018977058	0.013742970124996817	0.011596369774989932	0.013104498086456688	0.013288522279665687	0.014078364407322703	0.014063429586662067	0.014323352681450154	0.013519477607229245	0.012960327753518413	0.013401713721800884	0.01239636256256087	0.013532919351071775	0.013316676222685193	0.013772716226938556	0.01313625892384248	0.012972218667258778	0.01294895955906954	0.013637928218082072	0.013772731604638842	0.01326334058999558	0.012183190863059315	0.012858998530087418	0.013687123390665534	0.013298211561690268	0.01480136417508513	0.012188810653972424	0.013814172470767992	0.013453526826449617	0.01385245934314892	0.012978175515373785	0.013755719386232301	0.013196843586526806	0.013621814815758033	0.013352887961789154	0.014277750492390289	0.013241647784074368	0.013534326379186019	0.01323810436717172	0.013502521413823158	0.013360270101023268	0.013267097054363472	0.014087245032575146	0.01367752812699311	0.013274769449737527	0.013148111851653772	0.012668422589748665	0.013411753774669249	0.013332126352832678	0.013545238945488132	0.013035863561504123
nymph	0.013009442514020022	0.013598618189659803	0.012206934481639014	0.012194727065012161	0.01167975963714709	0.012622479042139933	0.011888212121859592	0.012142899520131159	0.0126084401773792	0.011939583839652091	0.012831328443694395	0.012488568604840109	0.013540289093959969	0.012984427437065486	0.011779595662618603	0.012597375808177632	0.011971194517675926	0.01302006129392625	0.012582740059853704	0.01317854983776865	0.00884959024190823	0.013495724740107845	0.011752687251558586	0.013698564069592236	0.012599446317409524	0.012670945763820482	0.012258850367570568	0.012923990755714949	0.01314794667901756	0.012759589216698558	0.012725919154614705	0.01321855481450881	0.012463481148246422	0.013349738230120296	0.012764089108930517	0.012711119637920675	0.012387823526764421	0.012715115852119754	0.013187990188474972	0.011342781702054749	0.012695394114263913	0.013401537900385518	0.012917182363722064	0.01269306175983263	0.012751035122482775	0.01303558294820572	0.012793702503962088	0.01057165394975587	0.013277550914353902	0.010971618347949822	0.012939686576519055	0.012138714949017207	0.010965917969164758	0.011484240788519128	0.012257950615785839	0.012154956770915588	0.012555287139629912	0.01317340618342651	0.013457457968596211	0.012405023130205774	0.01312022115268568	0.010571970842579255	0.012859730559619406	0.01240721550909963	0.012173812527071018	0.011927972088408822	0.012347611742714967	0.012076301731776097	0.011717166047387035	0.013055407028658367	0.01293632552790523	0.013389517697531838	0.013155901778596202	0.01238984527570226	0.012487191109513273	0.013308717467061956	0.013587330741656531	0.013717564515057694	0.012510583787799519	0.012044348480400867	0.01357628290505984	0.0111464253487343	0.012511682903140357	0.012798598618934242	0.014491302707554016	0.012156572381790139	0.012056952376626757	0.01010539828722592	0.013612577688373595	0.013064013035231881	0.012572408769798442	0.012891506955877112	0.012661316318455356	0.013340184996543663	0.011494168327437082	0.011843554754507928	0.01214765641177614	0.013279077799703474	0.013183797933342763	0.01270313381804553	0.011814380983503793	0.012945611057163985	0.01233401614017829	0.012834247080385608	0.01192094001154176	0.013237850928057536	0.013790147781458689	0.013653294094605386	0.011835100660646627	0.012183415944050657	0.010721458719849782	0.01270988462860208	0.01211128748440493	0.012096614702769523	0.011113779587536761	0.01313003288788106	0.012307750050729484	0.013436746674196347	0.011906509547591895	0.010301841533601301	0.012600633577686694	0.01327448437786618	0.011756711825877373	0.014516411340832657	0.012542273359003183	0.010602480773892026	0.013698764064099825	0.013530660829434377	0.012905674322569626	0.013239146224261195	0.012943426783159837	0.01364629855094311	0.010006111721696858	0.011957117785530259	0.012301262126869888	0.012491049553579442	0.013395571915420288	0.012224179116397949	0.013382688956084405	0.013127723694137658	0.0	0.010994183679309903	0.012719269983163481	0.009978488852427263	0.013258170772436127	0.012761629313955853	0.012369626242559573	0.012154612633787878	0.01214375477738579	0.013682454350897107	0.011938858407917202	0.012186058329544306	0.013323363614467804	0.013587739510014239	0.01209880077794636	0.012288779233445714	0.012883942709332375	0.011920034681901876	0.012568945728225044	0.013239692353610655	0.012413329010214384	0.012406461567331072	0.011115099904189374	0.01315670043051175	0.012838732733861866	0.013534262874039122	0.013604797270822741	0.012449035503913852	0.012514141813679724	0.012765747387008284	0.011241248602442123	0.012929224873818297	0.012784540488654773	0.013306962177192556	0.012383403698124507	0.012233387847482213	0.012435278793386859	0.0133930177858965	0.012491251135687387	0.012595630110465519	0.01145134398119913	0.010497011679182615	0.013534021381020372	0.01168632223048277	0.01358388121898983	0.012383775836449213	0.013576489157816153	0.012148292953185438	0.012833672826020985	0.01167266172715953	0.012788924518818766	0.012041229500504791	0.013269321157509395	0.013346212830058874	0.01422494325087446	0.012802091229565785	0.012379477908471801	0.011386048727575879	0.013107294973203443	0.012876876188828918	0.01259337675091759	0.011237176848598715	0.01078095220264557	0.01325809908293668	0.011108454268200608	0.01155817717183819	0.012395627358178014	0.013311731047628632	0.01202954872684421	0.012734286259306258	0.011320146509730157	0.011076613587756854	0.012529404767266095	0.011677040592952779	0.01308673492254801	0.011431541749863083	0.0133547888668719	0.014028716769281973	0.013590464569930983	0.012238445794579547	0.012670997629635644	0.012796729115353369	0.012194729831882564	0.013046905800189405	0.013175055993493646	0.010159819946117934	0.013126505711440441	0.01348187755374191	0.012244434474188493	0.013385889519825198	0.011974933058549459	0.011611270368223882	0.013647055076868832	0.012559274626817676	0.013416334198951774	0.011330566462775719	0.013025695780254299	0.01124180000684375	0.012921977294069393	0.012998549975149744
octopus	0.012336846146726158	0.01365335634911299	0.011871570810526534	0.013079158906410123	0.011774932424179652	0.012339108944020192	0.011972922401585082	0.012492590674149767	0.012836336839608269	0.01234371912846426	0.012595274487016007	0.013545123299520314	0.012668434537206601	0.013334524707293205	0.011122078959900212	0.012184398200932317	0.01208556851533263	0.012847521684836221	0.012513106443345377	0.01349956555702827	0.010721914474627267	0.013869279688705563	0.012601383333333254	0.013323370897900089	0.011474978953703798	0.013724220487462309	0.012114253892393763	0.012818753877305236	0.013486576802650694	0.01327884732128164	0.012412492992419796	0.012752929781323889	0.012879768549265157	0.012715446896438325	0.011431801594537366	0.012149648949300535	0.012453201899539204	0.013005185672396107	0.013043499790412326	0.012296774278532962	0.012806256227272706	0.01308754082606673	0.012906110575838887	0.012721944331337174	0.011520153317462964	0.011955938118956004	0.012807693224294788	0.011244488300448488	0.013210136142470656	0.012373529221335888	0.012793622418450841	0.01164419282492489	0.011545715604471771	0.011737518115858128	0.011461849594862607	0.011679939586220118	0.013182474504614149	0.013037913549455958	0.012307896891362968	0.01303468151830264	0.01292008807449014	0.01146301302545934	0.01202250374527929	0.012189424700210649	0.012072298782502362	0.01228771270380839	0.012419433447578761	0.012253473953960198	0.011235383446238529	0.012290920936717284	0.01289562446501006	0.012340001434122592	0.013199780334902092	0.012782382240624272	0.011670664221738706	0.01250307499195491	0.013239389321908754	0.013596469607639126	0.011749813973841507	0.011668286650948935	0.013697449424190817	0.010691436426687979	0.013139120320364182	0.012228504026318844	0.013368722043815184	0.01173606243342688	0.012090861398464709	0.01192608742075297	0.014081148111819663	0.011423848890510182	0.013071141698650797	0.011668067132737284	0.013518314843936039	0.013007705074286238	0.012077229612370415	0.012103488947629797	0.012949887481179931	0.012929747793393226	0.013855565918243752	0.012814099613955673	0.011783092813371955	0.01216158908715651	0.012017855079559886	0.013044668549873833	0.012018351207441928	0.011521445139826504	0.013453975732249072	0.012706975371786913	0.011298362338519878	0.012595737667271789	0.011465949816885857	0.011681862799234093	0.013074513910339416	0.012928256040937136	0.01112069878545791	0.012919878990465459	0.012666903761035811	0.013631131790907223	0.011356641013592308	0.01305328600055914	0.011886706846776583	0.012518566721982703	0.012137314836521402	0.014256961744139002	0.011574305546978698	0.012628958255676804	0.013111700773640059	0.012352816265754464	0.011751636423100242	0.012206551130820231	0.013117419211083878	0.011080506168047897	0.010745475638036546	0.012133754078876761	0.012514259876467893	0.013262629138266693	0.013503931597345581	0.011479802185145174	0.012899296345243404	0.012765967079440247	0.010994183679309903	0.0	0.011829953567460312	0.009899002319766745	0.012750291312235804	0.012078330700029167	0.010954318367749526	0.012820384611065999	0.013526458881580572	0.013798481570067588	0.012666480017625388	0.012437622938949683	0.013489316062649344	0.013095592143032074	0.012636747335258254	0.012034795889852503	0.012013348972908358	0.011187832483334876	0.011881347253803989	0.012789992024533419	0.01286005038287003	0.012273104628750791	0.01211933193490269	0.01264601882729935	0.012232062041249906	0.012326197823721088	0.012388446164277525	0.012620699457534398	0.011702362724718753	0.01300497249576893	0.011902979270131488	0.013414585257164635	0.013506688668273197	0.01288532338369934	0.011998317573414696	0.01224094157443138	0.01231146625879743	0.013429306590242622	0.01196667245875404	0.01211001536915656	0.011647613600884246	0.010667144314419346	0.014216356352039656	0.013208447828263328	0.01365830118132177	0.012093454594493989	0.014092658995242608	0.013370695481638366	0.012484834425749358	0.012275571197176965	0.01166470109238517	0.011447181341373418	0.012550100851288146	0.012663164220176819	0.01350120034638802	0.012174138720544514	0.013404549985527845	0.011669063334239359	0.01335260907778772	0.012575603414884222	0.012741775367437503	0.012525894847734262	0.011595123325534116	0.013815484574559238	0.012363293548360072	0.012241897362268397	0.012797787880929432	0.013330382547727549	0.0124422950132727	0.013079929864234875	0.011321097499019338	0.010885947404904995	0.012269380401089373	0.012288227748214926	0.013428411172148071	0.010455210430519633	0.013339870564825582	0.013495418498359833	0.01301854709315412	0.013221211384036449	0.012763671841194363	0.012986776268009538	0.012073347407531238	0.012263750932940179	0.013352181297156403	0.011503886819590905	0.013126729005951455	0.013847348504240313	0.01143603283384071	0.013466245389181343	0.011511778700473955	0.012910562906235682	0.01365837480256294	0.012036971501065126	0.012273068205969033	0.01192595548749875	0.013298299512744345	0.011967956321456924	0.012783726223945984	0.0119467395210191
okapi	0.012643709983386603	0.013549714366042933	0.012767849997059077	0.013020139696276991	0.011658843413561	0.013233903913261949	0.011151987108990437	0.013160129030656111	0.012795244494358333	0.011720246385199772	0.013384282262956187	0.013683668866143956	0.01293741526967015	0.012768103683554905	0.012602780551197464	0.01262534622270997	0.0128858223548427	0.013396193811855375	0.011055082262630765	0.013518977032005797	0.011967967020077361	0.01363649457652814	0.0124236076710804	0.013582265971972991	0.012396898097143127	0.01336356112858504	0.012461938467587776	0.01322552674140962	0.013447524286322437	0.012894339145198936	0.011644648187963338	0.013945182379634689	0.012757286215282167	0.013997554440101458	0.01134657310669402	0.012570445058794778	0.012202739755081769	0.013108318208477063	0.01352920750553278	0.012593668436496534	0.013126252870724754	0.013516907419450276	0.012349066204956363	0.012959771588882917	0.011651015603551737	0.01210511500873574	0.01289301304379999	0.011091438176678197	0.012626786509632362	0.012630402902387148	0.013161014008399061	0.012922744493150388	0.011352744861960832	0.011927627908620451	0.011855490056781706	0.012169627533438768	0.013251609867518353	0.012554302209776678	0.013490251781180287	0.013075590571081533	0.013184027848192097	0.01225569362679581	0.012949026753825602	0.01203112488179454	0.012694008237618775	0.012757025079587822	0.01328213121589556	0.012145527381488797	0.01178269315162049	0.012283573884053524	0.013940940738564778	0.013603760367123659	0.0129988839718587	0.012839152064872975	0.011565919330437617	0.012173219261370067	0.013655262299509972	0.013012027747618607	0.011962863580701087	0.011854945036392004	0.01404260834632751	0.012854235423786442	0.013572786479787073	0.013303379408464837	0.013866413741405006	0.012350618860524121	0.012739757835255518	0.012546503511037478	0.013326959398027251	0.011874873359481439	0.01262780662420717	0.011065937987925482	0.01346370955529845	0.012708839146865325	0.012304026937537628	0.012608032724284696	0.012775971267507368	0.013340865075229509	0.013609316283001221	0.012635251525943808	0.011926766257145447	0.012787422325165864	0.010658774034873537	0.013348536103007813	0.012426314762713496	0.013275358384589793	0.014582388143482054	0.013854205222903116	0.012229888377851977	0.01184876075525028	0.011720920256117434	0.012428441214338561	0.012874288333188823	0.012708544993108228	0.011593187138822592	0.013298137462593911	0.012443881146181082	0.013590172753442337	0.01155796521548334	0.013423846844518212	0.012203119327944333	0.013069299121270464	0.01212517893839088	0.014300132404259975	0.013022189328516603	0.013396933580347966	0.012658939605051059	0.013477256831139244	0.013377784020864626	0.013310574626687825	0.013218287662847905	0.013146889191423851	0.011496089135868953	0.011516473666785145	0.012796496775789092	0.012478565235494201	0.013398640409029024	0.012078224674976053	0.012502891314176826	0.013326485418547083	0.012719269983163481	0.011829953567460312	0.0	0.01209723649001787	0.013405972141012483	0.01240102821798125	0.013815692708538803	0.013056674810589051	0.012998845628901065	0.013823425908917567	0.012894846838754841	0.012429271632275262	0.01364546639052122	0.013695215736748801	0.012126451306631217	0.011436541619194097	0.012820666708472516	0.012858507475452736	0.012561299095556559	0.01347576909249084	0.012826047000849144	0.011997864457795071	0.01217874892913792	0.012533127172725242	0.010479237453879131	0.01306190395518675	0.012237707835741653	0.01268686678941658	0.012844390393519705	0.013605137383203876	0.01187792940386795	0.013842722419887677	0.013617271930374932	0.013658370063839876	0.01280842441419102	0.011952547872942127	0.01265088786553569	0.013629486217078015	0.012354730007437753	0.012855482963942635	0.012219164034421214	0.011022841518285009	0.01400975713648483	0.013004327103153192	0.014468705348497795	0.012826964962060379	0.01371134878433989	0.012999884832604846	0.012364398437920232	0.011391735300225985	0.0106765398665238	0.012978682997347559	0.013715338671859225	0.012391971871804469	0.012634150027551463	0.01305573497766163	0.012959332132993617	0.011617271863413053	0.011733749648367526	0.012294210913827975	0.012701305147791947	0.01287297047798144	0.012193075224315836	0.013886295090267405	0.012263637094373083	0.01204889926630509	0.012106228379812156	0.014408549793301605	0.013713969214662447	0.013184167347134483	0.011728316170501251	0.011964365619148997	0.012767917720865616	0.011698061157046014	0.01420435022528868	0.012336032461141216	0.012926836037410919	0.014043514339230696	0.012753629069604255	0.013970244506586236	0.012962094358009643	0.01307483518606858	0.012898452201286428	0.0122694703943695	0.012936716789089808	0.012136198355842242	0.013055787149309182	0.014622569047055597	0.011947139483642247	0.013544748444050314	0.012665301368626926	0.012894909194418722	0.01343501278657904	0.012844204290285204	0.012624153975840952	0.012012827598635376	0.013920776827891898	0.012721495257379818	0.01320387466123416	0.013338125604934305
ostrich	0.011903218889831795	0.013197916869800047	0.011699940025132026	0.012554172493118585	0.011573425821438256	0.012604918982998124	0.011329097154977914	0.012400346427583708	0.012142836476550845	0.01190280463211389	0.013024495937305229	0.013148903425642528	0.013132502032890216	0.013427928000145284	0.010990726544246805	0.011966259425447283	0.01233365297820608	0.013491803217936854	0.012591292876609834	0.013256991358536342	0.010000325635873199	0.0137437423071523	0.012022762366083524	0.013245901464531123	0.011898772787144563	0.01270474372951879	0.012031575501504285	0.012398197702762643	0.013455049537311808	0.012830474648057963	0.012053952481205272	0.013157539829510982	0.01275238136586241	0.012324961250030811	0.011861034963071908	0.012246370900445122	0.011952989552300284	0.012470649107835484	0.013116647017346857	0.01150876928182746	0.012236795657710218	0.013002525786192336	0.012857629425089627	0.012747488531729786	0.011992030813955975	0.012973465462734373	0.011952386161396891	0.010732904696551098	0.013048640246596289	0.011753330125580594	0.01290315523508202	0.011931650918673087	0.010699022165696346	0.01131472466919021	0.011684954329245784	0.011792486516871772	0.012317400959512979	0.01246520600049903	0.013154407627342388	0.012421624904554745	0.013127648021325504	0.01061508826186716	0.012295775648287996	0.011751127574458566	0.01229250378634935	0.011826570488447293	0.012690681092914071	0.011981748434022327	0.011067810018722502	0.01249735411646763	0.013071301837127325	0.012916198067651843	0.01269547812348935	0.012265444163892423	0.01210774898383769	0.01267671924929078	0.013188759774152318	0.012958548716990514	0.012697862104610292	0.010974071349552326	0.013544110333960201	0.010874593321328539	0.01327200395210196	0.012281406052383606	0.013765295398019428	0.011363499124487596	0.011536648378297177	0.011389816522550715	0.013127437769254218	0.012213428405934597	0.012209329479500033	0.012159799524425294	0.013420871818150472	0.011974250250106021	0.011139872316731046	0.011479619365502356	0.01250715798424058	0.013580473578029526	0.012972444016914829	0.012839261934851054	0.010912198038324545	0.012746273218669852	0.01205285476044073	0.012693628428045414	0.011156341731065667	0.012058680648712294	0.013016252964134119	0.012776546345459137	0.012226965295357849	0.01165450528226707	0.010804867203559556	0.011317110744376371	0.012088831085051679	0.011897552570511455	0.010709277430977812	0.013432473848957014	0.012461481322044315	0.01335519515787293	0.01135598606625946	0.011970858268325342	0.012293676446439184	0.013060161380382275	0.012609227411573387	0.014278707676278977	0.011628312507600769	0.011650412525111476	0.012941575365894157	0.013488463697534212	0.011577853426855007	0.01301451000405961	0.012671734306737776	0.01170909870485816	0.011060335823434296	0.011474793446345671	0.01130262066540179	0.012228073855640209	0.013229611860214683	0.012016666316254287	0.012763680910327231	0.01283128163721301	0.009978488852427263	0.009899002319766745	0.01209723649001787	5.960464477539063e-10	0.012765239160874995	0.011764272261991593	0.010421679392754441	0.012070408976364038	0.01270435963093229	0.01350327659727917	0.012498617277104114	0.01213560305288764	0.013542839710574127	0.013431647008114838	0.01183449418561884	0.0120229154921011	0.012253723237282193	0.011013495665556159	0.012089782357114507	0.013060263075067729	0.012617837507319173	0.012012464508405311	0.011697276131849224	0.012753928306140921	0.01218525238716815	0.013058880537439381	0.012643335403799947	0.01253968060621225	0.011842561388018804	0.01271431195687319	0.011188114463069429	0.012965640676583495	0.012744351470348365	0.013490473951912451	0.011649478826480179	0.01205877524406269	0.012621502266535124	0.013189213743167177	0.012194638525075203	0.01195325035899938	0.011022856224679524	0.010123646266928566	0.013750900191345526	0.012084049636880655	0.014237049719872809	0.012106219087793975	0.013490846119029174	0.012151966581758433	0.012339228163246587	0.011570679414810629	0.012051239335042702	0.0114292105810584	0.01291119139096057	0.012665771188446369	0.0130453831324679	0.012358788622428552	0.012602531551353062	0.011393745085692542	0.012895507609920304	0.012690341380914778	0.012261367031777805	0.01213905048918721	0.011859146201544237	0.01333069634223523	0.011678433410810598	0.01159284076840803	0.012275328313239795	0.013190780971785731	0.012743518332873413	0.012822782923801063	0.010900839871933072	0.010853424619893725	0.012253787702166832	0.01188572157598527	0.01338876096047079	0.01110062459679004	0.012857271405071306	0.013444312933956397	0.012784067346690998	0.01320487395969751	0.01219880894374442	0.012606428046571347	0.012559050841567578	0.012473978994269087	0.01318148909161027	0.0117513436281045	0.012782111012413349	0.014032839331919926	0.011249214199134305	0.013960011492849034	0.011453672079032782	0.01279641373386089	0.013316858877812738	0.011733650191847916	0.013060985033297143	0.011325872321555923	0.012818415450418414	0.011928619004974262	0.012531792186344455	0.012262512221024226
otter	0.012915195454661682	0.010776682673799397	0.01251911492863676	0.013727825792487158	0.012775434814265976	0.01347082506256337	0.0135742853503124	0.012584542205674143	0.013490746793912305	0.01340464204217944	0.014057463826615112	0.014187773808072431	0.013308561083141456	0.012922791645121801	0.012952930295806256	0.013299613133539369	0.013178656100900556	0.01341260978653967	0.013695789782089214	0.013978580742851566	0.013485306521974487	0.014047446817279471	0.01282894841298306	0.014055197955946619	0.010912068929216857	0.013407442329441294	0.013291346270038846	0.013268921237787229	0.012233931722988162	0.013469784672832087	0.013569719056430412	0.01354263631916006	0.012975289595260566	0.012832674813106239	0.01307394905889265	0.011897369905701824	0.013265230925818532	0.012485807656406342	0.014188049502805816	0.01394496968249894	0.0124417871874487	0.01285730496890949	0.013324473939238262	0.0140515229564807	0.01291123664495377	0.013471206259089796	0.013613170176962557	0.013100836296824741	0.01370574371110065	0.013460578101263575	0.013673130415168114	0.012523688012432447	0.013010373649076217	0.012908953451977925	0.012230099107449554	0.013736741835718016	0.012143536506598425	0.012679771356832143	0.010990700625160605	0.012757444699254035	0.01368676299344295	0.013075790778388387	0.013927738225399482	0.01231677809745581	0.012855909389036439	0.013655267464874657	0.013593457234271737	0.013000303697386502	0.012593830859213178	0.013645785727058221	0.012816222761759968	0.0139476546977602	0.013615348002052703	0.013047515103841006	0.013272418900595571	0.01321194438443906	0.013662963453584007	0.013643023648184552	0.01241294399046837	0.012685164961387399	0.013856547204833966	0.012997106661863546	0.014739521888121103	0.013757257049742138	0.014447390800081672	0.012948152042576364	0.011795834321238173	0.013395162755827528	0.014276721807073688	0.012955039358562124	0.011674894556422333	0.012371026454823115	0.013836080268134704	0.012070158652500806	0.012964137658141882	0.013049922666993244	0.012809761527129704	0.012293293025565078	0.01203621620474912	0.014082099383639262	0.012934654084206316	0.013468102294755115	0.012398273095552805	0.01298454689431632	0.013151170049881094	0.012672969252128224	0.013394269892542457	0.013029031249362881	0.013081167991916401	0.013591395100222982	0.012672325229584544	0.012757366449377163	0.014011861470856488	0.01385875160707383	0.012591821924790438	0.014037884381799828	0.012738060652145269	0.01369309538199196	0.012038417105296273	0.014169874957332906	0.01309093891744063	0.012519745669955323	0.01357702200569042	0.013407441946563696	0.011818829519956133	0.013871979155001641	0.013589599699509937	0.014021020870609706	0.011846004623238	0.013848309523653221	0.013697729029826394	0.012517545607113044	0.012986042931350344	0.012831606718717746	0.013137233964299642	0.013436597653868782	0.01424652349880715	0.01316237624894437	0.012823701430774154	0.013592811478425042	0.013258170772436127	0.012750291312235804	0.013405972141012483	0.012765239160874995	4.214684851089403e-10	0.013011607317184587	0.012993757529100581	0.013948847444966933	0.013078322075370971	0.013792711949146665	0.013238301108236303	0.013172584117540345	0.013595029111749517	0.014250474028666813	0.012505105256545013	0.013633025774462473	0.013492238300112945	0.012318810099661612	0.013295511610542599	0.013450206674728911	0.01418065719166282	0.012368817449916384	0.013553206376565218	0.012644193896136437	0.013135121947333366	0.013869627915620186	0.013549181010873188	0.01389445999006497	0.012626541389064052	0.014671098454749927	0.013399909883065471	0.013551080130849193	0.013604825037566876	0.013756045462499313	0.01322597086951672	0.013261455912539424	0.012988117998417004	0.013279614713654922	0.01319860060643964	0.011682512729089259	0.01322890085777951	0.012587434957743776	0.01359448428664054	0.013890147645259969	0.014126919706797853	0.012485342717861437	0.013451285948049568	0.014157619102723024	0.01369722654420628	0.013462562010333922	0.013388032426253728	0.01301982952903637	0.013767418298156758	0.013052102701690872	0.013472120940078068	0.01248326973921942	0.014045098504772367	0.012791881981496687	0.014108221999466944	0.013653918649609438	0.012801036233667525	0.013509468082598796	0.012658286617133101	0.012095677712803012	0.01373598299039517	0.013240144661008675	0.013554263144413558	0.014571464177213677	0.01411287441354256	0.013911382283643057	0.012530609509875874	0.01290697337449401	0.013288271149865201	0.01299266379997272	0.014149678595232857	0.013093618839744409	0.013206400725246011	0.01302173633297671	0.014008858813371716	0.013772045329229932	0.013259228267584088	0.012825629666953487	0.013578921690645002	0.012842466001139561	0.013815547450650188	0.013546258418392179	0.013049112873228545	0.014398787390680122	0.012907619178234344	0.01444117003644983	0.012259855658357556	0.01383439050397385	0.013702898611317326	0.011048911802776123	0.013919562306113145	0.012970095742076549	0.01334321678352498	0.013442624685912381	0.013338711023142848	0.012081095632901074
owl	0.011894936358089263	0.01336455949731064	0.012444500502937193	0.013376179191770138	0.012070950453907422	0.013663272094963565	0.011769056849522692	0.012946969026469211	0.013412810867896353	0.011586078732679994	0.014123730996348114	0.01348729454663538	0.012598235917228291	0.013527867670089715	0.011641884782761885	0.01250368786386456	0.013151003492457071	0.012642850416649067	0.012847804374234969	0.013567901518276977	0.01143265339418479	0.013908342340411368	0.0124494571987359	0.0135026705313285	0.012661763379709296	0.013046434324452119	0.011987199461821257	0.01259300819308409	0.013237663362756068	0.012854680638395944	0.01222577841588887	0.013460180217867707	0.012357641944111928	0.012712030361434232	0.011389666618057818	0.012787865393799802	0.012860110797251922	0.012854728901447504	0.013591646721502154	0.012745511464519535	0.013441660769718118	0.01302141290886366	0.013155023539133925	0.013636554312456693	0.012318966139459299	0.013167053556645512	0.011711727954781032	0.011914436284481496	0.013087416939601616	0.012363039485090568	0.01285401186254615	0.013248151794238418	0.011818743764585655	0.012386121699916517	0.01258347132556431	0.012430109236656035	0.013207424314708963	0.012317211493660074	0.013463666090328825	0.011110094364872569	0.01249409122104006	0.011914247495865586	0.011926901316935174	0.012322355681738846	0.012034691950019195	0.012957090684020251	0.01259459872434334	0.01241930507662744	0.012291815379307817	0.01237358317068765	0.011518111326352908	0.013392923397577281	0.012772002509377177	0.012641419746170874	0.012319148205824845	0.01189220129048911	0.013019202306535882	0.012224595607242516	0.013068678041501301	0.0100205293553665	0.013523004011182236	0.012095075107810804	0.013689951906965115	0.01326257383980461	0.013574989967962452	0.012547405045417492	0.012934538721381464	0.012558811464435887	0.013231904874665966	0.01217802693070304	0.012952067739865746	0.012373212378544184	0.012592070353271272	0.013348709814224065	0.011845201711430211	0.012416239470704707	0.013036006205521675	0.013193722510092876	0.013501722246225187	0.013294832791005741	0.010562816930336685	0.012654038893040166	0.012265336015768409	0.01291800684887783	0.012027808046467508	0.01359703050465513	0.013769883239413479	0.013662821803692516	0.013304737315572444	0.012072641934924156	0.012345576666617498	0.011943557571384999	0.013436721164054364	0.01252220932985886	0.011823189533671669	0.013840912214808758	0.012757810549431547	0.0140661298849387	0.012274851249624758	0.013540942613884874	0.012032037814522641	0.012433148962058847	0.012136364765411587	0.014425549596213071	0.01272863781336705	0.012395667937898886	0.012490758309344563	0.013022969706351806	0.012497728081898578	0.01354741183830181	0.013481341225551413	0.012148459402950569	0.011303887982259482	0.010440662317606868	0.01276475871215723	0.0129720161289467	0.013338138318936887	0.01260463768832311	0.011396300581978037	0.012991033298477433	0.012761629313955853	0.012078330700029167	0.01240102821798125	0.011764272261991593	0.013011607317184587	7.300048299977713e-10	0.012838806628998539	0.013002375801627561	0.012259679145234657	0.012949537182251026	0.012865763940111805	0.01239492132695633	0.013226612782109886	0.013552992989588217	0.011726148792327884	0.012006152553199206	0.012965373407227955	0.013195752752054932	0.012433675839017715	0.013799431443702865	0.012685000336584375	0.010447129002939455	0.012886130663406645	0.012623310480782404	0.012412887600817055	0.01251511933972397	0.012394109510978444	0.013045036463958088	0.012412330993900355	0.013619885356974466	0.012039197789594433	0.01299093151191829	0.013463272719223368	0.013448947383638245	0.013032988323212358	0.012108742566680231	0.012700438933770715	0.014190781265106825	0.012028253410586444	0.012585044969163947	0.01203542634667363	0.011362678315637292	0.014136713687036393	0.013171989081957682	0.014006002419182761	0.012021027456896927	0.013148299371388096	0.012413255458073424	0.012704276471654216	0.012637918534231822	0.011817584012546331	0.013405731986973144	0.013608507954538718	0.013229487920761255	0.013416438865605123	0.012174528087686591	0.012889333942768083	0.011760322579545679	0.012829247277091206	0.01256170126452413	0.012704454260719453	0.012373728711554774	0.012307821541667532	0.01343254051569356	0.0121331443703208	0.012769996554181588	0.01286001377320394	0.01416651730662559	0.01293585847078552	0.013327252814444423	0.010879373516113821	0.011884990532624451	0.012485820128269865	0.012201603087864641	0.013042189025639042	0.01262341255383152	0.01291781023723522	0.013820171612238499	0.012758790200489594	0.013692870270629957	0.012539778074992671	0.012419394375947851	0.012896673794956648	0.012956122403846495	0.013208863113301597	0.012513189313543265	0.0132820501956378	0.014028566484559118	0.012446126760335548	0.013974769017646322	0.012860024124365585	0.012869845189286164	0.013062662855009925	0.012929585666604832	0.013537978773130087	0.0117483376973304	0.012553159099436235	0.012126237136783138	0.0139049574345022	0.013407710205105023
oyster	0.012077044868451127	0.013721557983033483	0.012587883330287493	0.012870228065180818	0.01310164771653499	0.013350746095338777	0.013030496768566864	0.013128061631101053	0.013831206813432164	0.012999643507399168	0.012995047463274451	0.012626680144000906	0.012916468896713712	0.013685795572685462	0.01223291960834294	0.012305004482350777	0.012807771034865943	0.013111858550323858	0.012760712219174084	0.01355951763860018	0.012586567232952334	0.014028483936671388	0.01339406224617294	0.014049036575509665	0.012366666722097384	0.012813887190740511	0.013137591031689766	0.013512386660254496	0.014251247992556098	0.013527243303968173	0.012829118153318884	0.013368586682829434	0.01385277367827367	0.011751072796205403	0.011690553688093727	0.012193306817996057	0.013114156792781837	0.012883893843319354	0.013382988366107264	0.01247914210204702	0.013073325741298493	0.012917458116170654	0.013042206411083912	0.012825926071331541	0.011980300321564184	0.01222930815188033	0.013354882363723768	0.012786650464031631	0.013282067361596457	0.01272332055701919	0.013405983592578363	0.012040070283351917	0.013182276793344916	0.012251939428543529	0.012006830579296858	0.012573487825503198	0.012977356346629953	0.012930962483812097	0.01230169129931364	0.012992064997879908	0.013138983536808393	0.01197130307601075	0.012589574097512435	0.013269173439115744	0.0131533057265521	0.01317790118381717	0.013063632573866975	0.013054726570662938	0.012359428447735799	0.012744739044303384	0.012327256389071055	0.012739393469214164	0.01275474886710674	0.01322832122010005	0.012895094763679386	0.012620461190524847	0.0123683429915723	0.01306709589437311	0.012856820153582783	0.012286373009971374	0.01305784950378057	0.011538595603492257	0.013434279610859879	0.0122441816663212	0.013510801184281298	0.012110535786034611	0.012377873954861729	0.012847812346392106	0.013917305481280055	0.011815602906116475	0.013638410746560697	0.012807067747053027	0.013703720000196658	0.012907118014311538	0.013210077678838406	0.013022449504386335	0.013591815757932441	0.012720788333982285	0.013407890527605344	0.013752120992879629	0.011441317216513657	0.01287631595919998	0.013834914200323649	0.013562696241601746	0.012737085692012248	0.011664456822081394	0.013183479254396897	0.011868082914397293	0.01270198504361423	0.013401480860089448	0.01266478849121236	0.011451569131884356	0.01346149995409622	0.01303290004600001	0.012099005676306951	0.013837926739529969	0.013192899877201559	0.014268589635485709	0.012359900863210059	0.013403515681801117	0.012486287410431975	0.013299056810329288	0.013061836160738636	0.014325041197385409	0.012403578771039212	0.013007641109378479	0.012398915131329005	0.013369887599544932	0.011614919082920989	0.013418524924741286	0.012638421586278892	0.01184133669368672	0.01287032005902541	0.012586114824915659	0.013587044435487932	0.01309121572208021	0.013609107616666932	0.01240198615165399	0.012538617513277894	0.013580056176473308	0.012369626242559573	0.010954318367749526	0.013815692708538803	0.010421679392754441	0.012993757529100581	0.012838806628998539	0.0	0.012418497746247203	0.013571018364870251	0.01365565727401325	0.0132239207488001	0.012914319099607142	0.01330531666880909	0.012525596064441164	0.012872392061212353	0.013356195575111234	0.013029517728285622	0.011568062021494635	0.012499015010408808	0.012711281951922553	0.012560139860522236	0.012500491026526294	0.013299819296898966	0.01347043503662039	0.012798756602754464	0.013329860499685299	0.012325017576818968	0.013436668899921978	0.010941127923360933	0.012756215642952309	0.012012342434401085	0.013627304501600133	0.01271578844678156	0.013904622171230055	0.012731805606974596	0.012370951069340075	0.01298120515238726	0.013612768472986102	0.012364696669705631	0.012224335291452693	0.012421134052962777	0.012271426311768006	0.01395008640037376	0.013040980041026638	0.013689901196878386	0.013448458657392092	0.013366086236128808	0.013254231428734727	0.01286013454044322	0.012852200822479887	0.012087239336532213	0.012123205659293219	0.012587522585024536	0.013296242356480565	0.013572041652608993	0.012770867701018061	0.013251703486669562	0.01232992459313858	0.013637809171872302	0.013247745764783556	0.013435805980958735	0.012903376363127694	0.013218067297326518	0.013101167644432945	0.013396040357716348	0.012563698557751458	0.013183200179305084	0.014016231732051259	0.012849389333505455	0.012775221825366494	0.012500230110836664	0.012932194598023245	0.01350108723828557	0.01276670747734663	0.012531004712208686	0.011815954526373922	0.012926378460989268	0.01258511904629937	0.012875336174867325	0.014049472043047762	0.01214378549319237	0.013845022727745387	0.012408476151333806	0.01346837724032201	0.013814435904590229	0.013266654710649079	0.012970035147696964	0.014067698427492958	0.012123439878050415	0.014210032064536509	0.012175438575272838	0.014037121583598407	0.01341182547749982	0.01260888553503273	0.013053976367578594	0.013123440751486939	0.01251181431470823	0.01295048475075024	0.013501274387832522	0.012146744985630016
panda	0.011634522421287432	0.013684644751908125	0.012430382186225908	0.01210421536635916	0.010306032358112479	0.012374025487135676	0.012065508417349158	0.012643112500398733	0.011835953052685493	0.012791716887558327	0.013642282390776035	0.011036084653885914	0.013091884808485412	0.013846125793365107	0.012061325139605901	0.01202027531919337	0.013178821086165433	0.013909363302651238	0.01202111442311782	0.01118789859758111	0.011993958838837073	0.012784493869911184	0.013835062374519688	0.013220282684515831	0.012670004266866796	0.011587908622735914	0.01329506018637123	0.012237094758341482	0.013950379043056864	0.01147860158785579	0.012283654739150171	0.013767559730973135	0.012430378160700755	0.013999825490160853	0.01299519148047115	0.01323451558344688	0.012415483506754334	0.011291382147987224	0.010970353040636498	0.011599322404849989	0.013658921235307734	0.012870842064773727	0.012942443800430753	0.011653251399554792	0.012839168600190978	0.012662736397329994	0.012396432107491827	0.01257532153444586	0.013087497883989102	0.011416464724523883	0.011051702806074214	0.013416034074839663	0.012478050370558862	0.01307292876461532	0.01209151128739716	0.013327801678145972	0.012046295214537081	0.012123499504670796	0.012946940391016421	0.013127804245884405	0.01066145330609631	0.012411102474208064	0.0132081570008063	0.012729536219553311	0.010946640355592714	0.012732958978882387	0.013767658862859522	0.012058005513612474	0.012425448262895274	0.012288878473335534	0.013253518597572376	0.012719092358646367	0.011639792898180804	0.011776633585294858	0.012771415203530733	0.012257931894518287	0.01164549722791279	0.010476150429464724	0.012938175254548595	0.012963495774330399	0.014175493954028551	0.012466571125983799	0.012467998644366424	0.01161483120870955	0.013724102572356345	0.012824704827320333	0.01246739557435952	0.010218122749322132	0.0121584240364923	0.011533074805040629	0.011682853000256663	0.013264656548497481	0.012708017182303397	0.013234452759426998	0.012278195796568058	0.012990099941496636	0.012037706251336919	0.013671478262984036	0.01355078131704718	0.011640635559205874	0.011840212595365059	0.012812567483065751	0.013081828732730378	0.01278813211430159	0.011435020691596964	0.012077541164274336	0.014478213788269467	0.013858312221758462	0.013501494112597932	0.012623377802506323	0.012476425766594378	0.012339088028074352	0.009647570476639626	0.01062300009307685	0.01110637065257249	0.012577443139773834	0.011916745806775575	0.01292308140487594	0.012910111330952784	0.010276227896948131	0.011610834482105193	0.013271432630479219	0.011472422363630618	0.014349328402578068	0.013057028037377783	0.010610936045375415	0.012206272977801162	0.013439287531638689	0.012320899773444312	0.012719325865021862	0.011199036584818838	0.01304471157571565	0.01214085610023969	0.01299604568908362	0.012862706991425315	0.011701734140633444	0.011847191891400705	0.013068667416964356	0.011808531386307941	0.01337770465058066	0.012154612633787878	0.012820384611065999	0.013056674810589051	0.012070408976364038	0.013948847444966933	0.013002375801627561	0.012418497746247203	5.960464477539063e-10	0.012207512069705525	0.012399042083950405	0.012988739996831677	0.01223996447902456	0.0131466970882112	0.01261429588104517	0.01047145712836967	0.011911674367079787	0.013597821605690457	0.012568625283437608	0.013653806679753699	0.012807026314788006	0.013392781046878875	0.013280103920165954	0.010093304707077826	0.013431411166551612	0.012614966772406483	0.012966566420119112	0.013316547621244684	0.013413478795857445	0.012969217714860986	0.011161316630000346	0.010223786988732749	0.01284691479045472	0.012521041472129154	0.012661502488233091	0.012640522847024917	0.01100306455650481	0.011185224002886445	0.01401399504883394	0.012002557587264094	0.012220012664998942	0.012917106694041227	0.012277105424993435	0.013866791564193966	0.010556021853402278	0.012897011101188302	0.013226852052533884	0.01274744643002002	0.010926358707684127	0.013428900439500157	0.012932424660902758	0.012715241831443682	0.01320772893693223	0.014188601660226317	0.011393849519922672	0.013386695207523922	0.013390797851083516	0.011312554860661834	0.01067490429323754	0.012624037345334705	0.01186951276646752	0.012094220527064832	0.01270290590307279	0.013164095567963646	0.011542699231258707	0.01333616384997508	0.012223715627743293	0.012670184882035331	0.012492782419695982	0.011434804548097352	0.013232921852209116	0.012019593930923436	0.011276662670135607	0.013236753596594668	0.012826523482610978	0.014298408932546657	0.012768187534214546	0.01276981540209601	0.013305684013332287	0.011651827865998892	0.01338844089668695	0.011629662767878992	0.011822127321358537	0.012005908882106597	0.012570190461577624	0.011469366208059004	0.012559142624439992	0.011101649090973225	0.013937948111272918	0.012436839074479416	0.012885787195058817	0.012765803055124147	0.012688374754568535	0.011497785276398846	0.013247164716233795	0.012893115720811222	0.0124438075535222	0.013186194288550428	0.012781172419746904	0.01375736411197372	0.013048297458964561
panther	0.012636188147786602	0.012534105597976932	0.01251805530882246	0.011781993597156789	0.0105303337768964	0.013113919492310307	0.01216566777508149	0.012260803681967278	0.011668607075588498	0.011375743429269093	0.013897819599558388	0.013381690965975655	0.012803721704643188	0.01314255584754828	0.012801235682608592	0.012844573269316057	0.012539232709007524	0.013179746813063489	0.012990515432269168	0.011909958843116995	0.012016816216211559	0.012726259654399512	0.012942385456862784	0.013254880340169724	0.013272997614948	0.011599433521747343	0.013618864158352255	0.012536537539437573	0.013665886509332571	0.009903066908514356	0.012382337396959946	0.013538834196040222	0.011533235403749313	0.013459919387594277	0.01287060906541897	0.012449923880948472	0.011582850137998504	0.012157938285709663	0.01331549731643979	0.012634086074879466	0.01210871346267376	0.011921009938916515	0.01274432356997594	0.013695368739104527	0.013852495523348005	0.01382586468836196	0.011838849480641131	0.012427918731977633	0.01348525400357045	0.010203964915225468	0.013513763872625593	0.01386218692554737	0.011098198780322404	0.013168951170249313	0.01245646708526841	0.013761369143860756	0.010961714345700965	0.011667368322186535	0.013178612785251675	0.013246168412619587	0.011594735291214929	0.012793418269939703	0.01332556195023244	0.011915918162955261	0.011030244141693773	0.012391049133353505	0.01337374768215286	0.012318801800443258	0.012511174866874081	0.012685508000961606	0.013223484328906847	0.013693000696365807	0.012308219633957108	0.010940186501142209	0.013565628642382605	0.012946390821403276	0.012922586519456	0.012760428293016943	0.012929224857023384	0.012052054602506562	0.013456722097066592	0.013383127338582374	0.013292742913051008	0.013902625916509068	0.0139075321132273	0.013412467911549184	0.011954819119417688	0.011990940321298939	0.012436788690349598	0.013483681023398173	0.010697277312487517	0.012101029293885257	0.011717496725801359	0.01197237501948609	0.011294770659552257	0.011491837382313897	0.010988672599804992	0.0133873072105841	0.012290750895138822	0.012965933246887367	0.011288037979179773	0.013225494384972315	0.012672514242740867	0.010847028210406206	0.011466750923797484	0.013844378609929667	0.014102999702785522	0.014021602309407782	0.01339231017651038	0.011451208080822643	0.011849807805414003	0.013467844406455013	0.012972669806144192	0.010902496679490375	0.012077898959825388	0.013437140637007088	0.01114183396363372	0.013338264865003759	0.011941798760986045	0.012840360925140938	0.012774688957485507	0.013149726541090397	0.012066819435342819	0.014575981315789261	0.012776352137391	0.01259586353453529	0.012877847959290211	0.013622676136412808	0.01294341891909659	0.013492990936556317	0.013597225722698445	0.013473360556796217	0.012539680946347458	0.012645850087704535	0.012459304684910794	0.01119813903860208	0.012829837268265667	0.013399467393164093	0.012682627584128863	0.013349512413702962	0.01214375477738579	0.013526458881580572	0.012998845628901065	0.01270435963093229	0.013078322075370971	0.012259679145234657	0.013571018364870251	0.012207512069705525	0.0	0.012477510448891463	0.012351131049792121	0.012588075395774731	0.012930550632954568	0.013721347975798808	0.011731498839858096	0.011991987839526746	0.012906303211768715	0.013599273776426007	0.0129740279625416	0.013859219399044496	0.011677549362364637	0.012280612582855703	0.011723801916562837	0.013252270727007007	0.012497639552284443	0.012890719548528001	0.013635488402663631	0.013725714586097662	0.013184691527171334	0.01408140670074172	0.011738607770556131	0.012524748232303247	0.012723647981421473	0.013560521790622703	0.01348746869371046	0.01113773962229408	0.012590804225123703	0.014095488136969456	0.01181521499106723	0.01198060796214817	0.013064130712405659	0.011801468017496063	0.01348189594687001	0.011757238735354893	0.013143723071327657	0.01322805049991234	0.011785881753916422	0.01202139252187936	0.012326245716992671	0.012047156808097363	0.012680308401056259	0.013122214038238052	0.013667760903878477	0.01178404686900579	0.013931795105307848	0.013650885571065032	0.01206240942758361	0.011126211001665567	0.012502199346497203	0.012507514744375215	0.011997078749741144	0.011446169316581512	0.012826611801826135	0.012905013484475904	0.012522628444910502	0.01213387781276287	0.012053642803841113	0.014222215349923064	0.013985101877133345	0.01223547595536675	0.011900213645246495	0.011157136965873055	0.013915708360614912	0.012485620841736447	0.014007860795484854	0.013704984926246895	0.010990447096868264	0.013892354405934148	0.013109972657204831	0.01271669323174598	0.01189313456259615	0.012058425964042462	0.01371567883781361	0.012879424091969034	0.013628849269918409	0.012723200540067155	0.012896854903153586	0.014903521046013777	0.012609769116169319	0.013184595307379794	0.013411198685883995	0.01253315896375527	0.01157839154445076	0.012988132833122173	0.01273549678030055	0.010902541924844881	0.01349435923028653	0.013539215607052816	0.01434686846950972	0.013120754232511404
parakeet	0.013098907912161884	0.013837745192365181	0.011041543883651419	0.013741272183771828	0.010541140219593403	0.013388297571791656	0.01305305661144779	0.013049335499371628	0.013288200015114122	0.0123574071633476	0.014141228245876918	0.01248820609944266	0.012872906721828867	0.013772989286385137	0.012309822784744462	0.013303989928059862	0.013038577320023963	0.013883828293062632	0.012698191154940903	0.009129571184751321	0.012866217696029969	0.01251618673406886	0.013813249313951734	0.013261858728701894	0.013031119900756347	0.010123016181310222	0.01414205817522446	0.011884830018021302	0.013584980824883606	0.012098292753630797	0.011956297485531151	0.013907115818490183	0.013441561592642752	0.013396540266915127	0.013095433892215397	0.01299185549319609	0.013141451589411107	0.012296145481084719	0.011581109272272074	0.013480613681292117	0.013291180785855299	0.012896390971538593	0.012956890909006154	0.013068000526433143	0.013671922574641105	0.013273981227347123	0.012705007052469837	0.013580661535881455	0.013213644002000495	0.012287133201861294	0.012616709453513572	0.013905808308700657	0.013117964685038775	0.01360501743304488	0.012689860328604537	0.01355709990531893	0.01311755673085925	0.012374210169432041	0.013302688274537188	0.013649933650596387	0.01093915325816881	0.012898616531491767	0.013598993223587269	0.012851840106516249	0.011372251879619212	0.013573104326247708	0.01368983143629356	0.01245667438081178	0.01317725425862476	0.01307676418823906	0.013148134130819293	0.01245787556719917	0.012668382801585922	0.012422651240581572	0.013268412116505535	0.012678979823130584	0.011790037716863105	0.0116749413149723	0.012982605253967255	0.012450074051127538	0.01365645249402302	0.01307290954335093	0.013902165610776356	0.013492415809713155	0.01316145911462535	0.013014715390208273	0.012941022702548259	0.012749915762112141	0.012915109174871537	0.01312417007947174	0.012274063222488767	0.013236158869103003	0.012944741201958218	0.013911367827491661	0.012666036790684404	0.013418639887706758	0.012017786054392257	0.013053711722540688	0.01326163228584567	0.013089489409813469	0.012445303555297944	0.012580302595232544	0.013678833051658328	0.013341881354416043	0.011700583218244676	0.013083331602530423	0.014216491281127206	0.013359979119462384	0.013678413690104618	0.012354266827685137	0.013521170563887651	0.013581267212181246	0.012803668185256623	0.01292436980061222	0.01180711069198349	0.011455487330996612	0.012342661734871101	0.013887153120381327	0.012536552127771113	0.012912682934045416	0.011546472965687256	0.012917970413693285	0.013015447537893464	0.014658570411386353	0.013057595509355653	0.012468683143710288	0.012716173543722255	0.01392332104542515	0.012561695583989901	0.012093936123358575	0.01267372602982869	0.013743119153297966	0.013217619610603366	0.013355294685455736	0.012699251818349825	0.013487743606574218	0.013008676243651335	0.013437348518624818	0.01277740107339292	0.013302706649472333	0.013682454350897107	0.013798481570067588	0.013823425908917567	0.01350327659727917	0.013792711949146665	0.012949537182251026	0.01365565727401325	0.012399042083950405	0.012477510448891463	0.0	0.013109244229880827	0.013088958288488948	0.013409036828817025	0.01237895064455214	0.012898433212277747	0.012778270849054191	0.013684861709256126	0.013399194280643895	0.012435029670337817	0.013048610091536626	0.012978163290166806	0.013162126417189411	0.012687466796595753	0.013520800073900812	0.013199346558779744	0.012280828575996829	0.013011365756429078	0.01330314213705543	0.013617179099861485	0.012697630609372141	0.011877085318549106	0.01307923442970911	0.012129278339234679	0.013507945458120854	0.01307487915569383	0.012088627097158786	0.012496733557787156	0.014346062643695676	0.010308163081549688	0.012885379266126186	0.013437698005849773	0.013310819934144302	0.014209536679265299	0.012826761601272463	0.013332308824013515	0.013215608100692923	0.011034775329273099	0.012264124249682783	0.013148990782284757	0.013869745220386438	0.013490376340858005	0.013600150370473123	0.014306509694572827	0.01148476649187135	0.013638795213393562	0.013923837128423206	0.01303208285920834	0.012406507965995336	0.012931039395153473	0.012220236651219303	0.012757691537662779	0.013155759913331304	0.013363668435667502	0.013207199329358843	0.013797432850384948	0.01158259667721265	0.011723544385195439	0.01402257413247178	0.013620970878461482	0.013426490243904386	0.011985950524486295	0.012119295867169715	0.013670613651987336	0.012806035337839283	0.014050614978051252	0.012602237010215164	0.012762178373341886	0.013883175703745556	0.012761621622880952	0.01303594952387347	0.012524776088619677	0.012015067979277112	0.013172227259365432	0.01256499123987	0.013340194135796539	0.013907645554802681	0.011764715291809334	0.013698507281215693	0.013148731032502393	0.013058463437506128	0.013790068303693552	0.013293690020499254	0.012043936333645961	0.013371743213553394	0.013350056600852048	0.01305891787705931	0.01398741079307426	0.013488972666300374	0.013956229395547273	0.013563020656754042
parrot	0.013235567546788715	0.012390537566942066	0.012832288726314065	0.012084912801270404	0.011943030141538953	0.012141632447141957	0.01253708246030011	0.011364647000120645	0.012200375748672838	0.01210473291813337	0.013894137457795299	0.013657889078333619	0.013401729567016258	0.013313584442388565	0.0125887417386221	0.012864203981053432	0.012467359190654854	0.012909680989750438	0.013004223631472366	0.012751769991759098	0.011808963080225275	0.013229256380906407	0.012842865950100908	0.013277002026526158	0.013381470560850905	0.012277713079029955	0.012665805169298773	0.013451083887921114	0.012922793203512539	0.011687171347250341	0.012487611580597954	0.014043359500968437	0.011806920626335595	0.013696171799300973	0.012825573296427648	0.013040041610574163	0.013009072396636377	0.012780401721995632	0.013530551544496143	0.01262327450469808	0.01254255356834474	0.01132852705476159	0.013366683081313911	0.013785454257641074	0.01314268541944178	0.013313482244419236	0.013268365373384156	0.01207284534307379	0.013638874061192342	0.01123848422500216	0.013219745691428085	0.013344804502798333	0.012521568180215768	0.012977079101625348	0.012359327368959451	0.012577693265128477	0.012729730918343863	0.01278447013207906	0.012595222805781363	0.013002966501902757	0.013305988258857737	0.012308806160617278	0.013471528166405561	0.012457843259625035	0.012486269278218132	0.011902485802184136	0.012666972604182543	0.012164619125492805	0.012414476147246936	0.013016591221484268	0.012952881957109369	0.013831563669336754	0.01331484656246439	0.012414341303306233	0.012910933227299857	0.013250528234731582	0.013477762051357773	0.012616421999005225	0.013337850010227144	0.012192120008921876	0.013654476003649219	0.01316288381469868	0.012492293742364017	0.013864886406773884	0.01435178439944321	0.0125402010029965	0.013038999084416003	0.012599095336723128	0.01365562569555431	0.013446522351576158	0.012231477193826466	0.013022924850579123	0.012043327552038312	0.013073771251135863	0.01275813242125658	0.012414796444185451	0.01242547409508428	0.012968692580468275	0.012615760138461107	0.012304005359965706	0.012391755868674335	0.012910640688460413	0.012781327211628784	0.012441317228143988	0.012186792302492866	0.013618913159806002	0.014544459602225335	0.013942067454246332	0.01296249804041937	0.01288415052553443	0.011683104673887824	0.01299862183053129	0.013219554931981911	0.012555584327485759	0.011988645231410033	0.011294876847082176	0.012493411088190985	0.0122755497390861	0.012071339300010982	0.012597385185009902	0.012639574813553947	0.012271451531570342	0.012466680220667836	0.01362469998640051	0.0132015053071484	0.012810751292206235	0.013532230029121626	0.014002921039596222	0.013286021664415787	0.013353387145006963	0.01353535488459585	0.013643954682029447	0.012356147862912559	0.01261122383378287	0.013053266236190804	0.011990112365038375	0.01314240708734823	0.013504738454452275	0.012879422278844262	0.013753836534261606	0.011938858407917202	0.012666480017625388	0.012894846838754841	0.012498617277104114	0.013238301108236303	0.012865763940111805	0.0132239207488001	0.012988739996831677	0.012351131049792121	0.013109244229880827	0.0	0.01270854880440273	0.013044604038765992	0.012157056466620096	0.012607321335479024	0.012421863338502245	0.013198145074420617	0.012807961505025965	0.01250646065177165	0.013629460609572683	0.013377357596553391	0.012359544098956518	0.012317323061991842	0.013375253663904454	0.012805604892343123	0.013222405749449892	0.013222585525596704	0.013855457447501177	0.013119977395526243	0.01393232647376564	0.012385233713415024	0.013266130759534507	0.01313159617879582	0.011464639050118417	0.013153917777839695	0.012171329536442616	0.012807318356292938	0.014360496987218623	0.012447107972499165	0.0114892879133121	0.01282148208668369	0.011687494702218769	0.014106789734472523	0.012974708480431578	0.013837211176734254	0.012463576741409091	0.01270745415797196	0.012998328280328788	0.012591488937439561	0.012626370639226494	0.012669933893968166	0.013004200794318455	0.01375856796340471	0.012489044245962633	0.013877032389785438	0.013358043631831663	0.01215353653161719	0.012247130767957718	0.013049147188562869	0.013052931257707498	0.010869180049951799	0.012719521164059975	0.012641013864870774	0.012829178162181997	0.012706917018839692	0.01205952272456826	0.012573412584154555	0.014636804317824046	0.013656209729404227	0.013108937323352604	0.012699231977449422	0.012053623625104233	0.012645883215842585	0.012343046605774163	0.01389674422519962	0.013096774049904168	0.012928684520269589	0.013256732233297987	0.01373080481699519	0.011507048496929512	0.012821854896237817	0.013059770432786976	0.013299400302020772	0.012407979298380707	0.013286409897718487	0.012209385536298845	0.012809436554834274	0.014128518462292676	0.012860319848549486	0.011502663335432279	0.013009102874357206	0.012211226977285067	0.012560821661845053	0.012700958457909983	0.012216619197671485	0.012351534473945604	0.014153185488965407	0.012654092184558931	0.013541405276046092	0.013266591068122462
peacock	0.011360488767903364	0.01287557198754785	0.012260768022691498	0.013170836855895018	0.012212842683377509	0.012193368967499974	0.01082060759064166	0.012214827982732513	0.012872302178651745	0.01110968704727593	0.013167863962858404	0.012467436680572494	0.01301617123628051	0.013309548049003316	0.01189527526645794	0.012231680834015579	0.012688997315251242	0.012953139272937373	0.011830761688670328	0.012340366519754307	0.011988081923996275	0.012879994522963496	0.012231777052790455	0.013269973092596475	0.012300756107641673	0.01207318998013799	0.012404632955745913	0.011987351771161033	0.012384616229592235	0.012569305767494224	0.011126043698152559	0.013389136089370555	0.012136509262786017	0.012469034685901641	0.01229654441684726	0.012040979407326305	0.012552611873899285	0.0115302943194426	0.01253064636705794	0.011983078498744809	0.012392973037149375	0.01272591867862665	0.012061896620275223	0.013148154083216314	0.012834825272378156	0.012794741006538513	0.012655334863255556	0.011592207884003634	0.011937154870181139	0.011430538239315722	0.013115850719511322	0.01280331941993085	0.011496368811398292	0.011657630568467305	0.01182488745526105	0.012588449549547196	0.011706439546435781	0.01149348238992643	0.012659580842958184	0.012506611225890443	0.012604216455701246	0.011570108391510108	0.012636083135719288	0.011283757819633427	0.012246764967280426	0.0124368713279117	0.01230042182698714	0.011714129105418088	0.011566643886967556	0.012224030284284093	0.012394521609036986	0.01271689751256223	0.012562616407130623	0.010988531015007104	0.012693523803776247	0.011672983111955472	0.012221373978798482	0.012217900346876925	0.012675496097437894	0.011818045921498379	0.014096099757157053	0.012437316364672319	0.012805753514310262	0.01320055501475627	0.013613613531005622	0.011379595589829568	0.012251871034305245	0.012055430620606123	0.013192389668353663	0.012345625325962837	0.011716518860691336	0.011673064145759313	0.01312750279716678	0.012225915647902558	0.011761230663167657	0.01139932225173721	0.011964059741637502	0.012634491780325394	0.013195878148765721	0.012674582385761473	0.011165129722181042	0.012448417145424516	0.01128200062455854	0.012241746020181982	0.011890374742088183	0.01314851535903555	0.01372130789379949	0.01356421085349845	0.012877955024181103	0.010796734824512686	0.011538685402802076	0.011902918007606228	0.011825270630418667	0.011875696900783541	0.011629743858996693	0.012162867197763296	0.01215321113671515	0.013426745546770645	0.011679967116268593	0.012284959534154136	0.01138284862308348	0.011516264801981984	0.011992584937980133	0.014529074601688619	0.011915179710749624	0.012498742344823875	0.011930624641606005	0.013302315507757213	0.011896328980001137	0.013281836962079558	0.013041044566694193	0.013010206903211223	0.01205404519321702	0.011717647391199975	0.013151836271995301	0.011911226210831485	0.012293423238929407	0.01236447865402555	0.01176054037877726	0.013303422702744951	0.012186058329544306	0.012437622938949683	0.012429271632275262	0.01213560305288764	0.013172584117540345	0.01239492132695633	0.012914319099607142	0.01223996447902456	0.012588075395774731	0.013088958288488948	0.01270854880440273	8.429369702178806e-10	0.01167066673088061	0.012597633593830523	0.011443383512707373	0.01096447341063228	0.011901190852060284	0.012280491859139734	0.0129658407350055	0.01377469040269065	0.011722103313180757	0.011398891480080487	0.012157599457187506	0.012351163062337989	0.011751205629650803	0.01276327820343141	0.012882490336814196	0.012473646005796382	0.012810019229365966	0.013352658324038792	0.011616177520303852	0.012405783710672653	0.012794117492194113	0.013715059539739026	0.01338899837335529	0.012275735794739461	0.011716999871712345	0.013364325658374481	0.012482418238080202	0.01234361825511083	0.011556430994492193	0.011402673674196775	0.013144424221816301	0.01235141870631324	0.012802598679916533	0.011904657657812354	0.013523762748188436	0.0117875968369189	0.012088241575279211	0.0115453278533719	0.011086735343312046	0.011969943592767368	0.013382159192822502	0.012424060166915217	0.013308035735884254	0.01281272964526623	0.012093189135558104	0.011101227522804727	0.012696659721466916	0.01131776228625947	0.012478147856248921	0.012003060666383576	0.013103097935028786	0.012318750572822413	0.012020945638332113	0.012205053584253656	0.011320333525024318	0.013284480334355538	0.012746398745651064	0.010986690588223802	0.01174146256917377	0.011647417248236664	0.012681088391880133	0.009701221167525392	0.014227175558589635	0.013090933010004769	0.013302472041735507	0.013233304566442314	0.012528127538193434	0.012952850753499752	0.01188928034098694	0.012180843982914788	0.011788779309934539	0.010501339355559587	0.012964569318805432	0.012312146248416447	0.012010566824745099	0.013893815453229983	0.012365899376127603	0.013559779609242957	0.011385539317764754	0.012699063302201467	0.012776466538789949	0.012449964148847373	0.01345147529182127	0.01183813166720044	0.013140916437623218	0.01220500591826828	0.013352153314290526	0.013167431607921505
pekingese	0.012552501420430346	0.013321226604218977	0.012682641114861845	0.012967336861393688	0.012812714840969068	0.013827249269818605	0.011762721597417616	0.01257567408123643	0.013877146071887366	0.01082979224491813	0.012747008518716074	0.013268917177644233	0.013083216225005644	0.013934204830506195	0.012198771835737445	0.013085257009820956	0.013745598756288682	0.014173472473450294	0.011946128969970929	0.012970507635369721	0.012881458551818657	0.012788170244778003	0.012531789058784604	0.013419898183653625	0.013070466614617565	0.013407653114118187	0.013709765653197512	0.012209167094212405	0.012698990508694073	0.01248995207120851	0.011574903720579106	0.013636003545960264	0.013298859773243233	0.013732990891169939	0.013314959823935655	0.014008997130438336	0.013196974947098568	0.012339983107937451	0.012281082030157266	0.013420066594471718	0.013369859480006276	0.013405019861638333	0.011783127635683297	0.01332453694310547	0.013781818184370007	0.012901655671867678	0.013502701924278448	0.013225749089510798	0.011526233003301224	0.013240119726000641	0.013133394100224214	0.013508474754700066	0.013229080129468192	0.013214242219556574	0.012501961571346037	0.012652790639885624	0.012920777402468015	0.011866417246021454	0.012513986385454156	0.013201167450028172	0.012865260400166258	0.011293838298994415	0.013425214183129681	0.012355925373290902	0.012884807753496246	0.013703799715864256	0.013115721867895868	0.011503351512577349	0.012105040457280059	0.01270530632661817	0.01252618052825346	0.012872098782397558	0.012106995577872941	0.012506084309329773	0.012597786784984875	0.011977380602022795	0.012170812741773342	0.012123162941508019	0.013566572997663975	0.01219284151992114	0.014124396412184534	0.013078194023157838	0.01402663901770313	0.013658637568848777	0.013480773195326853	0.0116960037912852	0.013004874064010838	0.013175661442079411	0.01301292946358785	0.01242204499407509	0.013274090377439225	0.013613613571318833	0.013404024485652833	0.013441022046685984	0.013333658569330144	0.013240402053775382	0.013107644543885435	0.011767752198867307	0.01327347541475966	0.013304115517818819	0.011927932273604667	0.01274081418683753	0.01220473491651994	0.013761160291554775	0.0125073902909728	0.013653144074121193	0.014251779307638282	0.013995187270493583	0.013878222223164172	0.012069755175041047	0.013080161274061903	0.013182473774746215	0.0124363300558736	0.013159627096733335	0.012413576295779155	0.013146998634331069	0.01173674057467581	0.013254388432849061	0.013803145954091147	0.013105882008510282	0.011832521257430744	0.011012894012567274	0.012797781335097338	0.0140039380621618	0.013142116385317135	0.013049566216532173	0.012432389796487957	0.01450367828893524	0.012328434161749868	0.012752935494549618	0.013647806146801713	0.01387883787981959	0.01246175334709699	0.012141786609602747	0.013482219487665014	0.012924536792002101	0.012539925932996583	0.012952841750629978	0.0127222434126006	0.013231601699535632	0.013323363614467804	0.013489316062649344	0.01364546639052122	0.013542839710574127	0.013595029111749517	0.013226612782109886	0.01330531666880909	0.0131466970882112	0.012930550632954568	0.013409036828817025	0.013044604038765992	0.01167066673088061	0.0	0.013298921255977545	0.013048089469901967	0.01135263896556195	0.013793697742796835	0.01270581562990684	0.01340585200310229	0.01428142186253304	0.011145413973222744	0.012003581351968806	0.013382945690773458	0.013007374048022585	0.012378628068255938	0.011861475059025945	0.012654921724699121	0.01344978858816889	0.013462583166769739	0.01336638511421021	0.012335899382994942	0.012577659166459216	0.01353248214499746	0.014251746410279827	0.013118032860616807	0.011774711766604593	0.012502998592730097	0.014884342708171265	0.013195734604592677	0.013055566701440818	0.012866663442241116	0.013328843508494422	0.014585577917999335	0.013228626778706289	0.013471181085432066	0.012660239815446346	0.014015751187253213	0.012572594223132111	0.01279046219318672	0.012606011465213968	0.01191069454902784	0.013342520023149675	0.013900676012758694	0.013083758725306214	0.013836643521563734	0.01399730790031543	0.013209024639690904	0.011404818504479235	0.012550956738821077	0.011477824410748332	0.013541964122828593	0.013185306192670046	0.013105362262421608	0.01335449725910384	0.0129334687667257	0.013317174777561886	0.010780782936810224	0.013610972243354426	0.013860706478774664	0.010456167547291808	0.012824598306295606	0.012517925003303312	0.013554530915834879	0.009603651036790424	0.014392480287751523	0.012856628481004308	0.012797273657157007	0.013582406421043034	0.012375245549085897	0.013346726261442338	0.011846713050255612	0.012689762402504502	0.013432534411838832	0.011538470152322655	0.01333459453653482	0.012878112789685973	0.011566468078672176	0.012941960654293459	0.012774537987558282	0.013790325466771804	0.012907697871640087	0.013464180253835336	0.012253930148117535	0.013537163874422603	0.013033694787884336	0.01324732767828805	0.01363912620598287	0.01306180687190555	0.013264850317844672	0.013983275056891582
pelican	0.012026840049421696	0.013660040417177211	0.012078657857737065	0.013225734821691155	0.012521254283218436	0.010751378626734507	0.01281821867927646	0.012156807121972283	0.013399192199355925	0.012628119644975835	0.014415450408955154	0.012355126025993758	0.013314150918945626	0.012994135588889122	0.01224285296413959	0.013077292067296757	0.012281677154235181	0.013040991025760552	0.012711841946879625	0.010924300099818627	0.013385691396282881	0.012925095716639898	0.014118832408237915	0.013422733496146175	0.013144666114902486	0.01213024186970159	0.013845771852660085	0.012939324631315894	0.013889223090862044	0.011854049046605308	0.011862172210980227	0.013135883563767745	0.0128836784779136	0.012891081036049745	0.012886999624581062	0.012846846409693222	0.01359098611726717	0.012732582620360556	0.012243831973977706	0.01267257683548858	0.012682138482832164	0.011745428031109128	0.013890158177217582	0.013430052870784095	0.013796649022471767	0.013802517779633244	0.013120463743214107	0.01354352406286347	0.012088337258318493	0.012017942537666353	0.012492302648866305	0.012534601030720752	0.013346097950537893	0.013313422924391353	0.012591955091551537	0.013228142538432653	0.013397641659061084	0.012115242479103871	0.012337277154704616	0.01320105938342606	0.011526612694971293	0.01271990498945921	0.013588401800299844	0.012490257040665677	0.01275641669381189	0.012526541876303744	0.014263554740646077	0.012317600983341899	0.013508790287315973	0.012879272964123443	0.013933721487341582	0.012014679895664113	0.013321186002769419	0.012816401347559778	0.013258879874377768	0.012963006933588917	0.012194988707405019	0.01174969985145395	0.012639016689036059	0.01320482459838394	0.01349609736592059	0.012764259368298668	0.012180034641859589	0.01310525839877538	0.013758531609459512	0.012659448672440083	0.012737377529042146	0.012676375366530102	0.013116769168235733	0.013295644989195651	0.012590193886784829	0.0136450871098899	0.0128715212780109	0.013328481976042588	0.014039769298161002	0.013667873826245246	0.012105458292558005	0.012500960932441305	0.013771509052997809	0.012742885600313869	0.01281135569228948	0.013339473977516876	0.012770672256573721	0.013047828263504615	0.012714816612206274	0.013037998468901047	0.01389061496043984	0.012787528548623328	0.013219613709801941	0.013422903748302911	0.012935040052560685	0.013092097070015338	0.012945680813563287	0.012800624243921446	0.012623428461500314	0.009728042067175533	0.01355685263620735	0.013817848307817569	0.013740373717809522	0.012532002016885209	0.012077643580979704	0.012957630059860776	0.012834503577159888	0.01366168886240335	0.012629945425438032	0.012299291357814686	0.012150438984351255	0.013367751328118703	0.012335094672488046	0.011854330945299682	0.012344353706259812	0.013121396501467555	0.013619375590469156	0.013411528725990758	0.013728311816543508	0.012393534513497222	0.012064529083738085	0.013972542351767625	0.012380826299694897	0.012937320632446429	0.013587739510014239	0.013095592143032074	0.013695215736748801	0.013431647008114838	0.014250474028666813	0.013552992989588217	0.012525596064441164	0.01261429588104517	0.013721347975798808	0.01237895064455214	0.012157056466620096	0.012597633593830523	0.013298921255977545	0.0	0.0126834632768638	0.012640895084850083	0.013243963553962504	0.0125260266762211	0.01329096600147831	0.01365034316578162	0.013710594224549037	0.013776258784229802	0.012285671477357644	0.012868746524117038	0.01278563524046277	0.013394702546158002	0.012708022986904157	0.013415961316982925	0.01194638264921697	0.012930043796390346	0.013252233653902263	0.013510779923632827	0.013044950410963594	0.011720785601824754	0.01285799165608807	0.012678694229285708	0.012649400466826626	0.014022347512382492	0.01277074737058832	0.011239764854301304	0.01362628421863537	0.01303856512615622	0.014403094433902109	0.013063602573950596	0.013475009449210696	0.013620801614188195	0.013142724833545328	0.012034839582861832	0.014391998937769789	0.012660303625149492	0.013061474484074792	0.011876844768226827	0.01228490749546115	0.012761086926697146	0.01283766604679404	0.013342251640699757	0.012083564389020524	0.013109644393690707	0.012943976728897657	0.012722593614664665	0.01204765268396895	0.013379366767272048	0.013965953734567254	0.013000809330084195	0.013893016648582963	0.012754404814551024	0.012553474593725474	0.01380256284732927	0.013307495604336743	0.013037632095598961	0.012510177509382108	0.01280701748232333	0.013912358526829403	0.01284111385275258	0.01425990957612149	0.011831942601011997	0.013569944282028713	0.01354890627372652	0.01253871324911834	0.011982419495100906	0.01247264956068864	0.013104652748484854	0.012973131168313548	0.011881887101892757	0.012201120071259059	0.013566387206638197	0.012544191702740758	0.013691152644648657	0.013146230851639929	0.011683095577497164	0.012749423506751621	0.01349937783152376	0.011943442647172786	0.01305603940273773	0.01206252589273317	0.013275299655789505	0.01323455473956699	0.013398200225091946	0.014223983117174023	0.012785428573288344
penguin	0.009507995745781959	0.012441833013523695	0.012237715450506606	0.012609380034384094	0.010629688880069911	0.012195564520670379	0.011326903507298132	0.012856225782025056	0.012065547069244714	0.011686018456769467	0.013449013330542697	0.01164243668665455	0.012738344359928173	0.012860538139311485	0.011793000678141692	0.009594150750337337	0.013214688169486405	0.013401825318699467	0.012348699457403155	0.01209178893187402	0.011466959858028552	0.013488644885386489	0.01306688355306064	0.012861586989137856	0.0129725992933159	0.01166409405266407	0.013027173697580814	0.012029498459881806	0.012612935182964642	0.011951376021756244	0.011732955584768959	0.013562199709991493	0.012223289179881705	0.01346566511907516	0.012572786578419714	0.012148790023857086	0.012708023344645446	0.009940770742929013	0.01208579923521469	0.011369912409974396	0.012497813930937398	0.012573784170579494	0.012858963586698656	0.012553017803564975	0.013123079043209038	0.013064414703742349	0.012446320039879506	0.011120984147532811	0.01218779264910246	0.01126008097192273	0.012180589168643842	0.01305417676044679	0.011260668833237125	0.012411255632585726	0.012292714994318752	0.01269736822420288	0.010966628839362143	0.011905059565156145	0.01340882190541761	0.012126578652767112	0.0107639667274335	0.012489883369033235	0.013940628876822434	0.010450192971795624	0.011145049092725451	0.012653886427851334	0.013477163211503251	0.011926685026923269	0.0120668501362139	0.013145371772329157	0.01347400365347944	0.013165999150057459	0.010281089819315501	0.011464305872906587	0.012581936362067147	0.012954196683576452	0.010704778720773009	0.010547764850311942	0.012579492852924045	0.011868273113459473	0.01376345298146479	0.012830454784415597	0.012823815382815247	0.012158935239148032	0.013549649118056378	0.012365648398038633	0.011544702973292152	0.010530411501215014	0.012543827515819261	0.012316965727954522	0.010713174791849061	0.011795435732855204	0.012620473851406664	0.011607415681620185	0.011378562805245497	0.012443431426377195	0.011394146114706042	0.012979079570677567	0.012417196999633007	0.012051930358918045	0.010608441420855813	0.013167360462315975	0.012055641849351767	0.011721501951723792	0.011688978637126968	0.012434330180492125	0.01410475347980121	0.013918522630292586	0.013509042054568647	0.011020907474628201	0.011346569037668574	0.012016945497638964	0.010708578310887278	0.00997349013223791	0.01064820986061141	0.01279454520158309	0.0119222629001356	0.012738715834972568	0.01201376167014369	0.010759452774741858	0.012386960865235663	0.012846984252034004	0.011764954283796954	0.014248219972761473	0.012835687021295361	0.010701679652962783	0.010049590289065848	0.013170724181555531	0.011665566639532105	0.013498025994183654	0.010995298381752778	0.012894446634564193	0.011935028395048118	0.011556397442975631	0.012358120996390045	0.011036056563602775	0.011367490060190968	0.012252035002080648	0.011096974303327328	0.013343891571902126	0.01209880077794636	0.012636747335258254	0.012126451306631217	0.01183449418561884	0.012505105256545013	0.011726148792327884	0.012872392061212353	0.01047145712836967	0.011731498839858096	0.012898433212277747	0.012607321335479024	0.011443383512707373	0.013048089469901967	0.0126834632768638	0.0	0.011417011617653999	0.012885207923678348	0.012069596083658277	0.013010336814922608	0.013323326762379661	0.012438570152940203	0.011481709538289126	0.010677429179254986	0.012516657152448839	0.011465496830126699	0.012573812777150592	0.013188618433184552	0.013391372093139458	0.012964941588428158	0.012552822395084713	0.010471603848116264	0.012377772966616513	0.012337583425583755	0.013216483371055904	0.012946462602560988	0.011418723469998717	0.010908298513821042	0.012950410723774359	0.011996796881035563	0.011820477248283796	0.012520589366917008	0.01159890937771415	0.01270778932468615	0.009547268692629238	0.013651503052754851	0.013016950002746518	0.012960439729639749	0.010724824142325739	0.012310656020617738	0.011562638411600852	0.010796010656004664	0.01277111351761162	0.014041057032041847	0.01192442998898297	0.012630534252041574	0.012626224245778604	0.01083729889855321	0.009655042994396158	0.012194491671590028	0.012304354238049155	0.011792568371879584	0.012010991773020166	0.012548069864807165	0.010570628131694024	0.012758354467970521	0.012112112548307203	0.011505315157162964	0.012948913827856932	0.012130963722106267	0.01244561539779014	0.011898571129798424	0.011510558552022907	0.012985885150661285	0.0118951032678691	0.014383638529214558	0.01322587745007178	0.012031978892571122	0.013149187586619189	0.011577667040836402	0.013198901582225133	0.010128371665458567	0.012061648483566136	0.012295863370235728	0.011283836053462736	0.01166358962627879	0.011944372428493362	0.011314953340520763	0.014774231257136578	0.011194129291696473	0.013581403814060422	0.012094143474318914	0.012608456316265037	0.012148173846076587	0.012671308669197533	0.013045554107420492	0.011846186092734596	0.012295893683768804	0.01290561732965255	0.01330520088978098	0.013232563010104496
perch	0.011827532037360927	0.012768266971581009	0.011354369087870804	0.01212120423409631	0.01057572918882453	0.013002739292211095	0.010704502842057192	0.012281421491014466	0.012564128423312787	0.009191037255770333	0.013762539744610813	0.013126118839845338	0.012008856422157117	0.01357023274865437	0.011558104734147402	0.011984685539913498	0.01280036692882635	0.01325102657590671	0.010639352723735786	0.011996707439458677	0.01046016422729412	0.012929145203769133	0.012014337643679889	0.013313148699246498	0.01286649571833292	0.011927154901263243	0.012458892018071243	0.011290091309762164	0.01291209396338231	0.011785357800082488	0.009991170815962925	0.013498981386590581	0.012149738281928097	0.013267656400444921	0.011397566047518199	0.012140032231373395	0.012116312456099669	0.012469827258077366	0.01230028376221051	0.012400916067327737	0.011666627638352576	0.012589597491929417	0.010829545446074632	0.0124306254466318	0.01256292593935153	0.01239439236461176	0.011553161221769873	0.01039151862617798	0.011155623963433501	0.0108703167158188	0.01244004860957954	0.013306205571150758	0.01123804466631382	0.012294951418044662	0.010871940464696542	0.011161636482688525	0.012140746691083098	0.01091692008316652	0.012470193406894736	0.013244249020211167	0.0120646854292071	0.011309076075747897	0.012029896370479982	0.011366192160060677	0.01119507643183729	0.012622440892355737	0.012325076606028282	0.011358478177469796	0.010684940376404217	0.011671234312002409	0.013681216316608355	0.012890987949781363	0.011245368792517814	0.010838124583947461	0.011151863234037157	0.011763986469808953	0.011904619884746604	0.011787316209183454	0.012725197378822556	0.011362182514546857	0.013532185348204334	0.012483398155601913	0.013238219446129249	0.013091761784350321	0.012904933549988989	0.012442697670417151	0.01089789553337051	0.012342877576845285	0.012310715277764587	0.01190347528192516	0.011449078147514695	0.010481448919989193	0.012546213011513437	0.012148517519219065	0.010828233412370604	0.012117954143565948	0.011313623366298247	0.012522062703494131	0.013225199841717914	0.01283686638279609	0.010684907295829556	0.01198288791227591	0.010426797273697053	0.011999683668208395	0.010939713033745255	0.013232719585872396	0.013798006685249425	0.013707064061389836	0.011903723576933947	0.010726662149356025	0.011207954733556012	0.012717553743188949	0.011710057784172731	0.012033937111527662	0.011749625723473432	0.012787144947444875	0.011556510269731505	0.01378744159481155	0.011425077694195384	0.012698300391518747	0.00997746163877358	0.01105653135855328	0.011249817980052913	0.014162641858319948	0.012239135422713893	0.012538432302394615	0.011252434716077382	0.013079624609877874	0.012484391197661267	0.012204220799641485	0.013140989014209318	0.01347860236742599	0.01068955827850459	0.011525885321649283	0.012509543554480258	0.012711102729848052	0.01306545949928468	0.01200154824132994	0.012317623285303208	0.012572422503632903	0.012288779233445714	0.012034795889852503	0.011436541619194097	0.0120229154921011	0.013633025774462473	0.012006152553199206	0.013356195575111234	0.011911674367079787	0.011991987839526746	0.012778270849054191	0.012421863338502245	0.01096447341063228	0.01135263896556195	0.012640895084850083	0.011417011617653999	0.0	0.012643392310090408	0.01234262037601759	0.012019693362043832	0.013194499964009088	0.010786286111398233	0.010979964052960528	0.012137876869878623	0.011777911553952032	0.010349996816176073	0.011579693323201846	0.01190283972846784	0.012465872224922894	0.012809555549318057	0.012708963589685447	0.01089201890269504	0.012603126329578558	0.012640323839394185	0.013211627541008731	0.012196796199660166	0.011119926649757805	0.011566673144898761	0.01384253697365073	0.012197234906318919	0.012586092028556102	0.011602744684482375	0.011309346918706411	0.014250410539606701	0.01192831038010888	0.012849580715200024	0.011337323293374073	0.012359200620045998	0.011769232383387921	0.011816979377372592	0.01099719389248297	0.010717323554456728	0.01259161969896514	0.013320859803260832	0.01204070325772011	0.013404245272810023	0.012640537415528352	0.012357058985553969	0.010312410485323172	0.010477397430451434	0.010857162588218233	0.01209620488858008	0.011654882117196468	0.012115386333373232	0.013374370858938554	0.011813957691011796	0.011108462553912764	0.010491930614210148	0.013639551030477736	0.014026689476177913	0.011032694565537375	0.010743665481536298	0.01136068042816984	0.012275837326216166	0.01054715799822305	0.01344816136905544	0.012007124752315683	0.011655718269429858	0.013465426156007196	0.011968743549837308	0.012902011245218854	0.011488886198106521	0.012119987037383713	0.0120053065563611	0.010248358299300521	0.01370281092228663	0.011233180027691818	0.011556188422781609	0.013546814747774121	0.011715981735093674	0.013086277604703545	0.012360706879487815	0.012549264726916243	0.011801668570786765	0.01242692233097089	0.012698353482912315	0.011498041310196183	0.012538216944428868	0.011599498866135462	0.012744154455821293	0.012853245909865975
pheasant	0.01217770376006675	0.013756313084724702	0.012163431159953582	0.013273162318334666	0.013033712756450646	0.012593204748817097	0.012179433821821975	0.013453365057532201	0.013353997574720883	0.012632928439590272	0.01397927689710859	0.013402407111351173	0.012807133653954377	0.013549853996201882	0.01207886345389229	0.012480830612907407	0.013272004215812538	0.013394939464075105	0.01372866662772788	0.013820605224568294	0.012434407680381503	0.013873811263516106	0.013422954525070323	0.013539616530483786	0.013315225486770586	0.01370630837455277	0.012652520841728703	0.01329174629237554	0.01377000817366181	0.013209420174690432	0.012373992799191129	0.013095890897702111	0.013030069021098547	0.012862635386828742	0.012558213356976737	0.01201467910455644	0.012764716056583962	0.013031385932119492	0.014078180300117107	0.012556329731732459	0.013024562596457527	0.013780981723474552	0.013456453697156706	0.013873057599608279	0.013217016433490042	0.014295210504131788	0.013279311220803065	0.01232732369874499	0.013199434182174365	0.012406262453320636	0.013993344121764147	0.012882437881324274	0.011526281688077315	0.012968637265287216	0.01267744147598883	0.013331662059432904	0.012766495898607476	0.013071093636935949	0.012778982773188537	0.012233493895119716	0.013033856554908057	0.012728034842942713	0.013041317514109363	0.012907562950013234	0.01287533023991114	0.012912703277812076	0.014208651441579854	0.012975379182348647	0.013055356837558452	0.012800593484445198	0.013802644363592997	0.013399981737671075	0.013416119827006374	0.01243649168408917	0.013789282970063686	0.014136792255219409	0.013617707406163988	0.013644688233853454	0.012559157439716613	0.011989092173314815	0.013134806477989487	0.013171880439006427	0.013768992607848576	0.013540258422785478	0.013234970568653913	0.012775699816723876	0.012666178528657692	0.012378761194502454	0.013508394968146145	0.012923841483984884	0.012778840869672068	0.012484799529917054	0.013597659623075537	0.013216469750443167	0.012811915253614265	0.01281133951510741	0.013299017251246098	0.013496981083079965	0.01396271204616612	0.013260588117434595	0.012257630683735057	0.013558651396082887	0.012502673220186564	0.012893967790563864	0.012493431289824462	0.013539870262228724	0.012398946273079938	0.01286036910120229	0.012826934451009289	0.012529920389302663	0.011976496416563471	0.011177005592480829	0.013712576663631355	0.01208953013555298	0.012520236785226273	0.013391041967656014	0.013106689287792137	0.013863520699846098	0.01287334705122261	0.014102548907659069	0.013524034563266134	0.01369680438736042	0.013295063011430592	0.014738839457664752	0.012225544123394645	0.012888586918411785	0.013153405378314527	0.013275465556451333	0.012268232057575292	0.013729278797966735	0.013826237321735579	0.012797769148375805	0.013368669586853225	0.01191030183554769	0.013452335887038796	0.012669134975357203	0.013561168923009105	0.01339957529358214	0.012494247480905971	0.013315630181663912	0.012883942709332375	0.012013348972908358	0.012820666708472516	0.012253723237282193	0.013492238300112945	0.012965373407227955	0.013029517728285622	0.013597821605690457	0.012906303211768715	0.013684861709256126	0.013198145074420617	0.011901190852060284	0.013793697742796835	0.013243963553962504	0.012885207923678348	0.012643392310090408	0.0	0.012942080542921874	0.013045336498435318	0.013658047243284345	0.01341167898458811	0.012916692253165439	0.012832558552005303	0.013877402214572036	0.013177385085398667	0.01384595799356528	0.013050885466965843	0.013451834064500097	0.01227128827774334	0.01435136740003213	0.013107643015128538	0.013301641833431379	0.013088594351885308	0.014037942662398304	0.013111110094956469	0.012798740098946075	0.012774691091523033	0.01316240557481155	0.013795642376395214	0.01221096216778688	0.013217561866047667	0.012301511050846814	0.013672783918685379	0.013219217394660844	0.014198610248921462	0.013771027147818322	0.013570108884740481	0.013227655784854188	0.01267756946000053	0.01202856587091772	0.012065956855885003	0.012929140426040115	0.012581005180648773	0.01258619626639081	0.013945153745761552	0.013046477788900904	0.012835671067441067	0.0122532907368198	0.013319890706170371	0.013512686663142797	0.013370155956258503	0.013307836198800558	0.012905569138400037	0.012921631326351515	0.012959438449232408	0.013114399005963933	0.013217389658298552	0.013999140298048303	0.013392131463828116	0.01266636100364027	0.012878025422742802	0.012252005958854872	0.013864219809311495	0.012413479296741376	0.013983079608292627	0.013232368354760236	0.01281152498309239	0.01304347399319502	0.01376874889176855	0.013225203846335005	0.012666227747625085	0.012669217242900923	0.013856398004666004	0.013090973255364808	0.013656052255009241	0.013166516310812153	0.014007646342150777	0.014593189795922855	0.012257379997947286	0.014499066374898464	0.011758881704746111	0.013335737788911872	0.013510886850285654	0.013304743709012572	0.013448240471987198	0.012837712361077318	0.013174861794682248	0.013903852432720923	0.014587161011035991	0.012691374367575756
pig	0.01190989800638977	0.013478764032075484	0.011451492292472627	0.013077926638858293	0.012249575595249392	0.012635871794025326	0.01150249390215306	0.012020542287423563	0.013381719912993023	0.012196661361236786	0.012990215767451775	0.013086943311924372	0.012567763407339116	0.013232531485401575	0.011010616078578197	0.01235097628024336	0.012702518574355337	0.013670150374371186	0.012169756905861313	0.012721916042394778	0.011952818371829037	0.013100590892212778	0.012976789301091883	0.01345853612199154	0.011791234108261273	0.013136589464381511	0.012986016728660682	0.012747671632211528	0.013072314218390056	0.012959309453763876	0.012012248733970774	0.01296376732626488	0.013101526756117431	0.012691225398285218	0.012567964057051816	0.012337798900753587	0.012970941473446788	0.0132683997532638	0.012742291892531106	0.012148420989741091	0.013321874102876441	0.012940231539764445	0.012996931714732193	0.013242196970673015	0.013307411364615482	0.012898096690189216	0.01374281519658729	0.011985377305582547	0.012416052033048772	0.012166973080576644	0.012410240176942748	0.011970317305032264	0.012139929163890678	0.012386318684948132	0.011471447186409973	0.013201801334796657	0.01283476756006411	0.012215164015292167	0.01207382941320227	0.013093175256002643	0.012417179864315819	0.011453975141346131	0.013066823775138285	0.012462967298156862	0.012754833509873005	0.012832928316932064	0.013021756568445125	0.01186087764866801	0.012144012978230543	0.013460677603337025	0.013566037284582333	0.0125370549623215	0.012731082890430482	0.012856325834699579	0.012747940680541185	0.012757869451348222	0.012686500711064077	0.012796532677958305	0.011824446502941937	0.012095476700365992	0.013539644953684492	0.011052359887476963	0.01334681197802777	0.01326535179641719	0.013026601671415465	0.011337537741158641	0.011031506756829011	0.012736604620674673	0.013547209644003952	0.012198393983021926	0.012687757636383287	0.012523875928800589	0.01263088511736018	0.01239387082359323	0.012191574114673927	0.01258349871820692	0.012679091082981361	0.013611193463398846	0.013656333153764095	0.013255298317854526	0.01156754087233157	0.012260940196178818	0.011970201657707806	0.013620111191334232	0.012340308304767416	0.01179574367848998	0.013281143307565062	0.012447587199310196	0.012005447099027199	0.012457126702049409	0.011883956175571107	0.01131010343004102	0.012666161856052523	0.013110117431006867	0.011757094664315924	0.012917330230756538	0.012445917864662558	0.01387725040254105	0.012856361437561258	0.012783564614702297	0.01227497969724985	0.012722067150015377	0.012500120995848005	0.01427013085593543	0.011362840815763614	0.012813862733463107	0.012719494832684166	0.012923741279283675	0.011384930714603865	0.011987507564336801	0.01332715284338104	0.011929812280673633	0.012204484837488466	0.011823594065942713	0.012620509740686237	0.013415559556012839	0.012821467768401556	0.013083874790567772	0.012732354673395478	0.01242496798399103	0.011920034681901876	0.011187832483334876	0.012858507475452736	0.011013495665556159	0.012318810099661612	0.013195752752054932	0.011568062021494635	0.012568625283437608	0.013599273776426007	0.013399194280643895	0.012807961505025965	0.012280491859139734	0.01270581562990684	0.0125260266762211	0.012069596083658277	0.01234262037601759	0.012942080542921874	0.0	0.013006617746601388	0.013534510795021857	0.012458419416892448	0.012872724132616833	0.012707553834350682	0.012975565414425873	0.012423760015038565	0.01240037781461769	0.01237988661185248	0.012763876793473083	0.012281159493848691	0.012572617597424401	0.012659669757436104	0.013379524665594271	0.012548765019156739	0.01321481496632081	0.011314881914991005	0.011838205341946285	0.012753976090071943	0.013337371207110238	0.012790190339283533	0.012088650872845523	0.012074562518273945	0.01187441780413443	0.014033892374596154	0.012903917425078315	0.013963320555033111	0.012508063005371328	0.013648041242210265	0.012835146258394244	0.013405904962409135	0.012523007802198418	0.012067244908574963	0.010944411266902933	0.012730006675757253	0.012475710163740081	0.01396419496521943	0.013127199149674609	0.013043768719089719	0.011611639681101354	0.012517035330309387	0.011988805072403751	0.012628199644623113	0.01245599390144442	0.012344128459108466	0.013615456381012135	0.01273561477893008	0.012247061844326288	0.01121946729179614	0.01406680995650216	0.013825132076679425	0.012981356304041425	0.01185878704730871	0.012256281872039965	0.01249740070953309	0.011500788235426251	0.013594841813161403	0.011768046510245257	0.012887771904308308	0.013434048055707606	0.013025047849001112	0.01343601425535712	0.012443116668412755	0.01327350095891612	0.013136852117612627	0.012753024516132477	0.013777909069135674	0.0123173924171296	0.012267312751502203	0.0136934996968826	0.012011765271210338	0.013045148717396366	0.011316990086848276	0.01302076540355733	0.013123334883102513	0.012081855496630566	0.012765347542262061	0.012251738938169547	0.01317757865589908	0.01267170204397494	0.012748919674698527	0.01259490912206365
pigeon	0.0130254058346757	0.013139392191159019	0.01185744160220784	0.01331713700336657	0.012703663572259478	0.013237602677980518	0.012783479917604708	0.012525043860118918	0.012908099551835478	0.011997528317530174	0.01397382246073741	0.013468060724924076	0.012292068074706562	0.012749464467963895	0.01231632568187905	0.012871035623747211	0.012314707927648536	0.012734441362948809	0.012069948596939202	0.013106713804888936	0.012256726392217684	0.014022446770542566	0.012733104940604156	0.013236145986674226	0.012461415264580866	0.012824555091239006	0.012470203117214205	0.01284784927934756	0.01277107182772667	0.013254552425691048	0.011726473488060003	0.013736469460577322	0.012603457157259398	0.013039109359552565	0.01192557774448228	0.011983843246198445	0.012241437735361162	0.012748753394416041	0.013782982598115955	0.012984209020119115	0.01239154007614284	0.012579992544108997	0.012741671114892225	0.013067846078173306	0.011957224511491012	0.013081420232725332	0.012878780217613277	0.011980266838891944	0.013365551983260204	0.012647082933579636	0.013163574280982939	0.012464667208636966	0.011676711142098476	0.012536984924802905	0.011629172114111687	0.012097481018766962	0.012977869954669527	0.01312935499660717	0.011943152432441312	0.012246136436381902	0.013706022993643678	0.012665066889360357	0.012584387801488017	0.012737823839787832	0.012937104283380735	0.01246309678165952	0.013035921689572998	0.012875981202267694	0.010549680913220769	0.012161065827466835	0.013302342610560855	0.013584626116054549	0.013508675264999588	0.012521062846031265	0.013027802142869202	0.013285921173655034	0.013246124033199271	0.013861936132138652	0.012864862368837467	0.011571504293880687	0.013499575989796382	0.012409252306385692	0.013850618984703881	0.013792485465893414	0.013654596537070986	0.012048271888887258	0.012671926161157372	0.012647604318991212	0.013738265875222361	0.01184490923498151	0.01264460661308342	0.012439601098846316	0.01365316153724656	0.01307088285255397	0.012111629521257258	0.011525205848843995	0.01298479497545816	0.012583606287396583	0.012317122178830109	0.013403877211076064	0.012086274776000192	0.01206303313185187	0.01287293836368824	0.013396689118519848	0.011618430040851824	0.01258160068706175	0.013308104167927236	0.012811289437456366	0.012733318447004989	0.012186309295356433	0.012147453732732063	0.012845237828066852	0.013456601468100541	0.013082778226577763	0.01282456650373331	0.01313823226174157	0.012248147605801729	0.013950729886050419	0.011531746469948638	0.013489806818052992	0.011501097737384254	0.01270890428267212	0.013249496907760177	0.014348167439840237	0.012125499866737409	0.013180015537488172	0.012704455398996888	0.013592503458229653	0.012289125538035538	0.012722502270041642	0.013615163063525065	0.01354509097108122	0.012906128644667012	0.011688831435818831	0.013140081983158686	0.013689482329828705	0.012917679269921635	0.01285014334518387	0.012789942107186305	0.013112751526797481	0.012568945728225044	0.011881347253803989	0.012561299095556559	0.012089782357114507	0.013295511610542599	0.012433675839017715	0.012499015010408808	0.013653806679753699	0.0129740279625416	0.012435029670337817	0.01250646065177165	0.0129658407350055	0.01340585200310229	0.01329096600147831	0.013010336814922608	0.012019693362043832	0.013045336498435318	0.013006617746601388	5.960464477539063e-10	0.013401596901528652	0.012464846100168531	0.012345688156325151	0.0134452093760437	0.012912729638653283	0.011678623717314289	0.01253784957335566	0.01181313089912651	0.0131770224080306	0.013595324103505207	0.01387231757150616	0.012681087057619729	0.013157085728385715	0.01295011351734007	0.012699409131240312	0.011955698776321773	0.012234877719728931	0.012853940351450634	0.012868683303903077	0.011949735548461933	0.011786581684394353	0.01214039302806031	0.011545176610818352	0.0135597419826064	0.013251546715645648	0.014012612087109017	0.013255733642976046	0.013179359127387174	0.013606088239471707	0.012342260420847255	0.011417529971909085	0.011917026061069565	0.01239869945660461	0.012927799347867176	0.012586501555368182	0.01390666749739657	0.012876329413650607	0.013348770594617143	0.013054387024807134	0.012802050315032856	0.012832905502766823	0.012534602261240677	0.012620189173792125	0.012501491597118962	0.012908943813173597	0.012210710717762944	0.011454453860859167	0.013113173281952138	0.013934083124020138	0.014079671272635808	0.01201708702370522	0.010782018841750295	0.011956316345539009	0.013721770525453057	0.012688477177579306	0.013771443500529511	0.012965702500096795	0.013114045065340441	0.012786727097030999	0.013491803362829544	0.014201287794115208	0.012724440493771437	0.012741201716411597	0.012164773463631418	0.012858736093936706	0.014182414466600074	0.013202218848973284	0.013261587574518728	0.014191170927369958	0.01122544029205192	0.013502229727195905	0.012818044547679546	0.012869432498418251	0.012984561334080064	0.01188897836322093	0.013533305177102984	0.012573856912561458	0.013258855873275384	0.013155780498973172	0.01253559196588101	0.012346052811672172
pike	0.013012166733675922	0.014249123253026599	0.012655461504014611	0.013582594877187087	0.012520672621546974	0.013421733768043509	0.013056402433063887	0.01361388698441703	0.014067918808263762	0.013332812003422394	0.012380350956254971	0.012841076522568053	0.013325081502732448	0.014027113449853213	0.013701346258225038	0.012988344528464974	0.013200175043755822	0.013800551345738052	0.013290330578351838	0.013743175225193312	0.0133404797082074	0.013860679230575797	0.014251242803399473	0.014043672946440107	0.012249867909279786	0.012280223938963178	0.013071432207255245	0.013992200455433508	0.014738512064384772	0.013279947242621454	0.013950815556761023	0.014131681305431845	0.013936278568813291	0.01230353408698605	0.01173312855011024	0.012671735299162537	0.013813966157224055	0.013397223593557635	0.013163746612330158	0.01347856790691717	0.013273951148263035	0.013817947990507937	0.01314802465497362	0.012168066237468817	0.011526081427498138	0.011471518607636611	0.01355103579266845	0.013099261043904893	0.014233583174175174	0.013915407945072105	0.012169564577404583	0.013093709420649892	0.01343550711595563	0.013565195221971584	0.013126572605289225	0.014004718939076156	0.014210875008201007	0.014205162636055984	0.013478343884361811	0.013757358808463177	0.013449425316569402	0.013809846705667768	0.012586643827103063	0.013431434885561604	0.013561642879605878	0.01394010285757279	0.012730612415672526	0.014003366316527105	0.013572025968740601	0.013198516704291166	0.013987561603527196	0.014030970740717687	0.013744451052759126	0.01371059391035828	0.012804417208006211	0.01281639410257943	0.013253400256242694	0.013300472947181185	0.013050235496575475	0.013004139349828647	0.014072644792303784	0.01243887218437605	0.013297099293456651	0.01227045791855226	0.012207503669915605	0.013523056332891565	0.01324406853702196	0.012809362063613557	0.013949529833233155	0.012458531979974614	0.013587382382961467	0.013136888077345279	0.014139608685058416	0.013289643726227764	0.01396322908379063	0.014241566285390259	0.013395135393876257	0.01351784713340552	0.013433801503325949	0.013801470934144078	0.013152599000080758	0.012929597249228693	0.013503277015146203	0.013810641005289068	0.012955139544351093	0.012988527112539219	0.013803493518465495	0.01254819879608718	0.012019043151097602	0.013419997901903609	0.013618866525826145	0.013122890278342505	0.012473200251062279	0.013653958308605007	0.012685390388193794	0.013659004783566447	0.01364979863613951	0.01380821202503323	0.012732585776406614	0.01375834054741213	0.01317897122760982	0.01386716213327181	0.013503929485474271	0.014379656687707888	0.012869797033412796	0.013447000489553827	0.013965536590440999	0.01330193012953846	0.013185625209388712	0.013724423195123276	0.013017514511835875	0.012309613517322517	0.01313715142209277	0.014258458830341467	0.0135311458899735	0.013894413466809325	0.014030396811350616	0.012822728403246135	0.013867301356383564	0.014226548321785682	0.013239692353610655	0.012789992024533419	0.01347576909249084	0.013060263075067729	0.013450206674728911	0.013799431443702865	0.012711281951922553	0.012807026314788006	0.013859219399044496	0.013048610091536626	0.013629460609572683	0.01377469040269065	0.01428142186253304	0.01365034316578162	0.013323326762379661	0.013194499964009088	0.013658047243284345	0.013534510795021857	0.013401596901528652	0.0	0.013734181343718671	0.014012352061842849	0.012598097819674517	0.012981375276242223	0.01300179106920733	0.013450793279028008	0.013282365291468963	0.014356061648986678	0.012349624577438377	0.01276963398668583	0.01265168532994353	0.01416102988532459	0.013107197419181666	0.01428623578117202	0.013487547237205102	0.01371338083267316	0.014027515199954993	0.013241427407500292	0.011916620549107266	0.013426952167535297	0.013495445399826828	0.01313767240946668	0.013515653551118239	0.013697152443339888	0.01402362811809841	0.013565957231406068	0.011988392904905498	0.014125238025508276	0.01294764973732091	0.014078447099255608	0.013769913549603656	0.013742098638525005	0.013225844367866137	0.012676703972376779	0.013864059891183105	0.012753059506392795	0.013945903075250829	0.013373635924794437	0.013922683204698649	0.013904663018590993	0.013663040114231523	0.014083185797602404	0.013465964804914082	0.01385144430603063	0.013975806818210722	0.013393960249132943	0.01365589995608098	0.013592620256930373	0.013060955360788946	0.013979950088869627	0.012671507366412824	0.013035966789689516	0.012938940590764518	0.013787170430163507	0.012106370852834733	0.012989023145323924	0.01390116372779001	0.0126392593800113	0.013928654654761525	0.01437360137165083	0.013511563257602497	0.014160112743887586	0.013462176801596509	0.01410973906801729	0.013502453766474944	0.01350453323603586	0.013655862448940745	0.014635830947715034	0.013548670626136952	0.014128041501027588	0.013250999492419811	0.013370820511710528	0.013419775181222775	0.012396399060565727	0.013930482204331138	0.014358833526827057	0.012247228306478918	0.013619258666135878	0.01428921646259336	0.012627235492537098
piranha	0.01170775843893771	0.014102697406802369	0.012511112631778449	0.01211834582735723	0.012436350931620497	0.013924587890856044	0.011040160270651548	0.013108532594588935	0.013568112427067805	0.0093225519357866	0.014111975538934068	0.013277283794996451	0.012779240530832474	0.013762870042241583	0.011321557553771244	0.012081084493677563	0.012610515695907924	0.013225741881401394	0.012140325463625853	0.01323572282805523	0.011437471439857	0.013408345957510462	0.012110916746155687	0.013960409250304283	0.013631387909378748	0.012954517881912568	0.013503898318075509	0.011813784341137	0.013500154973270617	0.012113588447251744	0.01066629382800891	0.01363237582421177	0.012893851814283337	0.012985513429078069	0.012735066325239061	0.013018686403807883	0.012374837121673673	0.013253563850987969	0.013283202778640752	0.01189339501962367	0.012471127812143488	0.01285972738462136	0.012452846568133566	0.01311918418580536	0.013428691671595536	0.01342115229127391	0.012606353405601251	0.01151824896807354	0.011498386085751497	0.01142899313710649	0.013303553040936363	0.013425872545739103	0.011173295761525226	0.012331190092310746	0.01270650687327128	0.012088799360207292	0.013505480746798991	0.011680618189623957	0.012754257212776694	0.013436458623179454	0.012716257707442082	0.011327636444001081	0.013192527726103458	0.012493917083290387	0.012660236535992336	0.012790688568420326	0.013148013060171137	0.0118440107493225	0.011695720257762086	0.01305069070414764	0.013510556207591564	0.012687241446305089	0.011216031929472608	0.01219797462094083	0.013114774890807552	0.01253342216699534	0.011842968707339975	0.012802249628442145	0.013803935315208434	0.011450649086120085	0.014006824913809855	0.012427640190179721	0.01365039230895631	0.013324090349684639	0.012620582264368498	0.012388289743092964	0.012416897049128617	0.01310224677529615	0.013072583038333823	0.01293960238303413	0.01306347490762145	0.012785893617309908	0.012317281641717213	0.013318269823060069	0.011408089198002536	0.01137930499682527	0.01245910819546967	0.013337626789464175	0.01408866616203011	0.013252635045219827	0.010527036717926826	0.012019476164765149	0.01265221841290224	0.012969131436430437	0.011935666407071204	0.01310557496435373	0.014462123380640313	0.01402528754879677	0.013058888046914843	0.009812891768684981	0.011946864188107737	0.01362005164222263	0.012968251063524427	0.012256417112951272	0.01200439234513828	0.013779329830820695	0.011819256034104672	0.014040374745387664	0.012294739236279741	0.013100535656133843	0.01185294869866455	0.01197471335921566	0.011961354509161571	0.014920685538433705	0.013304722996643618	0.012956366400507995	0.010601621465998799	0.013294950352848159	0.012556736279344054	0.013459837276898413	0.013742871729875985	0.014022341011997905	0.012144634441493702	0.011194093374047486	0.012396763134291833	0.012769051995863477	0.01291522081759308	0.013191712381861634	0.012061470554299267	0.013390185680265424	0.012413329010214384	0.01286005038287003	0.012826047000849144	0.012617837507319173	0.01418065719166282	0.012685000336584375	0.012560139860522236	0.013392781046878875	0.011677549362364637	0.012978163290166806	0.013377357596553391	0.011722103313180757	0.011145413973222744	0.013710594224549037	0.012438570152940203	0.010786286111398233	0.01341167898458811	0.012458419416892448	0.012464846100168531	0.013734181343718671	4.214684851089403e-10	0.011158332487409505	0.013160219817569428	0.01312406612242183	0.01163769410702217	0.010431586237086465	0.012415440838594334	0.01268372664191244	0.013561478949655094	0.012821059540728803	0.01202838669920971	0.01263545544775883	0.012253636647702591	0.014366578562625161	0.012897485921543793	0.010975261675610663	0.012486559324949728	0.014047494347154642	0.012780303410478542	0.013359431955725854	0.011618372435720193	0.011981956574656021	0.014258793847850136	0.012362038486093659	0.012995501479628935	0.01297029673814396	0.013485460084695294	0.012111886967094492	0.012046348480935715	0.011842174587802895	0.010683577863055873	0.013076535748600031	0.013800106895353388	0.013009873960190196	0.01405905067307913	0.013660573998724206	0.012716561502433301	0.011080580350217391	0.011815064385906833	0.011233683957959366	0.013197186020910467	0.00992786209976057	0.013326061977041486	0.014154150501473527	0.012091588856957533	0.012086753203155774	0.010988515234586183	0.014481811733857658	0.014098478277444568	0.009663054583444066	0.011348807561145724	0.01205480705191622	0.013229432645417183	0.010320032804537279	0.013861906575729381	0.012874101796665044	0.011576128583569975	0.013881132991800587	0.011774003903312394	0.012899726688837343	0.010868755069798461	0.013146220718963302	0.01286086262923655	0.012312253080275958	0.014270636376252446	0.01260157573647833	0.01244297587935815	0.014313357419939207	0.011952856802805103	0.0133099276530555	0.013024598664640176	0.012506681452555339	0.01222785060097725	0.013648482061470265	0.01285037158176805	0.011397805564745908	0.012932298485325353	0.012659532303074462	0.01342460294039412	0.013795203474570372
plaice	0.012301579833088534	0.01209290591655532	0.01211319781974203	0.012496500202007559	0.011962550812522706	0.013808009988809641	0.011924973552823735	0.013238047250303786	0.013239559599045143	0.010761758789906711	0.013640769290221531	0.013505829179405248	0.012395754296825443	0.013343146856400215	0.011957884651311508	0.012365661224072878	0.013152257964670929	0.012478139425743506	0.012166183703315202	0.01287314168690547	0.011603090351891695	0.013613221327793046	0.011872052578276195	0.013648041653719942	0.012975691827235784	0.012910025891118983	0.012078054613297076	0.012454698230482435	0.012533062395283266	0.01266810989662237	0.011543634327229832	0.014052365630972207	0.012162181667485006	0.01281610517305747	0.011402828361427298	0.012095535098488708	0.012022922453811945	0.012328522337493757	0.013785818247053312	0.012921775233238375	0.012540254610909655	0.012929723687575976	0.012218797730004494	0.013464957861195045	0.01269945664502805	0.013157989471589766	0.012211802836176624	0.010346953927091472	0.01223804278160378	0.01182332442672415	0.013459336992871171	0.013069468297907798	0.011959472071698611	0.011319269702121522	0.01219644428703389	0.011697194455238442	0.012215315535333853	0.011848538599513476	0.012829613177249392	0.011434674168975487	0.01294283381990233	0.011783207955246273	0.012852992582234223	0.011746880187674497	0.012170217495184432	0.013301239628673139	0.012556100815234464	0.01188648078476196	0.010882317297200152	0.012661749802934863	0.011684533887562198	0.013437465139197954	0.01249084082205047	0.012579760741443506	0.012605588716225415	0.01260532258520387	0.012833924848962506	0.012272861260283962	0.013267902763027195	0.009558459289205852	0.014078030970419906	0.012293128724591285	0.013740276737566292	0.013713231692439393	0.013749885319816652	0.012241330319893712	0.012539153698311031	0.013251073684161443	0.013053035515155863	0.012658445949050008	0.012446256229584129	0.011478562913760502	0.012370215493143256	0.01301893078816642	0.011451156840906678	0.01225755125771669	0.012393373945903364	0.012772899934440975	0.012824282303819236	0.013106368952219262	0.010389363516022224	0.012348781277998646	0.012315586338035103	0.012830517603333194	0.012046728271526808	0.013387465103553951	0.013985169992896292	0.013857457459331146	0.012618522741855008	0.011275668349401904	0.011450234513784534	0.01283573252290477	0.012720930768202297	0.012901410669166951	0.012077685556756677	0.013748670259267943	0.011967153844516994	0.01373252797823854	0.01103242563638414	0.013772069285037438	0.011368422767932042	0.011601481631414121	0.011998976283408949	0.014258598936871213	0.013006872081929861	0.01286400589460544	0.01197686957395395	0.013336856364864069	0.012502445908844364	0.013898867503637224	0.013878645191023067	0.01279686741304838	0.011714013689578672	0.009989040618229243	0.01271871780822716	0.012871947670634192	0.013067207783482472	0.012793241161181343	0.011632348408800902	0.013335948479371309	0.012406461567331072	0.012273104628750791	0.011997864457795071	0.012012464508405311	0.012368817449916384	0.010447129002939455	0.012500491026526294	0.013280103920165954	0.012280612582855703	0.013162126417189411	0.012359544098956518	0.011398891480080487	0.012003581351968806	0.013776258784229802	0.011481709538289126	0.010979964052960528	0.012916692253165439	0.012872724132616833	0.012345688156325151	0.014012352061842849	0.011158332487409505	4.214684851089403e-10	0.013541241171981144	0.012096657554460743	0.011482908252545117	0.012480369398221076	0.012005046760590887	0.012152124862833213	0.01333152691131684	0.014084250081454436	0.011704984984787462	0.01257247067526886	0.013091703733399341	0.013776124961327373	0.013424141457896485	0.011991662714951421	0.011921896938782518	0.013995086507549563	0.012401598843618184	0.012658787259939224	0.011000479257871048	0.010950248747203824	0.013800451921912956	0.013301942948362759	0.01347342280693648	0.011861738880244735	0.012922303691999511	0.012548367996621424	0.012283367383643613	0.0121043151285352	0.01118483615453705	0.013308067132882007	0.01367257761525603	0.012993240668328647	0.013727180429303765	0.012610344076128597	0.013199617040128097	0.010797084896860501	0.012374123959692578	0.011597511983853965	0.012349898464742564	0.0116997455086787	0.012213959101630822	0.013351100143329691	0.012129746010857392	0.011998261046413885	0.01217818112170398	0.014812560023648513	0.013641039959731944	0.01201136042258178	0.011744947839917863	0.012191679706955076	0.012384595934633843	0.011595458630374054	0.013752572915039962	0.012948594036979058	0.012390690898874165	0.013349521760694039	0.01272601284082268	0.013719564206706001	0.012058122272237723	0.01266919231052878	0.011860431453127153	0.0117360245638562	0.013927266917192468	0.01217825956364556	0.012165776117170297	0.014112889758037211	0.012164092835593509	0.013581413488659842	0.01267582665448047	0.0132676323208596	0.0125700574742744	0.01238648866562201	0.013420724681653857	0.011501053920790033	0.013539889470986752	0.011590462619079582	0.013363057533375699	0.013356109663129492
platypus	0.011409784056198724	0.013499442937342844	0.012297497343502335	0.012607964041248936	0.010465097201490137	0.01191594646833749	0.011799044501968064	0.012410735517065612	0.011467688586219387	0.01222351623143	0.013878420051766522	0.01110605030817781	0.013030361863099664	0.01304717153559104	0.01188698655860396	0.011022329362533145	0.01185507184400052	0.013082671445391315	0.012286090612982945	0.011757941591351595	0.011183387676565824	0.012615205179986657	0.013850313912320802	0.013130679302974155	0.012823612235640925	0.012131613304518571	0.013482643071333051	0.012949303587809262	0.013451199806694847	0.01107400149494384	0.012269706212612742	0.012887388738763519	0.011796784525097623	0.013732139154374802	0.01263446507838047	0.012631824084782972	0.01267490930043627	0.011151366447174224	0.011483751361908394	0.011233832808438959	0.012793124384625121	0.01184018210477702	0.013517224149840822	0.012120636609306894	0.012944326627523907	0.013094673902088752	0.012028531962080098	0.011465150901114713	0.012983548587092329	0.011133149583225376	0.011606840472485275	0.013047868461149931	0.010884039603430025	0.012761361298918757	0.012249512737811458	0.013007003586309107	0.012641312888907906	0.012645894331652896	0.013418144854154056	0.012875594111489832	0.011018335631742076	0.012145631604156581	0.013124916900931555	0.012008497931096002	0.010962902846944398	0.012053423712109686	0.013189427432283274	0.011293617718014445	0.01273773286195349	0.012573224833122313	0.01392076229413053	0.012483724404078135	0.011045964395468545	0.011999350422619924	0.012177789348240679	0.012660829681400894	0.011623996549619764	0.011015763004544576	0.012072187780733816	0.012992135216630871	0.013763761007244937	0.012183440711813553	0.011655691536418523	0.01147210001537603	0.013609520943172068	0.012370647224022315	0.012527313909712961	0.008747288550946787	0.012533051462573599	0.012046090593235076	0.01100920451382607	0.012930056842165699	0.012489766812722928	0.013196275005406361	0.011432657341001528	0.012258812703171789	0.01134282437892903	0.012845470511981179	0.013482743931781867	0.01072154598280295	0.011661265509530783	0.012470521904797263	0.012215577484660345	0.011954995700429911	0.011416343006426886	0.013171876404419046	0.014199179089246106	0.013522278892843798	0.01291503688878134	0.01262812831602753	0.011320891578854776	0.012796200324673426	0.010558586644536601	0.010370932075318282	0.00985864799776407	0.012025647156028312	0.012595579482539117	0.011959123232137136	0.012291249270298017	0.009347193484640474	0.01216706270834672	0.013428140503833149	0.011094052889247242	0.01406954039657182	0.0123997025591415	0.009752188025434016	0.012334239466413065	0.012945881711112462	0.012456637729759046	0.012814858095216812	0.010829981070024976	0.013242392962194666	0.01163293289855734	0.012885082215772621	0.012152851930071486	0.010927988075513177	0.011936041100085283	0.012976818171724747	0.011900489978488069	0.013084829256494498	0.011115099904189374	0.01211933193490269	0.01217874892913792	0.011697276131849224	0.013553206376565218	0.012886130663406645	0.013299819296898966	0.010093304707077826	0.011723801916562837	0.012687466796595753	0.012317323061991842	0.012157599457187506	0.013382945690773458	0.012285671477357644	0.010677429179254986	0.012137876869878623	0.012832558552005303	0.012707553834350682	0.0134452093760437	0.012598097819674517	0.013160219817569428	0.013541241171981144	0.0	0.01268371330924173	0.012538710458850723	0.013056515747574538	0.013312174130065312	0.013117097560148562	0.012977452442933506	0.012112851165754595	0.011015096480583408	0.012882297832705097	0.012876100558910334	0.01290848134302945	0.012523332126319911	0.011525559268612954	0.01135911826224311	0.013952447609797327	0.011527017428722742	0.011851083164692591	0.01284728987798068	0.011770882216638818	0.013121433537550043	0.010203728826695539	0.013110585695597138	0.012187702601596025	0.013273206635243886	0.01058806598100019	0.013059612127703766	0.012554797796018789	0.01223605687532549	0.012615646075188107	0.013460937131397574	0.011834522676515502	0.01281574318417267	0.013539206336091762	0.01021558465563166	0.011016046042207668	0.012835165233293104	0.012061238222398548	0.011377907134621223	0.012913730741299338	0.012353821476318536	0.012347210710965846	0.0126179401394243	0.012358097916722387	0.012484917428725106	0.011635040395110768	0.010873822875156923	0.012891666216870306	0.0118840903782012	0.010903411188366472	0.012801834628966757	0.01215907447913818	0.014092639036809724	0.012077299181038958	0.012577391373443192	0.013654156648657408	0.01155414738950958	0.012505428495058434	0.01148602847644258	0.012120799630849652	0.012530295342252631	0.01210667266090907	0.010346813545249184	0.012021805399399682	0.012048215044221771	0.014140638215198072	0.011536282101831592	0.012498200486903997	0.01265435256647788	0.01190420343679156	0.011519137110199012	0.01290428166243607	0.012297395592096281	0.011850874784942525	0.012549375078295281	0.012539800937874258	0.013636319239437826	0.012904299620966578
polar_bear	0.012202199035887826	0.012580509948216589	0.011613862209166312	0.014040246202303297	0.012399014006757867	0.0139073130284607	0.012473738844469093	0.013090273147747864	0.013447551224570453	0.0122994314241821	0.013335800405309952	0.01344311193411496	0.013551515088138502	0.012896913769813141	0.013115761194800856	0.012560482289268675	0.013851845223994986	0.013559035857894995	0.012198576161014253	0.013053308768154727	0.012411613047152175	0.013692466606584831	0.013072068867492652	0.01353740463790814	0.012681021084455051	0.012278510585692863	0.012609537909656769	0.013341929755004114	0.012921622087068587	0.013643404933190304	0.011953101200572778	0.013703596021687674	0.012772143376136105	0.013804290580504525	0.011412564728306863	0.012378706741302443	0.012899923651538647	0.01258794933204453	0.013483701054171005	0.013002342323112894	0.012302641646411469	0.012285730404159636	0.012930295150915577	0.013782201921320576	0.012473104479452258	0.012708825140931112	0.013001459176865173	0.011894968046821804	0.012611826485209499	0.013152722457790787	0.01358494361383048	0.01299713680527787	0.012539432234149227	0.01223611237339778	0.01295151007440958	0.01247362807264481	0.012921286001440808	0.012564215322925313	0.012619440190842372	0.013210245340708473	0.013093762765410017	0.013182276510828208	0.012745337389060966	0.012022227740619817	0.012514165477174372	0.012793829234260892	0.012610626365532871	0.012110446979702016	0.011864834624698329	0.012118505269163556	0.0136476100538742	0.013525337566767097	0.012361188764272137	0.012603153476870427	0.012672433637477934	0.012020968248894927	0.012962311465188208	0.01261785293438308	0.012389214180133638	0.01281871042813244	0.013578908735138	0.012666381099300086	0.013956906929938374	0.013959752649355912	0.013570612076548012	0.012381805451773949	0.012612874824609877	0.012839362617072388	0.013258429312142082	0.01235218617608165	0.012053585641921194	0.011935179528187791	0.013813023507153117	0.012270798224304822	0.012393871036965518	0.012969856993036086	0.012266454203859824	0.012239744126647563	0.012577606994355861	0.013789125874846502	0.012540185220748403	0.012826467752888896	0.012104723802186879	0.012624863487429618	0.012514325623203686	0.013510338156228738	0.013404612953568913	0.013670283455078607	0.012926522907582056	0.01266719966217398	0.012118601312876452	0.012984177024530495	0.013315609977927235	0.012926193327709197	0.012232302144962195	0.013331719680035764	0.012231025075454458	0.013240784887458359	0.012195934726141167	0.01375404638853265	0.012614026354359122	0.011789345413398345	0.013106225360325905	0.013981313055551758	0.012694735836959889	0.01344390421017994	0.0119237367446697	0.01351335307604619	0.011713050824502363	0.013409413088595619	0.012351613618533621	0.01279524369858226	0.012178074786451552	0.013295330941238576	0.013156799951107068	0.012966384867989102	0.013524348817564676	0.012921642470636888	0.012244395352570105	0.013937384384502793	0.01315670043051175	0.01264601882729935	0.012533127172725242	0.012753928306140921	0.012644193896136437	0.012623310480782404	0.01347043503662039	0.013431411166551612	0.013252270727007007	0.013520800073900812	0.013375253663904454	0.012351163062337989	0.013007374048022585	0.012868746524117038	0.012516657152448839	0.011777911553952032	0.013877402214572036	0.012975565414425873	0.012912729638653283	0.012981375276242223	0.01312406612242183	0.012096657554460743	0.01268371330924173	0.0	0.011403319895062745	0.013631774116020172	0.012919108420678066	0.013019645324325996	0.013381760147781615	0.014267715524335131	0.012389863152343323	0.013403357189293998	0.013790683232355758	0.01415338957297253	0.013101693740460309	0.012749859216116387	0.012695069654499609	0.013800612012897052	0.011764904545261735	0.013241947924223136	0.012023212694426404	0.011908281379567238	0.013886316695534981	0.013139155609346444	0.013951152017591872	0.01210368135125498	0.012673521404751736	0.01347570329701698	0.01328562596931704	0.013066677062287743	0.01201643505844115	0.013460554577251059	0.013733730705670466	0.012909894173216948	0.013279016725325799	0.01295447522015202	0.012774229437405488	0.012209865116026458	0.013496316009689351	0.012151951137987275	0.013334878729555601	0.012855265029764352	0.012807762227678906	0.012197203716406188	0.01325124803015295	0.012178019458054532	0.012601235016681136	0.014110322378044606	0.013558641685596187	0.013078321245752091	0.012196403185501904	0.01303794325697923	0.012711425635147317	0.012105962656376291	0.013302133198482865	0.012720102254178472	0.012732304461805148	0.013356811935092147	0.012568139482955692	0.01375393290064842	0.012948349125747792	0.013259434071921839	0.012702892461270387	0.011763240293035972	0.013163314387937275	0.012628711048320494	0.012373642321569223	0.014414328728967956	0.01202768308786064	0.013937143590486154	0.012615633680771789	0.01370063846831053	0.013694170782434838	0.01242242794042135	0.012728414439835372	0.012931135131571398	0.012381089710983284	0.01318802676100302	0.013102928633182602	0.013587808327952438
polecat	0.011862344114896273	0.01311844781274769	0.012345957027098016	0.01305022327566857	0.011440487378355893	0.012990671988530824	0.010805879658198292	0.012759248456712405	0.013012258050091777	0.011136684809648528	0.01252698797318653	0.012921669333006744	0.01205567158795438	0.013198347896730123	0.012178968902893494	0.010953402084513151	0.012771500689743094	0.01323321064969595	0.009315084059912198	0.01279204494011293	0.012083600422040413	0.013310730304319032	0.011718098965030429	0.01294827150183955	0.012080907517807528	0.012064255647573994	0.01237064425112542	0.012692544006405087	0.012565386639522882	0.012753304714533778	0.010822641291941087	0.013738075893342368	0.012776085036397098	0.013284489915222046	0.011029581664652401	0.01182211919300572	0.012945738444081643	0.012609957197470012	0.012922866308259751	0.012594446755342414	0.01226465640239589	0.012900306111194344	0.010542196878915586	0.011941153314642898	0.01136665599405946	0.010563982864455984	0.0132563978040033	0.010832934949462403	0.011302225849796123	0.012262672436428663	0.012592450543896665	0.013016467139463863	0.011920509967776964	0.012052334986124978	0.010941165852487889	0.010936122797013302	0.012484169094994198	0.011932478895649497	0.012724684956595393	0.01294400245480575	0.012680644473492266	0.012219790410314202	0.012698133851881097	0.011190628882582258	0.011895807319014995	0.012881802906078493	0.012179811625884631	0.010917130445119933	0.0108303189647732	0.010790545722030668	0.014096328574604543	0.013233555426824773	0.011642531409647947	0.012128898965512185	0.01035611879484976	0.01095613751610825	0.012086139523200605	0.012561209905166093	0.012903690126097465	0.011891764623557764	0.014283484004127435	0.012139536029580398	0.013352712464746466	0.01188281543450425	0.013216739030531126	0.012463618109461408	0.011172895563425404	0.01212068573416706	0.012985468450417195	0.01137610331951468	0.012411202086620412	0.010158903089255534	0.012967587819701335	0.012296989217254407	0.011717823134535493	0.012215447321021235	0.011545736842395828	0.01179438869651699	0.012559704733327959	0.012926605521328531	0.011556814795433112	0.010988278933665947	0.011293747826878206	0.013025506355278995	0.011926860176759823	0.012700478704980842	0.013988073996677355	0.0132245949754852	0.011672793735570765	0.010808526379797272	0.011411272024833538	0.011907351288043613	0.012121910586699427	0.012172122321922085	0.011339627801261465	0.01271926511594628	0.011757121708105436	0.01377513091618739	0.010291191318383608	0.012980723038253589	0.01117542317297332	0.01162331858480696	0.011971168234465663	0.014481895257163552	0.012165403198538307	0.013224032744631473	0.010413296833721868	0.01371939476795248	0.012051592466413446	0.013112330283714143	0.011823448962410056	0.013000792992171151	0.011154445475581126	0.01148598189480942	0.012890396803139978	0.012042342594787503	0.012782945542985934	0.010769350842025693	0.011291135066583136	0.013676427328253391	0.012838732733861866	0.012232062041249906	0.010479237453879131	0.01218525238716815	0.013135121947333366	0.012412887600817055	0.012798756602754464	0.012614966772406483	0.012497639552284443	0.013199346558779744	0.012805604892343123	0.011751205629650803	0.012378628068255938	0.01278563524046277	0.011465496830126699	0.010349996816176073	0.013177385085398667	0.012423760015038565	0.011678623717314289	0.01300179106920733	0.01163769410702217	0.011482908252545117	0.012538710458850723	0.011403319895062745	5.960464477539063e-10	0.012392013556131504	0.010779463533228242	0.012925949425550807	0.01348526976963018	0.012964068555160602	0.010966733483939983	0.013423077533773526	0.012621026024739947	0.013387982257248809	0.012386919187099698	0.011179189546252048	0.011812414952170393	0.012592653996748129	0.011120933117662378	0.01233519477912587	0.011982487513960461	0.01102350121702455	0.013927580086567247	0.012037619791018344	0.013645617464144034	0.012438268266461732	0.012585309013300676	0.012734656892856158	0.011143443867317346	0.011287963947309165	0.00901913945883561	0.013359646159872838	0.013828357847299726	0.011710760524221988	0.01297424502971169	0.012679440462252016	0.012216393032395231	0.011199664076854346	0.011215844654577489	0.010880533023469077	0.012745104102839432	0.012595325641868035	0.012562364495077279	0.013116435752371447	0.012730657872274448	0.011633596910281643	0.011129180206432715	0.013710518817913011	0.01370976795948293	0.011437278668139681	0.010866686149541848	0.012101298628894886	0.012708874666305534	0.010978838584646947	0.013556192871441407	0.012415853532138523	0.012057593848977099	0.013139906556778571	0.011647452360806864	0.013770972212949189	0.010876151443182684	0.012913677425739643	0.011374713557255103	0.011146971946209536	0.012991169141551663	0.012360483060597525	0.011725462767874633	0.01392780083086576	0.010899816111777347	0.013408670779821275	0.012026660309862354	0.012760265023209599	0.012531048612931951	0.011845805130889162	0.012872552483417446	0.012479726127292584	0.013060732994193542	0.012091350214814129	0.013240367246248788	0.013067046199483377
pony	0.011947658478657393	0.013581330855397868	0.012896191989073824	0.012763697866421942	0.012148055430611635	0.013562621204980132	0.011989488640715458	0.01299390259445413	0.01314612467962844	0.01139379176876155	0.013961535316499069	0.013491375889638568	0.011951735140711694	0.014113397210659859	0.011528194080849768	0.012230736390611128	0.013141498572526993	0.014094041723232689	0.012011642735083101	0.01242187498620205	0.012493316041417275	0.013788859749072221	0.012855688757849336	0.01340891351623814	0.013286394558936631	0.012959719175013602	0.013428670564014622	0.011337022303463902	0.013144693387430087	0.012018851618274196	0.010773095298308572	0.013622717923467033	0.013221576924465996	0.013456781265522017	0.013230535010726885	0.013256518964350228	0.012775739510696939	0.012570651337742971	0.012698515168453273	0.012947685858478225	0.01280704090245541	0.013205016621277385	0.012803794510726703	0.012899236610976042	0.013299719305151374	0.013226879410427557	0.013052259431298417	0.012416115733781801	0.012262527805032945	0.012572606908298936	0.012851218057317095	0.01355984368230071	0.011806512410804056	0.012906446077231726	0.012379570296466079	0.012536759662726089	0.013771328636257947	0.01108782643866578	0.012257988898637525	0.013158601599850656	0.011520798752088683	0.012568650701724509	0.013638298264468758	0.012513109333267975	0.012460746274680941	0.013370974797449873	0.013698753136430583	0.012136330991848408	0.012373691043889423	0.013252972184882573	0.013431630866025192	0.011855308018219652	0.011780289724479778	0.012395191826971061	0.012519427360146574	0.012492788548004195	0.011973824509580688	0.011884469589528062	0.013469716948158492	0.0122095110291047	0.01396012145439413	0.012418765870955816	0.014040204868472796	0.013359212704844794	0.012225475131786956	0.01222620299744513	0.012768850477018536	0.013078042578307218	0.012696663976633828	0.012320735377750686	0.013384643473862833	0.012760411953800472	0.012860352772149065	0.013466981850595416	0.011629495756854206	0.011839674237016807	0.013038217379480075	0.012907153376239267	0.014204579500422462	0.01316934227226285	0.012051725806033493	0.011909487637672982	0.012713127796538728	0.012903515367380223	0.012063417109456442	0.012620999686244168	0.014294626042426477	0.013447953713932976	0.013784810960784178	0.011600199825105522	0.012492089102059636	0.0132711971996082	0.012586149671216105	0.012963158339251674	0.012007167219562806	0.013242836659355548	0.0115795522425506	0.013891944811893781	0.013305929802947201	0.013136006955987298	0.011650591179659846	0.012105081693646809	0.01284171582074798	0.01449723355016657	0.012993539787860437	0.012778808343254818	0.011905368164498139	0.013853960517282693	0.012385891493696947	0.011950323327840191	0.013774135703792134	0.01357645126458722	0.012398403849084048	0.012148348303595836	0.012396204231479881	0.01325266683995127	0.013016655754137425	0.01317917653907531	0.012795218229192473	0.01303326000001213	0.013534262874039122	0.012326197823721088	0.01306190395518675	0.013058880537439381	0.013869627915620186	0.01251511933972397	0.013329860499685299	0.012966566420119112	0.012890719548528001	0.012280828575996829	0.013222405749449892	0.01276327820343141	0.011861475059025945	0.013394702546158002	0.012573812777150592	0.011579693323201846	0.01384595799356528	0.01240037781461769	0.01253784957335566	0.013450793279028008	0.010431586237086465	0.012480369398221076	0.013056515747574538	0.013631774116020172	0.012392013556131504	0.0	0.012395897230036361	0.013021393779968185	0.013202172860433231	0.013039983678047656	0.01233679573296244	0.013088707195384125	0.012723766141716107	0.013869103608514906	0.012238165381260782	0.0107958025923211	0.011950331745421658	0.013904494950637338	0.012860656372632055	0.012621429824317914	0.012511333127658748	0.012797130592260035	0.014278745561154249	0.012774683510822525	0.01359784727972134	0.013164710047640176	0.013436232493259146	0.012266088026969067	0.012810678710597925	0.012339627676070185	0.01206252880485723	0.012843863366742066	0.014029658085133335	0.012120445419120874	0.013931627543126853	0.013163973103931416	0.01322079789259694	0.012093037316900566	0.011649089102845738	0.011330926225418946	0.013216417645858614	0.012084911268845158	0.013223202170030044	0.01423974335038003	0.013128021302031041	0.01311117940012969	0.011522192370704915	0.014244034470801865	0.014066670970469103	0.011847877411475631	0.010895331145924567	0.011665493994556879	0.013553131855974693	0.011813559456256138	0.014161807940092244	0.012039389655304504	0.012706169658415742	0.013666414001736021	0.012438800714478266	0.013708116380847483	0.011614914168278614	0.011593791520741099	0.013122060051594603	0.012365574926730315	0.013902638794324013	0.01335280380805063	0.011781056902600489	0.014782449089086906	0.012614254509183744	0.013229456027505828	0.013077691412706977	0.01317929545893378	0.012232448597607144	0.013266853822678752	0.01335101660851624	0.011588344756690764	0.013863154699152011	0.013376238059163336	0.013521584394721368	0.012806602429788861
poodle	0.012884672512393702	0.014071196510836638	0.012240852273904555	0.013067765097064676	0.012789286357848801	0.013347468880305031	0.012678337341175058	0.01335069361255948	0.013677637696138271	0.012122971193687245	0.013417819643051849	0.013373782809369522	0.010887467034202174	0.013825120112737805	0.012420893367385165	0.012740702426359066	0.013742262927536643	0.013285806506818841	0.010616236764762638	0.012887520927402349	0.012793372405696559	0.013272865754891748	0.013047047194633865	0.013944240383888163	0.012578613764352108	0.01324434769867764	0.012746403044152914	0.012226792964480999	0.013379168065916918	0.012630680694922286	0.011129496753921646	0.013753308534904096	0.013593947967087685	0.012810910433339446	0.011531088535478138	0.01280785639131754	0.01284255532349188	0.013267058444134852	0.01279044330677623	0.013403734242541274	0.01329680782405317	0.013738806467383773	0.011669567529203421	0.012143917854933819	0.011625580045426376	0.011632443839123659	0.012964949968214847	0.012064535897287563	0.012743011178741206	0.012970587424910139	0.01288544042019246	0.013711873600063214	0.012885232949534557	0.01248735107784307	0.011986781990502167	0.011403569274725982	0.014101186277199518	0.012560786776844466	0.012715939468538898	0.01312431224712024	0.0126558724580279	0.012490303822277716	0.012475323011298911	0.013296663056915254	0.012872990931212455	0.014041708654043734	0.01352468131893725	0.01234028068640696	0.012121233849069424	0.012098575563715776	0.01307299225909841	0.013037184377183557	0.012845067400170749	0.013198970551287081	0.011649467440602267	0.011902360468282209	0.0122906845276369	0.013015224825044755	0.013797505227980154	0.011972709985450278	0.014139102472117375	0.01230541968651917	0.013884010256930066	0.012278487587887427	0.012996469644613824	0.012578194353450195	0.012605082043574129	0.01293231038901496	0.013255316420343279	0.011887375592068556	0.01345359427829279	0.01188003581858353	0.013252541330722102	0.013534534632621617	0.012039089910302109	0.012849375043282936	0.013769730153399553	0.012521859730539183	0.013649810898863161	0.013513477997745375	0.012087527092301278	0.011528772966499618	0.012511480012434548	0.014229350972100962	0.012286712858848407	0.01257940395708667	0.01394690035552127	0.012738207766018736	0.01306490994098193	0.012400974722674579	0.01296128492862027	0.012655549577582574	0.013408960750922206	0.013413825344004992	0.012225447607260584	0.0129143554767008	0.012590190400801298	0.01417365353186376	0.011978054731605283	0.013623900313499844	0.010821413641141064	0.012524152584414335	0.012678012131196723	0.01488997789956063	0.012711786428107132	0.013453437181485128	0.011813449390831858	0.013685641330402867	0.0132158747215475	0.012163075949798883	0.012582810664055864	0.012949532824049408	0.012268182800514522	0.012408422160761885	0.013403287745039436	0.013736128930689248	0.013500547853757736	0.01172386243627076	0.011847779947873336	0.013082511469619449	0.013604797270822741	0.012388446164277525	0.012237707835741653	0.012643335403799947	0.013549181010873188	0.012394109510978444	0.012325017576818968	0.013316547621244684	0.013635488402663631	0.013011365756429078	0.013222585525596704	0.012882490336814196	0.012654921724699121	0.012708022986904157	0.013188618433184552	0.01190283972846784	0.013050885466965843	0.01237988661185248	0.01181313089912651	0.013282365291468963	0.012415440838594334	0.012005046760590887	0.013312174130065312	0.012919108420678066	0.010779463533228242	0.012395897230036361	5.960464477539063e-10	0.01281971043958326	0.013441553003692595	0.013014156678915085	0.012954426153234342	0.014156907116299428	0.012826230975886416	0.013601940674287945	0.012590952393241959	0.011695430806871975	0.012284267359246356	0.014179762312238173	0.01250483497678155	0.01331270237914793	0.012117317164615919	0.012293192336666179	0.014788673741154203	0.013699693711373277	0.013435546765377226	0.013102106091895785	0.01341456806828587	0.013484920621674728	0.011674740385152132	0.01261334385661093	0.010940599518685564	0.013189272723184138	0.013442045980770454	0.011725993226167438	0.013351976373336925	0.012427349690310355	0.013609476868392171	0.01273654446854679	0.012482746923535562	0.01147744052805957	0.012870792972765306	0.012573739899429861	0.013150432356740134	0.014358283255052541	0.013540843280600788	0.012527839245216443	0.012314913606931965	0.014093187238086896	0.013736953695003155	0.012741704799559215	0.011474708091524479	0.012499029770812908	0.013107749199231517	0.012607812762063806	0.013411682975156864	0.011799509606747062	0.012698886870273159	0.013453244319515213	0.011914530672850341	0.014193069974763743	0.011677574148499261	0.013039729676596161	0.012258057026251242	0.012347116724753906	0.013607168214988816	0.012881406015030253	0.012242330895947845	0.013331391033817752	0.012360896372705986	0.013432224883851682	0.012959353221139216	0.013572183114201134	0.012233602991848986	0.01283176180884	0.013154712403728792	0.012333073827641377	0.013161001266680537	0.012148554208428815	0.013631857107910783	0.01309308489417216
porcupine	0.013151096382078484	0.013334992335382633	0.012161641001094715	0.01386838297174322	0.012688772203585906	0.013918559487884887	0.012306321471454934	0.013678740577896607	0.013577672863776962	0.012105968170833486	0.014386122829614639	0.013445626275868624	0.01315287496863649	0.013969261715599177	0.012029452414746133	0.013608402792714351	0.013532892178646967	0.01277740125589631	0.012591668538049473	0.01316916819081447	0.011240168796265463	0.013744102373594396	0.012748108644543354	0.013789247845807828	0.013557814911079014	0.013570783125227335	0.011956906816391409	0.012163284733956014	0.013476847296969106	0.01358364095541797	0.011385185301249452	0.014177119302141552	0.014022498816627706	0.014077812630010584	0.012745015914148783	0.01310346874605137	0.01276669687662416	0.01331784170192008	0.012825657577069488	0.011372111986685186	0.013847896917061278	0.013889228493215272	0.013450684992009633	0.014032370864019698	0.014253736750562455	0.01380707634056857	0.013059099078352374	0.009971121037906629	0.012434563199001603	0.01268482857495229	0.014237174313135583	0.013792805858889517	0.012058208131570894	0.008955372455787196	0.013036632948646133	0.012566242268553978	0.014173717124991898	0.012344087933006875	0.013262041209927132	0.013042662634344355	0.012921599254150045	0.01231958766536971	0.013480565262365303	0.012681429328384725	0.01287367391257994	0.012652199828008987	0.01327693740135998	0.012763781589738385	0.012487426603455436	0.01337165065838169	0.01379563812195118	0.012678355512201278	0.012912236579730578	0.013140511590646015	0.013132403124539577	0.012976383157611602	0.013075960629179803	0.013399111469287186	0.013499770123497457	0.012489150708230822	0.013490055966371893	0.012689067205661429	0.01433282805523376	0.014350039704899288	0.013511130402735294	0.012718655070229217	0.013436335197004368	0.013237195716810774	0.0131084414570037	0.013036233215087517	0.013230784441340343	0.012876188978749087	0.01452751007410361	0.01390974609003013	0.012376302516340122	0.012549283440846604	0.012870326439569335	0.013431567728312676	0.014282273141355894	0.013698012473602838	0.011952390269512204	0.013290923916031221	0.01252875337428342	0.01368866862290275	0.012809006067860073	0.01333963268275948	0.013889760127093524	0.013773564509050058	0.013384872493307947	0.012341965783949572	0.010779038948891222	0.013401325655419698	0.013523746959896096	0.013247327563412825	0.012812004500075826	0.013152049702415148	0.0132050423963598	0.014366334574919594	0.013469206845223736	0.013285917466112889	0.012123094223324476	0.012533962094539733	0.012463713825567246	0.014801964484591996	0.013276255580593031	0.013088252836586583	0.01295111625009044	0.012783398963151773	0.01321222179876193	0.013415129668384982	0.013796994450297497	0.013934563665916984	0.01134327294195406	0.012358541639855211	0.013364932328003122	0.013697800787604256	0.013116889440102563	0.01355932526578148	0.012544546615075768	0.013443450421995169	0.012449035503913852	0.012620699457534398	0.01268686678941658	0.01253968060621225	0.01389445999006497	0.013045036463958088	0.013436668899921978	0.013413478795857445	0.013725714586097662	0.01330314213705543	0.013855457447501177	0.012473646005796382	0.01344978858816889	0.013415961316982925	0.013391372093139458	0.012465872224922894	0.013451834064500097	0.012763876793473083	0.0131770224080306	0.014356061648986678	0.01268372664191244	0.012152124862833213	0.013117097560148562	0.013019645324325996	0.012925949425550807	0.013021393779968185	0.01281971043958326	0.0	0.01299975776737561	0.014099803442057957	0.012893526434945613	0.014291324600323252	0.013453669349370388	0.014647467651432801	0.0130925717227853	0.012351631591021227	0.013596964718252013	0.014350949814468798	0.013274645099363562	0.013363145408574329	0.008893563288175768	0.011865673008579642	0.014327480421740582	0.013699475555910858	0.014012649984398835	0.012396680253712369	0.014287471607932343	0.013279942729373752	0.014086901309164528	0.012647997585797197	0.012352622139521787	0.013006638512425223	0.01318385297422357	0.013045306735827227	0.013286642362224465	0.013942740977830598	0.013778008779871002	0.01258041613909415	0.013202477383081472	0.011946483623363108	0.013560331222510052	0.011676986743432361	0.01256198044373015	0.014524099469773835	0.012334138673693469	0.01207159307956521	0.012602479302438914	0.014454523944070824	0.014262353499599596	0.01330033738875531	0.012113698139517126	0.013112145324583506	0.011796400977245259	0.011845399130934502	0.014357767801193461	0.012058932593919734	0.01341712132903059	0.014759282844988926	0.013648657033727201	0.013451735748869976	0.012911519822577943	0.013777988366987015	0.012603116921853359	0.012239140637818353	0.013671964909396775	0.012110800701250543	0.013265981560606372	0.01450870603590132	0.012413009231368904	0.014485908151712221	0.013509694967294166	0.012778239685361579	0.013600365205759817	0.013476093817998325	0.013515956454087754	0.010739235788585147	0.013728429517767397	0.011923129535901508	0.013300275133287427	0.014008705200027352
prairie_dog	0.011755839684548347	0.012340772844997098	0.012694260181976795	0.01320952463982748	0.011784086954423305	0.011716304121705797	0.01149760661816691	0.012531350319149719	0.013966411108286267	0.012539214919754743	0.013275945964324964	0.013170572073246739	0.013245671947584345	0.013399326738534697	0.011260778058953964	0.012649814993693267	0.012459006451676658	0.013104834148063665	0.013784119910008387	0.01317079894516259	0.01207123992486979	0.013701752810964496	0.013164232128094623	0.013328638636692668	0.01197179366425577	0.013563558646052172	0.012962271209835547	0.01335017406695212	0.013297674822138285	0.013360354732989124	0.013156322639661462	0.013183514322255386	0.013076474312090403	0.011783316581892434	0.012234193923141026	0.012066461064358412	0.01325470672270199	0.013082961186929042	0.013258202975079476	0.012313838168884756	0.0137285270783794	0.013285814068938109	0.013802837938252184	0.01331259030543784	0.01276660676884971	0.013513969399413525	0.01341694653402541	0.012655930868643172	0.012535867804230523	0.012992274846117473	0.012964937377066797	0.011676770105157656	0.011882010225171125	0.01221742435085912	0.012234327580503652	0.013465105196551207	0.01336644532614325	0.012705888993613907	0.012811960639932191	0.012103485477675747	0.012733314734104113	0.011393026118425744	0.012403600600002196	0.011925513791337659	0.012195455204875465	0.013137492775068307	0.012825235512656987	0.012473762780511922	0.013111119135559212	0.012896848526026967	0.013016879796395103	0.012684202186839163	0.013097553886988703	0.012042909243337414	0.012813074720308737	0.012849496006109809	0.013428584387859892	0.012734854454530813	0.011949445798990026	0.012327733133580154	0.013208021753240646	0.01212561618436609	0.013347252917120895	0.012819714468922286	0.012693580174215714	0.012421045052229802	0.012294304723492371	0.01281400483267826	0.014076912317762065	0.01257164998537392	0.012811856648946495	0.01259888891486501	0.013809647257668206	0.012731709252008862	0.013314168887540804	0.01323925600670866	0.013178499148315653	0.013644174951461151	0.013641776460004123	0.013692547843899132	0.012229121030953569	0.014041274652500093	0.011476138147132569	0.013546063480983733	0.012757613270540891	0.012921742752059175	0.013174812757968274	0.011805541083628156	0.012039966684747001	0.013117779009536524	0.012120911689067381	0.01231825785614827	0.012912915020900514	0.013222124513523052	0.012317191034727256	0.012579077669752352	0.013039494113775028	0.014262556538312028	0.01303940899047218	0.013457592555947055	0.013134945197424464	0.012950308460780633	0.013523906595191947	0.014350501817596945	0.011888845650857018	0.012675332190680566	0.013618360728544528	0.012622787997757607	0.012478032292842176	0.013143958940541213	0.01362286577560176	0.010957293178235475	0.012220677665733688	0.012482536997991163	0.013128174983471741	0.013117370776569371	0.01348876171499025	0.013095222012626053	0.012907472667671933	0.013541947707604965	0.012514141813679724	0.011702362724718753	0.012844390393519705	0.011842561388018804	0.012626541389064052	0.012412330993900355	0.010941127923360933	0.012969217714860986	0.013184691527171334	0.013617179099861485	0.013119977395526243	0.012810019229365966	0.013462583166769739	0.01194638264921697	0.012964941588428158	0.012809555549318057	0.01227128827774334	0.012281159493848691	0.013595324103505207	0.012349624577438377	0.013561478949655094	0.01333152691131684	0.012977452442933506	0.013381760147781615	0.01348526976963018	0.013202172860433231	0.013441553003692595	0.01299975776737561	7.300048299977713e-10	0.013479303378765645	0.012439910408768509	0.012997967593852683	0.013472037677948443	0.013143644932162756	0.01309214227664445	0.01291734281406425	0.01287521460380192	0.012712732208769173	0.012676678687929877	0.011707623498824924	0.012832283269314272	0.012326118862975088	0.01313816881117376	0.013459858751616982	0.014066260115607944	0.012356031581521374	0.013760593948268203	0.013147045149916709	0.01327687199606212	0.012267295385804868	0.013258874901450939	0.011546167604630168	0.011606274345412252	0.0126383313051765	0.013484506794653022	0.011989275678958123	0.013151669097865233	0.011699239424195351	0.012693545226933533	0.013250404391022728	0.013325308558643462	0.013542723130704646	0.011961564211005839	0.013025771489527903	0.012922488615454905	0.013282680632399225	0.012674534770546324	0.014579852062617138	0.01346116459068723	0.01303268460167513	0.01253049071800868	0.012034798071749049	0.012667949838179727	0.012334870808583597	0.012449385078841269	0.01163058824211378	0.013552712582733259	0.013128695975033546	0.013467108121254689	0.013035330510369874	0.013083023877642999	0.012717793563976424	0.01303513206143404	0.01261504613611208	0.013343979140142005	0.012401238944964173	0.013478152394302178	0.014995461341811307	0.012542240250847485	0.014641292170989955	0.012336686593299596	0.013225166007235424	0.013390138040201251	0.012428561611454107	0.012430116734619587	0.013068973390678099	0.012980593029241394	0.01334124985798264	0.013527387302486657	0.011764232502990859
prawn	0.012559414675773846	0.014354025682268097	0.013255284686074627	0.012832985932912284	0.012414311674293086	0.01305441273716203	0.012933730893103828	0.01394778018831685	0.013161444615037795	0.013302823939869677	0.013711719935999041	0.011872828440940479	0.01357967815076352	0.013908487638337361	0.012893277294933251	0.013050777553096062	0.013788150641767026	0.014086153381555468	0.012021968796040387	0.012727738506366248	0.012628061853814192	0.013236168617186265	0.013885451853492402	0.01391080656187714	0.013142039534565813	0.013141582491615235	0.014126975221599745	0.013379358545123175	0.014504423675403727	0.012523465426222265	0.012633426107724458	0.014077976954057238	0.013936633240280718	0.013793930057378364	0.012746419130471183	0.014136427391951135	0.013279347372721427	0.012461093436921908	0.01073012065502544	0.011533749610695834	0.014016258491535639	0.013587378750141002	0.012476037320689873	0.00983023219638523	0.012880824532090066	0.012789507637618356	0.013820677879797984	0.013607308445217046	0.013293557236615162	0.012887835530502142	0.010723234822085115	0.013984022523591544	0.013490523390758064	0.013744651591855638	0.013292309451481738	0.01333597412977445	0.013317139114618104	0.012863530744860976	0.013830571064508594	0.013893488909208815	0.012342570926963699	0.012574813487940446	0.013325346287576116	0.013035764917191413	0.013362522447967531	0.01371667895825965	0.013972072929878503	0.01313880597928234	0.01307077156437279	0.013035211768846257	0.013818224434844779	0.013158880151602173	0.012838002992470142	0.01320363281322432	0.012029633842840932	0.013184797078673644	0.01266246656883101	0.011970208226543495	0.013611098757553399	0.01367049903201637	0.014185604442255586	0.012713664828266953	0.012983826858202166	0.010730750210290447	0.012916397918639386	0.013332234103991106	0.0132741523653965	0.01208887780932627	0.013109164812790033	0.012176643271728661	0.013347685359205375	0.01389837927242045	0.013669152892445408	0.01385510265563901	0.013267629697407286	0.013904241106504085	0.013503815947253623	0.012925852199792968	0.014098416891006547	0.013009714387428381	0.0127974940211419	0.012969671828160816	0.013697987290004411	0.014001594221192366	0.012541140297942326	0.012600692924946694	0.014798680783842283	0.014471988437101157	0.013477764103153775	0.01362058424809429	0.013702925153365613	0.013380602102198953	0.01023381050424953	0.012495887288597341	0.012372864125282306	0.012890366484315187	0.013833524178982643	0.01407147571441926	0.013373506855611925	0.011281346694491158	0.011999234572718644	0.013717922142277112	0.012511046050892816	0.014534942626080818	0.013556025399894877	0.011620178242192684	0.012791055864582295	0.013866234752796261	0.013367688638015442	0.013130604587189523	0.011509047861265158	0.013632823774023011	0.013405177135669204	0.013602919438010312	0.013304314080915057	0.013166370249621579	0.012386031009021305	0.013034762804757965	0.013200231643738203	0.01302679068635657	0.012765747387008284	0.01300497249576893	0.013605137383203876	0.01271431195687319	0.014671098454749927	0.013619885356974466	0.012756215642952309	0.011161316630000346	0.01408140670074172	0.012697630609372141	0.01393232647376564	0.013352658324038792	0.01336638511421021	0.012930043796390346	0.012552822395084713	0.012708963589685447	0.01435136740003213	0.012572617597424401	0.01387231757150616	0.01276963398668583	0.012821059540728803	0.014084250081454436	0.012112851165754595	0.014267715524335131	0.012964068555160602	0.013039983678047656	0.013014156678915085	0.014099803442057957	0.013479303378765645	0.0	0.01254098834539028	0.013289791342837018	0.012798304969479058	0.013720845573139143	0.013055764841094174	0.01307524169388649	0.013569029010156908	0.014087694444475189	0.01329320067106033	0.012795104142795834	0.013665178771070256	0.012822148971615616	0.014575805687378388	0.01219323934096879	0.013357867224452908	0.014078354477736223	0.013687041334372364	0.011676283539490503	0.013121415313246596	0.013250064620615875	0.013077063385700258	0.01351184581937463	0.014646014272064916	0.012475668475797688	0.013640784044106513	0.013665809241730928	0.012541548286949351	0.012442338107932353	0.013510633961037634	0.013018441782179993	0.012622140609497779	0.013543097333250995	0.013395373676634879	0.01368660458246344	0.014218952998634357	0.013019123294453238	0.01221921473800091	0.012839592995369417	0.012557559748658013	0.01353198346581319	0.012936412380109268	0.012686735830050642	0.013561335467584612	0.013432253772823357	0.014842414287520405	0.011689449441956226	0.013786213007836966	0.013827436208474892	0.012300314631539449	0.012662621210517724	0.012645806225832107	0.013710117953508762	0.012394135431605738	0.013052067250679708	0.012607776087902119	0.013209514995256345	0.012300627089325934	0.013471076067153911	0.012886316438810023	0.012636681402796066	0.0135013423036281	0.013287604744246909	0.013082290844118018	0.013439992302947686	0.013636142984481221	0.013110292328667957	0.013152892183564763	0.013103068663129021	0.013410258406298897	0.013779564649173346
puma	0.010948349700017339	0.01272074973754634	0.012033464564769298	0.012271616402003756	0.010272079830280525	0.012580730193734546	0.010696372353034082	0.012693105207863778	0.012403021592911945	0.01112223611300657	0.012562789946621179	0.012390543632660185	0.01257097232761945	0.013045783164875995	0.01152723780829533	0.011550521103894177	0.012414346817860935	0.013229862284377676	0.010540186010504016	0.011907401778666712	0.010551331358438363	0.012961289686692306	0.012230351925158258	0.01251862411929682	0.011717190905750631	0.010848779234393731	0.012489987615110767	0.012411627072854396	0.013049941291762337	0.011900376094734894	0.011735180522294514	0.013702957724997815	0.011930045379111721	0.013586842141074666	0.011889613863947624	0.012719781734069941	0.012663885373168595	0.011365779012327461	0.012245983479847204	0.011761580330524412	0.012387966323937577	0.012537322305639878	0.01197489566724558	0.012290354614303832	0.012124820825178897	0.011864620149808248	0.012658481534181532	0.010767764437326119	0.012326196638463767	0.010309445287025312	0.01221811041564761	0.013000383476197284	0.010887069332562716	0.011810069893965398	0.011520955411764938	0.012013684304854406	0.011515803046066057	0.012188812566252285	0.012923050255838729	0.013248975580183541	0.012036450752553687	0.011070476239022131	0.013286410732382315	0.0111708736901815	0.010414196069524819	0.012520026466475815	0.012501795444613006	0.011599258069615627	0.01138543276434843	0.012031226869765295	0.013471414775886183	0.013085127309708795	0.011718301097418473	0.011597542943790404	0.011886179499502941	0.011990714271351718	0.012003225591256684	0.011347962612199267	0.012612305772955627	0.011709701609216314	0.013454899292150877	0.012035220223274554	0.013072858198146908	0.01237893347217859	0.01348715799011413	0.011222061768920117	0.012048628748727148	0.010541909379615695	0.013259228662113242	0.01168100511048747	0.011336922173596513	0.01219853021466849	0.012325215231331314	0.01219228176413511	0.01130682786895697	0.012191081314428571	0.011349869691053095	0.012773846845217532	0.012670550579469687	0.012272628923301821	0.010987955956054405	0.012253239893223227	0.012055909535290848	0.012350567460355788	0.011127156064545124	0.012859401934428307	0.014466697842970966	0.013773761821812279	0.012159268235486506	0.010930881688293658	0.011143634316432513	0.011388348307775702	0.010305315855011554	0.01082907797239738	0.009869225538345058	0.01290930956467093	0.010569319572303608	0.013711152207473652	0.011110353127917005	0.011225707747113489	0.011792180795414463	0.012880733328809442	0.011457961653451802	0.014509970203300263	0.012489487476105171	0.01122210905348088	0.011838074879757899	0.013380273435549784	0.01165126124374983	0.013009091434984328	0.012070558547007885	0.01302353815182098	0.011606233926767769	0.011753772888213445	0.012709418711590235	0.012076919735356108	0.012203530537073902	0.011715614948274668	0.011937869942727174	0.013532888583695897	0.011241248602442123	0.011902979270131488	0.01187792940386795	0.011188114463069429	0.013399909883065471	0.012039197789594433	0.012012342434401085	0.010223786988732749	0.011738607770556131	0.011877085318549106	0.012385233713415024	0.011616177520303852	0.012335899382994942	0.013252233653902263	0.010471603848116264	0.01089201890269504	0.013107643015128538	0.012659669757436104	0.012681087057619729	0.01265168532994353	0.01202838669920971	0.011704984984787462	0.011015096480583408	0.012389863152343323	0.010966733483939983	0.01233679573296244	0.012954426153234342	0.012893526434945613	0.012439910408768509	0.01254098834539028	0.0	0.01302080581804622	0.012238901243869482	0.013129401821186625	0.01251516685075775	0.01035662541558854	0.010562616302044931	0.01332036825751728	0.010111810097129288	0.012051182640305358	0.011793179496388839	0.011150396246860175	0.013354052019053124	0.01158814477028416	0.013006140891517842	0.012141384003242375	0.01200475797165949	0.012092763864732882	0.011784890318982867	0.011816305940175222	0.011403642892681143	0.013028751884003393	0.014118895504024119	0.011681099802850632	0.01309198625772147	0.0125673244185619	0.011785027857180896	0.009324951987174252	0.012377031993295541	0.011213029336559922	0.01201778492552552	0.01215498624111344	0.012017288429555793	0.012194277766912745	0.012194129370398632	0.0109704927425224	0.0117808583005387	0.013726654576567415	0.011779597780462139	0.01187823323134833	0.010898216071597919	0.010743387091440489	0.012298564149079906	0.011360465147480975	0.013397562616258747	0.012488878113542021	0.011582216788256626	0.013544075927223344	0.01187148176416161	0.012845918780298497	0.011209084550601439	0.012589808381417383	0.011455763159677055	0.012061990427201337	0.012767312345301757	0.01186749417814892	0.010841262950546942	0.014164034132739398	0.011477523623956048	0.0130504535641769	0.011159080412687823	0.011647248699321261	0.0118837499443569	0.01233649307177716	0.012787891987176083	0.012121679693780574	0.013227644151241266	0.012883085499950613	0.013010987490069703	0.012521012165349309
python	0.012752319580346798	0.01305611465342469	0.013349569993639798	0.012467523964507758	0.011914544728223946	0.013108213248153588	0.012252192413872124	0.013205746776530096	0.012904915621568156	0.012547844225947229	0.014429615006017846	0.013415634117248281	0.013413932665444548	0.01347248695371295	0.011929744781935607	0.013451953341082946	0.013287942383905819	0.013611415062061684	0.013621667801324365	0.012571242667136419	0.012599939919620778	0.012911720935750421	0.013132977700694859	0.012746964905903355	0.013585569638349157	0.012934106378450943	0.01396336915215158	0.013130517909962502	0.013424790837676163	0.012495227599067906	0.012261329608489545	0.013934104743642404	0.012243895170145559	0.014061210217459638	0.013381137888005126	0.013156277191052577	0.01312509299032638	0.012693171914810453	0.013585179189748258	0.01262382420898658	0.013340051185304428	0.013107091793985077	0.013471813250599677	0.013464377412751886	0.013980883208323159	0.014080198933549105	0.012909744068135973	0.012952082666072406	0.012749738884574664	0.012680634503273773	0.01343069233663594	0.013689751974662571	0.011836194115331293	0.012977886938076404	0.012576500080024634	0.013477563819071274	0.012242661313025706	0.011944220514332688	0.012882775409448908	0.013117026703212851	0.01258510763020399	0.012677260831434872	0.013136212647838088	0.01263253690363019	0.011825980160570406	0.01371109635933899	0.013259116945163478	0.012004346838242133	0.013229765187669768	0.012852693736296751	0.013127667972849975	0.013152409641524946	0.013126703653264444	0.012295851419333752	0.013712458521185323	0.01345504494692129	0.013620357714413412	0.012665224284604234	0.013564486983948378	0.012142654215165059	0.013488012441899866	0.01350020640682857	0.01347692320782305	0.014058512723840628	0.01350249135326619	0.013144515016840854	0.013003635684470407	0.012610700343374802	0.01344517442495965	0.013398638307303833	0.012367721033559882	0.01365230766848077	0.012993561917109575	0.012971402903944263	0.0126774820993618	0.01279700878963894	0.01288099614427828	0.01329696545661852	0.012862569049332685	0.01328139486740173	0.011951595506612922	0.013488293156514215	0.012936450427990256	0.012823349683830304	0.012664175355011844	0.013817877104121901	0.014295693271049278	0.014303723482744881	0.013754700906948667	0.012961661886099228	0.01270176331756742	0.013565339609265321	0.012979757345293951	0.01294869379165756	0.01215481688535769	0.013139504869096066	0.012302417224975359	0.01272723372235743	0.012968883994997918	0.012697483942722743	0.013380138323423392	0.013126434902575215	0.013405393810309299	0.014576384318474156	0.013574863930830254	0.012496332411842677	0.013061200535713158	0.014220279828631145	0.0133313565400749	0.013612306161382991	0.013716102884065284	0.013973146358672977	0.012975347123269058	0.012369556736205814	0.012978077091323561	0.012709857611710276	0.012980545759168514	0.013626810975225645	0.012903977976193718	0.013670447946031982	0.012929224873818297	0.013414585257164635	0.013842722419887677	0.012965640676583495	0.013551080130849193	0.01299093151191829	0.013627304501600133	0.01284691479045472	0.012524748232303247	0.01307923442970911	0.013266130759534507	0.012405783710672653	0.012577659166459216	0.013510779923632827	0.012377772966616513	0.012603126329578558	0.013301641833431379	0.013379524665594271	0.013157085728385715	0.01416102988532459	0.01263545544775883	0.01257247067526886	0.012882297832705097	0.013403357189293998	0.013423077533773526	0.013088707195384125	0.014156907116299428	0.014291324600323252	0.012997967593852683	0.013289791342837018	0.01302080581804622	0.0	0.013269064302901092	0.01384526117311252	0.013434420515331415	0.012787670818790628	0.01268908096884031	0.014255546990523092	0.01296493316120492	0.012085521901122194	0.01307382980166967	0.012743664547385401	0.013758838805925998	0.01247234927709104	0.01330358441755819	0.013129718016381076	0.013522230688661856	0.012658675037257	0.013565576696450365	0.012794962065452178	0.01301367530896645	0.013443104035802053	0.013836303750830548	0.012754929043659838	0.013740292725267755	0.013474314791231939	0.01233907132368915	0.011813416327851512	0.0128188831055448	0.012836677415334431	0.012824437264291652	0.012839673074158614	0.013777122027008848	0.013006669834462734	0.013250401667224871	0.013189327392357224	0.012498222508684214	0.014194078476486585	0.013823335936707638	0.012283864547785904	0.012441305327564685	0.01197992244506315	0.014211825924087696	0.01212299086343797	0.014850085030447014	0.013054950910299061	0.012966507079237513	0.013602429237851354	0.013256695719404996	0.013516670133079495	0.012845930602966692	0.01184157848037744	0.013820275811049648	0.012120266229283154	0.013124593247984704	0.013228856201471089	0.013125689992133267	0.014115423896649482	0.013123376477035304	0.013641333007614382	0.013240359872584182	0.0138783032160701	0.012878903338759282	0.013536833539265967	0.013456830485305691	0.012867848587001985	0.013134938146327406	0.014081708653963658	0.013466583757121217	0.013777183347001697
rabbit	0.012856858013282756	0.014130591874807787	0.012786522875205349	0.01268044490317545	0.012140471582744757	0.013381007276667654	0.01320917389415515	0.012818288991419603	0.013121275682880082	0.013244462379252489	0.013957572482316043	0.012898236308661689	0.011746791781062695	0.014077188748684265	0.013120925713567958	0.012867634305777897	0.013251129302963717	0.012895570106449185	0.0126454297717134	0.012337055644488941	0.012457953142327791	0.012709986364421501	0.013817800674376284	0.014080231863155322	0.013475776645560907	0.011872431846481134	0.01389692933953776	0.012475767542963305	0.014134575915139148	0.012392658163932677	0.01225245397403944	0.014417348646419638	0.01354282734065735	0.013245412411125595	0.012567200281577094	0.013357744015076603	0.012867808466587942	0.013151965654330577	0.011835960650334945	0.012960626511966871	0.012587184496893299	0.01335346247160915	0.01339112577845182	0.012551964656355703	0.013392683276607874	0.013416028179202774	0.01309866096329833	0.012975220699507848	0.013625150356283273	0.012078073737392328	0.013299195579426666	0.013735783561166354	0.013078913541877145	0.01330087557168248	0.01293217344424943	0.013516121129718102	0.013216588549095808	0.01255086669817751	0.013411210477106233	0.013285869500774906	0.012309402381625175	0.013445423095000648	0.01342481341228587	0.012956133942242778	0.01232515831102348	0.013318731434414114	0.013698409281014507	0.012414963767251177	0.012602159204246092	0.013723373396566324	0.014100426200383995	0.013848119305692791	0.013052572135977193	0.013100576069182478	0.01330454917503505	0.013735129086713505	0.012525392668526486	0.012338257905883655	0.01307994763585258	0.013134344922999112	0.013753000846145612	0.012683990161933188	0.01309991359822087	0.01352792252007477	0.012734347161346006	0.01324552893903667	0.013134078712961725	0.012565247873502083	0.013526332984496839	0.01288526329893253	0.013223790535404971	0.012811569819722389	0.013655737428430901	0.013035153852788932	0.012215947911141263	0.012867774947749428	0.013382434618265507	0.013228351382613125	0.013332218939570211	0.012933642882888492	0.012137920491989022	0.012377117880350775	0.013596342611104102	0.013157316628679083	0.01109675834759089	0.013765155811464544	0.013604991990279147	0.01320234946231436	0.013809690622477208	0.01254463479604115	0.012912321414860855	0.01321270802635447	0.01207593395808454	0.012937676713907258	0.011978474181233802	0.013121513958939169	0.01262129533935318	0.013853713088979121	0.012720721829453918	0.012738330732640244	0.012327580060640952	0.01379235500038135	0.012655116006097216	0.014664177160027658	0.012463586364939445	0.013008935363075347	0.012983498896468182	0.01344362935343888	0.013284428852108654	0.012996567053322637	0.013238369207692457	0.014101199603805842	0.01318255834226781	0.013587365311465758	0.013436821636785562	0.012999439241329442	0.01293114933353504	0.01313779634123869	0.012726599789238215	0.013486077530366125	0.012784540488654773	0.013506688668273197	0.013617271930374932	0.012744351470348365	0.013604825037566876	0.013463272719223368	0.01271578844678156	0.012521041472129154	0.012723647981421473	0.012129278339234679	0.01313159617879582	0.012794117492194113	0.01353248214499746	0.013044950410963594	0.012337583425583755	0.012640323839394185	0.013088594351885308	0.012548765019156739	0.01295011351734007	0.013107197419181666	0.012253636647702591	0.013091703733399341	0.012876100558910334	0.013790683232355758	0.012621026024739947	0.012723766141716107	0.012826230975886416	0.013453669349370388	0.013472037677948443	0.012798304969479058	0.012238901243869482	0.013269064302901092	5.960464477539063e-10	0.014079190303254609	0.01250327916281213	0.012223376696792578	0.013011028723482858	0.01285976634663833	0.012718823265720349	0.01319083540883539	0.012533154645227649	0.012620922597238404	0.013611607182605037	0.01289947541426822	0.01327958042747303	0.014253868868687578	0.012005781919260767	0.012741447527011866	0.013070404377998756	0.013185997914634803	0.012817618837838069	0.013097653268565651	0.013603515894230955	0.01118209210818796	0.013669030503156676	0.01292330425755233	0.013039794447837911	0.013050974498360528	0.013018983717714615	0.012780451424592845	0.012868413380785712	0.012515214484761466	0.01290408334914017	0.013557757834572465	0.01341841260610292	0.012230619907702509	0.012438550098148768	0.014067916745862991	0.013944367478960584	0.012923878501481901	0.012347912067631448	0.011782529328181386	0.014106322941773476	0.012957998801575448	0.013279086468797094	0.012800761851533385	0.012556190055132699	0.013039002661238242	0.013433482345384598	0.013338514630269025	0.012495700263874471	0.012318024053717793	0.012832338004424437	0.012896333592273452	0.013664387513928362	0.013692958473212396	0.01256261061527286	0.014028815518318923	0.01314572257547502	0.01335407810241811	0.013443238045505602	0.01373065479528687	0.012827739914354382	0.01318119664520679	0.013340481795943384	0.012110408994768878	0.012555039644110436	0.013977580810595424	0.014682305289359272	0.013981426498075804
racoon	0.01387869906905131	0.013970109243473394	0.012958605709953443	0.012789276933676461	0.012563406223170322	0.01088254006023434	0.013392910304885406	0.012537923108097336	0.012162144439776791	0.013162072316693639	0.014601351919295642	0.013757029581884564	0.013625355662220826	0.013278364492056922	0.012817476150356005	0.013711199877529896	0.01268321163681097	0.012559071061023535	0.013518814343267847	0.012541843546158562	0.013208405663387657	0.013700616334947915	0.013619740350937366	0.013683338880894147	0.013329847179221454	0.01297833304589597	0.01343651147037028	0.01331033227868217	0.013826624812335937	0.012017259156792604	0.013527344487404941	0.013829552769075435	0.012579711201710232	0.013108792712287454	0.013323928896655526	0.01357282959805287	0.01297717964469823	0.01303977858157852	0.01362103721461184	0.013710214495457129	0.01329399949242893	0.011559240193046726	0.014375416444270097	0.013491008131386548	0.013574014766857054	0.013946912455811939	0.013429142177974807	0.013172916192841689	0.013903805756524404	0.011654706623895623	0.013324615455462574	0.013160432531443594	0.01345254791929555	0.013961523595860437	0.012700021633373953	0.013752086346825928	0.013749382707282272	0.013417489629878893	0.013265722252069616	0.013888610343462632	0.013140240914088695	0.013223140923463793	0.013199985237861332	0.012770510117362412	0.012472764623799426	0.012730742573406307	0.013823151356350736	0.013218531635938882	0.013187657981161102	0.013555035980472951	0.01463149711662157	0.013497897991102818	0.01363201820701821	0.013039889430268611	0.01334524915105555	0.01370534131950328	0.013634416015319638	0.013117513810763166	0.013188166643283296	0.013137065931194389	0.013659232154881207	0.0130993302489831	0.013127369897982678	0.013756096447670264	0.014692074908567021	0.013462862707637038	0.012912658009082107	0.013317013949822766	0.013760108864503018	0.013123224451240671	0.012652663658264243	0.013509915793530957	0.012848916024875898	0.013757524412828204	0.01322853662713703	0.012867166164828416	0.012478778716410635	0.013424720810149731	0.013454042497526235	0.01150159718402598	0.013814881357120487	0.013766479438631862	0.013251194558504306	0.013260160121138516	0.012864581977957826	0.013302931790171448	0.01495535756420516	0.013783486391968542	0.013345133739500335	0.013851939692795863	0.013073210469756076	0.013596427625241627	0.013173842907900878	0.013376260010650596	0.013438428121321075	0.01058741735260532	0.013264939809985853	0.01333953732648539	0.013308349938686783	0.012880915904126964	0.012596005883369225	0.013605176886450276	0.012555078398495878	0.013618004389324008	0.013027190102239648	0.013426623395206377	0.014020847183621905	0.01380755183149215	0.013127797861762571	0.01283702463494873	0.013846055474186098	0.013876271751788039	0.013064810751595332	0.013347273748747572	0.013175046640845473	0.012507898871997668	0.013452123203570816	0.013765173805881476	0.013896742194072274	0.013543411306001563	0.013306962177192556	0.01288532338369934	0.013658370063839876	0.013490473951912451	0.013756045462499313	0.013448947383638245	0.013904622171230055	0.012661502488233091	0.013560521790622703	0.013507945458120854	0.011464639050118417	0.013715059539739026	0.014251746410279827	0.011720785601824754	0.013216483371055904	0.013211627541008731	0.014037942662398304	0.01321481496632081	0.012699409131240312	0.01428623578117202	0.014366578562625161	0.013776124961327373	0.01290848134302945	0.01415338957297253	0.013387982257248809	0.013869103608514906	0.013601940674287945	0.014647467651432801	0.013143644932162756	0.013720845573139143	0.013129401821186625	0.01384526117311252	0.014079190303254609	7.300048299977713e-10	0.01306964120587348	0.012791003857383208	0.01311908178503324	0.014798382989349093	0.01310221964922956	0.010366855566148763	0.014072523199658127	0.012701359106251208	0.013766645977406542	0.012935311004773221	0.013820734787628791	0.013566516586137061	0.013538051700624356	0.012900909997347464	0.01339367268809213	0.013509085399357097	0.013869246350235334	0.012724782431008377	0.013403034019146463	0.012579291070789207	0.01415319426223313	0.013842375580011602	0.01325246014248841	0.013512553320200042	0.013652613416680125	0.013830456418689786	0.01061081157770195	0.01371189137859904	0.014194282990662381	0.013558713974722992	0.013869297329724887	0.013188290686424511	0.013588636481048107	0.014163004560853192	0.014071842031070102	0.014027136839712635	0.013042601093557813	0.012323114890617706	0.013399480915078725	0.013662389055109948	0.01446647966384309	0.01333145544778538	0.013908310138778034	0.01394642684463391	0.01403083477457761	0.01273040464289461	0.01387004399474845	0.012923233082771905	0.013190503565053652	0.013107176398576536	0.013294992285858585	0.013405686374856134	0.01369708867126946	0.013770349815363707	0.013359831906250974	0.011120507223180275	0.013433334801045369	0.013289014123604425	0.012242278770810364	0.012761527188293731	0.012212773929771404	0.01341793088807831	0.013980136725219208	0.013294449354867866	0.012942099720405892	0.012828903842661379
rat	0.012658949853161993	0.01400653582027018	0.012099219484589498	0.012760604866374864	0.012509704900486994	0.013375579865163028	0.012109618999367498	0.012990057036486822	0.013335881586498517	0.012322308080193623	0.014054257727770832	0.012933129175089254	0.012361587029366823	0.014112250614177691	0.010282743120592101	0.01283365441365311	0.01283606501994343	0.013704867997299775	0.012041757996482326	0.012401727754895137	0.012132051623133768	0.013054852907058044	0.012668019582007715	0.013395585353841378	0.012555926182817796	0.013306785206577059	0.01296365146975835	0.01173326747985441	0.013688660685290925	0.01288353715697411	0.01182940774719864	0.012997392198708723	0.013227660682076084	0.012172315967253284	0.012600875986666614	0.013022979253957767	0.012500848883224433	0.013154486254765715	0.012501700341030913	0.012635365120684076	0.012722501269588227	0.01328711976414518	0.013242726914609626	0.013068009656197827	0.012947257883045502	0.01343373643739825	0.012868503324060358	0.011893558792725342	0.012475176777836725	0.012481338577491634	0.011711508102661973	0.01235663937027135	0.011907376589731797	0.012769887383901163	0.011165823020072825	0.012531534133155291	0.013784169166961619	0.012209460459117439	0.012340159059334001	0.013119559042575646	0.012244260016140606	0.011588435175894155	0.01293688032269925	0.01325734004959398	0.012255822077489932	0.012970892498203903	0.012938835709736146	0.011889864019178962	0.012245322333067266	0.012601394635337335	0.013102969992346154	0.011042307654656943	0.013040669018938269	0.013287116255774003	0.012551131323064024	0.013026217829310216	0.01285084335153955	0.012623117816158064	0.012725805332005558	0.012611926235621369	0.013251973103436496	0.010957760852167025	0.013625635629150212	0.013388541907453633	0.013242490494291118	0.011339045137228623	0.011655168042936174	0.012757470151853684	0.01412144453893474	0.012553096472294403	0.013343811077589411	0.012988854161700078	0.012915899682347805	0.012817688570100438	0.012575601259869132	0.012330058642452919	0.012582082758391675	0.01370760984717576	0.013889840769470302	0.012754717625614174	0.012686837193823599	0.01232972439151818	0.012350590294327099	0.013506129341729107	0.011632721229459455	0.012254033839927049	0.01405341894039638	0.012385417169205198	0.012345591249031349	0.012865358778512309	0.0122437296710527	0.012500764616106901	0.01297547289832793	0.012754313585846635	0.011853201060355329	0.012486290820208204	0.012264123273175602	0.013489232703853191	0.012272833706044269	0.012941844367693524	0.0118817488071731	0.012722749466736384	0.012353945587512294	0.01472903760447466	0.011473902296067635	0.012839310964190036	0.01306247792187885	0.013246488516592141	0.011714934481356916	0.01103388695576727	0.013163405429489012	0.013056553376947739	0.012470633939935359	0.012324621507350322	0.012718192707013886	0.013260002246715355	0.012878337531253135	0.013673682711966291	0.012505188519863557	0.01171718179207128	0.012383403698124507	0.011998317573414696	0.01280842441419102	0.011649478826480179	0.01322597086951672	0.013032988323212358	0.012731805606974596	0.012640522847024917	0.01348746869371046	0.01307487915569383	0.013153917777839695	0.01338899837335529	0.013118032860616807	0.01285799165608807	0.012946462602560988	0.012196796199660166	0.013111110094956469	0.011314881914991005	0.011955698776321773	0.013487547237205102	0.012897485921543793	0.013424141457896485	0.012523332126319911	0.013101693740460309	0.012386919187099698	0.012238165381260782	0.012590952393241959	0.0130925717227853	0.01309214227664445	0.013055764841094174	0.01251516685075775	0.013434420515331415	0.01250327916281213	0.01306964120587348	8.429369702178806e-10	0.011902150833414577	0.012103224504956244	0.013613688384842537	0.012395585627844785	0.0127205403358131	0.012120572616953946	0.011542545117913137	0.014011258277825081	0.013037231189383927	0.01353975287963566	0.012908296550608772	0.01345085891977924	0.012579364349420537	0.012928711456229187	0.012528645643452145	0.012977845259023672	0.011305167707774845	0.012435316794884356	0.012115000752540166	0.013370844615482104	0.01303946359519489	0.013676080851459174	0.012868581351298291	0.012125707259311584	0.01180681601591399	0.012555016497137306	0.012627834343247903	0.012489804809901042	0.013319046517350363	0.012584460585116442	0.01219133777200896	0.01215456623519174	0.01401429815575091	0.013765795019178071	0.013081924507952118	0.010724967478209587	0.011391833878780984	0.012730490959445555	0.01243807971995374	0.01373638561793721	0.011634655748711477	0.012967092531782309	0.013820212682719001	0.012715523894312348	0.013812557624460941	0.01273757238459307	0.012087960307876561	0.012779100953191742	0.012976423680035926	0.013507915097269505	0.012917223320907023	0.012297242078901123	0.013716772336906548	0.012042361178814267	0.01288325791492016	0.012317258787197794	0.012889252508872968	0.013204939106390281	0.012550202504352346	0.013233581712743893	0.012167409685131348	0.012932283652172326	0.013018004322228887	0.014105966149212017	0.012327208782381173
rattlesnake	0.011766313449073338	0.01285977261882783	0.011606433271308707	0.010934493200804784	0.011061617895341354	0.012898775002013413	0.011400407274325905	0.012184378456385654	0.011996130578582636	0.010686627198375343	0.013631451040637281	0.013069128565623242	0.011675965752687532	0.013566725443225496	0.010915292948000494	0.01241797027864425	0.012530592778502542	0.013333434171607974	0.011395685051665288	0.011335438313936207	0.011798443685386718	0.012503303743269563	0.012564165565495548	0.01281044188368627	0.01225664379376627	0.011731385167856396	0.01291204539819767	0.01093375679169577	0.012375951233035264	0.01028233989666124	0.010412877127978367	0.013622946455310416	0.01184120130739242	0.013142152279907629	0.012376834292731302	0.012772814532493824	0.01170246160957052	0.01143105653387613	0.012183388831803874	0.01192186584118441	0.011910585519644057	0.012057035304025658	0.012510446179810588	0.012902671091263297	0.012917994841324618	0.012526123072762511	0.01228123820527649	0.011517713474491684	0.012349945466703179	0.010378166584589246	0.012891537296924589	0.013549618174635432	0.011280900986841268	0.01171066217513434	0.010838774236229759	0.01233163146786494	0.012389315866819047	0.011270070534014465	0.012404998386072175	0.012639014782837032	0.011147683455360258	0.011021307769827914	0.013303679080941629	0.012336566031363672	0.01056712376742578	0.012194287295346046	0.013163582434121272	0.011181606533576494	0.011868203135095162	0.01242352392132783	0.013142747475797916	0.012273957727505584	0.011076340376241011	0.01151439486439517	0.012559626507032004	0.011482163928321793	0.011478736815826068	0.011358634845614439	0.012457935571301823	0.01141545293172892	0.013292366631643921	0.012848959474766742	0.013078789843942286	0.013427065879155941	0.013254925361873735	0.011180780027665437	0.011507342367774745	0.011748284175228618	0.012284095763261059	0.011704273929156175	0.011751306638995937	0.012383376908744654	0.01206089995160849	0.013106522145583414	0.011285511618143491	0.01185328688276168	0.011012197399297872	0.012492136192987517	0.013119139244726859	0.012184013120354768	0.010452961952987115	0.011872181922064882	0.01207935664096318	0.011837119188148414	0.01116803467107316	0.012984075565005844	0.013835668126921304	0.013153522536012938	0.012623046539971185	0.011078412533523438	0.011925836699704699	0.012423740806886263	0.011767642384319718	0.010326313613864047	0.01126906490180512	0.012246618535175158	0.009086845648720919	0.013433595505718932	0.011787550388278823	0.012199615883407244	0.011627446817244173	0.012467751840798924	0.011532580283775028	0.014660017437363004	0.012546452258587477	0.012178516732893073	0.011291463845185002	0.013398018685490742	0.011995998032317141	0.01226313030101215	0.0127057407827957	0.013669588338995056	0.012224044167523911	0.01108523086026185	0.011394319155940915	0.011723834730191784	0.012884716976975526	0.012577979352828039	0.01111653361124359	0.013463789245570236	0.012233387847482213	0.01224094157443138	0.011952547872942127	0.01205877524406269	0.013261455912539424	0.012108742566680231	0.012370951069340075	0.01100306455650481	0.01113773962229408	0.012088627097158786	0.012171329536442616	0.012275735794739461	0.011774711766604593	0.012678694229285708	0.011418723469998717	0.011119926649757805	0.012798740098946075	0.011838205341946285	0.012234877719728931	0.01371338083267316	0.010975261675610663	0.011991662714951421	0.011525559268612954	0.012749859216116387	0.011179189546252048	0.0107958025923211	0.011695430806871975	0.012351631591021227	0.01291734281406425	0.01307524169388649	0.01035662541558854	0.012787670818790628	0.012223376696792578	0.012791003857383208	0.011902150833414577	4.214684851089403e-10	0.010817676086404746	0.013572368417599647	0.011910446330429657	0.01148052110317483	0.01121484472415989	0.012060173522906796	0.013790848909488814	0.010832356677527182	0.013332258236579471	0.013138850482284999	0.0129448630343624	0.011164562482341146	0.01218781555375056	0.011057114099205838	0.011253530321593472	0.012565467883308017	0.013649886089628758	0.010966553922012505	0.013377566856143297	0.013089174294374476	0.011572241818748535	0.011258438958229096	0.010749593559507983	0.01042283798214617	0.011899750661556095	0.01189342471005473	0.012690543586766585	0.012482707570776559	0.012805833070003185	0.011480841793639063	0.011188669095550503	0.01438483994387439	0.013518914793930548	0.01225191091624644	0.010588093952570122	0.0107619275138569	0.01336018951044966	0.010893710642139974	0.013816525024992725	0.012833401261379251	0.0108626460113175	0.013685625798825832	0.01119621049056126	0.013813644937778122	0.010574415471075349	0.01134737078477851	0.013147194958898939	0.012023153797609164	0.013044244947680582	0.012662493384005262	0.010801557239009671	0.014448677374958484	0.01143747063773159	0.01278538413286539	0.012442452410781442	0.012350165220416319	0.010673550199980595	0.013062477864063709	0.012698812695677861	0.01140772297521276	0.013366409917373121	0.013252802896483498	0.013529306796796856	0.012752905289223706
raven	0.010856291256629924	0.013095995326763699	0.012787682210980674	0.01264534128279655	0.01106371409305678	0.012479188254578267	0.011776461683161432	0.012747270730086023	0.012080528823297361	0.011602096609533161	0.014080425838096367	0.013097316343606988	0.013143002946632825	0.013268505963764278	0.010660580713742918	0.012121707624195606	0.012919325470103932	0.013595255992194579	0.01196695704159694	0.011277267793445522	0.012122056028011911	0.012634126983997802	0.012060492332697889	0.01198806772463172	0.012542503368895229	0.012168017898293026	0.013054517168068415	0.012293852432579742	0.01285479219114534	0.01199317028055281	0.011627869473144058	0.012707642336329168	0.011817335549929866	0.013061161646309959	0.01316156046394753	0.012302452412208049	0.012038407639211789	0.011767595718465725	0.012860471242850433	0.012095349777392456	0.012824354958290807	0.013278919042569184	0.01289904186074612	0.01310356963955049	0.013633251222787333	0.013025864348148725	0.013052201247108102	0.011192106186162218	0.012235035763529651	0.01093642965371985	0.01283861156358491	0.012621169769433671	0.011210162358433123	0.012246576794458635	0.011418313238956613	0.013033079379908653	0.011669432720521622	0.01187018545162298	0.012152236887340557	0.012464870946020286	0.011795605010292644	0.011815082564362806	0.013290304928171655	0.012185259597019155	0.01005794730649154	0.012855173283062822	0.014016999761487094	0.011026605538489768	0.012190536215380974	0.012813714231095685	0.013727698181729258	0.011945337529392424	0.012400780093034578	0.011325189231446937	0.0126017922379851	0.012752273395410773	0.012201222973356664	0.011438667538460713	0.012607822861337235	0.01211072022350212	0.014114305427591088	0.011991181118047686	0.012844387015080328	0.013768718336359603	0.013645364248484752	0.011670508828384041	0.012209876144378238	0.011537028456253587	0.012596842332226044	0.012700621950083247	0.011707436367002371	0.012557736887832283	0.012499038215685345	0.012160095191699334	0.012011516700365486	0.012218525255057759	0.010780139371289283	0.012821889025568432	0.012635634761159116	0.011838413797023235	0.011681957387787954	0.012311341245269874	0.012160447900061013	0.012555220955215574	0.011103270578971204	0.013365887006556013	0.014209183214817112	0.0134626774800433	0.013442863061598873	0.011944340021083575	0.011715366817320985	0.01219235693903428	0.011841685097685144	0.011354977312655369	0.010623636996201122	0.012681701485725609	0.011346285746734172	0.013387257149894494	0.011673108147948617	0.0122369687549574	0.012292521146243114	0.013114296958391858	0.012261308953608155	0.014138713120001138	0.012104949935184359	0.012462155713200203	0.011980756581784156	0.013459231230985717	0.012399997335094805	0.012456636737485871	0.01309313793719389	0.013754325990299843	0.012136620208156203	0.011819376638350414	0.01223368373318661	0.011782310046297794	0.011982455889005442	0.013273002011515983	0.011406481471638731	0.01359546624862128	0.012435278793386859	0.01231146625879743	0.01265088786553569	0.012621502266535124	0.012988117998417004	0.012700438933770715	0.01298120515238726	0.011185224002886445	0.012590804225123703	0.012496733557787156	0.012807318356292938	0.011716999871712345	0.012502998592730097	0.012649400466826626	0.010908298513821042	0.011566673144898761	0.012774691091523033	0.012753976090071943	0.012853940351450634	0.014027515199954993	0.012486559324949728	0.011921896938782518	0.01135911826224311	0.012695069654499609	0.011812414952170393	0.011950331745421658	0.012284267359246356	0.013596964718252013	0.01287521460380192	0.013569029010156908	0.010562616302044931	0.01268908096884031	0.013011028723482858	0.01311908178503324	0.012103224504956244	0.010817676086404746	5.960464477539063e-10	0.01329949056622417	0.01125860864589948	0.012181491270842792	0.012027287951390247	0.011709116438009166	0.013735655499083656	0.012088859369542489	0.013487305155008233	0.013481816279721106	0.013328639154464597	0.012193578082463647	0.012747265035408213	0.011887507926837508	0.01185849476417408	0.012731749882633654	0.013764068442219977	0.011450792928255332	0.013442623913854502	0.012568741618693743	0.011926127178008948	0.010692140675829562	0.011541449808401374	0.011311092553861056	0.011930472351365002	0.012357812103053735	0.012977544853526413	0.011952311315898613	0.012711758102275825	0.011860683601022515	0.011994612483485484	0.013895852941383728	0.012802381629419712	0.011548504133417759	0.011451455547134842	0.011109312179248496	0.013575988330219231	0.011523960572877169	0.014426595022860336	0.01241357582027597	0.012318005213552523	0.0137133976271969	0.011357185788851221	0.013632491693679498	0.011439566460735733	0.010775583792674594	0.012295242107301511	0.012190824421703191	0.013014181061333093	0.012765391774389338	0.010189981235873578	0.014075343939437606	0.01259562399839496	0.013249976961451354	0.011244574527240411	0.012707129627543057	0.012115811257262982	0.01247616931009912	0.012867160176341798	0.012090214986907644	0.01374758926808123	0.012922277230168144	0.01371425351864498	0.012704914638984646
ray	0.013518946178116728	0.013585858617597337	0.013621231278088881	0.014219234716635524	0.013316993022521604	0.013263249690964667	0.013694758045609094	0.013938775077055522	0.013977709068963196	0.014255620646647916	0.013360372381410269	0.01348071533444704	0.013341458944142282	0.01386053082883372	0.01351253182114055	0.014075374665526443	0.013057668268742202	0.013069752026199262	0.013626157006483253	0.014395551949569376	0.013838214137280518	0.014269515435964749	0.013969779743423867	0.013611224090580852	0.01309889903405722	0.013034598704060964	0.013726605814397322	0.014114385115067608	0.013692969104260606	0.014184482149821978	0.014330106812989794	0.014427938679296325	0.013282766420978167	0.01285327908668283	0.013343839821867985	0.012443871330233842	0.014374704614823257	0.013157501220574243	0.01443603853576007	0.013831653691725232	0.013321143528766934	0.014441890608483419	0.014156685161821463	0.013466612110442547	0.013129693685218848	0.01356876221016991	0.014610104950266071	0.01309794310870342	0.01431566632434642	0.013875971068915747	0.014413842925329809	0.013222035785601017	0.012887447704258878	0.013590641530836318	0.013337583669007374	0.014175434777610985	0.01338685094908921	0.014193153533808522	0.01432384017237038	0.0130952751990579	0.013990509877928612	0.01433638292407723	0.013540634556026393	0.013386476524947817	0.014026364746056815	0.01341160673101765	0.01344210349723412	0.014155684901402295	0.013022070664244378	0.013656161773495878	0.014487751283107173	0.014838294872624624	0.014769244081409815	0.01317747837793303	0.01407979995841601	0.014473833607042397	0.01465223028999819	0.014321835103191564	0.013514544756945404	0.01366610311566766	0.01421787661331812	0.013830947055659355	0.01420735831143371	0.013522402940126719	0.013791015955862069	0.013788252914282628	0.013592509996692386	0.013303241423058625	0.014538907113957946	0.01376693740258987	0.013353649746014017	0.012610308716351618	0.01447596473589326	0.012818638132507004	0.013496470379380142	0.01349971973014733	0.013549219918725179	0.014117618954142359	0.013320368732210914	0.014150215489775596	0.01359074133062117	0.013869525622361269	0.01373675014604047	0.013446925272451758	0.013757244346529276	0.013805524852147316	0.011265660442796905	0.01363740824530145	0.01248168912810181	0.013062017772014657	0.013198674558237436	0.013893684896028533	0.01312826990933802	0.0134238748008046	0.013805740619411982	0.014559657626472641	0.013800090551796557	0.014932214102943518	0.012752881955523938	0.01413087147371965	0.014496447437910107	0.014744041601627353	0.01435548115471158	0.014015587975916803	0.012700030469340531	0.014009667100539967	0.013912290019248813	0.013186051394795102	0.01391390015623556	0.014422011753370078	0.013895346380033808	0.013091043031477274	0.01441279843249368	0.013851573741959906	0.013619893439986321	0.014459217130055477	0.013688196316010752	0.012472881713313582	0.014200109968757632	0.014176824227461676	0.0133930177858965	0.013429306590242622	0.013629486217078015	0.013189213743167177	0.013279614713654922	0.014190781265106825	0.013612768472986102	0.01401399504883394	0.014095488136969456	0.014346062643695676	0.014360496987218623	0.013364325658374481	0.014884342708171265	0.014022347512382492	0.012950410723774359	0.01384253697365073	0.01316240557481155	0.013337371207110238	0.012868683303903077	0.013241427407500292	0.014047494347154642	0.013995086507549563	0.013952447609797327	0.013800612012897052	0.012592653996748129	0.013904494950637338	0.014179762312238173	0.014350949814468798	0.012712732208769173	0.014087694444475189	0.01332036825751728	0.014255546990523092	0.01285976634663833	0.014798382989349093	0.013613688384842537	0.013572368417599647	0.01329949056622417	0.0	0.013648505598643454	0.013866337732074342	0.013754981686407592	0.013022877686390695	0.011143546798122263	0.014093592273578408	0.013607193940250869	0.014754120557883723	0.01376938608261513	0.014537798994487533	0.013673290592820558	0.012609279222020158	0.0134804962895181	0.013202424752747875	0.013410032354875735	0.014039592687607301	0.014442147112294818	0.012596581403330658	0.013898687978955096	0.014015175618413611	0.013171571123838256	0.014276207262247749	0.013793745570556267	0.014124128274539061	0.013409931303483018	0.013209274007618423	0.014158499168497651	0.013224705485371732	0.014209297774307145	0.014855758991639099	0.014052883960491156	0.013126211712610912	0.013400904505946797	0.013760612744917489	0.014495968374346302	0.014005544991826959	0.012998978870736741	0.014490647121092876	0.01396272298958235	0.012732019853201913	0.013844880970738162	0.014789917903615571	0.01405919349896705	0.013693810446231384	0.01271667397688393	0.014238468967248605	0.01470119823395011	0.014084090250928166	0.014443567158179724	0.01568925144876745	0.013565380669892362	0.015027059689371973	0.013214083040043418	0.01339297468113512	0.014003095249296953	0.012564321660215429	0.015076199553556584	0.01418495807061587	0.013535540404071707	0.014732589979943112	0.014381829048275833	0.013068342595341866
red_admiral	0.011971194724153058	0.013250154982174365	0.011946767995270008	0.013249807024608292	0.00869215272813068	0.012989280334594075	0.0121158012635465	0.012348039337334644	0.01245120054384686	0.011869823513459214	0.012359118276207108	0.013019150333710795	0.013086374211761504	0.01328941032875377	0.012113646771134474	0.012160580993611407	0.012569598066308267	0.013637781293161866	0.011221158273551746	0.010188572207463265	0.011872695914049871	0.012729139872347335	0.012717106165850043	0.012345278810276116	0.011307629089360845	0.009893411096083105	0.012294695034579195	0.012547982775060317	0.01378862763661229	0.011975012496399777	0.012346745468796012	0.013387623491093752	0.01266934207778896	0.012529315860827448	0.011593460843926515	0.011828803245233683	0.012804829180603	0.011871139608855184	0.01289588504311336	0.01295150486873054	0.012805468123521725	0.012239491827532496	0.01203038314426377	0.01259567175739636	0.011645169567551366	0.01118010675048501	0.012835059391031342	0.011868186750420551	0.012946810807602545	0.011781679658962792	0.012322465447378946	0.012100546260600737	0.011644352348402729	0.012403286409717036	0.012083000740044062	0.012605584690321827	0.012731948241632787	0.012195843941637833	0.012968987440459474	0.013053272896929327	0.011343023235448522	0.012556372435917845	0.012709967746272855	0.011835795634603989	0.010400661792282304	0.013266647370339002	0.01190552146485027	0.01149272094235595	0.01205913366897543	0.011305137422896107	0.013145435425994173	0.012538515947906887	0.012527491823908303	0.011936899830719399	0.011707116406204636	0.011212486902224641	0.012247227990732142	0.012050304626897363	0.01172575482201291	0.012026733502963984	0.013495585163722727	0.011795287289513803	0.013415633723891294	0.012680592936173098	0.013397689848840062	0.011626583390328515	0.012217992657531934	0.01178992823039619	0.012890666324029436	0.011715843263033616	0.011051615210541795	0.011815041273562019	0.012177620184780944	0.01235883530568632	0.011755414414046888	0.01260546332957095	0.010839774853149655	0.013036536091969846	0.011655690960977422	0.01226579658661761	0.011990251065649684	0.011074202001420664	0.012436535970656592	0.012556507466859075	0.010989229600560363	0.012784941729983972	0.014267308848006963	0.012596735279891125	0.011636156671158294	0.012246624591880622	0.012102663128020512	0.011745788356035142	0.012097752262631429	0.0124913997425953	0.010232747999475387	0.012629501765854494	0.011831295948751293	0.013042599950423332	0.010218271618708858	0.012772754643193242	0.011700145291319972	0.013281230536212274	0.012088064556666368	0.014367279284098146	0.012054663855549404	0.01280672168694425	0.012593307717251215	0.013580918176720257	0.012184499201611187	0.01245187743017196	0.012291581080959084	0.012512490737326198	0.011476514771807278	0.012662377324893783	0.012323358532181894	0.012367628289210904	0.01269363809066186	0.012045253618267264	0.012288776360680704	0.01309472900095925	0.012491251135687387	0.01196667245875404	0.012354730007437753	0.012194638525075203	0.01319860060643964	0.012028253410586444	0.012364696669705631	0.012002557587264094	0.01181521499106723	0.010308163081549688	0.012447107972499165	0.012482418238080202	0.013195734604592677	0.01277074737058832	0.011996796881035563	0.012197234906318919	0.013795642376395214	0.012790190339283533	0.011949735548461933	0.011916620549107266	0.012780303410478542	0.012401598843618184	0.011527017428722742	0.011764904545261735	0.011120933117662378	0.012860656372632055	0.01250483497678155	0.013274645099363562	0.012676678687929877	0.01329320067106033	0.010111810097129288	0.01296493316120492	0.012718823265720349	0.01310221964922956	0.012395585627844785	0.011910446330429657	0.01125860864589948	0.013648505598643454	0.0	0.01267826185592525	0.01253092928646398	0.011278661872678808	0.013778212693710577	0.01305129996258239	0.012892607773302953	0.012260815378628123	0.010423358455713148	0.012772184424645963	0.011981086426745278	0.01307938732625453	0.012123179992518407	0.012908601345890234	0.01355518535607304	0.011398381834818942	0.012843108848476954	0.012951709237458147	0.01265421099128077	0.01156702919908051	0.012274490849604539	0.012156473295548894	0.012181855521653257	0.01297170698247571	0.012196225748521534	0.01259178353329988	0.012837949798869446	0.011555671971321702	0.012219925752669242	0.013441058354893906	0.01218439388658096	0.013074293885355606	0.011116160630133716	0.011216724015904775	0.012181995101225595	0.012187826969213143	0.013036209786049522	0.011882034951795677	0.01227279414893228	0.013034395165467519	0.01242058913724791	0.013546343200896926	0.012318468709419382	0.012362580208663916	0.012508860981908064	0.012658490822197065	0.012707945706006635	0.012337281404474003	0.011619190430595658	0.014260036403376196	0.012123108895295776	0.013198882085652406	0.01197716516773283	0.012391654230425	0.012216019787703005	0.011746001039002151	0.012851642092024258	0.013085309856344596	0.013483036966290097	0.012319619029339875	0.013479489678742322	0.012621796096809626
red_panda	0.011634494191692338	0.012079538858717627	0.01176034936659875	0.012235484754174337	0.011560107976561096	0.010224438393380567	0.012078699868550107	0.011311616318257278	0.012114625096572473	0.012435331315232731	0.01427340923011824	0.012980193186267135	0.013082874959201607	0.011714206976428977	0.011504425763704876	0.012547274740372323	0.011995840914824418	0.012408995942074917	0.012874400271838539	0.012337860251900042	0.012455287621336934	0.01282799753846778	0.012742568802649621	0.013097214086321115	0.011675862825624567	0.012452038257008434	0.012740780358324695	0.013376323745829422	0.01266812342196226	0.011213276949249902	0.011988304952616413	0.013606411588358534	0.011427829090583779	0.012900365209434397	0.012655749952736061	0.011568800067078501	0.012796453205347122	0.011442458573376266	0.01238748302440202	0.011706304661775923	0.011665943826491353	0.010379627236199097	0.013500605051775787	0.01286271744845099	0.012736799761375569	0.013683340926262859	0.013355149163336426	0.0119834512239627	0.012853468628071765	0.01141821826968109	0.012408662286309928	0.011877336988873001	0.011972770269650544	0.012558629021313899	0.0117479220246471	0.013397261362510753	0.011234318733486452	0.01209529281399011	0.0109623906581118	0.01246075746116133	0.012240566002477124	0.012130322308008918	0.013344939583123917	0.011342596454014482	0.011481736334919466	0.011699587403014413	0.013305534304418417	0.012540981476721365	0.012208357506857588	0.01290226645985721	0.013486977191220996	0.012649130292948499	0.012912351442385908	0.012167008022535574	0.01272674741383714	0.013343464845172102	0.012356170952368614	0.012061392318045238	0.011732689864048804	0.01159653508369765	0.012518478624730218	0.012375719566505832	0.012864568187667156	0.01317573190307805	0.013959891514804592	0.011641008602806648	0.011508484311361413	0.012285849778188035	0.012995857141477359	0.011967523944128398	0.010694592774763029	0.012688064742169727	0.012733552500789525	0.012489133148047428	0.012714073577522432	0.012254657301372145	0.01124228442676301	0.011651627034594573	0.011868053939159507	0.011709422175241076	0.011797988117322569	0.01305008934957242	0.012132785259809178	0.01210507001384582	0.011998307048016282	0.012359728078916863	0.013990734090487822	0.012922880938801173	0.012241611898207055	0.01282305915018109	0.011624594005544607	0.011664853366267859	0.011913082117528107	0.01191620413877032	0.011901148547821967	0.010898657455260707	0.011530282666127392	0.01335552899239073	0.01231478374872963	0.012143786798002685	0.012541768211686323	0.012289892590111252	0.01220495510890552	0.013798774872670876	0.011356462775898586	0.012489699400404968	0.012540039263289074	0.013226664733201315	0.011118765605459331	0.012811183403158989	0.013066100829194809	0.012325461528592945	0.012972284724018568	0.011913344691870822	0.01214115150384438	0.010903328699651412	0.012428308989042805	0.013188123594514121	0.012301339918850828	0.013233824460499142	0.012595630110465519	0.01211001536915656	0.012855482963942635	0.01195325035899938	0.011682512729089259	0.012585044969163947	0.012224335291452693	0.012220012664998942	0.01198060796214817	0.012885379266126186	0.0114892879133121	0.01234361825511083	0.013055566701440818	0.011239764854301304	0.011820477248283796	0.012586092028556102	0.01221096216778688	0.012088650872845523	0.011786581684394353	0.013426952167535297	0.013359431955725854	0.012658787259939224	0.011851083164692591	0.013241947924223136	0.01233519477912587	0.012621429824317914	0.01331270237914793	0.013363145408574329	0.011707623498824924	0.012795104142795834	0.012051182640305358	0.012085521901122194	0.01319083540883539	0.010366855566148763	0.0127205403358131	0.01148052110317483	0.012181491270842792	0.013866337732074342	0.01267826185592525	0.0	0.012788091596807048	0.012163704417881765	0.013712628247536574	0.011671113998738637	0.013873679115537834	0.013036254996398433	0.01285685703505135	0.012104226030870498	0.012923950687803127	0.012130176544684098	0.012513275406148721	0.011282169334214324	0.012480368971516219	0.011552365926807018	0.013285176053068138	0.012560384194690988	0.011222004184630721	0.011767642885804716	0.013038260030283057	0.012771183923260503	0.010923545053611886	0.013200394311883898	0.012939636828001977	0.012246035328034945	0.013296548600819573	0.012863605449202392	0.01254150455168001	0.013621018759506673	0.013505467357997972	0.012142105020507324	0.011502128407675127	0.011355456789755986	0.013027274292564384	0.011849500927295609	0.014596971649351715	0.012164944168373297	0.012223927753778103	0.012820857769399525	0.013383904586237817	0.012213437922216672	0.012113766581146062	0.01232388462787383	0.013279459463355747	0.012248595362171428	0.012881151769710997	0.012963475782655054	0.012080554607543594	0.014182380114419793	0.011871741529070154	0.01242286521907049	0.011679705931432947	0.012285198771059864	0.011499600566123182	0.011230087120324665	0.011538118132489594	0.01260900034152996	0.013472414262296326	0.013561384491865754	0.012428841931978917	0.010663018824489329
reindeer	0.01251730945998807	0.012667369015160947	0.012066911722357949	0.012939559437385131	0.012247131659188192	0.013475652792866943	0.012016589083257069	0.012411862824923818	0.012515746879955278	0.011182425305694344	0.013924842449431811	0.013293933272731122	0.012130246597375702	0.013495202541768699	0.011243161826433517	0.012837904043026071	0.012930861064690864	0.01192984435946296	0.01216588338896991	0.012852415871498548	0.010110463754016226	0.012820358512415192	0.01160177849548405	0.013572745740364102	0.012727701298747042	0.012741484815269441	0.011342442288880246	0.011758407119984033	0.012550349417128997	0.012940054636024833	0.011207821117781205	0.013176458874849313	0.013127252027762087	0.013256561775973934	0.01168992719966555	0.013152610712439419	0.01153941036867957	0.012596319456083992	0.012718263278131652	0.010802606951245228	0.012393747979945796	0.013030129182936051	0.013161796592922154	0.013179314068144252	0.013049167309968118	0.013103082436052082	0.012376204091422023	0.008731618538283192	0.012160630135696066	0.01113183371611701	0.013561680402576692	0.013362188371062527	0.011266639797283063	0.008211886218906507	0.012515520372042463	0.011626445015160605	0.01248507400206431	0.012031384765700415	0.013090161854499011	0.012301728357613045	0.012937901655536653	0.011690180629317917	0.012443476619437005	0.012451365023259546	0.01211688658293835	0.011944814412139857	0.012352731973022793	0.01200338730556741	0.010900340933273103	0.013196118137130198	0.013141015920834742	0.012768329061000736	0.012652225212547843	0.011947414247708328	0.01289416900456211	0.012718051066364233	0.012705765860854307	0.012508268235971058	0.013380405760778289	0.01131755158297581	0.013121847427745898	0.01204761003438716	0.013785138588441706	0.013963605562019416	0.01362819074377903	0.01132093368536131	0.01242464988255751	0.01269484007398606	0.013098011938823848	0.012414929629664546	0.012818528008765276	0.012066239018178247	0.01372701085104736	0.012649592885061402	0.011080415918197918	0.01108750387088127	0.011990526214135745	0.013280713194651796	0.013140331537633856	0.013370917668918104	0.01124628400047509	0.012362287836505746	0.012033243330979966	0.013053895221468253	0.011969035009901765	0.01322349940419661	0.013656647068611609	0.013545522310603136	0.013208050958578941	0.011420286323179705	0.009938999069212253	0.012556968645756424	0.012619446101510024	0.012517526585324942	0.011977848093566943	0.013559654129235703	0.011922877346916449	0.01382476967353339	0.011537327839583411	0.013292222164463989	0.011553299186230541	0.012431646122747234	0.011928701769396389	0.0144229040069573	0.012868249941091248	0.013244466479002204	0.012138955401727056	0.013093174346264745	0.012464036533244875	0.013610343514544907	0.013538267285594638	0.013460749604112515	0.010796165761889718	0.011492735841661723	0.012301737956404036	0.012910320442013906	0.012797987468623904	0.012676092427562964	0.011981838099896537	0.013412678437798278	0.01145134398119913	0.011647613600884246	0.012219164034421214	0.011022856224679524	0.01322890085777951	0.01203542634667363	0.012421134052962777	0.012917106694041227	0.013064130712405659	0.013437698005849773	0.01282148208668369	0.011556430994492193	0.012866663442241116	0.01362628421863537	0.012520589366917008	0.011602744684482375	0.013217561866047667	0.012074562518273945	0.01214039302806031	0.013495445399826828	0.011618372435720193	0.011000479257871048	0.01284728987798068	0.012023212694426404	0.011982487513960461	0.012511333127658748	0.012117317164615919	0.008893563288175768	0.012832283269314272	0.013665178771070256	0.011793179496388839	0.01307382980166967	0.012533154645227649	0.014072523199658127	0.012120572616953946	0.01121484472415989	0.012027287951390247	0.013754981686407592	0.01253092928646398	0.012788091596807048	8.429369702178806e-10	0.010245894451088169	0.013937228629380644	0.012636005000635832	0.013616912418826734	0.011995290442357302	0.013399182879801259	0.012581599550285965	0.013331302196496113	0.011603343475075396	0.010775824100864393	0.012785206398075444	0.013257661366926903	0.01290964142383879	0.01366155922790098	0.012436939965341261	0.013076675261857969	0.011946128146842696	0.012115806203158436	0.011588277192985615	0.012444374331066033	0.010013795368999103	0.011854824266174372	0.013528480531664666	0.011199889507851694	0.011160818615053383	0.012341742475510993	0.014291766372280862	0.013817338078114232	0.012656881073728239	0.01112957848359855	0.012098074012149889	0.011284911490888491	0.011081878779984572	0.013387482224821506	0.012422679367036962	0.012947793050081553	0.013704535861317898	0.012967205258525249	0.013934267326962086	0.01191275530007695	0.013064828065705778	0.011864044542232636	0.011811963783825184	0.013554112394804776	0.011634109632841352	0.012274221781394637	0.014166018561814235	0.011769151755662934	0.013955531288685392	0.012423029408805636	0.012173112419550682	0.013343714561914528	0.01258947960719658	0.01312791362464743	0.010570546568533597	0.012498966115996563	0.012018105800184085	0.012929462988947926	0.013266829800410673
rhinoceros	0.012149359244555551	0.012744975096111492	0.011341014993082372	0.011883859432264847	0.010815047180901632	0.012153686651079854	0.010351441379443651	0.011725658180619053	0.011840619690164422	0.011063708550139465	0.013692531450178888	0.012761494757778024	0.012115341191473143	0.012942848907112597	0.011093624062419927	0.011648455635071624	0.011840757286499108	0.012196513388198882	0.011626097751329223	0.012873521801153844	0.009325108459588737	0.013271007568334617	0.011161905070547389	0.013095205842102685	0.012413733177225302	0.01255947103676634	0.011107189751208226	0.012062207496778752	0.013079255164721774	0.01229922818621041	0.011323791732088098	0.012898553535709047	0.01167344266099052	0.012667553776584127	0.010705285827066875	0.011811119470397783	0.010979734679807347	0.012890313608481325	0.013500627521522354	0.010883691829403028	0.012040403759826224	0.01273307907750295	0.012595474981752137	0.012826054263773017	0.011678844118543086	0.012064173490910235	0.01189273480634788	0.009517266126590884	0.012323762400565354	0.010699766804626145	0.012652239613052885	0.012377663005890365	0.009982559993518644	0.0103532601881174	0.010917681808211227	0.011074318757052795	0.012001672137005086	0.011755687100202947	0.01283539138065758	0.012658635789846955	0.012994587850327975	0.011152687315711647	0.010814537655909983	0.011342973047685001	0.01179583394300661	0.010607624560404327	0.011611082096114984	0.010492547417354147	0.009874850255932596	0.011937660079445633	0.013160722586465001	0.013101552238627008	0.012898873361397847	0.011446862196152414	0.011336841495281571	0.012388803732140788	0.013205037043310941	0.01292171971224621	0.012147494080298553	0.010819112084853953	0.013143514034408658	0.011170431556717706	0.01295070130968559	0.01276413190441128	0.013429881425973726	0.011847374426844541	0.012110317099423848	0.011489384495569006	0.013359804024163854	0.011807242283344333	0.012247861738073558	0.010309615038829377	0.012457367652912148	0.012115048918765626	0.009935896874730368	0.009388153724428798	0.011567926604249285	0.012811852685528514	0.012944153711916732	0.01211689926576103	0.011432861900799706	0.011751770617496876	0.011230017295400954	0.012152162113916778	0.01041391737370426	0.012978425906280682	0.012994130464133564	0.013167465934622929	0.011456420405291585	0.011060578634425569	0.008465039503775843	0.012259729766456763	0.012185073057504154	0.011708752471775887	0.010966281348661391	0.012968786194129465	0.012052941853050144	0.013187388983264176	0.009824973657896162	0.012313222325633515	0.010964240059676708	0.01234612856824707	0.011411986432895128	0.014239102551538868	0.011939690219569265	0.012389762257714194	0.012333776402620362	0.012734453723917093	0.012032263658380095	0.013256064720378418	0.013039616130832344	0.01207961379571949	0.010075770410624544	0.010573927702508295	0.012486111900380976	0.012064309413078978	0.01300670347074756	0.01182674860984877	0.012307033567119596	0.01254888145502863	0.010497011679182615	0.010667144314419346	0.011022841518285009	0.010123646266928566	0.012587434957743776	0.011362678315637292	0.012271426311768006	0.012277105424993435	0.011801468017496063	0.013310819934144302	0.011687494702218769	0.011402673674196775	0.013328843508494422	0.01303856512615622	0.01159890937771415	0.011309346918706411	0.012301511050846814	0.01187441780413443	0.011545176610818352	0.01313767240946668	0.011981956574656021	0.010950248747203824	0.011770882216638818	0.011908281379567238	0.01102350121702455	0.012797130592260035	0.012293192336666179	0.011865673008579642	0.012326118862975088	0.012822148971615616	0.011150396246860175	0.012743664547385401	0.012620922597238404	0.012701359106251208	0.011542545117913137	0.012060173522906796	0.011709116438009166	0.013022877686390695	0.011278661872678808	0.012163704417881765	0.010245894451088169	0.0	0.01351945708714834	0.012571827526569691	0.013180671528762457	0.012136348768573849	0.012739818909868656	0.012439838838115556	0.011973307694417163	0.011195509662396375	0.011181160318380462	0.011790804310478744	0.012856064049868854	0.012122671340699283	0.013118108511042661	0.012005098487091491	0.01227952547348044	0.010864869182125557	0.01199590993257923	0.01188247434642328	0.011253240297719675	0.010179904478037592	0.01095074083690676	0.013332332970177245	0.01073447583058924	0.010932381233270312	0.011615436288904785	0.014303905141594478	0.012943145132574408	0.012178323239866786	0.010186273791912719	0.01042791408493044	0.011520159224512	0.010968402711783206	0.013143865883795671	0.01186902179222259	0.012581812903905339	0.013147611427347999	0.012933320957364113	0.012746600356962042	0.012093754535830524	0.012464759914597574	0.01050303580212915	0.011970922278048806	0.013204427115407162	0.010529043594255882	0.012994488432096073	0.014263585578907249	0.01154762208933095	0.01279284703803216	0.012032050645194161	0.011427010987241255	0.012945094097173426	0.012155499495365787	0.012382554448988852	0.010248732177947141	0.012614273910455545	0.011012405346755372	0.01309541637288046	0.012455418614014467
robin	0.013654536303828149	0.013439676321795548	0.014102090856049989	0.013899199534120657	0.01337793258632952	0.013172129256745508	0.013959429609819485	0.014141524670900955	0.013441670906045294	0.01414481684960302	0.01376001698328483	0.013785318860577244	0.013413234871313726	0.013661327215597064	0.014158174980941733	0.013765491092977715	0.013514414042496871	0.012333503563674669	0.014450497145850704	0.014456452782951039	0.013452490790361697	0.014141980433296633	0.014321922334279752	0.01428246816898749	0.013723549469249294	0.013169906156317633	0.01377254719015221	0.013918085070366324	0.013888716423324086	0.014042471407838495	0.014082279752980858	0.014687319207307648	0.013137902930804522	0.01294711906266553	0.013283759435173847	0.012515219382523724	0.013801315219902268	0.012135840710191166	0.014514617534262173	0.013643553815311779	0.013438197837626713	0.01372806044174276	0.01445658225050328	0.014068026626755506	0.013797940575783483	0.014451460021693808	0.013678605718120278	0.013318326444969076	0.014139165653617242	0.013400367719144959	0.014559398320349264	0.013627950496626533	0.013096080384301812	0.01375273449494938	0.013205602677867405	0.014560851682783862	0.01368262814417033	0.013957124873246789	0.014470255457998493	0.013377732596436256	0.013928274983936124	0.014598432239380526	0.01348426077797406	0.012850680505256992	0.013898614328154157	0.013481934116129577	0.013380375582740252	0.014270649375821945	0.013472638726190256	0.014040938360773723	0.014113626477567589	0.014442761294131502	0.01409628501515852	0.013047822274364757	0.014407581706420137	0.014471829670356973	0.014298082439365698	0.013530070749806193	0.014006309391660515	0.013717247659279177	0.014402263337554793	0.0139143502178197	0.01448390447656018	0.014313304076631155	0.01378238056718606	0.013935743218615697	0.014069214024740468	0.01355170465997114	0.014783201069936296	0.013970606589973272	0.01337960673872849	0.012928114447393167	0.014574266318218301	0.01335284020389944	0.013211507350373892	0.013004209321800885	0.013907896638704826	0.013840072382704611	0.01316504679082793	0.013917257130500658	0.013601297729392302	0.01468790641667991	0.013935970288545055	0.013179997330664082	0.01398302901763246	0.014529497943380374	0.012108211459809002	0.014206893029617614	0.013444700622535223	0.013193702689987354	0.01297993722785796	0.014098760148804491	0.013535845330425941	0.01305458086499049	0.013983179581531245	0.01438379530993652	0.013646785603529086	0.013825891253089188	0.01288932908822548	0.01386391120695588	0.014322527303014943	0.014617645866592581	0.01428052402241868	0.013360774263761128	0.013526833346182923	0.013808321497007477	0.014190556218251606	0.012755372633856253	0.013982027952275737	0.014902515301103734	0.014274268201165164	0.013821145620024677	0.014056830594559517	0.013640120698199844	0.013464566276530272	0.013674078468392243	0.013570540478316885	0.012939308785544662	0.014824595368751657	0.014588616910612535	0.013534021381020372	0.014216356352039656	0.01400975713648483	0.013750900191345526	0.01359448428664054	0.014136713687036393	0.01395008640037376	0.013866791564193966	0.01348189594687001	0.014209536679265299	0.014106789734472523	0.013144424221816301	0.014585577917999335	0.014403094433902109	0.01270778932468615	0.014250410539606701	0.013672783918685379	0.014033892374596154	0.0135597419826064	0.013515653551118239	0.014258793847850136	0.013800451921912956	0.013121433537550043	0.013886316695534981	0.013927580086567247	0.014278745561154249	0.014788673741154203	0.014327480421740582	0.01313816881117376	0.014575805687378388	0.013354052019053124	0.013758838805925998	0.013611607182605037	0.013766645977406542	0.014011258277825081	0.013790848909488814	0.013735655499083656	0.011143546798122263	0.013778212693710577	0.013712628247536574	0.013937228629380644	0.01351945708714834	8.429369702178806e-10	0.01324978555739428	0.014180892905757398	0.014201184290492198	0.013356232152676197	0.014021197575439938	0.01425090759721521	0.013291117355047975	0.01404722695834299	0.013939610358304053	0.013791427074493328	0.014180499934102708	0.014802673902731996	0.012866579826900128	0.013542876201678222	0.013954112188886392	0.013920616753929922	0.014729155102574354	0.013870182588935622	0.013770282968346662	0.01315815204166753	0.013117842616196982	0.013841569736580708	0.013710610087148576	0.014122814933047007	0.014658768707627008	0.014009853474815108	0.014151281711048751	0.013975045692040087	0.013430963930600937	0.014311924508373	0.013986017904818144	0.012806530260757206	0.014285590146301494	0.014038946196261965	0.013251279533607442	0.0145861610534548	0.014521653172877697	0.014071545989949743	0.013566225432360657	0.0130987593636206	0.014129742070233256	0.01433147240491795	0.01377167427100102	0.014763393610054227	0.01590481782601713	0.013912471390889747	0.014558624356878457	0.01383431451308072	0.013595905290045208	0.014102231485914201	0.01347269608511533	0.014456489941391117	0.01349525659456088	0.01304898949314226	0.014818741153147958	0.014499962904738387	0.013079289046351816
rooster	0.010912050783444885	0.013996583619867144	0.012451551780987948	0.011851116025505126	0.011676656490915992	0.013296313020072897	0.012449999782657633	0.012992989581979747	0.011244505093607408	0.01248954210300112	0.014485053894412854	0.011306298992043454	0.01306265711133572	0.012832344379923078	0.01187845077195959	0.010109521463356343	0.013326074606628581	0.013460022267246881	0.013134197164292398	0.012272651303703532	0.011681762387803236	0.013406496424056544	0.01328525027825689	0.013028886053449613	0.01387198890860184	0.012409751750914376	0.01355467748973619	0.012664532691528634	0.013392970514873911	0.011238842811149022	0.012002450370481239	0.01380485523345091	0.012689386837839538	0.013919113289077878	0.01342449391286954	0.012830584473256417	0.01252391096626629	0.01049413005249295	0.011610107717140406	0.011082573350402329	0.012382623378757087	0.012024528850095464	0.013107816173439266	0.011989284616911068	0.013981041627671848	0.014164653381826639	0.012318197423293199	0.012327516918058066	0.013329904379914569	0.01117628402018375	0.012082394321460884	0.01376133988035123	0.011829441874165712	0.013270913079761726	0.012538981425407872	0.012420379356880135	0.01140071894295761	0.012785162812629678	0.01361078757942489	0.012697106135081161	0.011148410921743688	0.01265313471838035	0.014128259493063977	0.01287125353402368	0.011553574094097978	0.01217430927382356	0.01385367212419809	0.012068982747578172	0.012373583121424432	0.012858274133713408	0.014053961074985246	0.012832425789980261	0.009461801580123087	0.011389652623281059	0.013134430233866573	0.013458992169836958	0.01046547916196078	0.010349301729855664	0.01296533166216719	0.012569993503546338	0.012977044738739684	0.013398985032487855	0.012616152596577723	0.011809329385313917	0.013850071389562277	0.012757285503038977	0.012092731495930396	0.009813953120910992	0.01223206513294002	0.012804260152166003	0.011876861682874324	0.013346744850555526	0.012995196399499446	0.013505035120433379	0.011935208102157098	0.01249020053791099	0.011479682235272544	0.013692508964984071	0.012826511451481724	0.011708719543152802	0.011461951905693326	0.01361691738695744	0.013157922601567168	0.011988514800355678	0.01239461114983741	0.013053339387246036	0.014542214163764831	0.013734148185729262	0.013921804214128853	0.011753080193814365	0.012375443023144417	0.012808585082052371	0.01110562537619367	0.009120178328995705	0.011601313363715655	0.012945029696036359	0.011507845694114569	0.01210476650579821	0.013154198474918628	0.009390194529023678	0.013046856754644216	0.013087421054816672	0.01221356490511609	0.014093698302265206	0.013307521007991395	0.01042341739640916	0.010429510068246299	0.013428521570570753	0.011937594830281421	0.013565412978257021	0.010252483911162385	0.013978887750593498	0.012274814084989046	0.012438735044946223	0.012411974198945313	0.010053191619177093	0.011893344590594214	0.012807067021333423	0.011777220406152013	0.014244022263185859	0.01168632223048277	0.013208447828263328	0.013004327103153192	0.012084049636880655	0.013890147645259969	0.013171989081957682	0.013040980041026638	0.010556021853402278	0.011757238735354893	0.012826761601272463	0.012974708480431578	0.01235141870631324	0.013228626778706289	0.013063602573950596	0.009547268692629238	0.01192831038010888	0.013219217394660844	0.012903917425078315	0.013251546715645648	0.013697152443339888	0.012362038486093659	0.013301942948362759	0.010203728826695539	0.013139155609346444	0.012037619791018344	0.012774683510822525	0.013699693711373277	0.013699475555910858	0.013459858751616982	0.01219323934096879	0.01158814477028416	0.01247234927709104	0.01289947541426822	0.012935311004773221	0.013037231189383927	0.010832356677527182	0.012088859369542489	0.014093592273578408	0.01305129996258239	0.011671113998738637	0.012636005000635832	0.012571827526569691	0.01324978555739428	0.0	0.01344129354141339	0.013614070346353287	0.013698531172093574	0.008445762086985872	0.012463919830191439	0.011828982336926792	0.011674596165235225	0.013261709073452572	0.014277175705909077	0.012000603999090502	0.012916164086470758	0.013647779743497407	0.009383564301347574	0.011459217343581008	0.012254409920130207	0.012045360182918819	0.012318970926737732	0.01151205437188742	0.013105834126750315	0.011824881126246998	0.013159453513620913	0.012451117374134991	0.012053743618705412	0.012323997031535847	0.012303534404763861	0.012349766641027422	0.011944441301654278	0.01174913536648129	0.013584284469466912	0.012220605517000684	0.014502797934608434	0.013329976906276837	0.011689972517408196	0.013491555496439189	0.011182939565382643	0.012651756295313642	0.009911485760427649	0.01240946316065249	0.01284058523935152	0.012311335526781162	0.010654307090680479	0.01258906253001108	0.011654440164600537	0.014384303356093359	0.0108837728705227	0.013122883122058483	0.013046542188105652	0.012838333017425199	0.011669653207781067	0.013365696040400016	0.012818908220313658	0.01186139249325803	0.01232329910247416	0.013048745176528537	0.013115102075413197	0.013536383856382441
round_worm	0.013396191769811478	0.013646985437190128	0.013648234799275153	0.012887221701113642	0.01288929326360897	0.014058285092580088	0.013955773641673608	0.013828045024214022	0.013733947532577699	0.013337207233050423	0.013756382856481389	0.012863858866410671	0.012818944767059968	0.014420648700704659	0.013543051063464722	0.013613920387004146	0.013143061431390808	0.013700382608973155	0.013277694289078809	0.012568074435041255	0.013477161581023512	0.011583625242348041	0.013681168380984205	0.014258092913361654	0.01417965634635212	0.013191735793081933	0.014043776087944817	0.012774974383428134	0.014518066027031989	0.01261724494879064	0.013554933949174276	0.013991413737760926	0.013437073171134326	0.01333527314689941	0.013317607120337398	0.013838777055212487	0.013792042420705298	0.013645014363149814	0.013225161154575804	0.013570585943668565	0.013513020423994328	0.013564603856478188	0.013375702981664427	0.012802981764862009	0.013515949660168653	0.013568853401453007	0.013153754618061248	0.013832710663773886	0.013611029461494988	0.012811580780202694	0.01394808476325916	0.014206377091967745	0.013486252851256703	0.013970276497180545	0.013432584050399533	0.013549083185826274	0.013124052754828919	0.013033283711249278	0.013414314361798699	0.014680645425613712	0.012364534387939292	0.01376039605584152	0.013426340816309246	0.014027259300334613	0.013125548599487365	0.013767992260391158	0.013401975536369386	0.013959806292330835	0.013202099149402813	0.013680851300617898	0.013773661442634757	0.01324799926072071	0.013342217932547034	0.013460104721820625	0.01328159533803236	0.013345010742521247	0.01276880482742546	0.013306813386836874	0.013861791566076169	0.013692948119989258	0.013606289746340977	0.013636018400778637	0.012964629440589914	0.013221582044892566	0.013896968905284008	0.013576986097587033	0.013807135445211846	0.01289211487229424	0.013539944615879939	0.013209106938668795	0.013734372480078192	0.013506690379523668	0.013014832905411396	0.013838857800737299	0.01222743151323155	0.012612960636831587	0.013335558040761314	0.014207659118733234	0.014288835282368139	0.013605478078665446	0.013302737972640033	0.012453576471485461	0.013838939896232893	0.013800753110070422	0.012627527545335793	0.013162996160796884	0.014389722492948785	0.0137749612575989	0.013589259359501253	0.013668557405309735	0.013493270110629021	0.014254913311504379	0.013035234406717016	0.013760193589989405	0.013223629830345003	0.014119674476656987	0.013469832441215478	0.014824829959186525	0.012956928101294684	0.013019103090078515	0.012658819204548012	0.01381467790793156	0.0118325687833292	0.013708056710958334	0.013840258231925251	0.0131040546117406	0.013377682325037605	0.013674257449125721	0.013934137778140742	0.013706989918259898	0.012984235789599818	0.014306306498610413	0.013622901643622832	0.014397907292042836	0.014118456279011482	0.01375277214757865	0.012587567120808354	0.013731537878798722	0.013350481483230838	0.013765196250573106	0.01358388121898983	0.01365830118132177	0.014468705348497795	0.014237049719872809	0.014126919706797853	0.014006002419182761	0.013689901196878386	0.012897011101188302	0.013143723071327657	0.013332308824013515	0.013837211176734254	0.012802598679916533	0.013471181085432066	0.013475009449210696	0.013651503052754851	0.012849580715200024	0.014198610248921462	0.013963320555033111	0.014012612087109017	0.01402362811809841	0.012995501479628935	0.01347342280693648	0.013110585695597138	0.013951152017591872	0.013645617464144034	0.01359784727972134	0.013435546765377226	0.014012649984398835	0.014066260115607944	0.013357867224452908	0.013006140891517842	0.01330358441755819	0.01327958042747303	0.013820734787628791	0.01353975287963566	0.013332258236579471	0.013487305155008233	0.013607193940250869	0.012892607773302953	0.013873679115537834	0.013616912418826734	0.013180671528762457	0.014180892905757398	0.01344129354141339	8.429369702178806e-10	0.013741003035743002	0.012994248245428601	0.013461860572476716	0.01336954499023872	0.013897881028649585	0.013877574027256069	0.013679184206444862	0.01392149384430023	0.01277486126717884	0.014109148789713404	0.013393512164570343	0.013540334014629037	0.013473251050628408	0.01341449829007738	0.012926916586159883	0.01366554057470622	0.012167387510549958	0.014250848691855016	0.013855875744228488	0.013910081966860466	0.013540662323619421	0.013678505452040933	0.013426038341795716	0.013454811021940405	0.012940026395360555	0.013250031959478888	0.013370306937208913	0.014310859726253018	0.014036675090458752	0.013671317109073856	0.013611625883911902	0.013135445669460497	0.014518101568647444	0.012945382200315795	0.012800367312111469	0.012869954810406196	0.013678381712221712	0.012544081277874429	0.013156319926683733	0.013451254338948417	0.013619303804270068	0.013200940156539036	0.014278350944398848	0.013572458202950596	0.0128011290040083	0.013770679383709452	0.012989091905455831	0.012380496335199604	0.01385113543786081	0.01401627259740504	0.013258596466819277	0.013704513053668514	0.013124013574834573	0.014448564433766657	0.013594107104354167
salamander	0.012543994592445519	0.012170632569731317	0.012860184637053136	0.01356808249341763	0.011941463298897044	0.013760959630022124	0.010617661288829024	0.012594398059517523	0.013193701116377797	0.011478945528275653	0.012983580106280397	0.013719941478968928	0.013417848526161277	0.013078166454832096	0.01247340965914817	0.012422051655976804	0.012967654493869631	0.013454254800445422	0.012985230374582385	0.013171573493202247	0.011407830205327872	0.013619122159938088	0.011731789010954808	0.013982128091974421	0.012216882711198494	0.013272082092534188	0.012069874885398822	0.012279997564098548	0.012951871387910019	0.012865173359525327	0.012342093300057972	0.01349529170423642	0.012653766123508981	0.01410010344028239	0.012729314012632971	0.013314873931641111	0.013345911194333657	0.013303538752072193	0.01338881790254988	0.012847097733269752	0.012845740892516553	0.013226613617280227	0.01223599587013683	0.013812766350790808	0.012938904459010397	0.012836295954137007	0.012742438035882183	0.011369095464442189	0.012445722171699652	0.012677344428229235	0.013145471058571783	0.013318032430899381	0.012091059961431377	0.012241704420824596	0.013050184918724127	0.011806770273398406	0.014203212844983914	0.011773858830359972	0.013388349911019887	0.012645390898590231	0.013387123219666739	0.010935227418170492	0.012903760113286998	0.011901749289433305	0.012402798935622312	0.012931073179939865	0.0103123122431032	0.011605721476594699	0.012266511854759334	0.012860418407466594	0.013219395769618902	0.013312460325926163	0.012511185729596275	0.012386997946292585	0.012269158543009785	0.011772657108946951	0.013012334394223108	0.013225560555338856	0.013060468866070443	0.012196306387613398	0.014150912847089416	0.01226755676605102	0.013502563445336464	0.013256215049014263	0.013661526394482804	0.012534212509215553	0.012554674504161409	0.012585701751963895	0.013763544965373933	0.012726398156273015	0.012534414352702266	0.012794755736705965	0.013388238868918855	0.013134398938166085	0.012323593521776904	0.012784620305038612	0.012645536428064182	0.013144124513396421	0.013359256797123608	0.01306259793772121	0.012388134927245869	0.012814076865310164	0.011746264809859424	0.013311674890304461	0.012900180433347555	0.013569314058271395	0.01435583589111464	0.014200554921915598	0.012795101495387031	0.012383027186175916	0.011882572625289037	0.013069547308287138	0.013139169312926226	0.013211717504299654	0.012087854700309845	0.013588624069387592	0.012880420389938268	0.013079904639870498	0.012212667720722284	0.012725916796415486	0.012244396373310061	0.011001194885573946	0.0125091026468335	0.014304202227678064	0.013443526279445341	0.012727820741775902	0.013153514754214198	0.013908456919724919	0.012495941666795945	0.01327177673952011	0.013390284032528774	0.013143674292457946	0.010833117165460013	0.012543750984310056	0.013102863307862408	0.013614618004770207	0.013535922057179286	0.013116754212471736	0.012527705492164882	0.013696293750151845	0.012383775836449213	0.012093454594493989	0.012826964962060379	0.012106219087793975	0.012485342717861437	0.012021027456896927	0.013448458657392092	0.013226852052533884	0.01322805049991234	0.013215608100692923	0.012463576741409091	0.011904657657812354	0.012660239815446346	0.013620801614188195	0.013016950002746518	0.011337323293374073	0.013771027147818322	0.012508063005371328	0.013255733642976046	0.013565957231406068	0.01297029673814396	0.011861738880244735	0.012187702601596025	0.01210368135125498	0.012438268266461732	0.013164710047640176	0.013102106091895785	0.012396680253712369	0.012356031581521374	0.014078354477736223	0.012141384003242375	0.013129718016381076	0.014253868868687578	0.013566516586137061	0.012908296550608772	0.013138850482284999	0.013481816279721106	0.014754120557883723	0.012260815378628123	0.013036254996398433	0.011995290442357302	0.012136348768573849	0.014201184290492198	0.013614070346353287	0.013741003035743002	4.214684851089403e-10	0.01359756390585017	0.013153513595941448	0.012595830791954062	0.012886875807554744	0.012311971923940922	0.01308317539632565	0.013521150642517464	0.013428282531472054	0.013688815709356488	0.013250702914812366	0.01312300137013597	0.011817946274112718	0.013355414441749949	0.011941580271333414	0.012595844660947892	0.01310536033097221	0.012319130406066468	0.013458824576782229	0.01150564030046884	0.012438152049467611	0.011849843833586234	0.013854192088904108	0.01331150012595957	0.012782470852710231	0.012421055219803287	0.01266727688142547	0.010021748798885096	0.011292329319259971	0.013317201458192979	0.012666527400032972	0.013201996447097903	0.013884506833456028	0.012902179229980677	0.012771812302360052	0.012951306391998539	0.012805489340884067	0.012834575886117876	0.011646817225124301	0.013101573806965012	0.010964045254562635	0.01326430210067385	0.013508820569565814	0.012118724535454031	0.013567674199489939	0.012661593012006568	0.012191594696882085	0.013279686073213958	0.012423898284341628	0.013293355647581846	0.011930584095502184	0.013507233965827536	0.011225390230553722	0.012421730547032413	0.01342515149800268
salmon	0.013426609403702366	0.013555805067496254	0.012497117135098448	0.013017613117860882	0.010913558906527425	0.01361639499420475	0.013398224500564375	0.01262122896124589	0.012696610536905704	0.012707717765856141	0.013481800807445947	0.013539565729244968	0.013058112383141397	0.014017114895456644	0.01349575286893626	0.013768659264892815	0.01320195989467065	0.013533675144439492	0.012410225227108987	0.011360833108996113	0.013251268877146494	0.013335215572797581	0.013874983333255009	0.014015835281966357	0.012930522901079579	0.00909833787279881	0.013404978347244457	0.0127418572284112	0.014084460381557994	0.01226802461295607	0.0124991867570888	0.01445690877355296	0.013048035462026599	0.012943450616139425	0.012057020603560937	0.012642305439150651	0.012994608248842148	0.012724318572293645	0.013437831478390418	0.01391226849831672	0.01197921493912222	0.01292615236807834	0.012822294240230254	0.013571167209238726	0.01309872878781324	0.013364278228204398	0.013082031738956872	0.013168471762439873	0.01328680308696553	0.011919323496009913	0.013640058625254723	0.013725030002712559	0.013016566190474518	0.01395660630953832	0.012982755083279366	0.014157152022891766	0.012573407318697627	0.011987666584979873	0.013156442565115391	0.01392399120304017	0.012162933113183854	0.013990431984068987	0.01278184526788399	0.01277483650692166	0.012139744701428569	0.013264322850139733	0.01274448251203159	0.013138104493261325	0.012545470146066773	0.012941808080124437	0.013994835666677736	0.013850757461464644	0.013904841173920794	0.011813287047255362	0.01377938860677696	0.013212710905678713	0.013528705818056565	0.013074585172350552	0.013356452733854985	0.012265068984610742	0.01353006123580147	0.013234855849505806	0.014336982632732496	0.014164051434373017	0.013723626663363743	0.013053862586721253	0.012507250161585779	0.013143652013369245	0.01321108470177313	0.01342292277286847	0.011488990399234029	0.012566610731752893	0.013337625201028354	0.012363335238246329	0.012449301211423021	0.013074316432213367	0.011693170401474091	0.013230611409520438	0.011534853801817686	0.013735253865521718	0.012666447114571752	0.012445968644978798	0.013754628911613878	0.012323713322569072	0.011600809778938483	0.0135953760230704	0.013703910740345677	0.013350875960947816	0.012575981581783626	0.012283673797199777	0.013156659610587016	0.013247737774496594	0.012934839315858909	0.012815394517299404	0.012573298126929023	0.012900924509129321	0.012452695897448032	0.014305785018797397	0.011671243210151202	0.014173074447268875	0.012462865463122386	0.013692521970634489	0.013466419163444019	0.013644285152278689	0.013152604311891447	0.01357072603400254	0.013559844332749076	0.013574153830451319	0.01343940415513627	0.013580714762080039	0.013776519742314171	0.013847722896955175	0.013446412943736306	0.013553656181241205	0.013160682067492841	0.013781186690796537	0.013933755601115174	0.013382757406186467	0.01348340904143336	0.013301143202168903	0.013576489157816153	0.014092658995242608	0.01371134878433989	0.013490846119029174	0.013451285948049568	0.013148299371388096	0.013366086236128808	0.01274744643002002	0.011785881753916422	0.011034775329273099	0.01270745415797196	0.013523762748188436	0.014015751187253213	0.013142724833545328	0.012960439729639749	0.012359200620045998	0.013570108884740481	0.013648041242210265	0.013179359127387174	0.011988392904905498	0.013485460084695294	0.012922303691999511	0.013273206635243886	0.012673521404751736	0.012585309013300676	0.013436232493259146	0.01341456806828587	0.014287471607932343	0.013760593948268203	0.013687041334372364	0.01200475797165949	0.013522230688661856	0.012005781919260767	0.013538051700624356	0.01345085891977924	0.0129448630343624	0.013328639154464597	0.01376938608261513	0.010423358455713148	0.01285685703505135	0.013399182879801259	0.012739818909868656	0.013356232152676197	0.013698531172093574	0.012994248245428601	0.01359756390585017	0.0	0.01364591737463025	0.012904719840804492	0.013685611879318724	0.013577864465282849	0.013417479727930138	0.014136672198236565	0.012098972093071576	0.014099773564753641	0.013050011297654058	0.013815169528258803	0.012512048660989473	0.013293037538491653	0.013422879725233563	0.012180672833182133	0.013265615303445546	0.013349313840915549	0.012853243381432755	0.013673291588688217	0.012888171447747511	0.013038929811079923	0.014121524115183715	0.01417358947723547	0.013323795454402097	0.012280242010821	0.012616694371841352	0.013398770953373784	0.013877225387215586	0.012470823452243889	0.013516959274200564	0.012492837630103308	0.013137753550159505	0.014273727419929733	0.013672938826815204	0.013637663609577372	0.013154232541017613	0.013100313720452027	0.01338521131370055	0.014658210265117091	0.01347531194001527	0.01277251215905303	0.014574767189439349	0.013737658546962496	0.013537106951105424	0.013216397357098557	0.013698819054266495	0.012796447583218913	0.012249028683070826	0.013548218300697077	0.013611406992194928	0.013079252120968611	0.013970486331203957	0.014370981060428565	0.012709381642702937
saurian	0.011093696549417904	0.01420813483041698	0.012207272967541595	0.011769958218114723	0.011846895216753727	0.012903076100244677	0.012380923963509125	0.013137192342774993	0.011724635896777129	0.011764262454704237	0.014601625695078876	0.010496989048659882	0.013338059280419428	0.013395913863917168	0.011801065460504537	0.011089130731697927	0.013145061174415029	0.01357172830689512	0.012853987201752825	0.011233013042577462	0.012196760624938843	0.01283929099388801	0.013435202015816468	0.01314192499632084	0.013875402021233005	0.012412633361322933	0.01392193245573806	0.011909259003993247	0.014010614292122203	0.010479578377407643	0.012248894979014933	0.013591894930132116	0.012651614677472032	0.013444081430856063	0.013366867649287836	0.01362335006883673	0.012176242414030652	0.010505174270470952	0.01068821154063707	0.011151179690809922	0.013055840192817456	0.012145030167181334	0.01357101987715466	0.01236890183717359	0.013971364323684449	0.014258369651865124	0.01230203019031289	0.01269351307293217	0.013286387600009482	0.011189289490910463	0.011464737085057075	0.013384319507208513	0.012624323056230726	0.012853619758429332	0.012762275744737294	0.012846941108714354	0.011874456323832177	0.011999405008304645	0.013161441574535623	0.01242412960847765	0.010450302149208135	0.011550251100875366	0.013599428017869763	0.01343842752967382	0.012050088101347936	0.01285696537553162	0.01418201245925233	0.011303938543315272	0.012852958988384148	0.012596899266419768	0.01367541284010487	0.012170283756833331	0.009902480907620916	0.011762267522904081	0.013217020493197357	0.013495764364559302	0.01011043875886282	0.009475879124781652	0.012660208635291038	0.012444346747741869	0.013728895781825344	0.012764407056251923	0.011717474121879084	0.012281675357968097	0.013963558432190118	0.012443943389238097	0.012430051450081952	0.010444961453151267	0.012245276940750798	0.012973294520212772	0.012313111307725588	0.01372366011768298	0.012071531918289498	0.013771244051385053	0.012501204146747949	0.012525694169839023	0.011171811000420024	0.013485991912244134	0.013356961389761833	0.011617069536636472	0.011312369819450219	0.013228751177665157	0.01325409008343685	0.012446414441901126	0.012101811479740128	0.013110986265274453	0.014794874131087592	0.013876252150820839	0.013839460898889853	0.012698199637023497	0.012855453738011929	0.012592039398287735	0.010997528089914365	0.010302884227956298	0.011619259950699979	0.01186641176283292	0.01202300674200712	0.011867899602369135	0.013389038924335935	0.00948462076217592	0.011647002971988308	0.013033973103650055	0.011686127703672817	0.014523670009251897	0.013061239539090042	0.010283108225874827	0.010975741476430177	0.013480958633887975	0.012261301860934073	0.012633065948502973	0.011020107298608226	0.013705688229039803	0.012542698240134187	0.012160658743296264	0.012629255702851831	0.010302421150465181	0.011631029197804463	0.01350390626313035	0.011496514064948815	0.013430229856816047	0.012148292953185438	0.013370695481638366	0.012999884832604846	0.012151966581758433	0.014157619102723024	0.012413255458073424	0.013254231428734727	0.010926358707684127	0.01202139252187936	0.012264124249682783	0.012998328280328788	0.0117875968369189	0.012572594223132111	0.012034839582861832	0.010724824142325739	0.011769232383387921	0.013227655784854188	0.012835146258394244	0.013606088239471707	0.014125238025508276	0.012111886967094492	0.012548367996621424	0.01058806598100019	0.01347570329701698	0.012734656892856158	0.012266088026969067	0.013484920621674728	0.013279942729373752	0.013147045149916709	0.011676283539490503	0.012092763864732882	0.012658675037257	0.012741447527011866	0.012900909997347464	0.012579364349420537	0.011164562482341146	0.012193578082463647	0.014537798994487533	0.012772184424645963	0.012104226030870498	0.012581599550285965	0.012439838838115556	0.014021197575439938	0.008445762086985872	0.013461860572476716	0.013153513595941448	0.01364591737463025	4.214684851089403e-10	0.012744670119015665	0.012643067554394654	0.012359561163295417	0.013183737912326713	0.014050020153121769	0.01249973843391058	0.012823307743513724	0.014356785251847044	0.010359642745504187	0.011662024311873954	0.012377831246936446	0.012020824906718755	0.012280284860341438	0.012429549081856329	0.013326710222110405	0.012606371159750145	0.013141137900343132	0.013079493483723902	0.01146893598844027	0.012460579045306546	0.012036775618568656	0.012147481354140337	0.012530620174114554	0.011804783526163353	0.013264673046182996	0.01179631789034848	0.014857107085444233	0.012925538145738897	0.011991425732367483	0.013684352436205194	0.01110753634432774	0.012480007494804952	0.010530051746531242	0.01194914684210903	0.012819777106657661	0.012452399045650287	0.009999892356468913	0.01313238346337217	0.010932384076608924	0.014032194600717075	0.011390779280585602	0.012533951183716974	0.012984154171251056	0.013030765143389583	0.0111677879502783	0.013720376407563533	0.01268455413034252	0.012117802331330106	0.012834104077846858	0.01306933777723741	0.014084089346484672	0.013669780898514075
sawfish	0.012582641029090654	0.013396918746296789	0.013082089338316253	0.012750597543387698	0.012107720680028893	0.013280169455821335	0.011311422455489854	0.013716029886631382	0.013017333176174439	0.011836111144707648	0.01232465458610974	0.013582110659832416	0.012999562077782361	0.014334929372178697	0.013201275925746507	0.011583253819788794	0.01324449594964043	0.013586697789336116	0.011712942752552873	0.013269422092121414	0.012294998929379792	0.013979534199772293	0.012371293850537826	0.014025818541545616	0.012542264603281634	0.01287287261766482	0.012455752219686029	0.01327425953371802	0.013837954271146057	0.01224971959458791	0.011850848761019552	0.013766692839539163	0.012948016132416813	0.013447780865002151	0.012183887868734901	0.012596372146723956	0.01284781527702125	0.012946529990192438	0.013579195112715315	0.01308865009089102	0.01305831986578474	0.013255167330714666	0.010511275697801595	0.012544558277678117	0.011855916584790474	0.011447218610180174	0.012724594456731665	0.012250046533942602	0.012969802949462124	0.012678365572705295	0.013962201587016457	0.013633646808291383	0.011955941480125491	0.013280657427362978	0.012971795957257146	0.011705194641549803	0.012672609779167987	0.012649082474526778	0.013441773191760306	0.013388229673790634	0.013544900519719667	0.012097265903300436	0.01305736117927122	0.012212305708098123	0.01269689698588518	0.013453126000823767	0.012241473762786321	0.01243187210281779	0.012577453554812155	0.01209924468109631	0.01349058265889558	0.014022159040919146	0.011834384353790271	0.01243412784022884	0.011691414021319053	0.012160897643325135	0.01273664026305288	0.01358839671226577	0.013773671177255066	0.011753399943404892	0.013987618351946934	0.012635862806737303	0.013795011148254637	0.012746622949690634	0.013258663534216569	0.012903591196854075	0.01239543179648922	0.012263606379044492	0.013580292153651627	0.012290898260720624	0.012427840211293497	0.012150254881885774	0.012772867343745695	0.012630678167669787	0.012011522635290319	0.012443909425006236	0.012452890583446738	0.012808334634745368	0.013169666462741664	0.012799838934759875	0.012141713223563307	0.01192949264346961	0.012188048988519804	0.012600397469359426	0.01196941393731909	0.01315295580528645	0.01429871810216133	0.013761740524230914	0.0130978086417349	0.011453249549563414	0.012559986506816142	0.012512628045031537	0.012818907018627836	0.01225028097048031	0.01245804587315013	0.013636319250638313	0.011878733490484574	0.013176306820237975	0.011581541263491266	0.013263287357894954	0.01234824978015295	0.012667618123510981	0.012950699908196783	0.014843923399601187	0.013477559345518374	0.013405538649662764	0.011890621004375657	0.013730753909773652	0.013418646598816593	0.01386458261695051	0.012990480155494049	0.013041456057651335	0.011987006555813308	0.012504158487821488	0.012785961611180376	0.012804428457760671	0.013862358585304001	0.011679208119782172	0.011885529819521729	0.014345068636091434	0.012833672826020985	0.012484834425749358	0.012364398437920232	0.012339228163246587	0.01369722654420628	0.012704276471654216	0.01286013454044322	0.013428900439500157	0.012326245716992671	0.013148990782284757	0.012591488937439561	0.012088241575279211	0.01279046219318672	0.014391998937769789	0.012310656020617738	0.011816979377372592	0.01267756946000053	0.013405904962409135	0.012342260420847255	0.01294764973732091	0.012046348480935715	0.012283367383643613	0.013059612127703766	0.01328562596931704	0.011143443867317346	0.012810678710597925	0.011674740385152132	0.014086901309164528	0.01327687199606212	0.013121415313246596	0.011784890318982867	0.013565576696450365	0.013070404377998756	0.01339367268809213	0.012928711456229187	0.01218781555375056	0.012747265035408213	0.013673290592820558	0.011981086426745278	0.012923950687803127	0.013331302196496113	0.011973307694417163	0.01425090759721521	0.012463919830191439	0.01336954499023872	0.012595830791954062	0.012904719840804492	0.012744670119015665	0.0	0.012361380537968408	0.011600762181031692	0.013967252245676605	0.014123266390050643	0.011661206922787186	0.013382482521439054	0.013269874045682679	0.012788007030371267	0.012045008946356753	0.012458605166446066	0.011870730101391572	0.012324512845514397	0.012722153342880372	0.01292407222960401	0.013713075819741693	0.01303123516770436	0.012507587068550237	0.01129880289042528	0.013579728879344659	0.013329295334495093	0.012113178284522514	0.012160466595918372	0.01223004860800982	0.012438645034757539	0.011898299010612458	0.013617894613832886	0.013270346933672565	0.011290458732694731	0.013284841998429456	0.012111817946146415	0.0133871582357441	0.01128027574228853	0.013277185120544764	0.01233254298564509	0.012497803208639581	0.013668804703058056	0.012421420692777865	0.012946009312856173	0.014085257595797923	0.011634886737945492	0.01381734634713712	0.012363701552411429	0.01295130154174615	0.01185245544435484	0.012610809023156365	0.013467229374461272	0.012563554815025241	0.01385924214402286	0.012530785197547167	0.013353843977987454	0.013354277823809298
scallop	0.011493460478311962	0.012059217266712361	0.012759269440024172	0.011796258752138857	0.012030226461083315	0.012511273917857803	0.010949306800283881	0.01261333488246893	0.012295206666193841	0.011188945818126175	0.013879095704642462	0.013980119168599456	0.013017301836620344	0.013396734244345064	0.011810795395787601	0.0122967425580664	0.011975791796998472	0.013913420121371405	0.01190476985281824	0.013398338948416265	0.011013685402609084	0.01364355767014047	0.011416697351723038	0.012886356302124948	0.012471630783049217	0.013542503288168563	0.011502211145395829	0.013003579183883745	0.011648015270993841	0.012508966325806472	0.01016259632930377	0.013418442381609455	0.012091260439449959	0.01332453155028169	0.012295089426223567	0.012704233299355302	0.011793957184783745	0.012020396920858996	0.013807438051798283	0.01158524408872809	0.01232874045741217	0.013143322625147226	0.01295205575311094	0.013706294028674314	0.012807062612176037	0.01342424983750033	0.012680278854724178	0.011459870537058738	0.011492579624808583	0.011548048608997797	0.013876429761605776	0.01357065035118543	0.01000513953599161	0.01171702550748932	0.011919818356604153	0.012368658388145676	0.011532915716853578	0.011945445803451582	0.013445269939754652	0.011935176728870601	0.01341544486444629	0.012043739085399708	0.01282747154260978	0.011034354552126494	0.012242082471442175	0.01234055372351585	0.013139477347337834	0.011347440098516253	0.011336320805714587	0.01226923648140144	0.013345619055462634	0.01319567790722781	0.012786614025148519	0.011844840307542624	0.012991496315560342	0.012924724549234537	0.013353177183326327	0.01320288985289848	0.013073019100432026	0.011852954017057646	0.013593609255269631	0.013042156077868213	0.013235177744254452	0.013778378523738475	0.014005539329122836	0.011573516880929698	0.012191896880117202	0.012505929504911226	0.013104138266754108	0.01238678674372033	0.011964165527284966	0.011670883269806037	0.01296780880274971	0.012187832320486116	0.011588225849387237	0.011605445889265991	0.011917296629210976	0.01290016160023971	0.012814276633311646	0.012724954762553777	0.011772515815283878	0.012887014867718032	0.010864112898629465	0.012683728862971247	0.011518450410031755	0.013598011175504236	0.01366583083351139	0.013972597445297354	0.01281409841489391	0.01040815643079513	0.010941540263578752	0.013153936416174744	0.012288411360892646	0.011077162434631464	0.01152703768791709	0.012930811002071305	0.011239084910861355	0.013717049537484163	0.011790443099453573	0.012468689912449163	0.012583423084126305	0.012653865803706104	0.01313187600144325	0.01462046513177419	0.012642772674457802	0.012135328303323378	0.011961122683123682	0.013368974238041032	0.012609195909822134	0.013295640285436307	0.01368306740602532	0.013622196769995695	0.011798269077736711	0.010497069387831482	0.013052414931099463	0.012795532336789024	0.01203078808059814	0.01259398923927741	0.012329615574498251	0.013256603018977058	0.01167266172715953	0.012275571197176965	0.011391735300225985	0.011570679414810629	0.013462562010333922	0.012637918534231822	0.012852200822479887	0.012932424660902758	0.012047156808097363	0.013869745220386438	0.012626370639226494	0.0115453278533719	0.012606011465213968	0.012660303625149492	0.011562638411600852	0.01099719389248297	0.01202856587091772	0.012523007802198418	0.011417529971909085	0.014078447099255608	0.011842174587802895	0.0121043151285352	0.012554797796018789	0.013066677062287743	0.011287963947309165	0.012339627676070185	0.01261334385661093	0.012647997585797197	0.012267295385804868	0.013250064620615875	0.011816305940175222	0.012794962065452178	0.013185997914634803	0.013509085399357097	0.012528645643452145	0.011057114099205838	0.011887507926837508	0.012609279222020158	0.01307938732625453	0.012130176544684098	0.011603343475075396	0.011195509662396375	0.013291117355047975	0.011828982336926792	0.013897881028649585	0.012886875807554744	0.013685611879318724	0.012643067554394654	0.012361380537968408	1.032382731180714e-09	0.010393629962022448	0.012227512485421475	0.013245806876292987	0.012101646105709636	0.01331178801569252	0.012558340657288091	0.012002103055203963	0.011190874169701808	0.011314415662857963	0.011699462445848866	0.01234680190234974	0.011690902735819114	0.012143684122828246	0.012586958494475808	0.011950190390761761	0.011686988594735432	0.011905360563847023	0.014582306474759863	0.013615363109318024	0.011541093029244505	0.01110422611483156	0.01141967193696239	0.013600913225553323	0.011129276873817763	0.014120717036431411	0.012784787005456455	0.012196688281045533	0.013093005972644371	0.013157970586847778	0.01313248122366099	0.011775074996570963	0.011978100018779103	0.012746545230760284	0.011245964721489168	0.01367876489587947	0.012216316659403202	0.012603914965174908	0.013895215137986418	0.011899787967596689	0.01389662372527646	0.012013102468055082	0.012295457587833432	0.012940056432871747	0.012647006490154416	0.013633033362357301	0.011129471761107767	0.013304036415774339	0.013269441223623194	0.01298198569437345	0.013368588037531423
scorpion	0.010640248745350602	0.01285504898273095	0.012218881009757161	0.012899681650615107	0.011995811200460471	0.012987363699447309	0.01075543162827078	0.01292268185209384	0.012173193014151752	0.011157338814178812	0.013136111020775214	0.01272608781507951	0.011193530583447806	0.013231607072986514	0.01187792970209332	0.010269308103001444	0.012957441168620716	0.012866481398681478	0.01020643653745251	0.013374703776425018	0.01145426148147945	0.013918872432622829	0.012402520462716542	0.013340244171662716	0.012387379882728424	0.012774963871270887	0.01201143191688999	0.012879887700659344	0.01238577332570577	0.012851778160809752	0.009843616018940831	0.013323499780899273	0.013027119611825524	0.013411499942399104	0.010952819456354622	0.012173704180766652	0.012450499257958754	0.012196134469852904	0.013397113218803278	0.011748790840136436	0.012275591103027273	0.01305130414566828	0.011399958480604391	0.012270984975370627	0.011839501342108351	0.012128180189092272	0.012970091970532433	0.010729859172376077	0.01092864624967806	0.011880096483185394	0.013013172881045351	0.013324107155924182	0.011343512995453005	0.011677479107252094	0.011372659866474366	0.00994803426355913	0.012260889742437062	0.012080152246873139	0.013096080759108697	0.01210099837295937	0.01255383574019357	0.01187427539645967	0.012682601945903135	0.010751915666185403	0.012343443925904949	0.012925074195701216	0.01295187432506705	0.011718418192586786	0.011452174392446305	0.01173183688953643	0.013567423278017871	0.013041392912695413	0.011256521704077684	0.011706262569296117	0.011829139803203164	0.011809349356876431	0.011201000723052872	0.012465476174054923	0.013077173980809185	0.011200463217931458	0.013831796042862547	0.012738098215538552	0.013265669968834852	0.012220945219914242	0.013793860861503299	0.012203666347143134	0.011949793320900952	0.011738850272814827	0.012867304228024663	0.010672611958709222	0.012199987232566843	0.011163425860549829	0.013154903285047854	0.01217136960228906	0.011335975280526751	0.01198486880981667	0.012312751135834053	0.011838878523020008	0.013156426641595222	0.012891719379875856	0.01065914777439797	0.011825421152335645	0.011174433427656252	0.013021960406019628	0.011946149913861018	0.012239381690419967	0.013827117076094015	0.013709814343882092	0.01310299265648555	0.010699790102183655	0.011539709118288315	0.012077178535200486	0.01242842502503008	0.011933447645203639	0.011325933480306702	0.013075389587833346	0.011796726561199133	0.013822739272612117	0.011639578092332464	0.012860647598311358	0.011514077638629362	0.012000243159884683	0.01244926238513269	0.014685236689359518	0.012793370789620047	0.012841122612718166	0.009645975392640987	0.013439059747812947	0.011808192435648403	0.0135048557668109	0.011602833688434568	0.0130717672605957	0.011563388899929592	0.010682182538004707	0.012867606662610324	0.011975019162960438	0.012319710655508027	0.010674957875935857	0.010608379766867338	0.013742970124996817	0.012788924518818766	0.01166470109238517	0.0106765398665238	0.012051239335042702	0.013388032426253728	0.011817584012546331	0.012087239336532213	0.012715241831443682	0.012680308401056259	0.013490376340858005	0.012669933893968166	0.011086735343312046	0.01191069454902784	0.013061474484074792	0.010796010656004664	0.010717323554456728	0.012065956855885003	0.012067244908574963	0.011917026061069565	0.013769913549603656	0.010683577863055873	0.01118483615453705	0.01223605687532549	0.01201643505844115	0.00901913945883561	0.01206252880485723	0.010940599518685564	0.012352622139521787	0.013258874901450939	0.013077063385700258	0.011403642892681143	0.01301367530896645	0.012817618837838069	0.013869246350235334	0.012977845259023672	0.011253530321593472	0.01185849476417408	0.0134804962895181	0.012123179992518407	0.012513275406148721	0.010775824100864393	0.011181160318380462	0.01404722695834299	0.011674596165235225	0.013877574027256069	0.012311971923940922	0.013577864465282849	0.012359561163295417	0.011600762181031692	0.010393629962022448	0.0	0.012971059245981376	0.013618326330424228	0.012715821230644337	0.012688498442409692	0.013002587649158324	0.011760766687099905	0.010829088366302838	0.011559667874777881	0.011151912013365755	0.012585843039558927	0.01162173063710615	0.012929017940624779	0.012805154186913758	0.012196948397428043	0.01166919694501142	0.01141930358392064	0.013585373365816111	0.013563537752861333	0.011176335796369891	0.011021430195442414	0.012159627520999155	0.012814092467692955	0.01051750244399612	0.014242881873686133	0.012588111200031355	0.012019500861806484	0.013476274747879956	0.011328418847178744	0.013858961321860421	0.009793134145081085	0.012855186559014735	0.011829008096846408	0.010800481378819728	0.012912741344311935	0.012409117753685804	0.01211942106008345	0.014237228403719446	0.010018904079265773	0.013745184563910894	0.01204906239550992	0.012320921832303745	0.01283859556567736	0.012406690726259101	0.01332981292854018	0.011839284924472592	0.012394833587749378	0.012360990813650068	0.013012098344579894	0.013489503995237637
sea_cow	0.012763360989335358	0.013239473275153246	0.011086017172996404	0.0130577106826521	0.012300545083982312	0.011639231698547773	0.01221588251751819	0.011328821585046717	0.01306612208564379	0.012681791645499436	0.014206580509853623	0.013133750194295898	0.012942553183675563	0.012811130899748373	0.010948386473661227	0.013283363034732598	0.011883656733103112	0.013119525034238695	0.013164431038963982	0.012797642336619182	0.012107760871521345	0.012455842611615047	0.013245482532161021	0.013786195362631183	0.01203272158489043	0.013185799070894576	0.013181990918581583	0.012378425050106476	0.013983801649298492	0.012459846857674393	0.01260485331789209	0.013120388198699685	0.012540809039758873	0.012134324209648946	0.01260590691743316	0.011760976609600578	0.012109689976193517	0.013468520077795783	0.013332015076235236	0.012224885778382079	0.012409641812134024	0.011939537301107235	0.014021069505836856	0.013594106692781329	0.01315051522382351	0.014026984399420456	0.013299925342542323	0.01234643649686849	0.013051800166582108	0.011918263806434596	0.012534388494187525	0.011188431602629634	0.011886164928155203	0.012557749085145424	0.011146786595553522	0.013432337832675395	0.013370580847532674	0.01241177210538529	0.01192847912614209	0.01315561418105232	0.01263805662492895	0.011644141858383082	0.012811637142017183	0.012541923756302855	0.012331075180078482	0.012175387075084284	0.013220919023594313	0.011835894573595468	0.012565031059424163	0.013341778714872672	0.013406532430732618	0.011970399742270717	0.013929089189271205	0.012821260641848835	0.013387434320312565	0.013504808566729878	0.013626869152900305	0.013470736329726375	0.011188882550993146	0.012074119003178807	0.012486517007333758	0.01117556039772042	0.012766761576530507	0.013995505360496182	0.013690805722812232	0.011770289917695383	0.01231976051768682	0.012943432265578652	0.01415091778702213	0.013123177066059694	0.01266905232967566	0.012570271139997157	0.012737384001598913	0.013268348431156984	0.012307037050285005	0.012205112273016884	0.01262481674591085	0.01389479441890521	0.013172573455172087	0.012495529498230858	0.012314488300108443	0.01258411427110017	0.01231794277120353	0.013000227368779406	0.012049229462417287	0.011903921571614217	0.013039158514585529	0.011891506536201977	0.011566769634424587	0.012859040065433034	0.011935871140423852	0.012509601809741852	0.013042036375921577	0.012624688817644503	0.011784356256186375	0.011934308899849541	0.012665642619759167	0.01437877651239323	0.012606657063898175	0.01355497650528861	0.012179697432645364	0.013239519909380595	0.012122262225126768	0.013996456158963645	0.010625400343382146	0.01307091619995334	0.013866345239497915	0.012465506879498807	0.01188799386674897	0.011578298721729092	0.014212281661826798	0.01257221477087236	0.012810718986415583	0.012779936333024829	0.012679321610098857	0.012758060749068172	0.012997728487688782	0.01360563089879272	0.01316777279935167	0.011596369774989932	0.012041229500504791	0.011447181341373418	0.012978682997347559	0.0114292105810584	0.01301982952903637	0.013405731986973144	0.012123205659293219	0.01320772893693223	0.013122214038238052	0.013600150370473123	0.013004200794318455	0.011969943592767368	0.013342520023149675	0.011876844768226827	0.01277111351761162	0.01259161969896514	0.012929140426040115	0.010944411266902933	0.01239869945660461	0.013742098638525005	0.013076535748600031	0.013308067132882007	0.012615646075188107	0.013460554577251059	0.013359646159872838	0.012843863366742066	0.013189272723184138	0.013006638512425223	0.011546167604630168	0.01351184581937463	0.013028751884003393	0.013443104035802053	0.013097653268565651	0.012724782431008377	0.011305167707774845	0.012565467883308017	0.012731749882633654	0.013202424752747875	0.012908601345890234	0.011282169334214324	0.012785206398075444	0.011790804310478744	0.013939610358304053	0.013261709073452572	0.013679184206444862	0.01308317539632565	0.013417479727930138	0.013183737912326713	0.013967252245676605	0.012227512485421475	0.012971059245981376	0.0	0.010583234747164145	0.012716846274104805	0.014024252042648537	0.013127798090245921	0.01327067445205191	0.012315132082156132	0.012728221579819761	0.013118031736143612	0.01217706309592411	0.013044630695637218	0.012304632056035237	0.013107840534504327	0.012496808312411168	0.012716019849163126	0.012824688792741427	0.014362725414132964	0.013304648639141348	0.012517499966943776	0.011527006819632694	0.011482050029199832	0.013800905325643128	0.012593956356381011	0.013784597521817727	0.011484903532110242	0.013422286839608784	0.013804838029998578	0.013397214823314425	0.012911035924226657	0.013098350630812777	0.012512473816524377	0.013406389346530514	0.012963906115557195	0.01390718463876608	0.01276872271187012	0.0131773214349961	0.014510183798829662	0.012790901578097726	0.012980258010309567	0.011801947085008728	0.012667048236576033	0.012973135686843494	0.011815364086549216	0.012326330978364976	0.012304050595217098	0.013981503940867595	0.013146485742346094	0.013338958933317057	0.011014164308391708
sea_lion	0.013103007191062084	0.013904487551671419	0.01248539935104536	0.013822804793075074	0.01333113132383405	0.012400440535278154	0.013146978599697276	0.013233973812949345	0.014110495292672933	0.01359184294076743	0.014564194120356515	0.013502798711912414	0.01322668568096219	0.013833625762557106	0.012288589514753222	0.01331118572347442	0.0126597859767432	0.013109430662708404	0.014347066388846953	0.013941313328048946	0.012893021203716621	0.013355016863847127	0.013652367478851785	0.013841695330328032	0.013146404834850644	0.013899986663567088	0.01393150391871948	0.013750219933486066	0.01497578482010174	0.013637493390244372	0.01350762538716789	0.01314086547586324	0.013754094915567084	0.011522797534415166	0.012681894114626231	0.012059485743741655	0.013370516238000302	0.01380735951911215	0.013987398656314804	0.012863055834048969	0.013609615863985564	0.013456509527362557	0.014554678486614075	0.01455338531997327	0.0136840805215926	0.014333164853836587	0.013284971594504553	0.012740351816873656	0.013642043211808239	0.013084681533066893	0.01381958976209394	0.011395695121896839	0.013064124987576458	0.01279759849601926	0.012424567092541687	0.01334376582162736	0.014119971011818198	0.014185849054502195	0.012986203525529554	0.013675539695160418	0.013700376670635745	0.013165910861529621	0.012843700798111961	0.013839455990584153	0.013685600672961587	0.012812646130430568	0.013018053960505503	0.01329196576411412	0.013121054096644727	0.01347387324919372	0.01388783010872874	0.012620661279237822	0.01436258282261418	0.013803384477709468	0.013929105790411156	0.014130195093394565	0.013883599598889433	0.013811644148552436	0.012340341089326365	0.01255043389286518	0.012350900926887742	0.012731884262183414	0.013183644295778799	0.014309598666585011	0.0130556172137668	0.013494407019810471	0.013349590086790044	0.013764862549149562	0.014259444347854255	0.013716233113243501	0.01358955330036266	0.013115964067846996	0.014218957869780263	0.0134832301242016	0.013437974318663712	0.013578576087302287	0.013391223370859375	0.013984591502354489	0.013989074059466245	0.01347652795624354	0.013150775980747568	0.013826324851383152	0.01240834283697924	0.013798160949490799	0.012755920857873429	0.012754837351896108	0.013079399524998607	0.011509893323399436	0.012430078206271334	0.0136831483528817	0.012698329315637363	0.01300351925958537	0.0142731701968627	0.013496849799910983	0.01336740529056081	0.01335929641546413	0.013885252945048086	0.014780142642977863	0.013674041981125724	0.014625958586966213	0.013279188029466218	0.01386681656784112	0.013610809243360085	0.014325998925064927	0.011274319984069837	0.013709708857146846	0.013965209322861938	0.012172245211948067	0.01264451017460436	0.012900964179657803	0.014511611265201873	0.012085972765452185	0.013240104538653328	0.013008171875158665	0.014191921775285008	0.013621860793326763	0.013634547000706472	0.014020171042242114	0.013218041838713725	0.013104498086456688	0.013269321157509395	0.012550100851288146	0.013715338671859225	0.01291119139096057	0.013767418298156758	0.013608507954538718	0.012587522585024536	0.014188601660226317	0.013667760903878477	0.014306509694572827	0.01375856796340471	0.013382159192822502	0.013900676012758694	0.01228490749546115	0.014041057032041847	0.013320859803260832	0.012581005180648773	0.012730006675757253	0.012927799347867176	0.013225844367866137	0.013800106895353388	0.01367257761525603	0.013460937131397574	0.013733730705670466	0.013828357847299726	0.014029658085133335	0.013442045980770454	0.01318385297422357	0.011606274345412252	0.014646014272064916	0.014118895504024119	0.013836303750830548	0.013603515894230955	0.013403034019146463	0.012435316794884356	0.013649886089628758	0.013764068442219977	0.013410032354875735	0.01355518535607304	0.012480368971516219	0.013257661366926903	0.012856064049868854	0.013791427074493328	0.014277175705909077	0.01392149384430023	0.013521150642517464	0.014136672198236565	0.014050020153121769	0.014123266390050643	0.013245806876292987	0.013618326330424228	0.010583234747164145	0.0	0.013091475347245361	0.013824665314904363	0.013207062637775557	0.013727919750246146	0.013454850626627284	0.013530046113320295	0.013909710713399909	0.01401558506303759	0.013710833350818854	0.013200326529675144	0.013771727126770172	0.01341980360255715	0.013262143749337681	0.013901951871646008	0.014109198319834393	0.013726815940133483	0.013507600442601114	0.013118297845848049	0.012684672194737947	0.013789954533999605	0.013109718081890303	0.01306396805280937	0.012647868568559423	0.013974587906765257	0.012888592088972412	0.014205490445126718	0.013533511711464443	0.013931952637930173	0.01345416910629198	0.013323549867860574	0.013606369500904346	0.014173978082693328	0.013317627405281062	0.014527814432064474	0.01459189360709117	0.013168167642083754	0.014052959809725856	0.013318991335579728	0.013245174374382704	0.013717465378189709	0.013292624073556454	0.012335940122378009	0.013241899704264249	0.01313875892313933	0.013522809543995562	0.013942120668793604	0.012165779837011635
sea_snake	0.01197991236991458	0.01295526099589582	0.012466933127184691	0.012292313581642162	0.0104270740845873	0.012261913186678786	0.01225789084786814	0.012372217692387411	0.012362448279678107	0.012271627010455845	0.014084421092881844	0.013329586986220499	0.012114425359126348	0.013790558928498921	0.012266653756531973	0.01246406772547962	0.013047003990756504	0.013719752713030591	0.01186011017820664	0.010435462121600852	0.012764593270735118	0.011522051862779938	0.013197431491062485	0.013013865754987197	0.012344539866080811	0.012225483821417835	0.013033011670850502	0.011961916443524703	0.012860566206060194	0.011257030446422824	0.011378720043702505	0.013947359866702393	0.013126404195719067	0.01353641285593532	0.012247539799382446	0.01264328461969646	0.012459484797077867	0.012271695320928295	0.011246787072930422	0.012535261278782052	0.013016929360252706	0.012776596797716325	0.012506056934791798	0.011937282035337853	0.012999704065037589	0.012874556226798594	0.0124416589653714	0.012654724222208818	0.012804633937181066	0.011918274890050934	0.01256529680874411	0.013453108354422214	0.012312633489533884	0.012778913676988753	0.011920103585514832	0.013318412271869608	0.012354100975550522	0.011969508621184045	0.012456252046185856	0.013667666933033153	0.011119771928462674	0.01294974620998103	0.013255235918542316	0.011926672710717725	0.010479288614293784	0.012781054554271634	0.013308628201890119	0.01155258538025522	0.012403057075951634	0.012515165671331619	0.013669432351674045	0.01206123979312675	0.012229171458943424	0.011757747325122971	0.01226337829050407	0.012207918222166774	0.012370635553692708	0.011669632156786283	0.012688766714934597	0.012271163010201506	0.013551333003417545	0.012172639811227395	0.013284872637846841	0.013208006324226227	0.013149082410598862	0.012215576792611711	0.012716748129967188	0.012254431284744172	0.01243136931940796	0.011933647516716503	0.01177464799227992	0.012044551719495178	0.01317384369085642	0.012563554651964886	0.011782576814487376	0.01228146665512578	0.012096456612208439	0.012392467324740924	0.012993053852784764	0.011799819345974604	0.012146403360982638	0.011909914690751686	0.012211100275700775	0.012852750821739844	0.009698012103527642	0.013011963551709391	0.014162809237556544	0.012697606605436935	0.013525678477119014	0.01211535881159543	0.012487000349891652	0.01264366971633151	0.011646034688942007	0.011833692276663562	0.010892125014245285	0.011218322978762636	0.011672326924271425	0.012966975577056658	0.01235649720009164	0.012260214080153509	0.011716534423046645	0.012129746652801612	0.012637397832526988	0.01413468078251266	0.01255491631545316	0.012670769496034002	0.01215393913596664	0.01336684510015811	0.01254194953691868	0.011954275677421888	0.012754564719406024	0.013852601134410314	0.012353372827477511	0.012796804882788077	0.012402581393437822	0.0121551751600748	0.012844961493707629	0.013498054908421096	0.011908535695188507	0.013288522279665687	0.013346212830058874	0.012663164220176819	0.012391971871804469	0.012665771188446369	0.013052102701690872	0.013229487920761255	0.013296242356480565	0.011393849519922672	0.01178404686900579	0.01148476649187135	0.012489044245962633	0.012424060166915217	0.013083758725306214	0.012761086926697146	0.01192442998898297	0.01204070325772011	0.01258619626639081	0.012475710163740081	0.012586501555368182	0.012676703972376779	0.013009873960190196	0.012993240668328647	0.011834522676515502	0.012909894173216948	0.011710760524221988	0.012120445419120874	0.011725993226167438	0.013045306735827227	0.0126383313051765	0.012475668475797688	0.011681099802850632	0.012754929043659838	0.01118209210818796	0.012579291070789207	0.012115000752540166	0.010966553922012505	0.011450792928255332	0.014039592687607301	0.011398381834818942	0.011552365926807018	0.01290964142383879	0.012122671340699283	0.014180499934102708	0.012000603999090502	0.01277486126717884	0.013428282531472054	0.012098972093071576	0.01249973843391058	0.011661206922787186	0.012101646105709636	0.012715821230644337	0.012716846274104805	0.013091475347245361	0.0	0.013033321649910714	0.013456505955199554	0.012308777339301146	0.011569729963564129	0.012046741312073735	0.011143974638948862	0.011506223230070178	0.012897113103470654	0.013305183696186697	0.013236858552571007	0.013418315202072095	0.012290603244602622	0.01198647853171977	0.014166780978179402	0.013499350674283534	0.013401871596940888	0.011333396802148201	0.009611243576752023	0.013413298050044424	0.012456152140738773	0.014495065666431457	0.011898537918589422	0.012058397719049296	0.0134073155726677	0.012394120650604771	0.012917259999288373	0.011721502547379282	0.010980603031296879	0.01271558148147034	0.011466159229643579	0.012683172391665441	0.013210578029046585	0.011456301713885852	0.013868286023764215	0.012780706465343891	0.01287380835525658	0.01312022539770486	0.013333430287147703	0.011512097931881507	0.012852472913432294	0.012112306614625952	0.01198242274591224	0.013658961305463653	0.01346753424160801	0.013436269757189598	0.01318386227748065
seal	0.012312866000361671	0.013808605080824796	0.013721190064270165	0.014110748950407238	0.01285542432572239	0.013644834200610531	0.012573535483503696	0.014179348566899175	0.013229192143752663	0.01331454844434633	0.014145743940903644	0.013397478547357707	0.01386838417709224	0.013612045543382318	0.013301074904170436	0.012271988457380563	0.014152791017536366	0.014567519589940174	0.013323176320178393	0.013387921175953721	0.013084662273871306	0.013991978047234057	0.014138972442878768	0.01353144855168797	0.012418687092109746	0.013435151986208179	0.013962928491696683	0.013610038674832244	0.013688392532886577	0.01334648494346049	0.012936665189195546	0.013987918092325384	0.014275548520426373	0.013826474175155432	0.012947481317436222	0.01327953726571487	0.013880828253883537	0.01345920140684512	0.01342172077789632	0.013425406856746076	0.01389708387900716	0.01352367418320884	0.013142012843252423	0.01376247868919933	0.013211080636867626	0.01327242235990804	0.013208407532017378	0.013429979645410688	0.013209342347394641	0.013678886028156397	0.013799359776317735	0.013252640503334148	0.01327366193177693	0.013968625624669488	0.012998610533377137	0.013005965978102798	0.013755512067273499	0.01332914593405236	0.013488191042662776	0.013642572828053028	0.013060527524045469	0.013078429706945982	0.014034311284105105	0.013286190828906802	0.013518023248786194	0.013914801622396136	0.013746063549258758	0.012654786767255235	0.013725010713696542	0.013473328016163251	0.013999658389703603	0.01334484977447223	0.012405846212017546	0.013596836576264008	0.012511166238388653	0.012831085871696206	0.012773448484396372	0.012873251323009413	0.013471300727235427	0.013553584407540628	0.014549784037347255	0.013232817332030076	0.014105771845672672	0.01304558406270024	0.014167521423066575	0.013630595734719276	0.013968371830671202	0.01305488348949158	0.013656380087564786	0.013091474749860157	0.01258613126729491	0.013164154617198413	0.014123150605304136	0.01332518820518447	0.013547660225011013	0.013625873637696176	0.0133133676574596	0.013430626228048758	0.013573040140086711	0.013300675034432965	0.013425096093979723	0.01342468936453958	0.012332003663048666	0.013613558296427268	0.013438933245405047	0.012986743751503892	0.01466773515611757	0.013552908315123987	0.013853793220651795	0.013515412643327038	0.013730341408412672	0.012766420445667821	0.013679770270114775	0.012968683334698299	0.012387209197822893	0.012983467924535964	0.013453938104252305	0.01248757580048291	0.01364777119311861	0.013191521157959121	0.013514388719838122	0.013683401881209176	0.01352000350685112	0.014044519319246107	0.013509983206711542	0.01373689464618542	0.01242934179150646	0.014716983869451488	0.012881836902968003	0.01429180435305697	0.012658438502228248	0.013632680053028468	0.013472829842697527	0.013458496535611465	0.013234628709310995	0.013143105417584906	0.013289493684623201	0.013580647580440133	0.012144791619620352	0.014078364407322703	0.01422494325087446	0.01350120034638802	0.012634150027551463	0.0130453831324679	0.013472120940078068	0.013416438865605123	0.013572041652608993	0.013386695207523922	0.013931795105307848	0.013638795213393562	0.013877032389785438	0.013308035735884254	0.013836643521563734	0.01283766604679404	0.012630534252041574	0.013404245272810023	0.013945153745761552	0.01396419496521943	0.01390666749739657	0.013864059891183105	0.01405905067307913	0.013727180429303765	0.01281574318417267	0.013279016725325799	0.01297424502971169	0.013931627543126853	0.013351976373336925	0.013286642362224465	0.013484506794653022	0.013640784044106513	0.01309198625772147	0.013740292725267755	0.013669030503156676	0.01415319426223313	0.013370844615482104	0.013377566856143297	0.013442623913854502	0.014442147112294818	0.012843108848476954	0.013285176053068138	0.01366155922790098	0.013118108511042661	0.014802673902731996	0.012916164086470758	0.014109148789713404	0.013688815709356488	0.014099773564753641	0.012823307743513724	0.013382482521439054	0.01331178801569252	0.012688498442409692	0.014024252042648537	0.013824665314904363	0.013033321649910714	0.0	0.013888163611163754	0.013235207314256989	0.013434346085929173	0.013321837203348457	0.013410522377404789	0.013123098259690229	0.014209165612605202	0.01373395172665188	0.013370208218064361	0.013560547622877658	0.013824886593254187	0.01305441405530136	0.013824407978218364	0.013256997453572257	0.013843708752775314	0.013006305833227745	0.013502705393448462	0.013535134056613345	0.0135001768441196	0.014452438358955997	0.012818413186269507	0.013313638262324436	0.0139507200701131	0.012622649232635993	0.013346475554358719	0.012877259178497158	0.01335309078929374	0.013148494080151379	0.012771598985954213	0.011610739348745323	0.013156348322810017	0.013298526627462216	0.014093420576714921	0.012735807398245319	0.014174768331512337	0.013499817160352137	0.014253235744236236	0.013414301152607918	0.01348476631524006	0.0137096445530723	0.013729541958677694	0.014320219033535668	0.01331562474690959	0.013995064764147826	0.013685898011425503
shark	0.01270544542579855	0.012969239765465013	0.013199410218283471	0.01275837884346763	0.012881060745073787	0.013337746711049118	0.013067272140046087	0.01344563687972739	0.013859232646484955	0.01301929795647314	0.012200794853417116	0.01360335273057317	0.012372387184315185	0.013780239175445484	0.012994595626788306	0.012659591417554189	0.013061369181452738	0.013435301014054211	0.012770961244376813	0.013822642681647297	0.012549758977235086	0.01425153772610259	0.01328770962779619	0.01350896607671826	0.012317783327352616	0.01308793108969165	0.012478533853831415	0.013631474122949017	0.013453002262150529	0.01384002453587297	0.012577502521846848	0.01349872146481286	0.012918691301123785	0.011975934946965973	0.011336550076998866	0.01180247509894703	0.012483280798188555	0.012612171718962395	0.014167221553373615	0.012974635635539473	0.01333487172357989	0.013314986583042287	0.013000219296963439	0.013605303085937603	0.011614502489221357	0.012811795255670328	0.012975126651586337	0.011875508663134549	0.01340771786616508	0.013373598264119536	0.013944423439953575	0.012997589729024072	0.011756434246135143	0.012935265276406413	0.012932058440062323	0.012751254551486164	0.012895364522461367	0.013008526434687844	0.013384611514938196	0.01287905640980091	0.01399552905922724	0.01355454348085034	0.01172018151315646	0.012332264254038907	0.013029987062117656	0.012554756427141411	0.013708595129344327	0.013537244573309522	0.0121178319760651	0.013053168753841772	0.013620945847816857	0.014122236649704306	0.014049931577434964	0.01286779458284351	0.01241414548665984	0.013158796263259644	0.013954529956012223	0.01346502607547407	0.013353632527609221	0.012438811151008346	0.0133569921064902	0.01305285180031717	0.014271126556462297	0.013048580548346577	0.012717446578784056	0.012505382003090315	0.012534912569882387	0.012920234898996154	0.014245566535579582	0.012570408830247383	0.01257478066256165	0.011197723790905096	0.013800229936768873	0.012692895757975052	0.012767768249755571	0.013156892423011908	0.01318635116209771	0.012754052615969645	0.013438519687386437	0.01383514608696184	0.012703235172358895	0.013024007500338495	0.012270267482031446	0.013078416962512525	0.013093900770232942	0.013651597088181143	0.01324931061130134	0.013158555686018803	0.011922992643050112	0.012484845726902227	0.012371445294681522	0.012969892757177576	0.013092752389241118	0.013426206432213459	0.012659612981972022	0.014099803057367813	0.012880110565891088	0.014545206078181761	0.011407381901448852	0.014203850747922962	0.01317062021418539	0.013803633766093965	0.013329018961601144	0.01395381983925711	0.012133877487186336	0.013559706028150341	0.013537749463462303	0.013150687261097145	0.013401038666719713	0.013720956551013665	0.013709953973780447	0.012542831391791878	0.01294521430762838	0.01254752777424941	0.013247346860652065	0.013510661535332624	0.013471476372025382	0.012076926336151744	0.0134487212216396	0.014063429586662067	0.012802091229565785	0.012174138720544514	0.01305573497766163	0.012358788622428552	0.01248326973921942	0.012174528087686591	0.012770867701018061	0.013390797851083516	0.013650885571065032	0.013923837128423206	0.013358043631831663	0.01281272964526623	0.01399730790031543	0.013342251640699757	0.012626224245778604	0.012640537415528352	0.013046477788900904	0.013127199149674609	0.012876329413650607	0.012753059506392795	0.013660573998724206	0.012610344076128597	0.013539206336091762	0.01295447522015202	0.012679440462252016	0.013163973103931416	0.012427349690310355	0.013942740977830598	0.011989275678958123	0.013665809241730928	0.0125673244185619	0.013474314791231939	0.01292330425755233	0.013842375580011602	0.01303946359519489	0.013089174294374476	0.012568741618693743	0.012596581403330658	0.012951709237458147	0.012560384194690988	0.012436939965341261	0.012005098487091491	0.012866579826900128	0.013647779743497407	0.013393512164570343	0.013250702914812366	0.013050011297654058	0.014356785251847044	0.013269874045682679	0.012558340657288091	0.013002587649158324	0.013127798090245921	0.013207062637775557	0.013456505955199554	0.013888163611163754	4.214684851089403e-10	0.013236412212648313	0.013035945858332135	0.01345311861647992	0.013711405349178711	0.01348910692278135	0.012976361894473454	0.012276579650585501	0.012735771524454077	0.013199838689476424	0.012952918866766671	0.013486282274071204	0.013859964082979013	0.013793983598123796	0.013568043372153858	0.011589675777065404	0.012946531913025932	0.0135133604204813	0.013261618358255747	0.012092515163431954	0.012882968685229167	0.01369677631903698	0.012842298950267656	0.013851593758045712	0.014233319728010509	0.013297006315254257	0.013850760338551394	0.012117953022887398	0.012978738982658887	0.01441147160659169	0.01295997419358228	0.013378912108623783	0.014580121594910686	0.013109032745866143	0.014527728307495222	0.01273933417494902	0.012711729606653545	0.0137041497361596	0.011855153891931884	0.013433358200549835	0.012892507832803936	0.012952168389213519	0.013526074610533257	0.013854613975897092	0.012442350269427796
sheep	0.011018581770984259	0.013291861132362017	0.013052399427003753	0.01189100830819826	0.011458842656964244	0.011847899308863454	0.011875261756593236	0.012839606744592131	0.01114430561294915	0.011916581993812318	0.014692140912741045	0.012268914502462947	0.013749674496895048	0.012601948754794803	0.012771125408200936	0.010998763517775605	0.01207966293979443	0.012866419638592507	0.013387722639361117	0.01250931661761147	0.012183702332907519	0.013607474401434927	0.013389697790620552	0.012632249028345777	0.013770520599124241	0.012921761362405929	0.012871125874187976	0.013253930347346525	0.013595507640510141	0.010875304816381543	0.011886703538373532	0.013692114174047133	0.011753376051021345	0.014205758726032509	0.013761104434427497	0.012720887794395428	0.013017689795953384	0.011299165211025183	0.012683674124425831	0.010588078479854435	0.011978439872109758	0.011426729116701501	0.014005453487777765	0.012823209967001052	0.013827379639507255	0.014036230057299384	0.012741549370694018	0.012460530544858232	0.013059209505922058	0.011289091511025286	0.01226467114898097	0.013741711295174845	0.011538640991136034	0.012735669741383833	0.012932161815351895	0.012738300418164766	0.012045687291015466	0.012767415610764055	0.013914543928116339	0.012907630727174485	0.011503825542865187	0.012437249012080836	0.013966164243698575	0.012388732242300513	0.011895547415271924	0.011617134091278238	0.01405249692845414	0.01215718314456888	0.013175866474775776	0.012692425047130125	0.01342918742917466	0.013112797243294592	0.011143513300142788	0.011261656416307959	0.013298005499875653	0.013613325064085491	0.0116362568699349	0.010846960822795333	0.012669024388469986	0.01256655325724717	0.013013253366906088	0.013265129517115757	0.011238299802628979	0.012560829599332636	0.01432571566354211	0.01235605330391936	0.012588620732789761	0.010790747978893763	0.012482829172470743	0.01312705928116957	0.011438860111395287	0.013517264594079322	0.012255928813515189	0.013440224552142437	0.012226667072004475	0.012825032617081133	0.011192840326161803	0.013167450122146795	0.013196939456429288	0.010807813866498461	0.010900473841636654	0.013247044633554568	0.01291483310500418	0.011914325526365828	0.012453961541029403	0.013037241707989443	0.014146424748173611	0.014200340950636653	0.013439952849302933	0.01199985298906558	0.012112837272303292	0.013017261759656522	0.01138987800907841	0.010480517340467604	0.010895044435382592	0.012307995957699113	0.012337266374499565	0.012300738014735453	0.01314394738195268	0.01070948608110163	0.013355489813795599	0.013210217125939991	0.011801847862648812	0.01409517066981954	0.01362826743036345	0.011070416050168617	0.011202092099559871	0.013341763975840056	0.012233433771107456	0.013639600542060714	0.011768384351320103	0.0131337091461318	0.012695286733257592	0.011929152345399667	0.013070409205826883	0.009248041660807331	0.011076470562970373	0.013506731880606526	0.011640072469451123	0.014323352681450154	0.012379477908471801	0.013404549985527845	0.012959332132993617	0.012602531551353062	0.014045098504772367	0.012889333942768083	0.013251703486669562	0.011312554860661834	0.01206240942758361	0.01303208285920834	0.01215353653161719	0.012093189135558104	0.013209024639690904	0.012083564389020524	0.01083729889855321	0.012357058985553969	0.012835671067441067	0.013043768719089719	0.013348770594617143	0.013945903075250829	0.012716561502433301	0.013199617040128097	0.01021558465563166	0.012774229437405488	0.012216393032395231	0.01322079789259694	0.013609476868392171	0.013778008779871002	0.013151669097865233	0.012541548286949351	0.011785027857180896	0.01233907132368915	0.013039794447837911	0.01325246014248841	0.013676080851459174	0.011572241818748535	0.011926127178008948	0.013898687978955096	0.01265421099128077	0.011222004184630721	0.013076675261857969	0.01227952547348044	0.013542876201678222	0.009383564301347574	0.013540334014629037	0.01312300137013597	0.013815169528258803	0.010359642745504187	0.012788007030371267	0.012002103055203963	0.011760766687099905	0.01327067445205191	0.013727919750246146	0.012308777339301146	0.013235207314256989	0.013236412212648313	0.0	0.011461682058551203	0.01263222598251217	0.012740893963158716	0.012256867171972352	0.012312751877474517	0.01343604566104434	0.012584319487452334	0.01302547708520688	0.012331932701466623	0.01246812542935624	0.01318811328744384	0.012638718814273689	0.012182818279598101	0.012629340967899886	0.011752451200056645	0.013674822521489738	0.01174113546461525	0.014367211727340108	0.013528415429114404	0.011692002694990329	0.013836429326173785	0.011667792836135933	0.012418406275568861	0.011112501498989649	0.012970971464640874	0.01280361964522609	0.01258826808101731	0.011408428017854928	0.012795419168848217	0.012397049717143704	0.01453950070702934	0.011995228208525112	0.012287040694882019	0.012787644537820166	0.01236026987297398	0.011494250629123778	0.013711694118666146	0.012368285714941871	0.012127347063732802	0.012986530850499476	0.013355792445338457	0.014082531743517151	0.013362645564582769
shell	0.01045864293565507	0.012136594191127965	0.011816272671309136	0.011704778559452662	0.009852050189132405	0.012130641945189688	0.010301074602161422	0.011989744664282988	0.012263766118721599	0.010241450482116088	0.01329042467931358	0.012470980262310319	0.012925237663735345	0.012870442151349764	0.010676532874251092	0.010754884316009034	0.01247419324647586	0.012593997871819645	0.011430345688692656	0.011942965456645287	0.010375404367248991	0.012968647962223953	0.012077896738695713	0.012902981768156718	0.012021213060759624	0.011857283024289188	0.012810809296169906	0.011822785777482935	0.011765366064912117	0.01169099759874225	0.01079888253736562	0.013428348450535747	0.012068210385201972	0.013179772409878244	0.012011476036317753	0.011706891040650473	0.012392449195796771	0.011423790404317246	0.011776764536876266	0.011631649378903246	0.012497278230129647	0.01274862583365556	0.01197038404666728	0.012580646650462329	0.012556642107143835	0.01291066733568167	0.012182367794772301	0.010839448880534302	0.01099723167914999	0.010730884369372478	0.01171705155229092	0.012487450965072928	0.010548863825820544	0.011791542004730355	0.012009549730112075	0.012099718886610102	0.010705585740632306	0.011275969384338405	0.012449265104562107	0.012782635375968745	0.011432828226288638	0.010493865219607568	0.012581718909391734	0.010558413197141004	0.009994872153627259	0.01279798210979442	0.01326807838885754	0.010561694656568863	0.01160709525930466	0.012389820828248915	0.012865299519159242	0.01239825023075858	0.010913856751970496	0.011241390427452386	0.011682257049829123	0.012114146437648481	0.011859493371212561	0.011095472378208874	0.012287038941061555	0.011103602966044046	0.013268570816424914	0.01163928655325753	0.01271857481805614	0.012534343403311951	0.013229478674240607	0.011803291159750049	0.011263829902122335	0.010979997182410224	0.012335011398872253	0.011902741595227742	0.010776325184758765	0.01198627582421451	0.01226118004207028	0.01193260561801154	0.011122738088484664	0.012005688906925738	0.01144331243112302	0.01262282209646034	0.01327773087972195	0.011963940025692172	0.010107991365048339	0.012635680099115039	0.01119452291470459	0.012179393995111918	0.010716117025418317	0.012783690125317899	0.013905993420551419	0.01376607445318423	0.012327704915971698	0.010188683114688266	0.0107952457786087	0.011652093472548268	0.010675839435022715	0.010937335626408817	0.00985954361696215	0.012665147242175673	0.011519166892791654	0.013093305352660085	0.011587218011046684	0.011499495159423794	0.011933460110989242	0.011364220410305308	0.011467855181654787	0.014400967672010656	0.012384558635656658	0.01082666634752684	0.010999177159780896	0.013122197921653825	0.011606541160295301	0.012531305355608147	0.012793941536742244	0.012291506692783666	0.010788987860754306	0.010973675448087488	0.012403050872153907	0.011631562461109784	0.012082999465214175	0.012031539429985017	0.011289197090188526	0.013519477607229245	0.011386048727575879	0.011669063334239359	0.011617271863413053	0.011393745085692542	0.012791881981496687	0.011760322579545679	0.01232992459313858	0.01067490429323754	0.011126211001665567	0.012406507965995336	0.012247130767957718	0.011101227522804727	0.011404818504479235	0.013109644393690707	0.009655042994396158	0.010312410485323172	0.0122532907368198	0.011611639681101354	0.013054387024807134	0.013373635924794437	0.011080580350217391	0.010797084896860501	0.011016046042207668	0.012209865116026458	0.011199664076854346	0.012093037316900566	0.01273654446854679	0.01258041613909415	0.011699239424195351	0.012442338107932353	0.009324951987174252	0.011813416327851512	0.013050974498360528	0.013512553320200042	0.012868581351298291	0.011258438958229096	0.010692140675829562	0.014015175618413611	0.01156702919908051	0.011767642885804716	0.011946128146842696	0.010864869182125557	0.013954112188886392	0.011459217343581008	0.013473251050628408	0.011817946274112718	0.012512048660989473	0.011662024311873954	0.012045008946356753	0.011190874169701808	0.010829088366302838	0.012315132082156132	0.013454850626627284	0.011569729963564129	0.013434346085929173	0.013035945858332135	0.011461682058551203	0.0	0.011980614782481953	0.010599300749513268	0.01214418784302099	0.011646963035574371	0.011673149236598089	0.012191915455228752	0.011372650738541379	0.012053215397724476	0.010729546448885125	0.013675225118273517	0.012479086699133191	0.011845997991890346	0.011643101363059355	0.010404952562072928	0.012509001686248893	0.010339566620738944	0.01371847022641863	0.011782544313095101	0.011448678511862353	0.013602704166985504	0.011862575686228847	0.012612231974686125	0.010813262701979298	0.011717689934419802	0.012340240137109097	0.011085830165610669	0.012209104180709205	0.01145782841473868	0.010618598743909191	0.014080744386775819	0.01128689123324216	0.013744021292027675	0.011251725952487624	0.012037047172773463	0.012018585940567286	0.012745855576847107	0.01187441071175456	0.011512328697260996	0.013014009019820007	0.012036082555694282	0.012626209132614877	0.01305480724714507
shrimp	0.0124634521488886	0.013476591480376996	0.012456974643253677	0.01218786566858665	0.011437552191730958	0.013464833457398422	0.011968184724117474	0.013039895511964604	0.012619124122462239	0.011313688021199317	0.014414252010856237	0.013798330419628912	0.011878284698572552	0.01403039049263654	0.011954775288093567	0.012479143351350015	0.013283032075541998	0.013822860190541235	0.01166108611902336	0.012366549212614441	0.012187344733318482	0.012676352449502847	0.012368771766958761	0.01303576642073725	0.01352327521566091	0.012902779040508643	0.013747771726412226	0.012038769732310262	0.013425676118615422	0.011355395879392135	0.0109494840919086	0.014708906094936516	0.012810647624333924	0.013241496706059572	0.012256891065933528	0.013037855778025133	0.012600157251783834	0.013329799015554445	0.013606510991202459	0.012808074140363583	0.013018175705868568	0.013272899332042091	0.01235567749904086	0.013408748157162713	0.013354559865342917	0.013190629865261745	0.012795565916565797	0.011722280840462583	0.011549097051517939	0.011741377979277205	0.013237071942499718	0.013171559813185884	0.011843953811843451	0.013076782238129768	0.011811976404045896	0.012708906351829976	0.012818906625321543	0.01194435225850839	0.013264940635396178	0.013519561186788646	0.011902217250993172	0.012308838555133528	0.01349508608463543	0.012701743079788103	0.012015098226984475	0.013457807024406299	0.013186670360188734	0.011330851710317023	0.012392380571034402	0.012493949916479794	0.013923618022088184	0.012778541176044189	0.012039807358299513	0.012327376348025974	0.012783148256573583	0.011996937656372653	0.012693059638755777	0.012397806383171967	0.012992298723715698	0.01163216433538651	0.013393359082910297	0.013268025688315479	0.013427953755335138	0.013640539077490015	0.013115497526222495	0.012706426025989828	0.012441010863070694	0.013272622428162842	0.012505180632609674	0.01252088029038529	0.012434028660542053	0.012482630521850446	0.012104454690820696	0.013178340678590243	0.012001865702963625	0.012809181025609245	0.011903090452235553	0.013756159217095958	0.013324993450584972	0.012650265855548473	0.011700221511832493	0.01249071083010608	0.012079980760607248	0.013342602282688323	0.011680325236697351	0.013449105961486294	0.014282829480387947	0.013884327728201811	0.013005274082273028	0.011886040210452404	0.012380060334473381	0.013314191547575936	0.012541377071820235	0.013098651605992608	0.012297528130807516	0.01307500773813739	0.011396665598374166	0.013900195993566969	0.012266465349330775	0.013394999846748775	0.011715901459827547	0.012928322292138649	0.011824897762431055	0.014249985570263182	0.012874492886056244	0.01335943302200865	0.011995309698257376	0.013968494853008637	0.012999027837737103	0.01320326132453701	0.013366988322903051	0.014150369402282243	0.012400281723019324	0.011645204258890231	0.012782838946880428	0.012525346059295159	0.012975868572160522	0.012761916452857715	0.012531084409976044	0.012960327753518413	0.013107294973203443	0.01335260907778772	0.011733749648367526	0.012895507609920304	0.014108221999466944	0.012829247277091206	0.013637809171872302	0.012624037345334705	0.012502199346497203	0.012931039395153473	0.013049147188562869	0.012696659721466916	0.012550956738821077	0.012943976728897657	0.012194491671590028	0.010477397430451434	0.013319890706170371	0.012517035330309387	0.012802050315032856	0.013922683204698649	0.011815064385906833	0.012374123959692578	0.012835165233293104	0.013496316009689351	0.011215844654577489	0.011649089102845738	0.012482746923535562	0.013202477383081472	0.012693545226933533	0.013510633961037634	0.012377031993295541	0.0128188831055448	0.013018983717714615	0.013652613416680125	0.012125707259311584	0.010749593559507983	0.011541449808401374	0.013171571123838256	0.012274490849604539	0.013038260030283057	0.012115806203158436	0.01199590993257923	0.013920616753929922	0.012254409920130207	0.01341449829007738	0.013355414441749949	0.013293037538491653	0.012377831246936446	0.012458605166446066	0.011314415662857963	0.011559667874777881	0.012728221579819761	0.013530046113320295	0.012046741312073735	0.013321837203348457	0.01345311861647992	0.01263222598251217	0.011980614782481953	0.0	0.011104639509092028	0.012490465450052772	0.01243339933963175	0.01296115843175568	0.01377654356185824	0.012658836374868374	0.012147167990426491	0.011646311819490517	0.015023929308471393	0.014445389928058694	0.012247158284326121	0.0105609950405199	0.012040737254997129	0.013388883678903236	0.011853126021893107	0.014049496434580606	0.013216974104097638	0.011548911296119492	0.01391249532071571	0.011441957079835545	0.013651858569670073	0.011494468757158698	0.012050997051092692	0.013469503382856468	0.011858885031032192	0.013719029001556582	0.01320341970652776	0.011868753885018344	0.014733239407237657	0.01215954650197484	0.01339403388075465	0.013516670773474643	0.01279670838760969	0.01151263314574733	0.012939753901979855	0.01299721259746534	0.012276839173946928	0.013986818770318482	0.013035154104021434	0.013750752013165937	0.013962877021100242
sidewinder	0.011811647223787308	0.012377358791101169	0.012324149934268846	0.012355010916611201	0.01164677029545029	0.013816292354486918	0.01112435218949501	0.013113509034094998	0.013194260440352995	0.010530847001353837	0.013668952598652674	0.012824496311864804	0.012001186683747752	0.013975112054851982	0.011386491601619602	0.012249832540406774	0.013427233779344586	0.013570222356104443	0.009769608537131184	0.010948423667777452	0.012103772935192386	0.012024164433022426	0.01134850469973541	0.01224928629330275	0.01247638949585008	0.012766786862358926	0.012894577534442002	0.01134060489306155	0.011872400274024277	0.011160836543126334	0.009999243835830342	0.013770196353352509	0.012584800343481785	0.013452758183028714	0.01233529596130087	0.013420882471952089	0.01259596250868129	0.012557530589036033	0.011771671919543609	0.012400791501262203	0.012995197540851908	0.013045474005188535	0.010979238469745798	0.012838857295247088	0.013351954983702516	0.011905883715736889	0.012659582450527878	0.011843804566448594	0.010886782608580668	0.01160481287882229	0.012753205051373211	0.01369606364345116	0.01161231105154384	0.012511769668270436	0.011740707458399663	0.011555730907968338	0.01297062406220766	0.010577246479230955	0.012194698031282298	0.013092783093988225	0.01156880779867372	0.011391164348318923	0.012995136448472673	0.011959524999927728	0.011581918806729097	0.013523712076764336	0.01261513835423369	0.010619465908642062	0.011848943055470023	0.011352301008567925	0.012745270488913843	0.011522762226291979	0.011290857770108525	0.01239550578033085	0.011405690958270605	0.01072573377290974	0.011461478881363212	0.011220855925909587	0.012838306648477375	0.012024621166055955	0.013960207658184558	0.012864127560218845	0.01301617517131004	0.013130451454048748	0.012956389624745773	0.01094762083809923	0.012352691973423348	0.0126001826670561	0.012239528253877691	0.011897754847450976	0.01269184285128474	0.012661609253868375	0.012900363087565855	0.013003265385765872	0.01182444751749413	0.012188133021710316	0.011803772506725436	0.012438720772925625	0.013627488821250457	0.012727728448469445	0.011081890612996472	0.011463809526492872	0.011891050647156388	0.013054299130162763	0.011585223964172412	0.013051660238706105	0.014553843325330105	0.01375639004310085	0.013302537210465697	0.011412526711142696	0.012423389382426306	0.012259951702799537	0.011680418537004973	0.012147039759693667	0.010995026143639978	0.012383082381918648	0.010586777216612539	0.013722646902671823	0.012454242706157016	0.012193517545716664	0.01073869007410337	0.010781464319986975	0.01181947506643909	0.014895915635761597	0.012635073412327513	0.012472954234365426	0.01119249678853512	0.013706974861162539	0.012480430387652888	0.012030054858447001	0.012389855109333428	0.013787423726614225	0.011465565012093247	0.011808252239007517	0.012996224656292143	0.012813396403957521	0.012299047357681316	0.012217667401234793	0.01080570413320932	0.013401713721800884	0.012876876188828918	0.012575603414884222	0.012294210913827975	0.012690341380914778	0.013653918649609438	0.01256170126452413	0.013247745764783556	0.01186951276646752	0.012507514744375215	0.012220236651219303	0.013052931257707498	0.01131776228625947	0.011477824410748332	0.012722593614664665	0.012304354238049155	0.010857162588218233	0.013512686663142797	0.011988805072403751	0.012832905502766823	0.013904663018590993	0.011233683957959366	0.011597511983853965	0.012061238222398548	0.012151951137987275	0.010880533023469077	0.011330926225418946	0.01147744052805957	0.011946483623363108	0.013250404391022728	0.013018441782179993	0.011213029336559922	0.012836677415334431	0.012780451424592845	0.013830456418689786	0.01180681601591399	0.01042283798214617	0.011311092553861056	0.014276207262247749	0.012156473295548894	0.012771183923260503	0.011588277192985615	0.01188247434642328	0.014729155102574354	0.012045360182918819	0.012926916586159883	0.011941580271333414	0.013422879725233563	0.012020824906718755	0.011870730101391572	0.011699462445848866	0.011151912013365755	0.013118031736143612	0.013909710713399909	0.011143974638948862	0.013410522377404789	0.013711405349178711	0.012740893963158716	0.010599300749513268	0.011104639509092028	0.0	0.01250866907906183	0.011123379306828813	0.013169183794763768	0.013361089275913372	0.012171064160091324	0.012125519459316449	0.010206314907612974	0.014169126224975168	0.01399563682592356	0.011550877645512898	0.01079365607522883	0.01140113615871166	0.012598552703856786	0.010548779385700756	0.013917903956750048	0.011530050064213182	0.011737480995715435	0.014071078906877294	0.010633477284689581	0.01340665126122898	0.010807875766882039	0.012100537938541538	0.012281310935147432	0.010938467958821951	0.013310412134863989	0.012691563779606372	0.00987316129105541	0.013316684292307266	0.01171337630764737	0.013413719576384247	0.012426654966971025	0.013235409864786066	0.01120678465899065	0.012928628016116241	0.013427459004167894	0.011574242841490851	0.013814722550887996	0.012103031169286838	0.012598221840394871	0.013565118278596395
silkworm	0.013469311365542597	0.012347254667457315	0.012169616693174692	0.011632747262612103	0.011573539203995904	0.011627379400292856	0.012355249882473964	0.011095415397834374	0.01110051337265547	0.01232268402474484	0.014209921979741915	0.013375695271539215	0.012878656827703849	0.013036244133581993	0.011883906896958557	0.01321496603436115	0.011985280992048314	0.011878289485476319	0.012733689086612477	0.011681724592908352	0.012171793196898763	0.012863180697229177	0.012805715724282669	0.013687734116885182	0.01263255341359238	0.011737190739753095	0.013198985233920988	0.012685954249644225	0.012737520262177907	0.01030082445675527	0.011915158518333892	0.013100995179067303	0.010822048874347616	0.013301570099620234	0.012344775900829224	0.013079326356658073	0.011647727433957943	0.012177657102330517	0.012839964974850262	0.01301749820709859	0.01115238545751556	0.010454237996554457	0.012443283127577788	0.013085893727359141	0.013015230297114523	0.013203150878535073	0.012578680584245282	0.0121747285886066	0.013301384787128966	0.010194900788976849	0.012383923445748178	0.013539590734824452	0.01210217331460188	0.012828601735283596	0.01244872569221914	0.012695452667727472	0.012454922665975043	0.012510460495469923	0.012949391327335297	0.013016194123284464	0.012534743363934531	0.011889512801304996	0.01319740678931201	0.012418613708673856	0.011469537509463718	0.01203669342644742	0.012916210998702488	0.011725053469547306	0.012213720816342564	0.012912812366161895	0.013481694442345437	0.013335233971068864	0.012869820567005695	0.012046921250033225	0.01249183902910854	0.012761053876732658	0.013230559809215899	0.012133462975244853	0.012916371286474994	0.01216595635751976	0.013798659532871498	0.012540719860558642	0.012574235051908142	0.013560490138129528	0.014074031694836812	0.012393973143717455	0.012210096988462387	0.012418664969345522	0.012951234282313248	0.013169032333203799	0.011028084433479001	0.012917231208599311	0.011272690803036313	0.012299668137287834	0.011719950589534631	0.01182462204011411	0.011360906417894983	0.01276242264536952	0.01229595151945269	0.011515286518570285	0.012094241257776478	0.012387053777908821	0.012857946616985312	0.010987858596135042	0.011223664433280768	0.0133492668188809	0.014460164993952663	0.014098663743485269	0.013362356653186705	0.012378685449424102	0.011904110596022676	0.013115122534372753	0.011993966303824129	0.011944676101802427	0.012137275888761503	0.011446374898082952	0.012084972369854542	0.012886974608117406	0.011617058012812612	0.011982873063433265	0.011677934407303412	0.0127190326231265	0.011248927311843938	0.013736688914080723	0.01274433388198831	0.012698821347905176	0.013318765917104448	0.013526615376708444	0.013183608075486502	0.013196823738168637	0.013287627631343304	0.013884278054492702	0.012459908492878232	0.012707009895733644	0.012042709418356601	0.011934671941387412	0.013209713224672046	0.012895435136545598	0.013033701709715786	0.01239636256256087	0.01259337675091759	0.012741775367437503	0.012701305147791947	0.012261367031777805	0.012801036233667525	0.012704454260719453	0.013435805980958735	0.012094220527064832	0.011997078749741144	0.012757691537662779	0.010869180049951799	0.012478147856248921	0.013541964122828593	0.01204765268396895	0.011792568371879584	0.01209620488858008	0.013370155956258503	0.012628199644623113	0.012534602261240677	0.013663040114231523	0.013197186020910467	0.012349898464742564	0.011377907134621223	0.013334878729555601	0.012745104102839432	0.013216417645858614	0.012870792972765306	0.013560331222510052	0.013325308558643462	0.012622140609497779	0.01201778492552552	0.012824437264291652	0.012868413380785712	0.01061081157770195	0.012555016497137306	0.011899750661556095	0.011930472351365002	0.013793745570556267	0.012181855521653257	0.010923545053611886	0.012444374331066033	0.011253240297719675	0.013870182588935622	0.012318970926737732	0.01366554057470622	0.012595844660947892	0.012180672833182133	0.012280284860341438	0.012324512845514397	0.01234680190234974	0.012585843039558927	0.01217706309592411	0.01401558506303759	0.011506223230070178	0.013123098259690229	0.01348910692278135	0.012256867171972352	0.01214418784302099	0.012490465450052772	0.01250866907906183	0.0	0.012558674021594668	0.013180517625885308	0.012835387181203068	0.012715921493861025	0.011947271438943488	0.011802894861048643	0.013837008928825816	0.013330838134756752	0.013300073363861053	0.011208364889543061	0.011399618469699226	0.012653907973407492	0.012612023589857004	0.01440431260398891	0.012631323696733024	0.01197735930280895	0.013262140979929225	0.01280454318099193	0.012161280177221815	0.012569371951164334	0.012332572216885511	0.012314458088995233	0.012200813583063437	0.01300031965927287	0.012525414369651782	0.012338413671857222	0.013499442453250661	0.01263745045507157	0.010212460670074152	0.013099989610734442	0.012504407121136889	0.011476567536373338	0.012170455256065426	0.0122851613147492	0.011712036868738887	0.01328340843412973	0.012314034381805825	0.012728190190777653	0.012632640281018116
skunk	0.012209205583966092	0.013185283759918977	0.012280975594507195	0.011722419635984218	0.011939595757816663	0.013632167564932683	0.011971086540258895	0.012335322958065685	0.01244642937598473	0.01117347851867807	0.014166899824380477	0.012926349575053064	0.01224887216995373	0.013148226134263434	0.011552615216903801	0.012270044193112952	0.012856490123059568	0.012149321280611174	0.012764688903377931	0.012694916653124657	0.010195020933157247	0.01342436863282628	0.011140881393054471	0.013404083848979575	0.01395484990430621	0.012695688007784518	0.012213438997128645	0.011312732510326726	0.013081698229361817	0.012322988168566862	0.011174369359221724	0.013394921820396253	0.0122696043777599	0.012901614532416844	0.012507349055115281	0.01298110360452701	0.011222150785064007	0.012888227289299826	0.013458566432546882	0.011290015100132276	0.011949646588618846	0.012831817168840626	0.012962340210089542	0.013328652005662387	0.013487674968030834	0.013603584717306348	0.01143336511754068	0.010846121535050548	0.012633736621313238	0.010177506109588667	0.013753011845095982	0.014181606938064513	0.010672977858831282	0.011389627478922757	0.012329964731888804	0.011915228513976353	0.012366232987772632	0.012046488555868871	0.013012706649273276	0.013216574515975625	0.012430093228773077	0.011965653704710094	0.012662382075332768	0.012761451368031777	0.012127512344548513	0.012152063327804895	0.013097570363750293	0.012432110238881702	0.011089502665924804	0.012700541519276085	0.01334040937127294	0.013071022148594798	0.012024204932107438	0.011663536857102023	0.01298549750167462	0.013011601670398425	0.012428906198376232	0.012901349080826305	0.012795548690900311	0.011535288182762086	0.013059812241198992	0.012494079312776433	0.013401172587760517	0.013532776016831807	0.013566177281011555	0.012094778740782632	0.012207929855622563	0.012039641580840062	0.012939414174682352	0.013200151257103172	0.012345140466026784	0.012807012044165265	0.012453493515782796	0.01312424072184069	0.010123513696594975	0.010249598453440999	0.011719003664775914	0.013686484446226827	0.013775939775434143	0.012939720086691945	0.010642915993309578	0.012500618868826318	0.012723166921662182	0.012508451790955158	0.011581598921500567	0.013142432984485378	0.01381738560549911	0.0138791153047645	0.013282310547067556	0.010975609962926111	0.010801067706284665	0.0133545180336958	0.012935265001389251	0.011555704095511939	0.012333406265326006	0.013722152942733132	0.01212620853798584	0.013965381127355165	0.012420856523730175	0.012455785240282903	0.011837245392800032	0.012580983189705866	0.01148230990876828	0.014130393434767156	0.013133874364357671	0.012238689136892855	0.011945541990117848	0.013064146956586245	0.013068709288271372	0.013821147282699078	0.01339027939518266	0.013537862056670198	0.011046247769900392	0.012014151388937338	0.012655450497747116	0.012757431477543404	0.012774369022564746	0.012877508622187285	0.012371001111718564	0.013532919351071775	0.011237176848598715	0.012525894847734262	0.01287297047798144	0.01213905048918721	0.013509468082598796	0.012373728711554774	0.012903376363127694	0.01270290590307279	0.011446169316581512	0.013155759913331304	0.012719521164059975	0.012003060666383576	0.013185306192670046	0.013379366767272048	0.012010991773020166	0.011654882117196468	0.013307836198800558	0.01245599390144442	0.012620189173792125	0.014083185797602404	0.00992786209976057	0.0116997455086787	0.012913730741299338	0.012855265029764352	0.012595325641868035	0.012084911268845158	0.012573739899429861	0.011676986743432361	0.013542723130704646	0.013543097333250995	0.01215498624111344	0.012839673074158614	0.012515214484761466	0.01371189137859904	0.012627834343247903	0.01189342471005473	0.012357812103053735	0.014124128274539061	0.01297170698247571	0.013200394311883898	0.010013795368999103	0.010179904478037592	0.013770282968346662	0.01151205437188742	0.012167387510549958	0.01310536033097221	0.013265615303445546	0.012429549081856329	0.012722153342880372	0.011690902735819114	0.01162173063710615	0.013044630695637218	0.013710833350818854	0.012897113103470654	0.014209165612605202	0.012976361894473454	0.012312751877474517	0.011646963035574371	0.01243339933963175	0.011123379306828813	0.012558674021594668	7.300048299977713e-10	0.012783442565269785	0.013556353441715695	0.012146226847910837	0.011284340617092969	0.011905343946993196	0.014094478155307986	0.013923406856843073	0.012038077152829561	0.011055656650878445	0.011917170597633446	0.012823776236036684	0.011719964724458075	0.013594552628576397	0.012845541821078499	0.012042692476718166	0.014197617127739951	0.012975514265916841	0.012662250367891419	0.011552359098380848	0.01320159242043449	0.012015916003989532	0.012611321802125477	0.013737161141622217	0.011880672813196895	0.012397484816203688	0.014578239252816785	0.012060559511997273	0.013070092907549149	0.012624864705106969	0.01161541467456871	0.012878173406497993	0.013256570094273471	0.013240570904096834	0.009504732767496993	0.012263912817015403	0.011618961288293421	0.01303685658756701	0.013543317377973018
sloth	0.012864127224891416	0.013339595117312787	0.01185782852013209	0.013176848677166677	0.011795566862369804	0.013259603064408355	0.011893228642295266	0.012411295579905796	0.013204743626857448	0.0118242461831679	0.013143197043161602	0.014213992014934168	0.013510351498154933	0.013301803003711518	0.011900477852313456	0.0126464634172012	0.012847828407050878	0.012984611942791397	0.013286510164948927	0.013668600595097542	0.010092464805194927	0.0137158233592558	0.012402194376076994	0.013465171327129403	0.011501480176477894	0.013317310106387361	0.012563793977539903	0.01307762263529569	0.013651416925909486	0.01362315266687407	0.012552210171881543	0.013483458381060352	0.012763430416621464	0.013227550357664087	0.012340362399348966	0.011873661315836323	0.012630505873482429	0.012929981871727385	0.013225627661424176	0.012594965827626026	0.012732450521205405	0.013940940193801748	0.013233846909336346	0.0137156690450537	0.013088825237029205	0.012819976346297885	0.012612854045636739	0.010800642810203738	0.013035375279634727	0.012634394081725507	0.012921318739790702	0.011817313470191779	0.011222028279243257	0.012002460264618334	0.011879416819664597	0.012568082256021655	0.01316162511071387	0.012853458396360349	0.013712619240953875	0.012838294557370407	0.013465093792497742	0.011717695169404001	0.012621434331279498	0.012026590563502595	0.012138447972437485	0.012534814434469566	0.01219196519477024	0.012018098761486257	0.01176422759555734	0.01267951752968638	0.0132482841992158	0.01326277311578523	0.013083108904182348	0.012777095868167512	0.012147468286967094	0.013390850346150118	0.013809123048151739	0.013186232396051151	0.012175292617098616	0.01201756017453903	0.013444703736372294	0.01171564156245986	0.013846156190087102	0.013828244247508918	0.01352674350096455	0.011877154446634293	0.012456049470076313	0.011786479846094171	0.01427568714378456	0.013457518259367236	0.012505142773571974	0.011696840297552778	0.013602029061800152	0.013019727032520611	0.01195323540089143	0.01257729744577062	0.012531840295756764	0.013989741705570309	0.013495792787602635	0.013745300160659987	0.012207213741903455	0.012286575556762902	0.010873607077345089	0.013395149235662209	0.012507644386970062	0.013816788499390872	0.013315173024430913	0.013572927946140097	0.011218226585070086	0.012216035856046052	0.011617670100531224	0.01286069588271381	0.012814835610135033	0.012553777403832988	0.012127507684128356	0.013820317402996387	0.01242202594094527	0.013753189379270987	0.011626053815157971	0.01354623709879996	0.01293961815396895	0.013600206454349008	0.012121767756567698	0.014176904192498613	0.011769946726554787	0.012538280504586788	0.013362292591158443	0.013216463342619764	0.013161362666318354	0.01350184011258085	0.013995763131356167	0.013080025404682775	0.010944366584035439	0.012281586382227533	0.013024798732027014	0.013022329005824807	0.013220471559635546	0.01231404195643752	0.013616135384914605	0.013316676222685193	0.01078095220264557	0.011595123325534116	0.012193075224315836	0.011859146201544237	0.012658286617133101	0.012307821541667532	0.013218067297326518	0.013164095567963646	0.012826611801826135	0.013363668435667502	0.012641013864870774	0.013103097935028786	0.013105362262421608	0.013965953734567254	0.012548069864807165	0.012115386333373232	0.012905569138400037	0.012344128459108466	0.012501491597118962	0.013465964804914082	0.013326061977041486	0.012213959101630822	0.012353821476318536	0.012807762227678906	0.012562364495077279	0.013223202170030044	0.013150432356740134	0.01256198044373015	0.011961564211005839	0.013395373676634879	0.012017288429555793	0.013777122027008848	0.01290408334914017	0.014194282990662381	0.012489804809901042	0.012690543586766585	0.012977544853526413	0.013409931303483018	0.012196225748521534	0.012939636828001977	0.011854824266174372	0.01095074083690676	0.01315815204166753	0.013105834126750315	0.014250848691855016	0.012319130406066468	0.013349313840915549	0.013326710222110405	0.01292407222960401	0.012143684122828246	0.012929017940624779	0.012304632056035237	0.013200326529675144	0.013305183696186697	0.01373395172665188	0.012276579650585501	0.01343604566104434	0.011673149236598089	0.01296115843175568	0.013169183794763768	0.013180517625885308	0.012783442565269785	0.0	0.013791332659355811	0.011479773865032185	0.012192400252561986	0.01194768309673072	0.014735993138196712	0.013069760306277515	0.013131525530830256	0.0118870085625914	0.012031295573230913	0.012058712106020754	0.012364205353884265	0.013395379416665196	0.011843936597320302	0.013056161721001538	0.013922706831769938	0.013633623600990807	0.013558751678333123	0.013050057857615144	0.01336012692089487	0.013265422537105004	0.013332118754477054	0.013318482459352854	0.010684719198917296	0.013089645265052711	0.014605623781227348	0.01260745677640473	0.014293383305276613	0.012963147672558155	0.012279570958762248	0.013478259786382863	0.012234212716725056	0.013092254366759808	0.012053885884039144	0.013788325634992389	0.012683142792876433	0.013690539605709443	0.012528072971912054
slug	0.011479465797809577	0.011662582917454763	0.012989483565763113	0.013786151363074421	0.012925478486793913	0.01338505582803114	0.013775289923461357	0.012938523199930578	0.012892392596470927	0.013743221200949028	0.013738535330633706	0.012322660558604029	0.013682728145232375	0.013452647684170265	0.013155508001869274	0.012610060395533999	0.013565254657202904	0.014075259457034871	0.013416685377360927	0.012237287547232285	0.013586264293376388	0.013276591112583152	0.013733589126607264	0.013629386499039753	0.012817100492233334	0.011986190767811824	0.013337253282914326	0.013067295140118203	0.011816920564026055	0.01292433084252517	0.013058346592401399	0.013535609334550003	0.01275067283492779	0.013534505929336037	0.013207571644792106	0.012880804856755105	0.012886755412843216	0.010259054028577533	0.012683786219866355	0.013118232750873409	0.012852777102174424	0.012470241388476222	0.013394197132863881	0.013754947975929289	0.013623626966918816	0.01404195301548855	0.013629742583684426	0.013599073719438944	0.01351546175514075	0.012974694042594317	0.013082888222103559	0.013669775286713504	0.013343597121105605	0.013542039356301858	0.01335791435930919	0.014082842273388635	0.011305750810686648	0.012468825480903303	0.012260575518396549	0.01237488816658486	0.01270433727470622	0.013828768073750537	0.014066093989268445	0.01226092953809727	0.012376668356182056	0.012856301355772193	0.013414980808917731	0.013144319453282061	0.01292504874981554	0.01330669074166554	0.013661609608333547	0.013705462515670395	0.012704871213519259	0.011847479253136194	0.01409308900481348	0.013420263036146343	0.012616465081225301	0.012092483671447628	0.013227750069956279	0.013591039728838718	0.013488414248802968	0.01380873682566888	0.013657057649717643	0.013591786700892425	0.014503347279570408	0.012402518901712924	0.012806598899756477	0.012131064678864023	0.012970685092835936	0.013140397412225408	0.01107845552886342	0.013249097714327456	0.013901068859592374	0.012441057913356406	0.01347032051160112	0.013368263544068646	0.012151790188190195	0.012194689261611349	0.011358094171662449	0.013261067441392986	0.01303749337474398	0.014177835498049664	0.01340992754844883	0.01296077662079787	0.013185508270394289	0.012725958127490344	0.013600737002631506	0.01357596286349596	0.014227625777445772	0.013284147956082182	0.013023221020756466	0.01247307051991745	0.012132833027008074	0.011595415679516158	0.012643789326314192	0.013450413792333839	0.012314505270010346	0.013335500502067128	0.012815121803181798	0.012388422373921714	0.012933220772046932	0.012888369523082071	0.013314897306774107	0.01380275784580491	0.012514335802741345	0.012520854134979397	0.012509885068030975	0.013774203668698413	0.012202432224009664	0.013884831240019426	0.01218787628992018	0.013153557959058995	0.014021585136658896	0.01355883308565822	0.01341737921003992	0.012049350574144359	0.012629777885347172	0.013164518024763608	0.01200720032781142	0.013772716226938556	0.01325809908293668	0.013815484574559238	0.013886295090267405	0.01333069634223523	0.012095677712803012	0.01343254051569356	0.013101167644432945	0.011542699231258707	0.012905013484475904	0.013207199329358843	0.012829178162181997	0.012318750572822413	0.01335449725910384	0.013000809330084195	0.010570628131694024	0.013374370858938554	0.012921631326351515	0.013615456381012135	0.012908943813173597	0.01385144430603063	0.014154150501473527	0.013351100143329691	0.012347210710965846	0.012197203716406188	0.013116435752371447	0.01423974335038003	0.014358283255052541	0.014524099469773835	0.013025771489527903	0.01368660458246344	0.012194277766912745	0.013006669834462734	0.013557757834572465	0.013558713974722992	0.013319046517350363	0.012482707570776559	0.011952311315898613	0.013209274007618423	0.01259178353329988	0.012246035328034945	0.013528480531664666	0.013332332970177245	0.013117842616196982	0.011824881126246998	0.013855875744228488	0.013458824576782229	0.012853243381432755	0.012606371159750145	0.013713075819741693	0.012586958494475808	0.012805154186913758	0.013107840534504327	0.013771727126770172	0.013236858552571007	0.013370208218064361	0.012735771524454077	0.012584319487452334	0.012191915455228752	0.01377654356185824	0.013361089275913372	0.012835387181203068	0.013556353441715695	0.013791332659355811	5.960464477539063e-10	0.014166893220618443	0.0129995379114185	0.01382928477928836	0.013200111443094449	0.013269887062477677	0.01328463948212099	0.013404166213738735	0.013024080394485023	0.014024059715945529	0.012928340453093023	0.014546992558951083	0.014195133714228314	0.01341862018147409	0.012411800673797997	0.012906996740215455	0.013478525206761786	0.01214935482575978	0.012421090127821109	0.013383893419512011	0.012238776205066904	0.012820863117808484	0.013984306886005264	0.011563546930289114	0.014652709717462	0.012596874675851326	0.014187049291394985	0.011919597087576284	0.013260292596112652	0.013117912530696748	0.012189599646729181	0.01390259696942731	0.01367513186693535	0.013318528813917794	0.014417786784848284	0.01357907654941205	0.012985746286303905
snail	0.012592536879527287	0.012957363078725685	0.012295794889566876	0.012747727203422092	0.012181391778001973	0.013329917335187107	0.010713643301812119	0.012756903167562344	0.012137994639900918	0.011351278048696149	0.013997820623081945	0.013785810282579348	0.013187804835817045	0.013639416755651546	0.011971306442775444	0.012276160150805803	0.01287178012216229	0.013268934751936206	0.012828698429607497	0.01407600147356231	0.010042919583132732	0.013363192297983328	0.011514055871362538	0.013799750570809155	0.013212164063878968	0.013199746955786655	0.01143134113058862	0.01274991916046973	0.013174411561866503	0.012734774656524197	0.012243716295567125	0.013346931407596295	0.012821021086020528	0.014010193630871413	0.012531439827729734	0.012664528519757912	0.012088242457634443	0.013847138160121142	0.014044019091503714	0.011956499754866456	0.01254957042074666	0.01370667496803481	0.012958571858637103	0.014261849431660319	0.013393351451263651	0.013736781526453436	0.013129447141447814	0.010870342007517832	0.012394150930322362	0.01204065871418213	0.01362715133096203	0.012835430613523564	0.01057766748999747	0.011640518715007344	0.012589573256064879	0.012290785904209671	0.012887908159863216	0.012219209564174499	0.013445189985975986	0.012896909366639816	0.013820463835450119	0.011395238837031809	0.013050808077443896	0.012070223915835279	0.012482816842426626	0.012239369399278846	0.011345852968207868	0.012020410332719993	0.011719279988864094	0.01332709350997727	0.013106819422690277	0.013444349900031986	0.012876251166225403	0.012588176778970762	0.01263345696914549	0.012984640932036183	0.01370167760178125	0.013438534069306174	0.013532345902045806	0.011621618969806452	0.013109997169065944	0.012386397909162163	0.013308523921696508	0.013906601218889491	0.014022357127224074	0.012239700012330984	0.012488268892030948	0.01246072401734937	0.013991980535661166	0.013417943136711241	0.012856185897074561	0.012600065766467616	0.013995961513186503	0.01263759459765566	0.011886796949735306	0.011360400238790973	0.012491157238683803	0.013812151792100118	0.013288822934392795	0.012846161101469286	0.011659808040458575	0.01300063678188426	0.011456394045081073	0.012908685842002006	0.011765301253311933	0.013584196733051375	0.013963337073148294	0.014304885803296996	0.01300411268748424	0.011216326648984651	0.011163019566076977	0.01332417989561003	0.013337644994653756	0.012528486844256644	0.012142237218531774	0.013551268198622748	0.012816814941065697	0.013882096679285656	0.012039283376811769	0.012968637231524052	0.012653954848068279	0.012635705484541722	0.012374905596345796	0.013634548628446977	0.01310390668622708	0.012694316609941256	0.013022386572948423	0.013216141257696682	0.01286071321316314	0.013797036969437158	0.014100682760342225	0.014065770218298699	0.010247744611515003	0.011381179885505743	0.012685939428486876	0.013401193525165618	0.01298185120949328	0.012869908926708468	0.013281194445747149	0.01313625892384248	0.011108454268200608	0.012363293548360072	0.012263637094373083	0.011678433410810598	0.01373598299039517	0.0121331443703208	0.013396040357716348	0.01333616384997508	0.012522628444910502	0.013797432850384948	0.012706917018839692	0.012020945638332113	0.0129334687667257	0.013893016648582963	0.012758354467970521	0.011813957691011796	0.012959438449232408	0.01273561477893008	0.012210710717762944	0.013975806818210722	0.012091588856957533	0.012129746010857392	0.0126179401394243	0.01325124803015295	0.012730657872274448	0.013128021302031041	0.013540843280600788	0.012334138673693469	0.012922488615454905	0.014218952998634357	0.012194129370398632	0.013250401667224871	0.01341841260610292	0.013869297329724887	0.012584460585116442	0.012805833070003185	0.012711758102275825	0.014158499168497651	0.012837949798869446	0.013296548600819573	0.011199889507851694	0.01073447583058924	0.013841569736580708	0.013159453513620913	0.013910081966860466	0.01150564030046884	0.013673291588688217	0.013141137900343132	0.01303123516770436	0.011950190390761761	0.012196948397428043	0.012496808312411168	0.01341980360255715	0.013418315202072095	0.013560547622877658	0.013199838689476424	0.01302547708520688	0.011372650738541379	0.012658836374868374	0.012171064160091324	0.012715921493861025	0.012146226847910837	0.011479773865032185	0.014166893220618443	7.300048299977713e-10	0.012105092562304177	0.012161365763960237	0.014735262978452039	0.013988378674507595	0.012767202227808097	0.012181936078369643	0.011875979477665919	0.011065009485124497	0.011644493320691375	0.012891078595263583	0.012861687568721438	0.012654655616467109	0.013825536531068883	0.01347091739546557	0.013256163051755799	0.012852005450009103	0.013262060969662376	0.013082017420319616	0.012621029509546458	0.014109048563249902	0.011176463254332318	0.013491384994445379	0.013913283147252563	0.01241882225792294	0.01422060747791118	0.013059507904766732	0.011747926375196503	0.013442825017219764	0.01302976591972383	0.012943683767270233	0.011065372493668502	0.013373614755792167	0.011488154555696559	0.01314825071728803	0.013292786347367289
snake	0.012834585061840077	0.013305056413358466	0.011838940534487204	0.012715128739341261	0.011261546156895707	0.01323442129154017	0.012230845924680753	0.011864026461443767	0.011993815755594151	0.0115537806023552	0.013337817036061987	0.013141598809403963	0.012889550925959545	0.013047114785098735	0.012136951086023308	0.01292222701512537	0.011987515186402667	0.012897392455389747	0.012131565907664114	0.012370928388710739	0.01077593288431466	0.013176564337649582	0.012599867337675182	0.013382533578427992	0.012852030800417946	0.011732015857183394	0.012537392043314327	0.012436940708763482	0.012500757497157719	0.012053839814148683	0.011404282277529884	0.01369666388723977	0.012289507787282267	0.013128623179326622	0.011694036126666165	0.012390451094830744	0.011613888072644346	0.012442036449456056	0.0135137581520307	0.012103214535141363	0.012059361681854928	0.012654875091517945	0.012610673482753345	0.01295367213550466	0.012337781348513375	0.012622481217285873	0.011980144129006965	0.01086418271741971	0.01298370400576379	0.010997168033398926	0.013494291969701198	0.013129868947235189	0.011156284440103107	0.011655444585271972	0.012311016969976147	0.012606785090547952	0.012467333327035948	0.012183202008983644	0.012928561097238675	0.012842726475857819	0.012900646745403109	0.01268741393187809	0.013110564931145556	0.011616623347891285	0.011964666882732195	0.011631850544046867	0.01249107288112631	0.0123129907270153	0.011108697274036345	0.011778344145331805	0.013803766712429917	0.013378927593714098	0.013071353696212777	0.011654643928058084	0.012797302277083516	0.012640092500691065	0.013447907666180387	0.01322743388776473	0.012690889874704504	0.01169529973924937	0.013811897664993592	0.012586796385873497	0.013015653530978803	0.013188381081789456	0.013415780505961367	0.012480195018902976	0.012453149212022174	0.012106187171883635	0.01323647705743442	0.012476899172340974	0.01211896697189294	0.012324612154789201	0.012539385047701771	0.012247980569896413	0.0110876333208982	0.011969328101997327	0.011612467215202397	0.01280541287157485	0.01256944677751005	0.012707894424163958	0.011085409759295752	0.012170021763185072	0.012902078255666855	0.01281263633428699	0.011212979649729626	0.01345958757143541	0.014106944847371926	0.013262550657891566	0.012592246410667704	0.011422911972829962	0.010958518740657872	0.013052285694153929	0.012800330614261184	0.012099096857764518	0.011721314075584967	0.013252344785527339	0.011469189637314503	0.01352639225781728	0.010868542761061233	0.012650625635701246	0.011642459582416394	0.012654201337005497	0.012166575672967419	0.014197614463953458	0.012359959919578391	0.012246248469463325	0.012721191265306764	0.013114842576458136	0.01238062487412134	0.013514558146605946	0.013032769435020368	0.013604648330670455	0.011867029375305085	0.011590377695641535	0.012557814604117248	0.012267477803956315	0.012478778095850396	0.012499937819215741	0.012651287646187765	0.012972218667258778	0.01155817717183819	0.012241897362268397	0.01204889926630509	0.01159284076840803	0.013240144661008675	0.012769996554181588	0.012563698557751458	0.012223715627743293	0.01213387781276287	0.01158259667721265	0.01205952272456826	0.012205053584253656	0.013317174777561886	0.012754404814551024	0.012112112548307203	0.011108462553912764	0.013114399005963933	0.012247061844326288	0.011454453860859167	0.013393960249132943	0.012086753203155774	0.011998261046413885	0.012358097916722387	0.012178019458054532	0.011633596910281643	0.01311117940012969	0.012527839245216443	0.01207159307956521	0.013282680632399225	0.013019123294453238	0.0109704927425224	0.013189327392357224	0.012230619907702509	0.013188290686424511	0.01219133777200896	0.011480841793639063	0.011860683601022515	0.013224705485371732	0.011555671971321702	0.012863605449202392	0.011160818615053383	0.010932381233270312	0.013710610087148576	0.012451117374134991	0.013540662323619421	0.012438152049467611	0.012888171447747511	0.013079493483723902	0.012507587068550237	0.011686988594735432	0.01166919694501142	0.012716019849163126	0.013262143749337681	0.012290603244602622	0.013824886593254187	0.012952918866766671	0.012331932701466623	0.012053215397724476	0.012147167990426491	0.012125519459316449	0.011947271438943488	0.011284340617092969	0.012192400252561986	0.0129995379114185	0.012105092562304177	7.300048299977713e-10	0.011958203060308594	0.014265795401153003	0.013264514223705453	0.012099284578032237	0.010893000792035352	0.011574416215671719	0.013227943684326266	0.012056205323946126	0.014090653583722645	0.012966580495368005	0.01267409771908482	0.013211172288033908	0.013141616698950372	0.012804697226798	0.012532592580999556	0.012555368028564114	0.012119665130663308	0.01259351208367718	0.013702782281762926	0.01208875334135162	0.012676935850731944	0.014247025264111474	0.012035392705951805	0.0127486510239904	0.01250817698045266	0.011915049342452156	0.012696751085875438	0.012251616355759559	0.01342576357445605	0.011736977764747115	0.013469057037636017	0.012982423625797164	0.012932519649080727	0.012553305294581159
sparrow	0.011708429399997767	0.013246175466682927	0.011922475562071402	0.012230740534610134	0.011197657778959914	0.013040015962349417	0.009169477952251504	0.012922106103122742	0.013285906655790197	0.009858708073020117	0.012691663258537515	0.013147406820180244	0.013055663197653451	0.014165911787075349	0.011537394174500872	0.011634774960742868	0.013340945280395082	0.013481983540752362	0.011156032985636343	0.01163624204586033	0.011253051614502907	0.01245233558534661	0.012070606611369659	0.012994031420026269	0.012574220162889982	0.012621735326166394	0.012749503286212372	0.011315750925814341	0.013116562067891177	0.011496424956052756	0.010499810989220797	0.013414813876204561	0.012857336476437178	0.013706594403273275	0.012609407843586821	0.013069176692045643	0.012310975490513562	0.012620250657772076	0.01227312592148514	0.012315674021819045	0.01296252248877234	0.013054194491430058	0.010802116912778022	0.013228887330533567	0.013407052724507271	0.011723720494009066	0.012620028071925873	0.011831446319520092	0.010429946936347611	0.011811501277111199	0.013027429995240787	0.012989955305085218	0.011377611824610001	0.012439738345130206	0.011918093715305788	0.011722391336659749	0.013107712672174223	0.011052581642375525	0.013184710274482965	0.013167480059769839	0.011784720059575801	0.010750541926776904	0.012558510896831859	0.01142355463586155	0.01194027767505046	0.013363050223478001	0.012608391579436837	0.010829098396340796	0.012192246321255087	0.011570198894386072	0.013370998646104658	0.012466591134225635	0.011028817073617615	0.011749973966973424	0.010541220334089664	0.010880710203320052	0.011574677502135105	0.011888836297690077	0.013131381191130212	0.012061147391974655	0.013664811963656247	0.012108552731388594	0.0134858736510984	0.013139975893528322	0.012582135556132528	0.012363721963062234	0.011343776462774872	0.01233851386523088	0.012785621826246742	0.012558121437826197	0.01200533974743139	0.012085404144378553	0.01272739572308214	0.011799276727475452	0.011509058712651834	0.012534183479924606	0.011747587097436014	0.012646531838845444	0.013296055304895811	0.0127378853124832	0.011233930844071887	0.012101275488117373	0.010846450362080887	0.013252261282088966	0.011906686257200295	0.013460535172839983	0.014237361204828776	0.014163325176698756	0.012628458405747634	0.01122470150939464	0.01204254483268894	0.012657585112745357	0.012431712541537321	0.012424633316659746	0.011743301045228569	0.012270018795750771	0.011605709451147814	0.012986962591576359	0.012500017920492927	0.012583523567485403	0.011415013965717657	0.011505231155927543	0.012072753767060377	0.01489030809792221	0.012834690099988484	0.012367729567066834	0.011389558412375695	0.013469635810604534	0.012159725896586052	0.012218151569643067	0.012957064783812033	0.012847031278487728	0.010995901355978534	0.012242010175614921	0.01255917925652879	0.012621705711340686	0.012882444617812482	0.012319450667361155	0.011962832314486437	0.01294895955906954	0.012395627358178014	0.012797787880929432	0.012106228379812156	0.012275328313239795	0.013554263144413558	0.01286001377320394	0.013183200179305084	0.012670184882035331	0.012053642803841113	0.011723544385195439	0.012573412584154555	0.011320333525024318	0.010780782936810224	0.012553474593725474	0.011505315157162964	0.010491930614210148	0.013217389658298552	0.01121946729179614	0.013113173281952138	0.01365589995608098	0.010988515234586183	0.01217818112170398	0.012484917428725106	0.012601235016681136	0.011129180206432715	0.011522192370704915	0.012314913606931965	0.012602479302438914	0.012674534770546324	0.01221921473800091	0.0117808583005387	0.012498222508684214	0.012438550098148768	0.013588636481048107	0.01215456623519174	0.011188669095550503	0.011994612483485484	0.014209297774307145	0.012219925752669242	0.01254150455168001	0.012341742475510993	0.011615436288904785	0.014122814933047007	0.012053743618705412	0.013678505452040933	0.011849843833586234	0.013038929811079923	0.01146893598844027	0.01129880289042528	0.011905360563847023	0.01141930358392064	0.012824688792741427	0.013901951871646008	0.01198647853171977	0.01305441405530136	0.013486282274071204	0.01246812542935624	0.010729546448885125	0.011646311819490517	0.010206314907612974	0.011802894861048643	0.011905343946993196	0.01194768309673072	0.01382928477928836	0.012161365763960237	0.011958203060308594	0.0	0.014009685527106465	0.013961244911930428	0.011467925297583653	0.011541631336182235	0.011783232053189848	0.011757267056255537	0.009683127138113859	0.014114301536310811	0.011491578079540979	0.011742359178063337	0.013707469912423274	0.011623750580773558	0.012702179588938465	0.01131152554597336	0.012327716140598322	0.012582949478182287	0.010529465139720633	0.013231576701483479	0.010942644748563086	0.010982720646815254	0.013510058999016514	0.011773616025769717	0.012843758900531554	0.012662378177203407	0.012732456635537763	0.011993617722761293	0.012802467015664388	0.012808622169626352	0.01171591556573541	0.013786762172584224	0.011550180794798812	0.012674190625012183	0.013600554627672458
sperm_whale	0.013230595382533848	0.014512944049912373	0.01391175578060606	0.01428616456756275	0.013630375871976788	0.014374054749524159	0.01431241390526979	0.014326101810535657	0.01348292932631155	0.014331838214574526	0.012952738334053195	0.010990114008164562	0.013822566780126834	0.013770169049595446	0.01365928831720696	0.011931833723381165	0.013814240762804388	0.014404664348160108	0.013544082976081307	0.013444631967655434	0.013545300092866395	0.014479770017574198	0.014290352421737535	0.014233219803726911	0.013881887707341643	0.01353135122142088	0.014211366757383366	0.01384396561718687	0.014429414800975558	0.013898229503336208	0.01433832622000983	0.013633836319381771	0.014252902118191565	0.014555718230562389	0.014231232832216294	0.014275099454774936	0.014685219179164403	0.0125253443883096	0.012411073264702666	0.013420330402371809	0.014189052341492332	0.013705049503813873	0.013075364039398516	0.011914034178431884	0.013260642025955817	0.013429651663933184	0.014027175498902485	0.014000258236935738	0.014637967333984862	0.013746260286202145	0.012541398294738824	0.014327846093142032	0.01417587542315001	0.014255164477063018	0.0136568759250905	0.01336098607983923	0.01343373743141485	0.014140578770612222	0.014077623910474853	0.01394091022396969	0.013052792259427688	0.013804387559921347	0.013593682924420156	0.01401285942649301	0.0141326731530921	0.01430575573695958	0.014069065239772886	0.014179526744177919	0.013837449093428697	0.013451128991861653	0.014337029336222688	0.013674299697719017	0.01256935210992978	0.014303129740832204	0.013145690981108338	0.01370210964761432	0.011804733288123663	0.012947591476935172	0.013721915915164836	0.014449441893436948	0.01430847069163801	0.014005773696814845	0.013652698867981023	0.011401003469148342	0.014512425708773445	0.01389403584765886	0.013501164190002642	0.01138433032629118	0.01333070395243025	0.01261639404989428	0.013449476802928555	0.014353869682047821	0.014228538983093366	0.014463582262657862	0.013520534241309189	0.014164703877447386	0.013828024332008198	0.013685199732218968	0.014263729961724267	0.013580145752226323	0.013593742498318327	0.013683905718368205	0.014152121766766564	0.013984213445379368	0.01384620657649253	0.013058326215634256	0.014837196069916164	0.014133174180386003	0.014411802583359319	0.014934628870888875	0.013692709722954843	0.01318429934455768	0.01212419710782006	0.013288897067838588	0.013413546698039078	0.014271073996429955	0.014618097212910783	0.013305601098560917	0.013811392482964018	0.011356560361169433	0.0131228809409299	0.013725498899271674	0.012909031081862133	0.014226534651346464	0.013752741049767094	0.01223988442429697	0.01370502383641726	0.014111589057391793	0.012993356678518642	0.014221117954572357	0.010829178507428842	0.014017164946390239	0.013698086876594467	0.014384642182097673	0.013778586845898015	0.01306392922635533	0.013604167042631635	0.013196423059308168	0.013133736333953407	0.013637928218082072	0.013311731047628632	0.013330382547727549	0.014408549793301605	0.013190780971785731	0.014571464177213677	0.01416651730662559	0.014016231732051259	0.012492782419695982	0.014222215349923064	0.01402257413247178	0.014636804317824046	0.013284480334355538	0.013610972243354426	0.01380256284732927	0.012948913827856932	0.013639551030477736	0.013999140298048303	0.01406680995650216	0.013934083124020138	0.013592620256930373	0.014481811733857658	0.014812560023648513	0.011635040395110768	0.014110322378044606	0.013710518817913011	0.014244034470801865	0.014093187238086896	0.014454523944070824	0.014579852062617138	0.012839592995369417	0.013726654576567415	0.014194078476486585	0.014067916745862991	0.014163004560853192	0.01401429815575091	0.01438483994387439	0.013895852941383728	0.014855758991639099	0.013441058354893906	0.013621018759506673	0.014291766372280862	0.014303905141594478	0.014658768707627008	0.012323997031535847	0.013426038341795716	0.013854192088904108	0.014121524115183715	0.012460579045306546	0.013579728879344659	0.014582306474759863	0.013585373365816111	0.014362725414132964	0.014109198319834393	0.014166780978179402	0.013824407978218364	0.013859964082979013	0.01318811328744384	0.013675225118273517	0.015023929308471393	0.014169126224975168	0.013837008928825816	0.014094478155307986	0.014735993138196712	0.013200111443094449	0.014735262978452039	0.014265795401153003	0.014009685527106465	0.0	0.011912484301670377	0.013985188362102285	0.01365319315426644	0.014056068236369592	0.014139980854730642	0.013998504174348536	0.015029307190869116	0.013348022367368388	0.014423520632142743	0.013976105534653803	0.012878452480222695	0.013590941496491338	0.01281868347306743	0.014175117541124762	0.013129244111113427	0.013557895466055337	0.011901035526347959	0.013427564547035163	0.013689289520983573	0.013916188828183828	0.01250749099864811	0.013845061189435575	0.013443518331120192	0.013696353986713294	0.013412798985009562	0.013832860360436667	0.01401601482369641	0.014291542510263062	0.012623982781488558	0.013116869921540132	0.013254294042146033	0.014280489765044303
spider	0.0124424546991316	0.0144262062146423	0.013378566921598915	0.0133225733059389	0.01289084563941958	0.013898367710684695	0.013049684984467031	0.013728296423350663	0.01310715615750251	0.013947452265328432	0.013299087646766697	0.012073226228933554	0.014020348885730808	0.014173292647855149	0.013016408289929107	0.011949844354711534	0.013127185705386317	0.013613664119803833	0.013517548323913274	0.013753630532696815	0.012353075168812016	0.01400722624489953	0.014046174426018455	0.013923655523022325	0.01272457870651217	0.01396934503075326	0.013553341207261442	0.014299860022254167	0.014559363735750055	0.013373460752332167	0.01422983099905178	0.013324499928441948	0.01357398583336573	0.013430194034991358	0.01302820185068355	0.014020909035869477	0.014064473258114383	0.012316882714363216	0.012517270948597425	0.012329699544066465	0.014523575959562007	0.01372176949894412	0.013665038192874892	0.012193158712038344	0.012544480590112973	0.012736216369537638	0.013649443227226372	0.013271513859817272	0.014318877833058638	0.013388621106732257	0.012731120249455021	0.012973672224925023	0.013054942332945574	0.013619529863589554	0.013284752047615476	0.013482345527045874	0.013554025337216662	0.013966079478708643	0.013840514602330156	0.01274242963886856	0.013050489275748294	0.012298749462192282	0.013963584215653852	0.013677852405131861	0.013170174507323485	0.013694410150355447	0.013663432462624187	0.01292939837495737	0.014039367637828728	0.013402136482618072	0.012523238887994644	0.013197023401778743	0.012873405477137978	0.013865036614718398	0.013006486804771402	0.012916984096608363	0.012893195476146369	0.01246245081466455	0.01313841131276392	0.013214022585670261	0.014280123758330774	0.0118882157805344	0.012181203110680805	0.011159476404777387	0.013932145119934285	0.0131294279856714	0.014324678923745695	0.010540954344986834	0.014361634799538742	0.012426902687346303	0.01386866882084752	0.013684384591531618	0.012803253641844148	0.014044397490479787	0.013405467102456336	0.013536869264167455	0.014278537572836753	0.01399513996104047	0.014160201479869731	0.012205403910015298	0.01321128669077098	0.01294194340414683	0.013613790272484128	0.014264798449883629	0.01340954336553154	0.013017222505814998	0.01460720945127416	0.013207050051725932	0.013288341776889166	0.014054466937635792	0.013254240751217955	0.011934456912079817	0.012267711344381873	0.011674766429650776	0.01115456836647182	0.013642261525136146	0.013831447661246754	0.012527262013107852	0.01324652628329005	0.010702248682038595	0.013247851533356565	0.01413577257969116	0.01246031587561366	0.014622611781117869	0.013442265001234075	0.01039203905440121	0.013440700091076958	0.013498692434876374	0.012743633046348535	0.014006948078309336	0.011218530365317442	0.012773902520780953	0.013013696901695525	0.013349980088384126	0.013740877907549737	0.012548836147759465	0.01279741449241673	0.013175158709535728	0.012875943970221229	0.013772731604638842	0.01202954872684421	0.0124422950132727	0.013713969214662447	0.012743518332873413	0.01411287441354256	0.01293585847078552	0.012849389333505455	0.011434804548097352	0.013985101877133345	0.013620970878461482	0.013656209729404227	0.012746398745651064	0.013860706478774664	0.013307495604336743	0.012130963722106267	0.014026689476177913	0.013392131463828116	0.013825132076679425	0.014079671272635808	0.013060955360788946	0.014098478277444568	0.013641039959731944	0.010873822875156923	0.013558641685596187	0.01370976795948293	0.014066670970469103	0.013736953695003155	0.014262353499599596	0.01346116459068723	0.012557559748658013	0.011779597780462139	0.013823335936707638	0.013944367478960584	0.014071842031070102	0.013765795019178071	0.013518914793930548	0.012802381629419712	0.014052883960491156	0.01218439388658096	0.013505467357997972	0.013817338078114232	0.012943145132574408	0.014009853474815108	0.012303534404763861	0.013454811021940405	0.01331150012595957	0.01417358947723547	0.012036775618568656	0.013329295334495093	0.013615363109318024	0.013563537752861333	0.013304648639141348	0.013726815940133483	0.013499350674283534	0.013256997453572257	0.013793983598123796	0.012638718814273689	0.012479086699133191	0.014445389928058694	0.01399563682592356	0.013330838134756752	0.013923406856843073	0.013069760306277515	0.013269887062477677	0.013988378674507595	0.013264514223705453	0.013961244911930428	0.011912484301670377	0.0	0.0135802677764866	0.013283757332323816	0.01358496838596045	0.013480116844486061	0.013647159334095903	0.013885203827142813	0.012836924529740787	0.013718200649287311	0.013698634209317011	0.012745033554912556	0.01251093315451932	0.012837005421340843	0.013311156617106244	0.012573890859466773	0.014077675213072793	0.009814335958915761	0.012538321287771088	0.013384572009123354	0.014210139564461467	0.012737049994294092	0.012995558987305469	0.012595184224127191	0.013024923687419287	0.013549653887666076	0.013898493746455118	0.013419528858861506	0.013457469110892793	0.013285358419686423	0.012768605764765028	0.0145540710583527	0.013789689184813754
squid	0.011598468152013772	0.013216271350479186	0.01264669492348833	0.012786974021382715	0.012656199620768986	0.012511317499401813	0.01127088454100292	0.012963483298664855	0.013545241834853783	0.01025656825626384	0.013959340147853423	0.013135626515756577	0.012957681099780839	0.013064255186506385	0.012114526334045165	0.01196371234603398	0.012362336207658153	0.01321126456023842	0.012177555829221682	0.013447410478921205	0.01217682308072773	0.013347714229987727	0.012203452858807888	0.012466168218361696	0.013687537686375149	0.012917159462935292	0.013328785287890155	0.012700439229912333	0.013372792033783956	0.012345901966945514	0.011344421622871526	0.013478954027746277	0.012414631998944605	0.013587194697425744	0.01325843498891764	0.012842242043543823	0.012947125674443194	0.012529475041306415	0.013225205756053737	0.012229422888434163	0.012254019703737922	0.012880417552497464	0.012829489125561831	0.013106302105281327	0.013741343386128353	0.01350670229700852	0.013032264778894615	0.012235885459782098	0.01221791023704274	0.012001103995798174	0.013522467376020982	0.012856473999582556	0.011270548849916089	0.012902265322596316	0.012291340304746443	0.012533039045386553	0.012591015475919797	0.011713379571647288	0.012748515796302992	0.012593542015385227	0.013261880287480501	0.011843828340566916	0.013211948100498326	0.012164188645535754	0.01249020203743887	0.01216720066002412	0.013285959309827672	0.011698409878688336	0.011657894824530968	0.012463644501337834	0.013671552038638264	0.013174668803901666	0.01243907684161536	0.011058661045048365	0.013336195174346342	0.013338920663989928	0.01210527754340929	0.012859585392475986	0.013072351588294966	0.012038969941964048	0.013717516241778534	0.012702546667506562	0.01281835327746998	0.0132809208262646	0.013363799598364402	0.01190700546152068	0.012489637336236686	0.01267609867227647	0.013166845999287786	0.01320228473823609	0.01294769112954022	0.012448323832414138	0.01254392953621437	0.013214933786860122	0.01198485475212113	0.01220411823137672	0.01173134872820755	0.012983553552211462	0.01293931119051425	0.013415944877172578	0.011199369582694565	0.012565154644624989	0.012665208896164197	0.012802637519575097	0.012397124897256213	0.013262429596952894	0.013921554253236837	0.013796874811340547	0.012844839708978463	0.01075208636644333	0.011887387075161269	0.01290670297819827	0.012633953528043734	0.012231863218785175	0.012239639398785302	0.013213932670201333	0.011704099167944593	0.013972485575306384	0.012271843974849506	0.012912538193069836	0.011879790722136034	0.012090823832392373	0.012628963516284626	0.014397996993462711	0.012551001873251049	0.012806514426295278	0.01154335190933884	0.013717128653324757	0.012487585631726014	0.013219086993346065	0.013846641879421157	0.013462108488804659	0.012482108185322726	0.011079349496950466	0.013474988818308798	0.012268079769970937	0.012034293899359673	0.013311167722952391	0.01234701705327627	0.01326334058999558	0.012734286259306258	0.013079929864234875	0.013184167347134483	0.012822782923801063	0.013911382283643057	0.013327252814444423	0.012775221825366494	0.013232921852209116	0.01223547595536675	0.013426490243904386	0.013108937323352604	0.010986690588223802	0.010456167547291808	0.013037632095598961	0.01244561539779014	0.011032694565537375	0.01266636100364027	0.012981356304041425	0.01201708702370522	0.013979950088869627	0.009663054583444066	0.01201136042258178	0.012891666216870306	0.013078321245752091	0.011437278668139681	0.011847877411475631	0.012741704799559215	0.01330033738875531	0.01303268460167513	0.01353198346581319	0.01187823323134833	0.012283864547785904	0.012923878501481901	0.014027136839712635	0.013081924507952118	0.01225191091624644	0.011548504133417759	0.013126211712610912	0.013074293885355606	0.012142105020507324	0.012656881073728239	0.012178323239866786	0.014151281711048751	0.012349766641027422	0.012940026395360555	0.012782470852710231	0.013323795454402097	0.012147481354140337	0.012113178284522514	0.011541093029244505	0.011176335796369891	0.012517499966943776	0.013507600442601114	0.013401871596940888	0.013843708752775314	0.013568043372153858	0.012182818279598101	0.011845997991890346	0.012247158284326121	0.011550877645512898	0.013300073363861053	0.012038077152829561	0.013131525530830256	0.01328463948212099	0.012767202227808097	0.012099284578032237	0.011467925297583653	0.013985188362102285	0.0135802677764866	9.424321830774486e-10	0.011873454785058817	0.012521219363085267	0.013967748195475877	0.01019670223996064	0.014515614267164125	0.013569832314164252	0.011887344793544807	0.013744851636498518	0.0123912584575296	0.012742608512561586	0.01134313219745342	0.012632665813143002	0.012675650552544014	0.012317057003054008	0.01361130875588255	0.012680559372337374	0.01222264388207659	0.013704473760015707	0.01241003192432923	0.013660901622641249	0.011873621430463367	0.012459939200563555	0.011813136945727287	0.013080995122754015	0.013240815962325389	0.012428264094938276	0.013938915355148452	0.01334566907981225	0.013283701122375986	0.012694807402776051
squirrel	0.011658922755863992	0.013153253064317978	0.01110617694243276	0.012508471690499285	0.01063573200492076	0.012730844594706471	0.010841787069749824	0.01160271562130557	0.012872242284084791	0.010780120061379366	0.013568370934808352	0.013199337784099468	0.011315975523722956	0.012917126205013401	0.010013502873017879	0.01223122515054691	0.011987361257934499	0.012416791152557251	0.01064312847889429	0.011377019130781471	0.010843408782000186	0.013212478954595151	0.012211469315504112	0.012394310467949945	0.011531194789496354	0.011817715312677352	0.011907983174878284	0.011014748383690603	0.012787933904737562	0.011837625027836194	0.010074540391418226	0.013346825028646606	0.011949691201662824	0.012303151276333434	0.011034746317857707	0.01159981830629732	0.011243109683205743	0.01286317376196376	0.012615489182609317	0.012052176266525447	0.011777206611466367	0.01219252567469489	0.011939770102306242	0.01232777182267742	0.011262124348024498	0.0118566542807793	0.011256204568807852	0.010664022769083183	0.011814625441110872	0.010704638220420917	0.012191517437850715	0.012369594290935003	0.009967984967556886	0.011520864591444102	0.010476446287489298	0.011807412138087479	0.01263987594453223	0.010934859226972966	0.011690482513927649	0.012849871832011958	0.011531474255610135	0.011540008792395922	0.01207403941210682	0.011201333727335545	0.010984619640250291	0.012242905814012252	0.012834414738967024	0.011006336476687997	0.010818343341805408	0.010458504846211246	0.012864248957792711	0.011818203972070436	0.012840781120978266	0.011349797126786519	0.010884120810851106	0.011317249443947233	0.012820126493907522	0.012814275044001518	0.012234165958112225	0.010525266451876594	0.013377637681447042	0.011204373918798177	0.01341956909771852	0.012715198666845782	0.012606687481677733	0.011181071777530154	0.011214769798646287	0.011431527837695975	0.01270156775943194	0.011217140330679746	0.011970677153756732	0.011297634028318137	0.011936523595047807	0.01198532197226311	0.009677162398812066	0.010775659531635435	0.011587742822644213	0.012424274540506595	0.012903284525899903	0.012705411431130582	0.011543196471350636	0.010942444330358413	0.011211838164401682	0.01226451975790923	0.010313587486596016	0.01208517357787093	0.013614360738698188	0.01278077191110014	0.01217372043112731	0.010877716749215035	0.010603404924485154	0.011888138449008392	0.011823391566041327	0.012229529025500277	0.01054318716731266	0.012496191450732648	0.010685831291731587	0.013900101422811362	0.010707816593359808	0.012521319584380497	0.01079266066292774	0.0116066395039438	0.011901969678892833	0.014486940888949938	0.011069937190445205	0.012193081886823784	0.012295487399784777	0.012938305224232527	0.012043074352916653	0.01174288878885724	0.01273980367689397	0.01297365009222298	0.011334199768017974	0.010850719242040525	0.011724268186550403	0.012466169705712798	0.012938262982391778	0.01182310311583812	0.011779024015417559	0.012183190863059315	0.011320146509730157	0.011321097499019338	0.011728316170501251	0.010900839871933072	0.012530609509875874	0.010879373516113821	0.012500230110836664	0.012019593930923436	0.011900213645246495	0.011985950524486295	0.012699231977449422	0.01174146256917377	0.012824598306295606	0.012510177509382108	0.011898571129798424	0.010743665481536298	0.012878025422742802	0.01185878704730871	0.010782018841750295	0.012671507366412824	0.011348807561145724	0.011744947839917863	0.0118840903782012	0.012196403185501904	0.010866686149541848	0.010895331145924567	0.011474708091524479	0.012113698139517126	0.01253049071800868	0.012936412380109268	0.010898216071597919	0.012441305327564685	0.012347912067631448	0.013042601093557813	0.010724967478209587	0.010588093952570122	0.011451455547134842	0.013400904505946797	0.011116160630133716	0.011502128407675127	0.01112957848359855	0.010186273791912719	0.013975045692040087	0.011944441301654278	0.013250031959478888	0.012421055219803287	0.012280242010821	0.012530620174114554	0.012160466595918372	0.01110422611483156	0.011021430195442414	0.011527006819632694	0.013118297845848049	0.011333396802148201	0.013006305833227745	0.011589675777065404	0.012629340967899886	0.011643101363059355	0.0105609950405199	0.01079365607522883	0.011208364889543061	0.011055656650878445	0.0118870085625914	0.013404166213738735	0.012181936078369643	0.010893000792035352	0.011541631336182235	0.01365319315426644	0.013283757332323816	0.011873454785058817	5.960464477539063e-10	0.010283168432942856	0.012803875604687875	0.011731151067701276	0.013794743936361577	0.011175563824549782	0.012449554158264901	0.01329154700369954	0.012455949080929429	0.0134197868356349	0.011911421364870339	0.01128086549184403	0.011527692932422492	0.011665463643711526	0.013285633553100777	0.012265023755620292	0.012043701196674148	0.013711284379344803	0.01146446458776134	0.012827953450661874	0.011940191214001382	0.012130557609322386	0.012224087853575866	0.0113075000675675	0.01246333472016465	0.010593240898983827	0.01291685421293556	0.012300209711204246	0.013245774789254778	0.012036867690751168
starfish	0.011641868142216787	0.012987120366496074	0.01263990725594172	0.011994026013881194	0.00928873437919662	0.011098506790730744	0.011038364016906513	0.011485654572245875	0.011669551510604378	0.011207832588851923	0.01395806494988493	0.01334345536179954	0.012164270509797404	0.013361422070520414	0.01083196819060529	0.012387473848678235	0.012224232633738301	0.013326963733416415	0.012512488098406691	0.010724942246143914	0.010807885458029694	0.01221086089616924	0.01253960999100389	0.012447779439193033	0.01249846341312723	0.012009270297498018	0.01237074439239458	0.011293113922376878	0.01255259011783948	0.011149423434900305	0.01148693623806538	0.013138245992663347	0.012067236115009412	0.013069500589732433	0.012194597057770621	0.012170064208079262	0.011468549484504433	0.011912654492294146	0.012269384178034113	0.011900688543835131	0.01230267995883498	0.012827264699442082	0.013223619777875848	0.012410189227249306	0.01252149347450649	0.013107200773343841	0.011853902032097432	0.011477951070773866	0.012511903282463035	0.010699335853791325	0.012040705434846151	0.012190693563776205	0.010741550373803067	0.01199987792462282	0.010897819948441682	0.012437062505977987	0.012202302309428904	0.011924798649512158	0.012976364491112134	0.012945808536274882	0.010844722395359642	0.01187995234139751	0.01235946493349105	0.011566449107875158	0.009406935962977153	0.011543698140752474	0.012792513904098182	0.010679747372171044	0.011544562048786853	0.01133247640616495	0.013207301373998153	0.012331062795643584	0.012810138678462629	0.010718826469065579	0.012216760197114748	0.012818206953910647	0.012771570873852776	0.01188616592959175	0.01238835254317988	0.011183355049305043	0.01364269933060285	0.011150795992379978	0.012704584259511355	0.013121565134206306	0.013622481295633638	0.012068015573886428	0.01223437660104697	0.011345343075604458	0.012066846856119922	0.012119968237178232	0.011588084902313875	0.012228810814060836	0.012658029376470592	0.01284710832519796	0.010343289489050014	0.010767480617074944	0.011242254659738427	0.012952799828090396	0.012958162154664126	0.011286915908112571	0.011264171291660472	0.012213909083942941	0.01175726299895495	0.01208380927109016	0.007866943906612592	0.013047331721851947	0.013572576479855441	0.013062963417439587	0.01289870122404358	0.011034206415570784	0.010856778078836577	0.012401075373771246	0.011558567720757841	0.011483649435504532	0.009888508947857083	0.0119433629472503	0.011491884748243291	0.012871139185209258	0.011512208217721304	0.01203017498962929	0.011694291234591274	0.012370944539946447	0.012041705434033658	0.014353459199289674	0.0115906604357008	0.011478653557563924	0.012702037872962136	0.013034330337745169	0.012326690250949743	0.012232036122019325	0.013708518202118585	0.01254087481140302	0.010879713260411605	0.011542960826637659	0.011901962513888571	0.012003386650961158	0.012487503276097272	0.012446887051240528	0.012178011023421118	0.012858998530087418	0.011076613587756854	0.010885947404904995	0.011964365619148997	0.010853424619893725	0.01290697337449401	0.011884990532624451	0.012932194598023245	0.011276662670135607	0.011157136965873055	0.012119295867169715	0.012053623625104233	0.011647417248236664	0.012517925003303312	0.01280701748232333	0.011510558552022907	0.01136068042816984	0.012252005958854872	0.012256281872039965	0.011956316345539009	0.013035966789689516	0.01205480705191622	0.012191679706955076	0.010903411188366472	0.01303794325697923	0.012101298628894886	0.011665493994556879	0.012499029770812908	0.013112145324583506	0.012034798071749049	0.012686735830050642	0.010743387091440489	0.01197992244506315	0.011782529328181386	0.012323114890617706	0.011391833878780984	0.0107619275138569	0.011109312179248496	0.013760612744917489	0.011216724015904775	0.011355456789755986	0.012098074012149889	0.01042791408493044	0.013430963930600937	0.01174913536648129	0.013370306937208913	0.01266727688142547	0.012616694371841352	0.011804783526163353	0.01223004860800982	0.01141967193696239	0.012159627520999155	0.011482050029199832	0.012684672194737947	0.009611243576752023	0.013502705393448462	0.012946531913025932	0.011752451200056645	0.010404952562072928	0.012040737254997129	0.01140113615871166	0.011399618469699226	0.011917170597633446	0.012031295573230913	0.013024080394485023	0.011875979477665919	0.011574416215671719	0.011783232053189848	0.014056068236369592	0.01358496838596045	0.012521219363085267	0.010283168432942856	0.0	0.012823364999861283	0.011495377481665786	0.013935230306277942	0.01172029611208662	0.012439810183010125	0.013143801094382353	0.012797234898397583	0.01343582814431663	0.01200299624334491	0.009842055709636772	0.012637353162867985	0.01171854368870961	0.012984533986590961	0.012043918985314895	0.012061123841409125	0.014258782982884017	0.012091368916887526	0.013221930380670288	0.011994957500872294	0.012475815761900173	0.011863134351212185	0.012858463169314318	0.011789561057592848	0.011350230006664382	0.013455005090100733	0.0127430743955061	0.013514874684851783	0.01255973314165246
stingray	0.012824688663168644	0.013373119955983184	0.012703645065318302	0.013499145705838343	0.012254630088400088	0.013646017422853785	0.011006618841207709	0.01330146760327342	0.013166711285166763	0.012350955011684006	0.013284906469148308	0.013625999084344406	0.013494288247488544	0.013957567835700645	0.01254251696663903	0.012479379603755425	0.01323189446441716	0.013527618212753388	0.012490294883940427	0.01359792950509181	0.01098473065975719	0.01381520098920751	0.01237809489509116	0.013926556138251707	0.01240844856790456	0.013214752843407502	0.010620323679883864	0.013274748503593352	0.013770859764621057	0.013323732831386648	0.013057807147517064	0.013800369318854816	0.013190473275158175	0.013922681295588334	0.012675832649433809	0.012866939186205762	0.013554107961319428	0.013878888612970673	0.01327433663911257	0.012464086327280428	0.013384386063063048	0.013687111740360596	0.011877931354340916	0.013472923135994977	0.013265660135869937	0.012458774053986623	0.013713536352439127	0.010402947088989726	0.012610778092235214	0.01283997250325265	0.013249852058139165	0.013147432781657458	0.012511133700962955	0.012025445889449453	0.013206872248106866	0.011690928112416179	0.014123357095039393	0.01269260072089781	0.013491329540541976	0.013572119994208527	0.01359985925429806	0.011830090901970338	0.012739878444819282	0.012407041634375624	0.012969273234366183	0.013514785291461778	0.010419299762057844	0.012654363840587579	0.012596940927511641	0.013223892877494828	0.013307195101240296	0.01362676657955267	0.013072591798047635	0.013189647513645701	0.011965618404477513	0.012354030224459958	0.013252912955046053	0.013205759977734646	0.013403540504568174	0.012703798921957506	0.013951505433285282	0.011753159235526438	0.01375539654802858	0.013236177233835508	0.013408534078648107	0.012891459790840287	0.012940589817188333	0.01287588519676347	0.013831658257000293	0.01299709021268512	0.01251255420934758	0.012734407714962646	0.013737679675876408	0.01303743528190831	0.01274389284832919	0.013155744903196891	0.012708864634839143	0.01364428314736146	0.013631254080780529	0.013093233391487507	0.012993015334159785	0.013068427218511558	0.011712308964056659	0.01355795665961066	0.012872246614172054	0.01328630522260356	0.014593332029014736	0.013951892834523763	0.012703166441496367	0.013027275491412424	0.012034654310416691	0.012731858136213983	0.013161821204327106	0.013702990911540997	0.012848150956705003	0.013496925655402675	0.01329489070761011	0.013186548424980502	0.01243571014454515	0.013121845211775198	0.012937966646732413	0.012216376845824006	0.012622554711481344	0.014478037893634586	0.013126244065203314	0.013097257377666016	0.013339181052846705	0.013432234348915113	0.01265651415190183	0.013545954319865012	0.013530765360081283	0.0126960195766546	0.010569027545193064	0.013275615145558911	0.01302215472300108	0.013562670929184239	0.014008562652652223	0.013019980936149377	0.012685110177861596	0.013687123390665534	0.012529404767266095	0.012269380401089373	0.012767917720865616	0.012253787702166832	0.013288271149865201	0.012485820128269865	0.01350108723828557	0.013236753596594668	0.013915708360614912	0.013670613651987336	0.012645883215842585	0.012681088391880133	0.013554530915834879	0.013912358526829403	0.012985885150661285	0.012275837326216166	0.013864219809311495	0.01249740070953309	0.013721770525453057	0.012938940590764518	0.013229432645417183	0.012384595934633843	0.012801834628966757	0.012711425635147317	0.012708874666305534	0.013553131855974693	0.013107749199231517	0.011796400977245259	0.012667949838179727	0.013561335467584612	0.012298564149079906	0.014211825924087696	0.014106322941773476	0.013399480915078725	0.012730490959445555	0.01336018951044966	0.013575988330219231	0.014495968374346302	0.012181995101225595	0.013027274292564384	0.011284911490888491	0.011520159224512	0.014311924508373	0.013584284469466912	0.014310859726253018	0.010021748798885096	0.013398770953373784	0.013264673046182996	0.012438645034757539	0.013600913225553323	0.012814092467692955	0.013800905325643128	0.013789954533999605	0.013413298050044424	0.013535134056613345	0.0135133604204813	0.013674822521489738	0.012509001686248893	0.013388883678903236	0.012598552703856786	0.012653907973407492	0.012823776236036684	0.012058712106020754	0.014024059715945529	0.011065009485124497	0.013227943684326266	0.011757267056255537	0.014139980854730642	0.013480116844486061	0.013967748195475877	0.012803875604687875	0.012823364999861283	0.0	0.011863956051370536	0.012766791765779027	0.012214220017453654	0.013361225161869009	0.013505370793146074	0.013333045422185918	0.013199424040776198	0.013356779869709134	0.013958149123884	0.012704071328172951	0.01241437571847585	0.013456416962277506	0.010857413762503447	0.012881284267114141	0.014005312084139935	0.01283941294762466	0.013946483005586928	0.013022316790346529	0.01265082530108113	0.013717429819416333	0.012838239736535828	0.012820420200307684	0.012323272641782236	0.01337889822027075	0.010863314794178538	0.01308320314159273	0.013876320833219847
stork	0.010942867151634663	0.012681062256332778	0.011794926562814929	0.01238944650917527	0.011510860688796769	0.01240175002907007	0.009691428840438734	0.012440552161614509	0.012867437629938232	0.009516802243981869	0.013166791687226778	0.013297186212452065	0.013055486929509802	0.013247926672474057	0.010779651549760395	0.011887040674399154	0.013021714247105257	0.013257458815330003	0.011423628144091359	0.01259653197904042	0.011043847845647867	0.013049610813880667	0.010855230964766286	0.013007793082469958	0.012581858229353055	0.013186702031505577	0.012175201671018144	0.011771004781154162	0.012466048351842176	0.012095662558136624	0.010261137318554867	0.013674685180494155	0.012618684394635905	0.013112555859665634	0.012525892398268195	0.012342398688420434	0.012066958665086764	0.01235067717081925	0.012394617400301065	0.011384906140668343	0.012641679841478832	0.012753916368055325	0.011983330235510587	0.013367906417876899	0.01347157509343828	0.01265645508159715	0.012989415418371189	0.010820658815084443	0.011000003084214787	0.011851494418875235	0.013010373486324231	0.012536651569946522	0.011116385281823547	0.011136089297192312	0.011606064916321894	0.011590115273841961	0.012581662665003275	0.010927337368838304	0.012132832678571381	0.012620007877453305	0.01264569939007986	0.01009201811521646	0.012373444223975849	0.011844457265671238	0.011747870225001228	0.012234218953376483	0.012093890702210513	0.010525086177120599	0.011425763840870152	0.012243110666090485	0.012881589195950642	0.012326556357385433	0.01151504877342079	0.011520110729120805	0.012052224493400305	0.011188670172685277	0.011878925809247171	0.011810235942272127	0.012182938438162849	0.011414182642691801	0.013599295077013289	0.012344849846474019	0.013015699030463165	0.013700855001863091	0.01337316151549374	0.011427858567765925	0.01184983183695094	0.012262827827832643	0.012662782508715253	0.011655459293153671	0.01209374747313172	0.011739325561625774	0.012994372476452949	0.012775926309030784	0.012075784197602038	0.011737357815292076	0.011830264151535954	0.012003100959411445	0.012845000917722029	0.012140105524715032	0.010575810977854991	0.012595770946437206	0.010694069425757971	0.013145834935151762	0.01190154448807476	0.013203273852563029	0.014163210295176601	0.01378234182742965	0.012323872799543435	0.010731581215672317	0.010981297354724135	0.011898408981189363	0.012328364496984733	0.012421715610274138	0.011080966390431945	0.012465886992902221	0.011491545212939961	0.012821012368265003	0.012260579469613826	0.012645983270053453	0.01184500177656258	0.010266122438010093	0.012071211464372369	0.014715297803493893	0.012101027920830261	0.0127952086973921	0.011409475849660169	0.0136046006043042	0.011278993033723251	0.012719083992819956	0.013642857438559261	0.01315851145472141	0.010404686812143656	0.010935629375263108	0.0129828817135746	0.01147776577359243	0.0121658793534496	0.012373519431901453	0.011542563036710203	0.013298211561690268	0.011677040592952779	0.012288227748214926	0.011698061157046014	0.01188572157598527	0.01299266379997272	0.012201603087864641	0.01276670747734663	0.012826523482610978	0.012485620841736447	0.012806035337839283	0.012343046605774163	0.009701221167525392	0.009603651036790424	0.01284111385275258	0.0118951032678691	0.01054715799822305	0.012413479296741376	0.011500788235426251	0.012688477177579306	0.013787170430163507	0.010320032804537279	0.011595458630374054	0.01215907447913818	0.012105962656376291	0.010978838584646947	0.011813559456256138	0.012607812762063806	0.011845399130934502	0.012334870808583597	0.013432253772823357	0.011360465147480975	0.01212299086343797	0.012957998801575448	0.013662389055109948	0.01243807971995374	0.010893710642139974	0.011523960572877169	0.014005544991826959	0.012187826969213143	0.011849500927295609	0.011081878779984572	0.010968402711783206	0.013986017904818144	0.012220605517000684	0.014036675090458752	0.011292329319259971	0.013877225387215586	0.01179631789034848	0.011898299010612458	0.011129276873817763	0.01051750244399612	0.012593956356381011	0.013109718081890303	0.012456152140738773	0.0135001768441196	0.013261618358255747	0.01174113546461525	0.010339566620738944	0.011853126021893107	0.010548779385700756	0.012612023589857004	0.011719964724458075	0.012364205353884265	0.012928340453093023	0.011644493320691375	0.012056205323946126	0.009683127138113859	0.013998504174348536	0.013647159334095903	0.01019670223996064	0.011731151067701276	0.011495377481665786	0.011863956051370536	8.429369702178806e-10	0.014115672410418466	0.012166505915777783	0.012077291976476376	0.013285146390679538	0.01187786015017294	0.013089482966789594	0.01096868639255739	0.011910865039827927	0.01251565178760644	0.010553593826809638	0.013133368814553322	0.011453215257109867	0.01135659865812566	0.013726252861646788	0.011754764231699083	0.013669094041314453	0.01152168575655812	0.011946437893335094	0.012411001551644154	0.012924631584000321	0.012400057470578287	0.011551626645157725	0.013235028614291745	0.011733568555161323	0.012633163311890233	0.013201984003051259
swallow	0.014405715517060191	0.013853084483558771	0.013839858917055461	0.013136557794641296	0.013411774077459247	0.015049984471350315	0.013945158478588666	0.014234629348340761	0.01435243574642562	0.013457751792855363	0.012947559267812372	0.014041109687017574	0.013395616672307145	0.014815013685271237	0.014127836369158124	0.01416142402713227	0.013306955050697743	0.013467037521909682	0.014104209476528774	0.014279004024367513	0.013007741125292687	0.014305829508985459	0.013877604399966732	0.014857421840906463	0.013662565186897502	0.013101501697541072	0.013247981846300797	0.013732547437991252	0.014856210057657195	0.014055173633706407	0.014010309510360384	0.014020919787329557	0.014182235790109307	0.011388560189459749	0.011933002988218313	0.0134226295116063	0.01415778799317598	0.014542617872337758	0.015156253862617913	0.014200845436382925	0.014016387595283595	0.014341869558273847	0.013711645727877737	0.014258680916000455	0.012868701248854794	0.013622965911076779	0.013638394825181113	0.013051377302491183	0.014062030475820662	0.014147527656761314	0.014796314965767377	0.013551612168473497	0.013668114414974395	0.014047707636902083	0.013897273029250623	0.013455057961878862	0.014616848806317598	0.013958747142045633	0.01450417697846325	0.013602932125844805	0.014050094498635873	0.01386732824594212	0.012011641020211081	0.014409535550004206	0.014038201300226934	0.0140802546789792	0.011889377476069244	0.013684415365260647	0.013031996366076373	0.013913505719573456	0.013627825745636073	0.014672467800548568	0.014184369817955953	0.01393405152554496	0.01359663253758015	0.013594349902654807	0.014635210576189009	0.013798939580477563	0.013773364342830177	0.01300626916297599	0.014129909479500009	0.013300416891687096	0.014229496226713554	0.013824091263079971	0.01293425135910219	0.014044944101957115	0.013731834833086426	0.014055295013458015	0.014929118817210816	0.013880582422926953	0.014396676405717903	0.012948277301147162	0.014371856616998763	0.013915140791861116	0.013569027962425711	0.014057159344216454	0.014104273376216298	0.014551132933328532	0.014183344115116672	0.014388594893307717	0.013344468006259342	0.013420010712077789	0.013832475796780657	0.013899484539871275	0.01344619807432418	0.014428676358013724	0.013292938540283556	0.012325796768999295	0.012805840682049423	0.01364839041488094	0.013960431158218484	0.013881856484923533	0.0145588681638631	0.014019428488941037	0.013584527081966991	0.015306719046615408	0.013922948533178775	0.014887781321874002	0.013539345519650052	0.014653051008781332	0.013788846232357871	0.014110488412230018	0.014184936664374682	0.013712531673928365	0.013401051213813015	0.014113532791851346	0.01455708433881233	0.013670177371332106	0.014587475185075834	0.01432607688133817	0.014266617379278403	0.012894133053101418	0.013102979296065182	0.013892428363775775	0.014318750618673149	0.014965098435785855	0.014746719822344559	0.0132516688814109	0.014384219504924167	0.01480136417508513	0.01308673492254801	0.013428411172148071	0.01420435022528868	0.01338876096047079	0.014149678595232857	0.013042189025639042	0.012531004712208686	0.014298408932546657	0.014007860795484854	0.014050614978051252	0.01389674422519962	0.014227175558589635	0.014392480287751523	0.01425990957612149	0.014383638529214558	0.01344816136905544	0.013983079608292627	0.013594841813161403	0.013771443500529511	0.012106370852834733	0.013861906575729381	0.013752572915039962	0.014092639036809724	0.013302133198482865	0.013556192871441407	0.014161807940092244	0.013411682975156864	0.014357767801193461	0.012449385078841269	0.014842414287520405	0.013397562616258747	0.014850085030447014	0.013279086468797094	0.01446647966384309	0.01373638561793721	0.013816525024992725	0.014426595022860336	0.012998978870736741	0.013036209786049522	0.014596971649351715	0.013387482224821506	0.013143865883795671	0.012806530260757206	0.014502797934608434	0.013671317109073856	0.013317201458192979	0.012470823452243889	0.014857107085444233	0.013617894613832886	0.014120717036431411	0.014242881873686133	0.013784597521817727	0.01306396805280937	0.014495065666431457	0.014452438358955997	0.012092515163431954	0.014367211727340108	0.01371847022641863	0.014049496434580606	0.013917903956750048	0.01440431260398891	0.013594552628576397	0.013395379416665196	0.014546992558951083	0.012891078595263583	0.014090653583722645	0.014114301536310811	0.015029307190869116	0.013885203827142813	0.014515614267164125	0.013794743936361577	0.013935230306277942	0.012766791765779027	0.014115672410418466	0.0	0.013550773455512621	0.013678785063319671	0.013194356293065788	0.014463688423162558	0.014832587894350985	0.014568765134149102	0.0148250891644278	0.013394011758708756	0.014674093755849547	0.014904872454489435	0.012954781345609092	0.014859964617789361	0.015089173532482241	0.014656105412901878	0.014859212159513666	0.014009497853860188	0.013883522449571726	0.013927601228629237	0.013516760787355525	0.014670155920313939	0.013855857506612444	0.012403762316425126	0.01325820490256697	0.014574284404133619	0.013608729066996948
swallowtail	0.012394834465291396	0.01337486967451573	0.011780809365028616	0.013284476273253682	0.011843048578132476	0.01282989583578739	0.011789771504930857	0.012232059620328854	0.013609850699311374	0.012199243860675238	0.012743074974421622	0.01285369319960554	0.012921468884118667	0.013655496435304693	0.011065998221943874	0.01278644803297793	0.01298436846773298	0.013044713620918254	0.011295151861795272	0.012147838171009727	0.011371492905251525	0.013101278786124158	0.012872330031332339	0.013265825440852148	0.011548114639385945	0.013206633454973138	0.012742683453634905	0.012500127640913938	0.013640268288527227	0.012680162669031237	0.011777118316367272	0.013412265875709841	0.01364067887505875	0.012677513517508043	0.011600588521012745	0.012861144457739554	0.013064764843673266	0.01336769666631834	0.012029676977753628	0.012326262815338345	0.013437997635263628	0.013240470544206597	0.01172283683192286	0.012094834336896893	0.012178704128084014	0.01179460656392086	0.013071541208419673	0.01202783296947301	0.012181612733552987	0.012892914591155286	0.012020013207250371	0.011831834487260844	0.012421131223232882	0.012304448833504627	0.012119989154897516	0.011823064099769864	0.013821252008694671	0.012033466509194322	0.012190535716182773	0.013141537380975317	0.01194437294086332	0.010946804909749992	0.012246522042349672	0.01208677169512298	0.012425522636636644	0.013592073895560998	0.013333548201517694	0.01187171811805136	0.012635976803228016	0.0122582025763334	0.012464029761391514	0.010880016969835671	0.013133308317023782	0.013493838304814716	0.01003322373906495	0.010957239645386333	0.012678178958855915	0.012483860767019765	0.012440897235976656	0.012414938865813834	0.013503859728210664	0.01060691441319656	0.01338254885183341	0.012425719799198624	0.012557134944862524	0.012373054489436354	0.011980998357629245	0.012384221950173085	0.013704364994370635	0.01205569452766042	0.013203490420703233	0.012364978119731923	0.013319931309687108	0.013051858294028197	0.012624379369314232	0.01339285478364677	0.01336405447949256	0.012608262469844606	0.013756443010532936	0.013002773328373948	0.012490115285007916	0.011937055529352189	0.011700945876206481	0.013902607865017092	0.012364777001521741	0.012095795898764599	0.013892753013805053	0.012655944927108193	0.0122701670573255	0.013587297535593066	0.01258404327795223	0.012005879387295644	0.012784084058822759	0.013309048041446964	0.011189772978931463	0.011975653511239076	0.01331247288000435	0.013616717175652125	0.012948565127695662	0.012554797577816586	0.011509869245660382	0.012054728153930074	0.012212003093147072	0.014429939223826042	0.012004280007693489	0.012051159880378646	0.013366237604210553	0.012757818957649731	0.01224523282772236	0.01122521112487939	0.012811168331299461	0.012407025876355787	0.011384399693637073	0.013089308254230492	0.012856852983850428	0.012875178588222725	0.013302490901101837	0.0122579466429024	0.012858080871591251	0.012188810653972424	0.011431541749863083	0.010455210430519633	0.012336032461141216	0.01110062459679004	0.013093618839744409	0.01262341255383152	0.011815954526373922	0.012768187534214546	0.013704984926246895	0.012602237010215164	0.013096774049904168	0.013090933010004769	0.012856628481004308	0.011831942601011997	0.01322587745007178	0.012007124752315683	0.013232368354760236	0.011768046510245257	0.012965702500096795	0.012989023145323924	0.012874101796665044	0.012948594036979058	0.012077299181038958	0.012720102254178472	0.012415853532138523	0.012039389655304504	0.011799509606747062	0.012058932593919734	0.01163058824211378	0.011689449441956226	0.012488878113542021	0.013054950910299061	0.012800761851533385	0.01333145544778538	0.011634655748711477	0.012833401261379251	0.01241357582027597	0.014490647121092876	0.011882034951795677	0.012164944168373297	0.012422679367036962	0.01186902179222259	0.014285590146301494	0.013329976906276837	0.013611625883911902	0.012666527400032972	0.013516959274200564	0.012925538145738897	0.013270346933672565	0.012784787005456455	0.012588111200031355	0.011484903532110242	0.012647868568559423	0.011898537918589422	0.012818413186269507	0.012882968685229167	0.013528415429114404	0.011782544313095101	0.013216974104097638	0.011530050064213182	0.012631323696733024	0.012845541821078499	0.011843936597320302	0.014195133714228314	0.012861687568721438	0.012966580495368005	0.011491578079540979	0.013348022367368388	0.012836924529740787	0.013569832314164252	0.011175563824549782	0.01172029611208662	0.012214220017453654	0.012166505915777783	0.013550773455512621	0.0	0.01337765768314433	0.013761809524459738	0.012705830963434467	0.012438148328802938	0.012799771095657761	0.012653961000578258	0.012193283224342388	0.011567730798853131	0.012936310556767083	0.011772648932267687	0.012219758399339005	0.012843300197463065	0.012441556161846468	0.012923369754833752	0.012540916563282488	0.013249584097938465	0.013170683148942921	0.012235693246931065	0.012255217958381715	0.012161839066330499	0.013412659959455097	0.011392575460255515	0.013345982006535551	0.012324675172662398
swan	0.012782494976796462	0.012738021504955949	0.012186821477543583	0.011185635239458648	0.011294998993899035	0.013845658807055088	0.012476696952074874	0.013124891487851214	0.012611907075754793	0.011329869275835108	0.013951524822467792	0.013896830903530872	0.012700734013793052	0.013751014756686285	0.012497382093116073	0.012629601877253965	0.013484020605595812	0.013379388654446673	0.01277997364889539	0.012450114727222185	0.01261609913954444	0.01265670735763756	0.012663024331101334	0.013854263305126102	0.013044650739697261	0.012171402915666143	0.013630174842977074	0.0131971264268725	0.013894764209291827	0.01046965255064665	0.011259419874458734	0.013327564572825856	0.012418747193036232	0.013334291459517872	0.012975053520568656	0.012304305535167726	0.01249286747921448	0.012532645482319207	0.013405888648211083	0.012651767874317125	0.011813667679859268	0.012091246292368782	0.012019797728106652	0.013648296688707547	0.013398934941276901	0.013139868524587373	0.012568781038570004	0.012559014462240581	0.012835047220603206	0.011172754131061413	0.013764245050304302	0.013754156211996233	0.011963671640879163	0.013469703869075112	0.012540576221773923	0.012719307383014562	0.012252865908181018	0.012099559741815985	0.012778461525015718	0.013677143163505346	0.012160256055626007	0.012117534438640866	0.013592867117758258	0.012768301008043739	0.0109830040785637	0.012783604268297595	0.013631091528180525	0.011658070088078794	0.012601552188371515	0.012808106393168359	0.013281031036019552	0.013130051444950023	0.011611897640158403	0.011786500107799065	0.013012752558602984	0.01298996389491237	0.012390243860275131	0.01207563928813703	0.013566658405207899	0.012138339675613887	0.012961268139465026	0.013208806178516384	0.012824200477565767	0.01400119918136846	0.013183632013271046	0.01262194789831791	0.011684952470156787	0.012841879863035225	0.012831717372520873	0.01288778048596101	0.011286378432688156	0.012310752008736096	0.01144207615649918	0.012757981486332426	0.012247848484579358	0.013063938034829936	0.011521804562291708	0.013459755777830828	0.013159159255781165	0.013021618161797038	0.011003626270405364	0.01292232697682006	0.012939162633995773	0.0118092159908944	0.011854953243356503	0.013294563170122578	0.014015897940089733	0.013607507560923776	0.012758425120129363	0.01189514375139278	0.01271808633125493	0.01343466130796857	0.013130999691249654	0.011532454537289825	0.011334783749819818	0.013620087886829111	0.011875887919667434	0.013748102585514168	0.012156037770099952	0.01307381193377499	0.012895333332937997	0.013336980383870314	0.011954161679085744	0.013641945786144907	0.013361964957342036	0.013267859550860024	0.011505990297731607	0.014117400829413443	0.012846931053181639	0.013376494463081033	0.01363085591954682	0.013494274501168226	0.012575130061140556	0.012507294639656908	0.013244688567364556	0.012381148289309111	0.012618505796842688	0.012555480116405065	0.012445323070147628	0.013814172470767992	0.0133547888668719	0.013339870564825582	0.012926836037410919	0.012857271405071306	0.013206400725246011	0.01291781023723522	0.012926378460989268	0.01276981540209601	0.010990447096868264	0.012762178373341886	0.012928684520269589	0.013302472041735507	0.012797273657157007	0.013569944282028713	0.012031978892571122	0.011655718269429858	0.01281152498309239	0.012887771904308308	0.013114045065340441	0.01390116372779001	0.011576128583569975	0.012390690898874165	0.012577391373443192	0.012732304461805148	0.012057593848977099	0.012706169658415742	0.012698886870273159	0.01341712132903059	0.013552712582733259	0.013786213007836966	0.011582216788256626	0.012966507079237513	0.012556190055132699	0.013908310138778034	0.012967092531782309	0.0108626460113175	0.012318005213552523	0.01396272298958235	0.01227279414893228	0.012223927753778103	0.012947793050081553	0.012581812903905339	0.014038946196261965	0.011689972517408196	0.013135445669460497	0.013201996447097903	0.012492837630103308	0.011991425732367483	0.011290458732694731	0.012196688281045533	0.012019500861806484	0.013422286839608784	0.013974587906765257	0.012058397719049296	0.013313638262324436	0.01369677631903698	0.011692002694990329	0.011448678511862353	0.011548911296119492	0.011737480995715435	0.01197735930280895	0.012042692476718166	0.013056161721001538	0.01341862018147409	0.012654655616467109	0.01267409771908482	0.011742359178063337	0.014423520632142743	0.013718200649287311	0.011887344793544807	0.012449554158264901	0.012439810183010125	0.013361225161869009	0.012077291976476376	0.013678785063319671	0.01337765768314433	0.0	0.013950659468188121	0.010888694028700794	0.012443882698428489	0.011441091841653197	0.01294298479685619	0.013338080509555747	0.012903045119973455	0.013343869064428306	0.013173195215089396	0.01181358046908879	0.014034844287737443	0.011977350586035598	0.013301671252230324	0.013410785667403016	0.012839625008042366	0.010164888886771407	0.012869880590476496	0.012487997808581865	0.012286406283531184	0.013141256638598981	0.013508045935459597	0.013370133583634557	0.013469073037435364
swift	0.012774056917787564	0.013254313743627627	0.013784201163165866	0.013659639569783485	0.0134131984591724	0.013618982866983037	0.013815598268440855	0.013087251733259758	0.013339861458552418	0.014145083070152968	0.013663035893396598	0.013339233420141294	0.01306979958722842	0.013562587281088622	0.013322112584685443	0.013349261271830505	0.013519018120530588	0.013462213179125264	0.013917237531835628	0.013664782642550269	0.013662342490067574	0.01379311310984042	0.013691396831027484	0.014108892870062456	0.013081331300476184	0.012987538847196355	0.013273267651520947	0.014071626994382741	0.01345686216369875	0.013632137051199374	0.013379379249258819	0.014082425164983686	0.013516601551863372	0.013018850325548363	0.012284365323868996	0.012432222697248313	0.013684554132108584	0.012545605565179942	0.01409283278666033	0.013405065475896842	0.013849840232129753	0.0134629926483459	0.013907003676018114	0.013624824022023554	0.013344735728906149	0.013619083701741617	0.014111998838516927	0.013160436952816284	0.014474514349565948	0.013510495924659027	0.013790442446931825	0.012618666871677137	0.013586490165125486	0.013779480099450618	0.013137262777957404	0.014153678527526225	0.013187422631308898	0.013355479521538325	0.013101534761347376	0.01303949530596461	0.013581893717014595	0.014058758427415103	0.013135561708597823	0.013177860800880148	0.014295903119268445	0.01431528824968623	0.013306560078714356	0.0133024639052403	0.012451502700273197	0.013017969665500251	0.013863256989269088	0.013973105402169237	0.013934355851875493	0.013362066880604297	0.01377436060439559	0.014034623464181693	0.013991511193106668	0.013386919641101318	0.012765205377496005	0.013700255853466698	0.013661697830921873	0.01337347996418867	0.0140610266558418	0.013206130288757027	0.0130513933998018	0.013536582359031808	0.013663766163894224	0.013507567879764431	0.013899004794769066	0.01295988984074641	0.013074980004566757	0.013382705438099964	0.014241200809287124	0.013337370288113692	0.013459951470817745	0.01321870781916776	0.013606312488531787	0.013136208902022599	0.012855507656275642	0.013589901747737908	0.013785454446756946	0.013876157102159453	0.013371927463651982	0.013899596709518	0.013244256026630328	0.013824657515777654	0.013205184836829724	0.013063600751487284	0.01296445606768647	0.013958349517607544	0.013108133687856743	0.013143311292443147	0.013111096503986189	0.013864150826460784	0.013442670848363099	0.01429733877443103	0.013423517277648154	0.01399103202514384	0.012989873720302757	0.013923084328155286	0.01331511476597824	0.012954484972934183	0.014011802496160807	0.0140785313620145	0.012721588380749755	0.013568207465396775	0.013782413754874132	0.013625807144034554	0.012822291187101315	0.013762369542848369	0.013825566323523462	0.01296268336843779	0.014012930930213583	0.01378123140544449	0.013604276747257884	0.013702200712007128	0.014138214473140034	0.012659744465136296	0.013594765092747102	0.013453526826449617	0.014028716769281973	0.013495418498359833	0.014043514339230696	0.013444312933956397	0.01302173633297671	0.013820171612238499	0.01258511904629937	0.013305684013332287	0.013892354405934148	0.013883175703745556	0.013256732233297987	0.013233304566442314	0.013582406421043034	0.01354890627372652	0.013149187586619189	0.013465426156007196	0.01304347399319502	0.013434048055707606	0.012786727097030999	0.0126392593800113	0.013881132991800587	0.013349521760694039	0.013654156648657408	0.013356811935092147	0.013139906556778571	0.013666414001736021	0.013453244319515213	0.014759282844988926	0.013128695975033546	0.013827436208474892	0.013544075927223344	0.013602429237851354	0.013039002661238242	0.01394642684463391	0.013820212682719001	0.013685625798825832	0.0137133976271969	0.012732019853201913	0.013034395165467519	0.012820857769399525	0.013704535861317898	0.013147611427347999	0.013251279533607442	0.013491555496439189	0.014518101568647444	0.013884506833456028	0.013137753550159505	0.013684352436205194	0.013284841998429456	0.013093005972644371	0.013476274747879956	0.013804838029998578	0.012888592088972412	0.0134073155726677	0.0139507200701131	0.012842298950267656	0.013836429326173785	0.013602704166985504	0.01391249532071571	0.014071078906877294	0.013262140979929225	0.014197617127739951	0.013922706831769938	0.012411800673797997	0.013825536531068883	0.013211172288033908	0.013707469912423274	0.013976105534653803	0.013698634209317011	0.013744851636498518	0.01329154700369954	0.013143801094382353	0.013505370793146074	0.013285146390679538	0.013194356293065788	0.013761809524459738	0.013950659468188121	7.300048299977713e-10	0.014094299240153818	0.014601669441852127	0.013736689056745856	0.013777024065157684	0.012703030906507446	0.013199848982766375	0.013988981844083617	0.01380234865251683	0.01384549875775047	0.01434150353327782	0.013407356014325389	0.014347110347512291	0.013530291415550837	0.013939225166509235	0.013792629812278483	0.01251831380680519	0.013583983374548674	0.01402997134697163	0.01281149355154014	0.01435049942955968	0.014236897447241164	0.01329171217002615
tapir	0.011452902287135138	0.013766442140279458	0.013002305548323035	0.012690878422373151	0.012314008506020995	0.013463505225171472	0.012441454972019407	0.013564375128067954	0.01308800715591614	0.011888612433563263	0.014231547553972553	0.012228766673275857	0.012412385387826992	0.013746001142881256	0.01181787833306432	0.011279388129730119	0.01387951117254385	0.014049698648670514	0.011950598026849326	0.011608539516720856	0.013098916895365938	0.012571323706692259	0.013028060836594238	0.013038315856015493	0.012932949875431579	0.013046295694005752	0.014021461029744992	0.012484147699944855	0.01390246444550225	0.011244873169678643	0.011515315654372724	0.013460074499569891	0.013657175294829762	0.013592780836272642	0.01294820510337793	0.013492400932747582	0.013455266400106344	0.012044823040827069	0.011428186992109275	0.01244318601613362	0.013358200706567099	0.013232112236299989	0.012130802852849988	0.012872500643220326	0.013508634043456279	0.012614367605935541	0.013430768340488054	0.013051365480980202	0.012141313336754772	0.012450755004404705	0.012451364130205384	0.013479075302851092	0.012824477242199738	0.013740644219116378	0.012407157066592345	0.011989213768642672	0.013316475885559658	0.012634302958207689	0.013324076725941143	0.013596520890772854	0.01061380439207681	0.011432865760302936	0.013612451861644448	0.013062629751876912	0.011967723325135191	0.013598832190677045	0.013903006195814985	0.011472644758745092	0.013180185864523191	0.012697171195375665	0.01340872400532283	0.011821596438474911	0.010206216305938497	0.013013587052823133	0.012235948034710876	0.01210050821929039	0.009810485633872662	0.010254965024773471	0.013460486036090534	0.012910815683371393	0.014142390656967152	0.013002456067702678	0.012405652487096052	0.012290425931099967	0.013068423779697238	0.012534282824321891	0.012887845387313208	0.012235362852570833	0.012464475960307959	0.011975434536051576	0.01267869283483589	0.01314419942584267	0.012634193044717985	0.013817743405567	0.013024203380489706	0.013338995142377286	0.012463637501799695	0.01306794622585684	0.013857916728969388	0.012636245833021673	0.01184083182930352	0.012303810018301333	0.013191000865345227	0.013715260067990847	0.012727557508487575	0.012389613934835625	0.014607472969811866	0.013473101129948609	0.01382852903006791	0.013260517136027756	0.01341824946196181	0.012830708710760039	0.01188008589792165	0.012428304173298115	0.011692156838162701	0.012606895427038753	0.01224975414418522	0.013291483892095828	0.013020343334756148	0.011802124112001034	0.011968411770283334	0.012726859799883536	0.011531927774067332	0.014708348124858777	0.013372449324707474	0.012627571805671674	0.010612587561448159	0.014481279993930571	0.012102083657167622	0.012890048931968967	0.01084450393121588	0.013780557225767766	0.012678793464494999	0.012843604182221831	0.012867738788868622	0.012042289473763724	0.01222480794725408	0.012940072283880713	0.010444736815971491	0.01385245934314892	0.013590464569930983	0.01301854709315412	0.012753629069604255	0.012784067346690998	0.014008858813371716	0.012758790200489594	0.012875336174867325	0.011651827865998892	0.013109972657204831	0.012761621622880952	0.01373080481699519	0.012528127538193434	0.012375245549085897	0.01253871324911834	0.011577667040836402	0.011968743549837308	0.01376874889176855	0.013025047849001112	0.013491803362829544	0.013928654654761525	0.011774003903312394	0.01272601284082268	0.01155414738950958	0.012568139482955692	0.011647452360806864	0.012438800714478266	0.011914530672850341	0.013648657033727201	0.013467108121254689	0.012300314631539449	0.01187148176416161	0.013256695719404996	0.013433482345384598	0.01403083477457761	0.012715523894312348	0.01119621049056126	0.011357185788851221	0.013844880970738162	0.01242058913724791	0.013383904586237817	0.012967205258525249	0.012933320957364113	0.0145861610534548	0.011182939565382643	0.012945382200315795	0.012902179229980677	0.014273727419929733	0.01110753634432774	0.012111817946146415	0.013157970586847778	0.011328418847178744	0.013397214823314425	0.014205490445126718	0.012394120650604771	0.012622649232635993	0.013851593758045712	0.011667792836135933	0.011862575686228847	0.011441957079835545	0.010633477284689581	0.01280454318099193	0.012975514265916841	0.013633623600990807	0.012906996740215455	0.01347091739546557	0.013141616698950372	0.011623750580773558	0.012878452480222695	0.012745033554912556	0.0123912584575296	0.012455949080929429	0.012797234898397583	0.013333045422185918	0.01187786015017294	0.014463688423162558	0.012705830963434467	0.010888694028700794	0.014094299240153818	0.0	0.013050759075732544	0.009915259222156515	0.012677658189215119	0.012883269472038477	0.012231814102770775	0.01162125440859101	0.013290812340666378	0.01085719599563053	0.014366229521867089	0.011669695874199694	0.01319701841035076	0.013149839740577929	0.013387785085846144	0.010697755562366811	0.013453801252355931	0.01304630132597836	0.013271299367895405	0.013168468939283808	0.012945924599500381	0.013455000712997427	0.014043241140047426
termite	0.012873975195098525	0.013325372295683861	0.01288426407166999	0.012610911370546173	0.012574836491193448	0.012822340650824429	0.012807013112261047	0.012136876175507278	0.01285994307024419	0.01298395315723853	0.01452645663108236	0.012935269675332497	0.01410722944603811	0.013110539080423199	0.013246795786409605	0.012586955607983516	0.012669168646949969	0.013177620037238949	0.013548280740160325	0.013290833211361352	0.011820939613645403	0.01352714039257322	0.012428405447294509	0.01429514214006689	0.013817697383721626	0.01306650766672412	0.013987087995568286	0.013543120338422648	0.013759369209760846	0.011838521159520998	0.01272075656488048	0.013276380048874784	0.012300716547925535	0.01376669579170254	0.013647289966008717	0.013488651445384182	0.01305888714931196	0.013276667693576227	0.01287847371032198	0.012245003494735134	0.01301214077869348	0.012145026570836407	0.013094608838595223	0.01347665665791934	0.014436003607668517	0.01432498672136665	0.013626517474826166	0.013191145970090124	0.012989549663135902	0.011646924579708208	0.01334963913635431	0.013477790505343534	0.012773447806711056	0.013834821060144047	0.013710815580901101	0.01313213912124601	0.01304792313519904	0.012794123154459568	0.013006455559860918	0.013752714932008178	0.013253047242323375	0.012105026774911916	0.014092157742930994	0.01285499923281624	0.01304311801887252	0.012200499194645532	0.01335109848645171	0.012629563720692707	0.013100830603544006	0.013566404005741607	0.013773056251018191	0.013422572296263932	0.012804648337505744	0.013044689597366094	0.013264464443836176	0.013692739703920355	0.01290773419689387	0.013193466734340464	0.012895979688389403	0.013329099599977651	0.012970780028038848	0.012839664681015899	0.011621026002018822	0.01281519215824671	0.013930856096643254	0.013475403140337388	0.01287000670983681	0.012734313400087795	0.013849469543886767	0.014012695446074792	0.012164785287157405	0.013761598073017857	0.012344749718580204	0.013779579392928882	0.013245809111054514	0.01320335502740974	0.012813093563924391	0.01325062957038617	0.012902255262091617	0.01297533276666629	0.013368191463281437	0.013650831243975006	0.013649092917920169	0.013037885652549534	0.01306449941933969	0.013477429414925069	0.01499500206301526	0.01363769148949355	0.013593855275122226	0.013449745886142075	0.012617569846345014	0.013455157862783762	0.013368598625020316	0.012653019849118645	0.012531644535966691	0.01211278603479544	0.013390767366528333	0.0136253726871737	0.013752138264653662	0.011899648736345733	0.012966281339440739	0.013138395543596179	0.011931508807846703	0.013943343395862727	0.01296714478145035	0.012097434007060677	0.01275983668371818	0.013940535042629406	0.01286024747184352	0.013482547950806499	0.012753221142968195	0.014202959391350224	0.012369238589353161	0.013705570388594967	0.013735790460810802	0.012279784224036082	0.01290905857534918	0.014590482587759926	0.01306467984450859	0.012978175515373785	0.012238445794579547	0.013221211384036449	0.013970244506586236	0.01320487395969751	0.013772045329229932	0.013692870270629957	0.014049472043047762	0.01338844089668695	0.01271669323174598	0.01303594952387347	0.011507048496929512	0.012952850753499752	0.013346726261442338	0.011982419495100906	0.013198901582225133	0.012902011245218854	0.013225203846335005	0.01343601425535712	0.014201287794115208	0.01437360137165083	0.012899726688837343	0.013719564206706001	0.012505428495058434	0.01375393290064842	0.013770972212949189	0.013708116380847483	0.014193069974763743	0.013451735748869976	0.013035330510369874	0.012662621210517724	0.012845918780298497	0.013516670133079495	0.013338514630269025	0.01273040464289461	0.013812557624460941	0.013813644937778122	0.013632491693679498	0.014789917903615571	0.013546343200896926	0.012213437922216672	0.013934267326962086	0.012746600356962042	0.014521653172877697	0.012651756295313642	0.012800367312111469	0.012771812302360052	0.013672938826815204	0.012480007494804952	0.0133871582357441	0.01313248122366099	0.013858961321860421	0.012911035924226657	0.013533511711464443	0.012917259999288373	0.013346475554358719	0.014233319728010509	0.012418406275568861	0.012612231974686125	0.013651858569670073	0.01340665126122898	0.012161280177221815	0.012662250367891419	0.013558751678333123	0.013478525206761786	0.013256163051755799	0.012804697226798	0.012702179588938465	0.013590941496491338	0.01251093315451932	0.012742608512561586	0.0134197868356349	0.01343582814431663	0.013199424040776198	0.013089482966789594	0.014832587894350985	0.012438148328802938	0.012443882698428489	0.014601669441852127	0.013050759075732544	0.0	0.013210835637345908	0.013350335629375033	0.01346413493279086	0.012567760012890514	0.012556250515410787	0.012702697076826037	0.013437537993352405	0.01331858716097797	0.013034568518261382	0.010894907187300695	0.013408796369881525	0.012338519121692308	0.012637065869105388	0.01334484378082814	0.012707677780256332	0.01207062413183904	0.01392743646534824	0.011806356060472251	0.012499994004789277	0.012958110931481148
tarantula	0.009817889859817552	0.013295800890690927	0.011946789098801178	0.011986325124201698	0.01225351938238043	0.013041132193375113	0.011581084586298845	0.013502561042985204	0.012699374845644287	0.011478507941183708	0.013874848586563354	0.011510139696599607	0.011734002708657884	0.013306841500923977	0.011681534228485066	0.009007659651804993	0.012907434160402081	0.0135806230569641	0.011255741578183882	0.012448338650759639	0.012188735639058288	0.013068600318275147	0.01244827777279866	0.012945852001267128	0.013367943787270329	0.012844612858538858	0.013137222442478325	0.011995060403605862	0.0128064827739642	0.011498240679966059	0.010753049004837987	0.013987488494502869	0.013331185757871657	0.013581546314509068	0.012766628208119933	0.013348618936044318	0.012802837638235538	0.011134898823739324	0.011514242514033156	0.0115368587896934	0.012585006178250707	0.012689212640258206	0.012304712545416872	0.01202392402875823	0.013260321541984482	0.013099281409637556	0.01252232574412668	0.01215938748046217	0.011712063820359591	0.011624440088449105	0.012167734887560112	0.013298852843911524	0.01217777281617821	0.01291937930513647	0.012124756262943173	0.011590049690751746	0.012076130322869909	0.011909315119680887	0.012985080847512867	0.012502628620919514	0.011324057617167631	0.011855475304414624	0.01345721354281239	0.012340961744027221	0.011869911141098088	0.01282905567207825	0.013453929154576928	0.01169156674189925	0.012587010536340482	0.012945752887899651	0.01339125731675067	0.012422111580354986	0.008399791235099612	0.012390688823329506	0.01259742057003189	0.012145316507593698	0.007858198990697353	0.010551423275674104	0.012921853572413693	0.012349080186695496	0.01324874805459861	0.012822154487609072	0.012987202406931832	0.011878570363980078	0.013322147929341664	0.012103387494543087	0.012478935386068583	0.011204683702738577	0.012382778755591526	0.011894130323615242	0.01249009977490329	0.01255174340716279	0.012708961120166668	0.01335426757426351	0.011820551472111718	0.012074464626932442	0.012230900806815046	0.012278261930907348	0.013535343383723222	0.012667154992259753	0.0107327768577614	0.011967007299857198	0.012606496422735026	0.013046052842702318	0.011966799447988627	0.01217709956488897	0.014254364698865738	0.013566477185931092	0.013583552205998274	0.011576364763167004	0.01208046895650057	0.01227804943205643	0.011215702438516195	0.011332640246341482	0.011411230854461994	0.01294726401796854	0.011439483392834253	0.01309025908491026	0.012611460665753534	0.011223794349671842	0.011908685682390863	0.012052831543883877	0.011579630061790112	0.014854072450798204	0.012857569354307194	0.011416928080623645	0.008287968665699537	0.013702602755112963	0.01143047761021948	0.013026226138576194	0.010444947188335794	0.013594884054758179	0.012377278293649843	0.011580094997292768	0.01264026915964162	0.011044992795822297	0.011726509871197555	0.012468010467702207	0.010314152877700149	0.013755719386232301	0.012670997629635644	0.012763671841194363	0.012962094358009643	0.01219880894374442	0.013259228267584088	0.012539778074992671	0.01214378549319237	0.011629662767878992	0.01189313456259615	0.012524776088619677	0.012821854896237817	0.01188928034098694	0.011846713050255612	0.01247264956068864	0.010128371665458567	0.011488886198106521	0.012666227747625085	0.012443116668412755	0.012724440493771437	0.013511563257602497	0.010868755069798461	0.012058122272237723	0.01148602847644258	0.012948349125747792	0.010876151443182684	0.011614914168278614	0.011677574148499261	0.012911519822577943	0.013083023877642999	0.012645806225832107	0.011209084550601439	0.012845930602966692	0.012495700263874471	0.01387004399474845	0.01273757238459307	0.010574415471075349	0.011439566460735733	0.01405919349896705	0.012318468709419382	0.012113766581146062	0.01191275530007695	0.012093754535830524	0.014071545989949743	0.009911485760427649	0.012869954810406196	0.012951306391998539	0.013637663609577372	0.010530051746531242	0.01128027574228853	0.011775074996570963	0.009793134145081085	0.013098350630812777	0.013931952637930173	0.011721502547379282	0.012877259178497158	0.013297006315254257	0.011112501498989649	0.010813262701979298	0.011494468757158698	0.010807875766882039	0.012569371951164334	0.011552359098380848	0.013050057857615144	0.01214935482575978	0.012852005450009103	0.012532592580999556	0.01131152554597336	0.01281868347306743	0.012837005421340843	0.01134313219745342	0.011911421364870339	0.01200299624334491	0.013356779869709134	0.01096868639255739	0.014568765134149102	0.012799771095657761	0.011441091841653197	0.013736689056745856	0.009915259222156515	0.013210835637345908	4.214684851089403e-10	0.012688714207350233	0.01248563978557588	0.011631422421382188	0.011604444920386028	0.012690128781545346	0.010827816724707933	0.014262293676089093	0.010757090135466782	0.013521600775379932	0.012214499415184137	0.012484567673341213	0.011189193458492716	0.013057782142881627	0.01305327851518845	0.01193978407339096	0.01292867332970984	0.012946122638094025	0.013324541715557742	0.013373648547451655
tiger	0.012174200227575394	0.012964787937022828	0.012817959728108466	0.013085466180462366	0.01062234521436931	0.012567536884103989	0.012084876727026317	0.012231059372653855	0.012826213423844364	0.012050774774260137	0.014774081043893226	0.013596906498894848	0.01269252714334455	0.013652520333009552	0.011284050907344103	0.013171944251940161	0.01358890451153469	0.013828656831447482	0.012991658087309293	0.010935167359284863	0.012519510782047626	0.012342838399351123	0.01308589562050601	0.012203054809824709	0.013079164530095545	0.012781510355823367	0.013825411489786874	0.011052768302263262	0.012476452770250408	0.011682583111972315	0.012145933725100796	0.01357223314055662	0.012542451805420938	0.013316860094007087	0.013547895920023041	0.012948162075390504	0.012313687176387192	0.01197376961438559	0.012391868986818665	0.013284337936176803	0.013262566176865736	0.01329407641042277	0.013450226054950658	0.013780034080744272	0.01378401890817833	0.013967631923603126	0.012320082124750817	0.012719761014890649	0.013226935544041439	0.011661509999405986	0.012927808459097263	0.012925725491661242	0.011795228577833338	0.012981316904379227	0.012023975533203963	0.01384952294471819	0.013015412676400172	0.011402502339802865	0.012267922443271734	0.01194105544758587	0.010530704159391984	0.012663149710652173	0.013667215280398685	0.012450898230949923	0.009521469282447164	0.01293552316214313	0.013834244356660448	0.011117997802128375	0.012357942709466057	0.012104947597713866	0.01370455996242463	0.012349881307256026	0.01277821610798054	0.010695150925230372	0.013509602322275065	0.012856194236624636	0.012823033028750432	0.012364395162072363	0.01299113652992005	0.011916183662380522	0.014317226689642321	0.012355619673499614	0.013008140745112882	0.014046364024724874	0.013568220538943658	0.012636007334176629	0.012531365215971414	0.01216520096159107	0.01234105418334887	0.012884069335679947	0.011962078352671553	0.013098869378468912	0.012669620446300154	0.013247774969925224	0.011234932390904593	0.011668559910744001	0.012108967831523503	0.013110483709830556	0.013130049224009116	0.012497973578129403	0.012626457406956348	0.013147996790027136	0.01221516338511814	0.012316389227117192	0.01060788835855183	0.013282323201367756	0.013840737382788536	0.01292425823527606	0.014139356888674282	0.012472457216548447	0.0121199437705523	0.01307336621300059	0.012259321146331376	0.012405426847065797	0.01136649725155042	0.012678187019945875	0.01179456711493478	0.013272435252431604	0.012714851764504487	0.012846400614662346	0.011988601564045466	0.012337667302527795	0.012920343214448073	0.01438554425826451	0.012172888639210823	0.012474813247868873	0.01298378840289399	0.01408851678615116	0.012984972925669011	0.012032943075221425	0.013791051106638242	0.013968941319003482	0.012622380229089543	0.012199440550101167	0.012229418608049	0.012493907375790276	0.012983328187809152	0.013751137633989859	0.01241048341029277	0.013196843586526806	0.012796729115353369	0.012986776268009538	0.01307483518606858	0.012606428046571347	0.012825629666953487	0.012419394375947851	0.013845022727745387	0.011822127321358537	0.012058425964042462	0.012015067979277112	0.013059770432786976	0.012180843982914788	0.012689762402504502	0.013104652748484854	0.012061648483566136	0.012119987037383713	0.012669217242900923	0.01327350095891612	0.012741201716411597	0.014160112743887586	0.013146220718963302	0.01266919231052878	0.012120799630849652	0.013259434071921839	0.012913677425739643	0.011593791520741099	0.013039729676596161	0.013777988366987015	0.012717793563976424	0.013710117953508762	0.012589808381417383	0.01184157848037744	0.012318024053717793	0.012923233082771905	0.012087960307876561	0.01134737078477851	0.010775583792674594	0.013693810446231384	0.012362580208663916	0.01232388462787383	0.013064828065705778	0.012464759914597574	0.013566225432360657	0.01240946316065249	0.013678381712221712	0.012805489340884067	0.013154232541017613	0.01194914684210903	0.013277185120544764	0.011978100018779103	0.012855186559014735	0.012512473816524377	0.01345416910629198	0.010980603031296879	0.01335309078929374	0.013850760338551394	0.012970971464640874	0.011717689934419802	0.012050997051092692	0.012100537938541538	0.012332572216885511	0.01320159242043449	0.01336012692089487	0.012421090127821109	0.013262060969662376	0.012555368028564114	0.012327716140598322	0.014175117541124762	0.013311156617106244	0.012632665813143002	0.01128086549184403	0.009842055709636772	0.013958149123884	0.011910865039827927	0.0148250891644278	0.012653961000578258	0.01294298479685619	0.013777024065157684	0.012677658189215119	0.013350335629375033	0.012688714207350233	5.960464477539063e-10	0.013559058466243834	0.011386119591929846	0.013005207879673089	0.013724075011312216	0.011980918353629083	0.013852603008405993	0.012758159431334331	0.013682545515994862	0.013005876392879397	0.013312986346553583	0.012082061149718446	0.013479230111876914	0.013256850221123804	0.0120304072570085	0.014063156900565229	0.013510009674449805	0.013730332596736332	0.013148174910681954
tit	0.012514059579056687	0.013712925892482589	0.012755424305984331	0.013062018894020887	0.012514551897082204	0.013127178279484517	0.012756036742654329	0.013667266210425154	0.012900987563463966	0.012532752921289554	0.013013488985679125	0.011503560555209864	0.012082679582624515	0.013340789198187234	0.012022581146776505	0.012376103587193462	0.012641299336065582	0.011820866990137093	0.011453941753918138	0.012800664725938922	0.011959399812176863	0.013847147124312951	0.012579379469525042	0.013787366012253787	0.012970542157966758	0.012702354034392665	0.012397807990720213	0.013222666615744583	0.013385578560044296	0.013144225564538975	0.012379854295729641	0.013371860398849276	0.012819836797034469	0.012799042454893687	0.011655627988530067	0.012334270597514902	0.012977016226825304	0.012705723073159137	0.012942118483844602	0.01226506665321372	0.013378527340721787	0.012956045034405717	0.011815105963127103	0.011815468380976968	0.011220454105098539	0.011620931731223576	0.012995639314252117	0.011778450882257024	0.012916976950021747	0.012048398819378517	0.01311372838830412	0.013136907597822317	0.012525814720522126	0.011509900029828941	0.012294883620580989	0.011559592590581216	0.013062521971935206	0.012647087885475718	0.012879742048588145	0.01293408210291959	0.013068659562029373	0.012046994871576145	0.012383765835137108	0.012815604486671723	0.01315606887025559	0.012442212998982039	0.01235717642132102	0.012605788525001032	0.011228772300937018	0.012266010964837521	0.013593642197134992	0.01305145445552498	0.01303684380194629	0.012843834354558645	0.011635360957421076	0.012477861387796132	0.012988204720799814	0.012568558248188788	0.013010711085846203	0.01298490376942005	0.013933600027649653	0.012135498963019567	0.013129178132811668	0.011688140015697197	0.013468033722837525	0.012566757283431547	0.013378994777277366	0.011643909451168045	0.013816619164161213	0.011534064067622075	0.013364189178776185	0.011763524690861296	0.013500080587743532	0.012965243533781564	0.011986069161764635	0.01225622654349317	0.012746643771819242	0.01286757944257939	0.013926910130632176	0.01268647067242578	0.012871522007273239	0.01243471480600741	0.013265816201020271	0.013141958832230748	0.012334214930731899	0.012407128296838337	0.013804428599461092	0.013764944078451793	0.012351661844874016	0.01241230411857205	0.011443183495452456	0.013117028537929488	0.012029221718228794	0.013035956966414915	0.011971187172887582	0.013348126489844332	0.013287677174472594	0.013810906995172942	0.011701377128874441	0.012362785304684381	0.010898437775042654	0.012579149248191266	0.012042494417332666	0.01455012005391522	0.012837852759782995	0.012741374845316907	0.012697807635279959	0.01269898723056338	0.012971026650830742	0.013041133385403723	0.012380261096697358	0.012852702988501474	0.012154158473541746	0.012722673876638257	0.013412655823214914	0.012969978833634311	0.013090089754585865	0.011680403553748952	0.012607861560870322	0.013621814815758033	0.012194729831882564	0.012073347407531238	0.012898452201286428	0.012559050841567578	0.013578921690645002	0.012896673794956648	0.012408476151333806	0.012005908882106597	0.01371567883781361	0.013172227259365432	0.013299400302020772	0.011788779309934539	0.013432534411838832	0.012973131168313548	0.012295863370235728	0.0120053065563611	0.013856398004666004	0.013136852117612627	0.012164773463631418	0.013462176801596509	0.01286086262923655	0.011860431453127153	0.012530295342252631	0.012702892461270387	0.011374713557255103	0.013122060051594603	0.012258057026251242	0.012603116921853359	0.01303513206143404	0.012394135431605738	0.011455763159677055	0.013820275811049648	0.012832338004424437	0.013190503565053652	0.012779100953191742	0.013147194958898939	0.012295242107301511	0.01271667397688393	0.012508860981908064	0.013279459463355747	0.011864044542232636	0.01050303580212915	0.0130987593636206	0.01284058523935152	0.012544081277874429	0.012834575886117876	0.013100313720452027	0.012819777106657661	0.01233254298564509	0.012746545230760284	0.011829008096846408	0.013406389346530514	0.013323549867860574	0.01271558148147034	0.013148494080151379	0.012117953022887398	0.01280361964522609	0.012340240137109097	0.013469503382856468	0.012281310935147432	0.012314458088995233	0.012015916003989532	0.013265422537105004	0.013383893419512011	0.013082017420319616	0.012119665130663308	0.012582949478182287	0.013129244111113427	0.012573890859466773	0.012675650552544014	0.011527692932422492	0.012637353162867985	0.012704071328172951	0.01251565178760644	0.013394011758708756	0.012193283224342388	0.013338080509555747	0.012703030906507446	0.012883269472038477	0.01346413493279086	0.01248563978557588	0.013559058466243834	0.0	0.012685169282285831	0.01328365199966714	0.012052019475679653	0.01303098696682765	0.013921687230286419	0.011931315814404365	0.013456130088973832	0.01256211180576506	0.012692583780829637	0.012833213604839197	0.012924141422314375	0.013385726088314462	0.01253303657508047	0.01297152348525507	0.011454661656578205	0.0136143363266778	0.013236067815778898
toad	0.01132878914138832	0.01130458336721044	0.012299665790143428	0.013293424393677943	0.011467927478823674	0.012478521297213212	0.010702264278609186	0.0124209083711069	0.012945509753387718	0.01109930254798407	0.013342000936482724	0.013206047018937033	0.012532121790795579	0.013622490062029612	0.012204191123653032	0.012073950444784423	0.01317546266259714	0.013721519537783066	0.011072916609769144	0.011733289679379345	0.012039128401715313	0.012799138039455333	0.012432278748712373	0.013091855795939371	0.011932966758435413	0.012644894172486557	0.013054962154904901	0.011953416943197643	0.011216873433294495	0.012428795084979754	0.010534395171480963	0.01343471743803485	0.013220183282022508	0.013764343343775	0.011762656889197467	0.012707930319870768	0.011989168989273965	0.012064140011309621	0.012086464392372211	0.012662858992365357	0.01272216024443284	0.012387033044541706	0.011589250421006054	0.013043966119368183	0.013529528468558913	0.012789439431079928	0.012293278093488277	0.011913660780236458	0.010585032626918576	0.012205756483602002	0.013143539682740141	0.013306263499476043	0.012095089630511934	0.0121446325098717	0.011902007319428514	0.011829395557857385	0.012224479075469785	0.010978329671144876	0.012697926441605462	0.013086998856201217	0.012117253309105205	0.012392369118996154	0.013085508990451142	0.009820236605217419	0.011392458873675904	0.013442720187269153	0.013100152289195095	0.011250097142789996	0.011991590422588246	0.012090059764863272	0.013020231593893684	0.012716419886032511	0.011739945652536866	0.011144472210576226	0.011838447327805679	0.011283936735602003	0.011787483724527035	0.012308007808398603	0.013402613962803836	0.012289850814111176	0.013897481429125369	0.012602366014721408	0.013623267403242463	0.013369881172127196	0.01347740167054109	0.012943872720016094	0.011779229358702783	0.012445824842444156	0.012618308053387737	0.011769527187880735	0.01096863619597721	0.011213625623458423	0.01355715982018565	0.011450376031567469	0.011450730549093045	0.012498334354857962	0.012221623892524902	0.011274756624724637	0.013060444845796217	0.012856969306908881	0.012392307680044718	0.013199199451373744	0.009945197905023207	0.012394555449348931	0.011795784371919485	0.013081717865449611	0.014365387096417593	0.014199662275723326	0.013825677102457672	0.011427939883259108	0.011838321637887301	0.012979900310318506	0.012471605042079528	0.012518761583617062	0.011716555056982176	0.012057690683423543	0.012470285208263598	0.013102472301976842	0.012585739446424328	0.012654619346476636	0.010737883269901731	0.010434203467101026	0.012655388942010857	0.014067257767405012	0.012668122773752573	0.012500341807017036	0.011481845601111762	0.014053230018694558	0.012007121074947698	0.012743369638176676	0.012434199918967704	0.013459301879972544	0.011354421965244055	0.012660486681749938	0.012487368695716889	0.012500917021740571	0.012335952977899406	0.012644751075025946	0.01140142364957106	0.013352887961789154	0.013046905800189405	0.012263750932940179	0.0122694703943695	0.012473978994269087	0.012842466001139561	0.012956122403846495	0.01346837724032201	0.012570190461577624	0.012879424091969034	0.01256499123987	0.012407979298380707	0.010501339355559587	0.011538470152322655	0.011881887101892757	0.011283836053462736	0.010248358299300521	0.013090973255364808	0.012753024516132477	0.012858736093936706	0.01410973906801729	0.012312253080275958	0.0117360245638562	0.01210667266090907	0.011763240293035972	0.011146971946209536	0.012365574926730315	0.012347116724753906	0.012239140637818353	0.01261504613611208	0.013052067250679708	0.012061990427201337	0.012120266229283154	0.012896333592273452	0.013107176398576536	0.012976423680035926	0.012023153797609164	0.012190824421703191	0.014238468967248605	0.012658490822197065	0.012248595362171428	0.011811963783825184	0.011970922278048806	0.014129742070233256	0.012311335526781162	0.013156319926683733	0.011646817225124301	0.01338521131370055	0.012452399045650287	0.012497803208639581	0.011245964721489168	0.010800481378819728	0.012963906115557195	0.013606369500904346	0.011466159229643579	0.012771598985954213	0.012978738982658887	0.01258826808101731	0.011085830165610669	0.011858885031032192	0.010938467958821951	0.012200813583063437	0.012611321802125477	0.013332118754477054	0.012238776205066904	0.012621029509546458	0.01259351208367718	0.010529465139720633	0.013557895466055337	0.014077675213072793	0.012317057003054008	0.011665463643711526	0.01171854368870961	0.01241437571847585	0.010553593826809638	0.014674093755849547	0.011567730798853131	0.012903045119973455	0.013199848982766375	0.012231814102770775	0.012567760012890514	0.011631422421382188	0.011386119591929846	0.012685169282285831	5.960464477539063e-10	0.012930923001071603	0.012525424944890966	0.011426055188873479	0.013397459773902887	0.01162623431180686	0.013387525191586909	0.01286943952983109	0.013307104505373585	0.012867859211092837	0.01188703301760488	0.012611960175120073	0.01185699698692532	0.013770668157412371	0.012433335357543318	0.01235467679768304	0.013470134957790057
tortoise	0.011580412762724021	0.013771165317332074	0.013051456623514668	0.013294211529879285	0.012698804490196183	0.013248317514667289	0.013000247449597309	0.013698409330926607	0.01214803715780143	0.013500213747197374	0.014348079195201133	0.011005651528981008	0.013479629965525658	0.013423943244565903	0.012700877505091558	0.01108231367878853	0.01365628528110791	0.01315552125231918	0.01383556015947189	0.012503573637795291	0.012930080782633557	0.013720888350057773	0.014060166057029541	0.013430655808734588	0.012984006531601651	0.013790681834295939	0.013918279619054657	0.013682891714532868	0.013914205663235821	0.012260573947609711	0.013609951269723563	0.013658369471539509	0.01388091961900071	0.01415954687575689	0.013670872396670707	0.01390111511149138	0.013688949000191542	0.011651693816304837	0.011122161840532272	0.012149062169594676	0.014017874371066018	0.012915394101169375	0.01402249509478533	0.012336309458183394	0.01374732475413434	0.013745010208419672	0.013342086288812852	0.01333542470201315	0.014072143840732344	0.013131950644324706	0.012009287785451598	0.012655509876209822	0.013455926289540393	0.013740300430946137	0.013583560867252174	0.012963282600022996	0.013000874055006155	0.013535554556654488	0.01357514441399679	0.013003374095485722	0.01141566379970538	0.012485352973694375	0.013789003268099573	0.013541191869191454	0.012771668423902942	0.01341421249510827	0.014607306185592759	0.011663651824109467	0.01413353879135434	0.013092608533044219	0.013701308476045487	0.012803876180771607	0.011286998522820793	0.013711853138893004	0.013233825859978994	0.013337988032026874	0.011187250083196223	0.010448602010698851	0.01298316382536391	0.013638346718238296	0.01449662016164506	0.012843018888683066	0.011522984044357707	0.011213390362911023	0.014061508003331485	0.013100766584146557	0.01405035500739742	0.010236532527067056	0.013045755231016653	0.012686182803568806	0.013051284962277485	0.013883237928114469	0.01294322650863116	0.014034338287642577	0.013871482554251977	0.013615430425731632	0.01323023078093956	0.013538081503212123	0.014057170733492209	0.011468342551140905	0.012963922757273903	0.013668635537447193	0.012823997797566227	0.01391427474227449	0.013310164854062943	0.012906143523692213	0.014804668621890713	0.01341325233485325	0.014210133055093029	0.014337676725683503	0.013591975626625221	0.012620108003247954	0.012050474432972387	0.011595764379205868	0.01136021955127723	0.012102675350878616	0.01315597997824279	0.010552618699415333	0.014125560151452308	0.010288808740128282	0.013130253955498711	0.013567911962355962	0.01190195368399876	0.014074180772606849	0.013300569813238856	0.010470549335281304	0.012245254419804747	0.013762504892517362	0.01270087346582345	0.013624190537030725	0.010013521843829181	0.01358570366734868	0.013028227520997929	0.013557971638391807	0.013620629684301338	0.010954235613601671	0.012150505883733467	0.013963866641897762	0.011723095378523929	0.014277750492390289	0.013175055993493646	0.013352181297156403	0.012936716789089808	0.01318148909161027	0.013815547450650188	0.013208863113301597	0.013814435904590229	0.011469366208059004	0.013628849269918409	0.013340194135796539	0.013286409897718487	0.012964569318805432	0.01333459453653482	0.012201120071259059	0.01166358962627879	0.01370281092228663	0.013656052255009241	0.013777909069135674	0.014182414466600074	0.013502453766474944	0.014270636376252446	0.013927266917192468	0.010346813545249184	0.013163314387937275	0.012991169141551663	0.013902638794324013	0.013607168214988816	0.013671964909396775	0.013343979140142005	0.012607776087902119	0.012767312345301757	0.013124593247984704	0.013664387513928362	0.013294992285858585	0.013507915097269505	0.013044244947680582	0.013014181061333093	0.01470119823395011	0.012707945706006635	0.012881151769710997	0.013554112394804776	0.013204427115407162	0.01433147240491795	0.010654307090680479	0.013451254338948417	0.013101573806965012	0.014658210265117091	0.009999892356468913	0.013668804703058056	0.01367876489587947	0.012912741344311935	0.01390718463876608	0.014173978082693328	0.012683172391665441	0.011610739348745323	0.01441147160659169	0.011408428017854928	0.012209104180709205	0.013719029001556582	0.013310412134863989	0.01300031965927287	0.013737161141622217	0.013318482459352854	0.012820863117808484	0.014109048563249902	0.013702782281762926	0.013231576701483479	0.011901035526347959	0.009814335958915761	0.01361130875588255	0.013285633553100777	0.012984533986590961	0.013456416962277506	0.013133368814553322	0.014904872454489435	0.012936310556767083	0.013343869064428306	0.013988981844083617	0.01162125440859101	0.012556250515410787	0.011604444920386028	0.013005207879673089	0.01328365199966714	0.012930923001071603	0.0	0.013083325309076016	0.012301885974268685	0.014556550457729184	0.011981323232498866	0.012718565449519556	0.013139642910627459	0.013499156962828295	0.012607101982872926	0.013710876405610856	0.012354192021644032	0.013449128121574838	0.012549693487514177	0.013195071241157534	0.01442536648256833	0.014302598477217921
toucan	0.01263969259804502	0.013619721782546335	0.012070661779499366	0.012848314637948615	0.011451705472812436	0.01333294330117984	0.01055588298794633	0.012501235511066395	0.013141961462285492	0.010937763099059536	0.01254819793952847	0.013493045200405628	0.013807109177253656	0.013117838696968764	0.011961434045089155	0.011873978216653416	0.012466805650974586	0.012901345874111528	0.013037225132525653	0.013531007581697268	0.008653998437772818	0.01349637207207115	0.011352730763232906	0.013958723675699145	0.012923213964231801	0.013307244241970034	0.011849605523865435	0.012697348512114608	0.013869149234025602	0.013160390800477578	0.012253133404925851	0.013341287780567541	0.012179883345723414	0.014130181811866305	0.012426332854492963	0.012583649853303559	0.01288720673655516	0.013440938189929115	0.013799214557784243	0.01158390779499887	0.013350731054011697	0.013617752329277755	0.012184609932509735	0.013011740281250406	0.012793661705676673	0.011765357399580036	0.012756348572423835	0.00995924111186927	0.012585562845940085	0.01216744837986228	0.01306120141514754	0.013025415051491152	0.011208959987042712	0.01186214858517061	0.01218896965980973	0.01111866740589632	0.01328290030536981	0.012799157870487667	0.01408704911490557	0.013162520031801404	0.013520555571387961	0.01121956053309055	0.012426567828889772	0.012437779183401538	0.0121918139977226	0.012568367697616278	0.011385371554796237	0.01209501428224955	0.012023487364348282	0.012986515572712165	0.013492754684684097	0.013196184158817386	0.012424542626741794	0.012770492304728072	0.01100164611923403	0.012162142424560063	0.013263411379863753	0.013197280951500885	0.012898561175809693	0.01203359573581281	0.013467412130757323	0.01180805452395805	0.013301934338647734	0.013001904188311021	0.013592338541183186	0.012716922844748998	0.012238525127961085	0.011693637237691245	0.013766411388298412	0.013127077330586759	0.012755135470851851	0.012240189793859005	0.013046613608268937	0.01324647902542622	0.0116987219012425	0.012212998614353827	0.012689160127164817	0.013711126844035203	0.013790540001336575	0.012632630451117297	0.012149104444424123	0.012286727916608967	0.011284053040895702	0.013149537189366844	0.01253767923390473	0.013457325187728622	0.014123193872773686	0.014091692722818398	0.0120525826612669	0.01203406787098039	0.010703078228947074	0.012983085694865589	0.012705412858984999	0.012483637209030219	0.012014573644086037	0.01363417509852711	0.012329851745120086	0.013286039058112991	0.01213945916442444	0.012086780466634925	0.012570075463072357	0.01250433974049678	0.011547837436930388	0.01419223860779304	0.013585210624825945	0.011997851251873136	0.013178272925054281	0.012735747279138922	0.012898706572452763	0.013190561557157239	0.012963525913513485	0.01287357407699321	0.008296084455590776	0.012705942565568168	0.012721867851104634	0.013197905946719254	0.013714072405261213	0.012150380250498567	0.013171215617342769	0.013241647784074368	0.010159819946117934	0.011503886819590905	0.012136198355842242	0.0117513436281045	0.013546258418392179	0.012513189313543265	0.013266654710649079	0.012559142624439992	0.012723200540067155	0.013907645554802681	0.012209385536298845	0.012312146248416447	0.012878112789685973	0.013566387206638197	0.011944372428493362	0.011233180027691818	0.013166516310812153	0.0123173924171296	0.013202218848973284	0.01350453323603586	0.01260157573647833	0.01217825956364556	0.012021805399399682	0.012628711048320494	0.012360483060597525	0.01335280380805063	0.012881406015030253	0.012110800701250543	0.012401238944964173	0.013209514995256345	0.01186749417814892	0.013228856201471089	0.013692958473212396	0.013405686374856134	0.012917223320907023	0.012662493384005262	0.012765391774389338	0.014084090250928166	0.012337281404474003	0.012963475782655054	0.011634109632841352	0.010529043594255882	0.01377167427100102	0.01258906253001108	0.013619303804270068	0.010964045254562635	0.01347531194001527	0.01313238346337217	0.012421420692777865	0.012216316659403202	0.012409117753685804	0.01276872271187012	0.013317627405281062	0.013210578029046585	0.013156348322810017	0.01295997419358228	0.012795419168848217	0.01145782841473868	0.01320341970652776	0.012691563779606372	0.012525414369651782	0.011880672813196895	0.010684719198917296	0.013984306886005264	0.011176463254332318	0.01208875334135162	0.010942644748563086	0.013427564547035163	0.012538321287771088	0.012680559372337374	0.012265023755620292	0.012043918985314895	0.010857413762503447	0.011453215257109867	0.012954781345609092	0.011772648932267687	0.013173195215089396	0.01380234865251683	0.013290812340666378	0.012702697076826037	0.012690128781545346	0.013724075011312216	0.012052019475679653	0.012525424944890966	0.013083325309076016	0.0	0.01333128818080679	0.014219778874709441	0.012256211594028203	0.013180136227684576	0.012819362974090073	0.011906515846428456	0.013536659890047575	0.01337782717485382	0.012502155371561442	0.011755979156036158	0.013240034582476015	0.00947111177415379	0.012813820727925949	0.013254445969973933
trout	0.01125249719717325	0.012729732732053696	0.012065574497536993	0.012516040665147849	0.01124342690499769	0.013308461948948708	0.012400934160580784	0.012724719590138815	0.012755768559083993	0.011798119968929368	0.014025926492642317	0.012799958738412503	0.012983644102464942	0.013798198799208784	0.011519310963221454	0.012286773293806235	0.013961261523811705	0.013820554986901991	0.011061925390062722	0.010122274227555166	0.012669553762635361	0.011809437146941677	0.012204209504949819	0.011793777561127823	0.012330411295819008	0.011927791809470336	0.013581749826479535	0.011885111982121731	0.012074045369975028	0.011243185121020875	0.0112537710711124	0.012861377645251472	0.012929330365183091	0.013574452286461399	0.013255549686854239	0.013153739379191034	0.012977392792649145	0.010973887129892692	0.010932846355934705	0.012722390156535424	0.012848844456011643	0.012802031141212257	0.012013361307719916	0.012655018618851465	0.013696702707666819	0.012598462039948178	0.012929985617731881	0.012342770964571776	0.012181368716133447	0.012026856262927708	0.012508388686694873	0.013013064426483152	0.01262132496337034	0.012563822719911093	0.01213499392757841	0.012642581067808028	0.011658734502431111	0.011121524416154185	0.011971194729217012	0.013382237592797002	0.010916190922084146	0.011962481660875612	0.013858968532270697	0.012932905505202215	0.010864959648554405	0.013816838393460795	0.013536909527563108	0.011037743463669447	0.012761170334455592	0.012342904378701485	0.01355246763305916	0.01178019271265542	0.011386279490613016	0.011788150305173307	0.01246805598484227	0.01174457965819649	0.01064237829921593	0.010164862506862191	0.012788952550093607	0.012840540028888807	0.01372907688322538	0.012537422389770968	0.013432688949617307	0.013052331628945969	0.013270327087153842	0.010909008842654675	0.011863645486889809	0.012012539917583427	0.011798142283014113	0.012347887365244286	0.010989486392716095	0.01316581204832127	0.013132935327704091	0.012059001639076066	0.012382782349154702	0.013134525960611092	0.010653169446797646	0.012001454367909725	0.012814381891617392	0.012394076444787737	0.01181888417549718	0.011861657636796879	0.01248414594541263	0.013049258017554027	0.011728050616392397	0.012918563529044216	0.014569191233729312	0.013908970924211705	0.013516430260672098	0.012421611136103374	0.01269312034651255	0.011842634016298577	0.011063668081010853	0.012201620571696792	0.011424228420962565	0.012013819295520858	0.010960947637829946	0.013147710672956347	0.01225055899802632	0.011708320021157775	0.011215116275271862	0.011496569173718324	0.012201776138300209	0.01417738273511201	0.01217346928656521	0.012055274554227549	0.011378044631360268	0.014090641346657334	0.012065266931098604	0.012442660199485795	0.012157857615114539	0.013125882781401033	0.012546861010186825	0.012951220012705105	0.013161859126987878	0.01216819099456618	0.011925712581529557	0.01329925607948456	0.01143191090927471	0.013534326379186019	0.013126505711440441	0.013126729005951455	0.013055787149309182	0.012782111012413349	0.013049112873228545	0.0132820501956378	0.012970035147696964	0.011101649090973225	0.012896854903153586	0.011764715291809334	0.012809436554834274	0.012010566824745099	0.011566468078672176	0.012544191702740758	0.011314953340520763	0.011556188422781609	0.014007646342150777	0.012267312751502203	0.013261587574518728	0.013655862448940745	0.01244297587935815	0.012165776117170297	0.012048215044221771	0.012373642321569223	0.011725462767874633	0.011781056902600489	0.012242330895947845	0.013265981560606372	0.013478152394302178	0.012300627089325934	0.010841262950546942	0.013125689992133267	0.01256261061527286	0.01369708867126946	0.012297242078901123	0.010801557239009671	0.010189981235873578	0.014443567158179724	0.011619190430595658	0.012080554607543594	0.012274221781394637	0.012994488432096073	0.014763393610054227	0.011654440164600537	0.013200940156539036	0.01326430210067385	0.01277251215905303	0.010932384076608924	0.012946009312856173	0.012603914965174908	0.01211942106008345	0.0131773214349961	0.014527814432064474	0.011456301713885852	0.013298526627462216	0.013378912108623783	0.012397049717143704	0.010618598743909191	0.011868753885018344	0.00987316129105541	0.012338413671857222	0.012397484816203688	0.013089645265052711	0.011563546930289114	0.013491384994445379	0.012676935850731944	0.010982720646815254	0.013689289520983573	0.013384572009123354	0.01222264388207659	0.012043701196674148	0.012061123841409125	0.012881284267114141	0.01135659865812566	0.014859964617789361	0.012219758399339005	0.01181358046908879	0.01384549875775047	0.01085719599563053	0.013437537993352405	0.010827816724707933	0.011980918353629083	0.01303098696682765	0.011426055188873479	0.012301885974268685	0.01333128818080679	7.300048299977713e-10	0.013507526641788125	0.012438837344624839	0.013183932174187845	0.012115823293999546	0.0132761112123644	0.011507032752656745	0.012162386378304255	0.013100512818321763	0.013229004558589242	0.01350982419839753	0.012808022735793527	0.013516769765462879	0.013279760524858067
turkey	0.014543870940661573	0.014754319079508945	0.014013315676050846	0.014342354493165755	0.014341530616946327	0.014394287131590062	0.014062758010422791	0.014073656923285771	0.014634065560290706	0.013833423004350299	0.014191271546991329	0.01410096445123141	0.014264751422699649	0.014265015751534625	0.014116350483040527	0.014538629966971268	0.014570271899021426	0.01440669204933685	0.013213511870519239	0.013928638679510911	0.013947700272427158	0.013625601232589404	0.014115894561408797	0.014254900258006391	0.013966019836444995	0.014217512517421912	0.01414461110368723	0.013941829387953877	0.013621969023109404	0.01398291062583981	0.013896389532349502	0.012975607822050959	0.0142671662519109	0.01501791504895676	0.014449351455866313	0.015114904744615593	0.014464136135894945	0.014281423475192097	0.013321082786554299	0.014396225639564749	0.014461791308909096	0.01419488965407354	0.013568427409624806	0.01363927224096442	0.013699381384595439	0.013851529260135916	0.013837363975247676	0.014219087157189341	0.013965392401284771	0.01407774005884132	0.013915220672051037	0.014558785259857128	0.014953365564120556	0.014259758012713645	0.014085341097364194	0.013812729066093932	0.01438229456517858	0.014203429866252407	0.013862171851300831	0.014447804498316594	0.01454170685160463	0.013414359031219356	0.014596487681342071	0.014520601726266114	0.01386286594221093	0.014177698227260832	0.014081826157502718	0.013553301403227526	0.0139398177193787	0.014035417869646474	0.01392323067118866	0.014257122085884843	0.014246040141203311	0.014653613215432054	0.013388058308619818	0.013171742333524037	0.013925954928778832	0.014349913876274469	0.014590384949200891	0.014322065390116996	0.014458313563164071	0.01372191328898507	0.01409704422735414	0.014265202853781895	0.014676685597774155	0.013846442799220187	0.013059066644174479	0.014079091995648923	0.014407092475329538	0.013862551207126185	0.014180537485468865	0.01463976092720762	0.014453756201617067	0.014233978781754064	0.014721423422761632	0.014521757577549225	0.014080303835279896	0.013716038709455515	0.014721439436555246	0.014076439413346555	0.013859305250326354	0.01391764645282007	0.014045960049932969	0.014518757537192294	0.01375623519084926	0.01429562220352227	0.015014465414796998	0.015075019382870716	0.014731828055383374	0.014328361655648936	0.01445292986852047	0.014063102623780434	0.013845669357193764	0.014748949249378475	0.01348799449073264	0.013778033270368277	0.014391401939448371	0.014133954793201673	0.014107265461280796	0.01357473091041026	0.012706705246222466	0.012845384125047299	0.01399835643135085	0.014323951964708663	0.014293744069875911	0.013989095982648293	0.014452591196334897	0.015064351380726936	0.014217547511760404	0.013375671798181507	0.014258782357327606	0.014845970303951567	0.013708634257887953	0.014161655662456005	0.014330871016074173	0.01441703327821673	0.01436673009627981	0.014434070667462528	0.014177288816197635	0.01323810436717172	0.01348187755374191	0.013847348504240313	0.014622569047055597	0.014032839331919926	0.014398787390680122	0.014028566484559118	0.014067698427492958	0.013937948111272918	0.014903521046013777	0.013698507281215693	0.014128518462292676	0.013893815453229983	0.012941960654293459	0.013691152644648657	0.014774231257136578	0.013546814747774121	0.014593189795922855	0.0136934996968826	0.014191170927369958	0.014635830947715034	0.014313357419939207	0.014112889758037211	0.014140638215198072	0.014414328728967956	0.01392780083086576	0.014782449089086906	0.013331391033817752	0.01450870603590132	0.014995461341811307	0.013471076067153911	0.014164034132739398	0.014115423896649482	0.014028815518318923	0.013770349815363707	0.013716772336906548	0.014448677374958484	0.014075343939437606	0.01568925144876745	0.014260036403376196	0.014182380114419793	0.014166018561814235	0.014263585578907249	0.01590481782601713	0.014384303356093359	0.014278350944398848	0.013508820569565814	0.014574767189439349	0.014032194600717075	0.014085257595797923	0.013895215137986418	0.014237228403719446	0.014510183798829662	0.01459189360709117	0.013868286023764215	0.014093420576714921	0.014580121594910686	0.01453950070702934	0.014080744386775819	0.014733239407237657	0.013316684292307266	0.013499442453250661	0.014578239252816785	0.014605623781227348	0.014652709717462	0.013913283147252563	0.014247025264111474	0.013510058999016514	0.013916188828183828	0.014210139564461467	0.013704473760015707	0.013711284379344803	0.014258782982884017	0.014005312084139935	0.013726252861646788	0.015089173532482241	0.012843300197463065	0.014034844287737443	0.01434150353327782	0.014366229521867089	0.01331858716097797	0.014262293676089093	0.013852603008405993	0.013921687230286419	0.013397459773902887	0.014556550457729184	0.014219778874709441	0.013507526641788125	0.0	0.014526402179187294	0.013494396678998098	0.013881488880494768	0.014275809403016789	0.013522832254512299	0.013951035107762497	0.014231664384957632	0.014135111528855993	0.01458463407289786	0.013251172354442464	0.013663344273407376	0.014486216791149793
turtle	0.011144144713958462	0.012891949266450731	0.011609811086438325	0.012817418513453588	0.01203369865327413	0.013134655563519709	0.011394620260081595	0.012684933909590461	0.012059623088286201	0.01160556736118704	0.013613684340098868	0.01181942406817303	0.011867722348255444	0.012997294189046247	0.01166137671531388	0.00995559094356812	0.012690562734846084	0.012928901301744115	0.011940662449915172	0.013264636282696115	0.011006165046513925	0.013528693629925011	0.012289351269102546	0.013641905993015553	0.012609857319547018	0.013269477320582528	0.012686071020116978	0.012809407951151406	0.012994235641237162	0.0131783795467786	0.011573147686811433	0.013440740089843252	0.012525114937689468	0.01354788885115843	0.011593286668013965	0.01264599629855557	0.011863318682170507	0.011829800750293084	0.012334899252378073	0.01174056450628512	0.0124868400654809	0.012168530793668635	0.012280657617024111	0.012512834496021913	0.012484244940532662	0.013104923350457315	0.01260583201788659	0.011246895808714075	0.012654919370248468	0.011840968514732805	0.012536468009821878	0.012989876014684354	0.011157847453917468	0.01230849931558473	0.011625513231889768	0.010602143332916118	0.012184158084247443	0.012228074587994565	0.012323605870926797	0.012579420339207108	0.012360694916818857	0.01187097511946315	0.013003167874679247	0.011741453397862554	0.012196259260837353	0.0126224033232488	0.013032922846403297	0.011818945099279131	0.010760284890761642	0.012010037565912998	0.01377154522666401	0.013423010837874292	0.010808630775129177	0.012622380915606185	0.01243262682668175	0.012410251761999305	0.011448687413219926	0.012396096164896075	0.012972709748118549	0.01199528506129476	0.012410015388024592	0.012291661887696436	0.013326826272206566	0.011982791895876452	0.013285647089851358	0.012092152122974747	0.011472063151502808	0.010810374824277937	0.013342923829979321	0.011559344397037903	0.0122560569899853	0.012114510888845102	0.01317011470966855	0.012982870460111165	0.011917451387202098	0.012363319095857327	0.012537403018543001	0.01234822672069106	0.013093675896453412	0.01240062024197133	0.011473123004631037	0.013012387621539554	0.011949073618614105	0.013098636532346724	0.012004480115203877	0.01203676324131636	0.013694045080380008	0.013097129759573119	0.012968697633114703	0.011643138871192364	0.011519722089616734	0.01217470278148731	0.012107732588999283	0.011233750565769291	0.011566438486752158	0.013306899576223583	0.012154911109460365	0.01297759088365851	0.012036550068220271	0.01181787108619767	0.012000430364742657	0.012232702454389479	0.012105001841568435	0.014467878407473413	0.012438630652857883	0.011856626892011168	0.011091566253137793	0.013356297333799106	0.011318954964342653	0.013602651329370007	0.010758359489728036	0.012700340216984421	0.011853020211252436	0.012091749158175543	0.012688954445936007	0.012092645257148083	0.012670388468351517	0.011777895938001746	0.011241964199030306	0.013502521413823158	0.012244434474188493	0.01143603283384071	0.011947139483642247	0.011249214199134305	0.012907619178234344	0.012446126760335548	0.012123439878050415	0.012436839074479416	0.012609769116169319	0.013148731032502393	0.012860319848549486	0.012365899376127603	0.012774537987558282	0.013146230851639929	0.011194129291696473	0.011715981735093674	0.012257379997947286	0.012011765271210338	0.01122544029205192	0.013548670626136952	0.011952856802805103	0.012164092835593509	0.011536282101831592	0.01202768308786064	0.010899816111777347	0.012614254509183744	0.012360896372705986	0.012413009231368904	0.012542240250847485	0.012886316438810023	0.011477523623956048	0.013123376477035304	0.01314572257547502	0.013359831906250974	0.012042361178814267	0.01143747063773159	0.01259562399839496	0.013565380669892362	0.012123108895295776	0.011871741529070154	0.011769151755662934	0.01154762208933095	0.013912471390889747	0.0108837728705227	0.013572458202950596	0.012118724535454031	0.013737658546962496	0.011390779280585602	0.011634886737945492	0.011899787967596689	0.010018904079265773	0.012790901578097726	0.013168167642083754	0.012780706465343891	0.012735807398245319	0.013109032745866143	0.011995228208525112	0.01128689123324216	0.01215954650197484	0.01171337630764737	0.01263745045507157	0.012060559511997273	0.01260745677640473	0.012596874675851326	0.01241882225792294	0.012035392705951805	0.011773616025769717	0.01250749099864811	0.012737049994294092	0.01241003192432923	0.01146446458776134	0.012091368916887526	0.01283941294762466	0.011754764231699083	0.014656105412901878	0.012441556161846468	0.011977350586035598	0.013407356014325389	0.011669695874199694	0.013034568518261382	0.010757090135466782	0.012758159431334331	0.011931315814404365	0.01162623431180686	0.011981323232498866	0.012256211594028203	0.012438837344624839	0.014526402179187294	0.0	0.013768384578734423	0.012398741242920968	0.012065546343204723	0.01289407434015867	0.012353374016076621	0.012838641133304305	0.012028204673646466	0.012357219967331343	0.012345365763715659	0.01234550687560075	0.012567002856493871
vulture	0.014179540218513238	0.014320249893038048	0.013084148815851859	0.011925548755823254	0.01313294137358492	0.013096044854192095	0.013376979434656011	0.012826992747229158	0.012267300242284184	0.013094183326589787	0.014647786951870865	0.013012475919478851	0.013636586997654949	0.013179856388284434	0.013536747947953922	0.013761140432881095	0.012206809711562239	0.01236449590396836	0.013035914380119569	0.012285264840026717	0.013111766185507981	0.013023088923367888	0.013913132204564537	0.014440634615253509	0.013747687462285567	0.013031082503637043	0.014513635236590647	0.013042045287856898	0.01463946588339142	0.010566747065571827	0.012826502102559258	0.013942593590972807	0.011648601859609371	0.013859893019802859	0.013455708431648434	0.0141962753348107	0.01318456842151642	0.013793409971407006	0.013175090228398807	0.013219963348570188	0.012656289596881547	0.01095208742677257	0.013324721843908283	0.013028040703607191	0.013753972228415356	0.01337373151393142	0.013614864481650092	0.01360439073208295	0.013819612932494743	0.011154601856476855	0.01204352357098214	0.014176333562133176	0.013817943255007861	0.014116089039355361	0.013335280463108647	0.013254132268148982	0.01387390870522639	0.013168943640374096	0.013552274908737677	0.013761431385134738	0.013064131154867056	0.012492210424675647	0.013868070578548036	0.013914505311400404	0.013580002973052247	0.012867060663921492	0.014094389403061647	0.01341521393279565	0.013319209357483743	0.013514249510381701	0.01373886081644208	0.013201689802853262	0.013092047200613783	0.013375547832880008	0.012902167992766354	0.013217546642594606	0.013155833716183205	0.012561253141722939	0.013349859282951832	0.013557192480092238	0.013537181983476214	0.01321801524846676	0.011489707808431993	0.01321140410834741	0.014324958245903588	0.014021016801416488	0.013581080161481584	0.013747299522190424	0.01362064704468992	0.01384291639905555	0.013486111549630107	0.014480103827186896	0.010900284754688041	0.0142084802685383	0.013179217342977563	0.012979957338678823	0.012584504226344223	0.01364427599437023	0.013640132660356862	0.012181392105170188	0.013450462036245598	0.01248023327837073	0.014241101297152472	0.013478757890520691	0.012897940031988941	0.013792090699520058	0.014840723162460519	0.01431272279615522	0.01397127510845114	0.014068888644892695	0.013526239761630783	0.01428368826706021	0.013175110064484536	0.013169153305964807	0.013643554697124116	0.011933668213816903	0.013133672137128747	0.013281972257715659	0.013724199781255511	0.012380706013742299	0.011816429456985316	0.013750023848356835	0.010640986959362959	0.013992135810630791	0.013789419273708064	0.013170849962251758	0.013677315871771097	0.013949891252221742	0.013295893295199803	0.012949192165768106	0.013156462902231887	0.014318485005095478	0.013377361976399915	0.013708255816165306	0.013357580634523572	0.011870148391697652	0.01292407324442915	0.013871237439189159	0.013719511432570828	0.013360270101023268	0.013385889519825198	0.013466245389181343	0.013544748444050314	0.013960011492849034	0.01444117003644983	0.013974769017646322	0.014210032064536509	0.012885787195058817	0.013184595307379794	0.013058463437506128	0.011502663335432279	0.013559779609242957	0.013790325466771804	0.011683095577497164	0.013581403814060422	0.013086277604703545	0.014499066374898464	0.013045148717396366	0.013502229727195905	0.014128041501027588	0.0133099276530555	0.013581413488659842	0.012498200486903997	0.013937143590486154	0.013408670779821275	0.013229456027505828	0.013432224883851682	0.014485908151712221	0.014641292170989955	0.012636681402796066	0.0130504535641769	0.013641333007614382	0.01335407810241811	0.011120507223180275	0.01288325791492016	0.01278538413286539	0.013249976961451354	0.015027059689371973	0.013198882085652406	0.01242286521907049	0.013955531288685392	0.01279284703803216	0.014558624356878457	0.013122883122058483	0.0128011290040083	0.013567674199489939	0.013537106951105424	0.012533951183716974	0.01381734634713712	0.01389662372527646	0.013745184563910894	0.012980258010309567	0.014052959809725856	0.01287380835525658	0.014174768331512337	0.014527728307495222	0.012287040694882019	0.013744021292027675	0.01339403388075465	0.013413719576384247	0.010212460670074152	0.013070092907549149	0.014293383305276613	0.014187049291394985	0.01422060747791118	0.0127486510239904	0.012843758900531554	0.013845061189435575	0.012995558987305469	0.013660901622641249	0.012827953450661874	0.013221930380670288	0.013946483005586928	0.013669094041314453	0.014859212159513666	0.012923369754833752	0.013301671252230324	0.014347110347512291	0.01319701841035076	0.010894907187300695	0.013521600775379932	0.013682545515994862	0.013456130088973832	0.013387525191586909	0.012718565449519556	0.013180136227684576	0.013183932174187845	0.013494396678998098	0.013768384578734423	5.960464477539063e-10	0.014078502892774063	0.012958063338474948	0.011649060431389397	0.013995670618437778	0.012470315070455198	0.012653313903564523	0.013784199001173898	0.012600756320032975	0.013492569759560596	0.013817437268602035
walrus	0.010703265030582982	0.0127407073804539	0.012343380467907648	0.013491741858690884	0.012499322545945504	0.012202331118626937	0.011870566662605088	0.01261253241402642	0.012896852050135299	0.012531647172812988	0.012700328457553978	0.013309760249019349	0.013620635308684266	0.012560373020531337	0.011816650740415291	0.012052927683842007	0.012886556186507993	0.013565354224812367	0.011683204996248689	0.012896645170617414	0.012579592942177807	0.013906409827220148	0.012472639990687602	0.012574185655201419	0.01163533828706034	0.01273566985440686	0.012303953010493586	0.012867989448277346	0.01213594492408473	0.013373776878412104	0.012658415588268593	0.0125116774511005	0.013102894891641237	0.012707645529821563	0.012777783533915853	0.012094371671149478	0.013051112838039553	0.012381199621924738	0.013401421247110029	0.012266914847852216	0.012872117625962512	0.013017521736129387	0.012999548188900496	0.012726910191935125	0.012258395596087941	0.012734179062157963	0.013836607464320352	0.012158884049320995	0.012425223386142246	0.011896563001443363	0.013144707995527718	0.012316492447739675	0.011685951270047488	0.011757178693018726	0.012006526391737028	0.01322990511253499	0.011714761763194305	0.01272664590889382	0.012005187108282729	0.012762900426529116	0.013138443555354082	0.011884096387874844	0.012860047546087845	0.012113367184495925	0.012247496666196485	0.012671338747142182	0.013612592437776239	0.012183304740706304	0.012551584008153722	0.012676273518840368	0.013500914592480233	0.012837427973295672	0.013507591024374519	0.012371046506002605	0.012576353351217498	0.012961896407089207	0.01269927323643015	0.013125438429746417	0.012090877230525076	0.012353588954474732	0.014114705656752014	0.011838255389488912	0.013089210631051238	0.012831201262166464	0.013992289439056806	0.011431249999716791	0.011596677260736567	0.012233309786765446	0.013588397030524906	0.012423842724916432	0.012200932210449615	0.012751779433394825	0.013300116265465733	0.012118306345533892	0.012494970417467688	0.012353804255778051	0.011949356419074733	0.01280148127520555	0.012553804263539508	0.012445168467524737	0.012131256891289443	0.01302399943705057	0.012016527434412814	0.012978212457822236	0.01237662190776203	0.012265208586749283	0.013686272635049351	0.013333685552959197	0.012234266918621452	0.01180096506294359	0.011949263122232	0.010792921675527051	0.012625723941609346	0.012198181440522236	0.01176782869679086	0.013252497037559992	0.01163469367778252	0.01338530893047671	0.011761277105457251	0.013003818679149319	0.012806959851115523	0.012233040901952628	0.013012351160821087	0.013793848834328657	0.012019769796848259	0.012626012123821428	0.012356761368923217	0.01325707175359256	0.011854625697245748	0.01319126620764967	0.01303703066095268	0.012217684389248966	0.012815663363797872	0.011773523168805897	0.013036150125490496	0.012369420913576634	0.01288807086752404	0.012334527208500605	0.01173154228915228	0.013267097054363472	0.011974933058549459	0.011511778700473955	0.012665301368626926	0.011453672079032782	0.012259855658357556	0.012860024124365585	0.012175438575272838	0.012765803055124147	0.013411198685883995	0.013790068303693552	0.013009102874357206	0.011385539317764754	0.012907697871640087	0.012749423506751621	0.012094143474318914	0.012360706879487815	0.011758881704746111	0.011316990086848276	0.012818044547679546	0.013250999492419811	0.013024598664640176	0.01267582665448047	0.01265435256647788	0.012615633680771789	0.012026660309862354	0.013077691412706977	0.012959353221139216	0.013509694967294166	0.012336686593299596	0.0135013423036281	0.011159080412687823	0.013240359872584182	0.013443238045505602	0.013433334801045369	0.012317258787197794	0.012442452410781442	0.011244574527240411	0.013214083040043418	0.01197716516773283	0.011679705931432947	0.012423029408805636	0.012032050645194161	0.01383431451308072	0.013046542188105652	0.013770679383709452	0.012661593012006568	0.013216397357098557	0.012984154171251056	0.012363701552411429	0.012013102468055082	0.01204906239550992	0.011801947085008728	0.013318991335579728	0.01312022539770486	0.013499817160352137	0.01273933417494902	0.012787644537820166	0.011251725952487624	0.013516670773474643	0.012426654966971025	0.013099989610734442	0.012624864705106969	0.012963147672558155	0.011919597087576284	0.013059507904766732	0.01250817698045266	0.012662378177203407	0.013443518331120192	0.012595184224127191	0.011873621430463367	0.011940191214001382	0.011994957500872294	0.013022316790346529	0.01152168575655812	0.014009497853860188	0.012540916563282488	0.013410785667403016	0.013530291415550837	0.013149839740577929	0.013408796369881525	0.012214499415184137	0.013005876392879397	0.01256211180576506	0.01286943952983109	0.013139642910627459	0.012819362974090073	0.012115823293999546	0.013881488880494768	0.012398741242920968	0.014078502892774063	0.0	0.012405875746401156	0.013252362315252881	0.011904552600752499	0.013507735010467186	0.012795932259856837	0.013352691520312297	0.013316645146887305	0.013575385464136164	0.011496365421866155
wasp	0.012706849754269873	0.013323167367353707	0.012178271650645056	0.013098454901535803	0.012219048783938025	0.012355076120898924	0.011859509059140166	0.012334372143692178	0.01186164554676832	0.01245321059186709	0.013325882217284145	0.012801359954767303	0.013049310754827535	0.012891335827664708	0.012462550130171602	0.012724325181932672	0.012132151410895886	0.012397278063119911	0.013273149351874767	0.013629507529003371	0.010860444453462348	0.013415706398357936	0.012192174268939935	0.013669387263354598	0.0133342582993505	0.013191194614560964	0.012529366159710903	0.012782863254764838	0.013499449804223613	0.012447340782341394	0.012596004901917568	0.013772486718597154	0.012312012381475246	0.013660461145249903	0.012997975072434515	0.013051908665919138	0.012491713139514344	0.01284564126758468	0.013291475674683292	0.01120911983876368	0.012439850378405386	0.013050362825662116	0.013641781698791062	0.013143874127344397	0.013216866106427633	0.013585052874796572	0.01293512867179971	0.011029597645745204	0.013102087158349644	0.01149227840087311	0.012835453213708863	0.013746312927053344	0.011399578327554585	0.012360930740243258	0.012541461901418915	0.013261880481857473	0.01294134120190804	0.012639225467904837	0.013574156109301612	0.013553342067132488	0.01329654713235972	0.012217473663609752	0.012927963973423212	0.012737735705945002	0.012438600435915229	0.011648746750989003	0.012864223279561778	0.012826968138776297	0.01196967597278508	0.01308551739939643	0.014627634227239556	0.013772628750381717	0.013418330614982503	0.012279343510673496	0.013200193597348727	0.013147475046105313	0.013201494987085742	0.013233128429559432	0.01321292336637492	0.012332438125341566	0.013106949799951629	0.012641983122359722	0.01314228496886311	0.013395520565491544	0.013866843485411838	0.012973579450423534	0.01208252813047512	0.01177617312779235	0.013925513716306643	0.013100766124297347	0.012766867718808517	0.013055118141604743	0.012505382874842175	0.013674621358769257	0.011539892861084955	0.011988497524346753	0.011639306793893212	0.013718545341479841	0.013379256090664928	0.012318135985760658	0.012485040405785892	0.012766119448321669	0.01250690332807321	0.012988645665627246	0.012478501914944918	0.013087732720477023	0.014634278260484428	0.01377795247749681	0.012242191315129618	0.012078297856953251	0.011406440300077526	0.013215809530933507	0.011987308978926798	0.012352490202517372	0.01259595770001529	0.013488662198963403	0.012615064833429222	0.013927216625339795	0.011918610696910279	0.012178973131044797	0.012693429968089899	0.013344243406674052	0.01156031112727921	0.014142493097729913	0.012831984351527133	0.012480037608993444	0.013400603655961574	0.013107926536788802	0.013055585692216945	0.013905271363658975	0.013310256739304659	0.013361603918147336	0.011769943373878171	0.012557791986023947	0.012868911773866842	0.012810935998976314	0.012652986453413126	0.013043935637288194	0.013230425514790988	0.014087245032575146	0.011611270368223882	0.012910562906235682	0.012894909194418722	0.01279641373386089	0.01383439050397385	0.012869845189286164	0.014037121583598407	0.012688374754568535	0.01253315896375527	0.013293690020499254	0.012211226977285067	0.012699063302201467	0.013464180253835336	0.01349937783152376	0.012608456316265037	0.012549264726916243	0.013335737788911872	0.01302076540355733	0.012869432498418251	0.013370820511710528	0.012506681452555339	0.0132676323208596	0.01190420343679156	0.01370063846831053	0.012760265023209599	0.01317929545893378	0.013572183114201134	0.012778239685361579	0.013225166007235424	0.013287604744246909	0.011647248699321261	0.0138783032160701	0.01373065479528687	0.013289014123604425	0.012889252508872968	0.012350165220416319	0.012707129627543057	0.01339297468113512	0.012391654230425	0.012285198771059864	0.012173112419550682	0.011427010987241255	0.013595905290045208	0.012838333017425199	0.012989091905455831	0.012191594696882085	0.013698819054266495	0.013030765143389583	0.01295130154174615	0.012295457587833432	0.012320921832303745	0.012667048236576033	0.013245174374382704	0.013333430287147703	0.014253235744236236	0.012711729606653545	0.01236026987297398	0.012037047172773463	0.01279670838760969	0.013235409864786066	0.012504407121136889	0.01161541467456871	0.012279570958762248	0.013260292596112652	0.011747926375196503	0.011915049342452156	0.012732456635537763	0.013696353986713294	0.013024923687419287	0.012459939200563555	0.012130557609322386	0.012475815761900173	0.01265082530108113	0.011946437893335094	0.013883522449571726	0.013249584097938465	0.012839625008042366	0.013939225166509235	0.013387785085846144	0.012338519121692308	0.012484567673341213	0.013312986346553583	0.012692583780829637	0.013307104505373585	0.013499156962828295	0.011906515846428456	0.0132761112123644	0.014275809403016789	0.012065546343204723	0.012958063338474948	0.012405875746401156	0.0	0.012574357352979657	0.01309221860864618	0.013102535480973343	0.011707896570116566	0.013262619680958725	0.012449317149792418	0.013539399030953051	0.012548625443580033
weasel	0.012828044693723666	0.013366664661026475	0.012444488232777431	0.011558478275911437	0.011825209352368278	0.012438582079273421	0.012795852046564233	0.012543480432744232	0.012399595091703006	0.011466559343294817	0.014090903116002907	0.012685757295003501	0.012269411274850938	0.013654311667118717	0.012349704890742835	0.012642267568272199	0.012836379358395711	0.012549169508179367	0.012626921599238143	0.010887414197991094	0.01300903007570101	0.012104796525843542	0.013250967624727526	0.013097914183730653	0.013496462934071198	0.01199530520004919	0.013995822493187697	0.011889563003763053	0.014042568360766951	0.008195177547707648	0.011561147109081016	0.013519153344202285	0.011834786915982389	0.013119341550004038	0.013172266676712854	0.01289645059969683	0.01304534194635578	0.01205650370046511	0.012064092267994535	0.012950718089989956	0.01248279315707218	0.011393717034672856	0.012729311818512359	0.012968202154144211	0.0131922775593871	0.01295622399026627	0.012535678686016604	0.012911380294180512	0.013208419241309888	0.010687153422262619	0.012707433648706364	0.013834501612830372	0.012576516458751892	0.013883294386727127	0.012450003490139232	0.013178578265423164	0.012606907042947195	0.01186168752540733	0.012711711977326902	0.01368245031165428	0.010753351433349673	0.012139226294797766	0.013298567105855183	0.013188816217990578	0.011437492617990088	0.012853398066643271	0.013506460448334274	0.011915127816945648	0.012577044563116929	0.012072364731388998	0.013383282795923783	0.012865329615759915	0.011228311079923399	0.01210773845945558	0.012814585704326031	0.012530337561235519	0.011223667318859548	0.010763603573326114	0.013195699600714435	0.012479883413330112	0.013354992123160951	0.013387977910650422	0.01187314863360276	0.013003462443454216	0.0133764364799265	0.012372701939516926	0.012544604902977652	0.012317989890676045	0.01215755512842754	0.012530628702486453	0.011815401791222223	0.013298139815848174	0.01119884722991662	0.013636286312630435	0.012388271368526271	0.012888442388216062	0.010746905157296743	0.013526115700971859	0.013427787585628972	0.011853104763339187	0.011049792258639923	0.011599520212955274	0.013533547745109158	0.011729515055194494	0.012002296331014657	0.013344971444690974	0.014236327682500325	0.013345987275547522	0.013190993229520515	0.0127419194361638	0.01299534210633505	0.013338963775816857	0.011607014232898186	0.011998737668747015	0.012079015978363012	0.012206572814333894	0.01105109433535917	0.013170857817478747	0.012740074405363865	0.012112332137276006	0.011492341322430644	0.013148602840568293	0.010894457674527352	0.014029368505593299	0.012970030296195326	0.012798598407515842	0.012216916214891427	0.01401349481720586	0.012849178312160835	0.012204182877464893	0.012846382178689584	0.013774358945700178	0.012991632905793573	0.012831280589648561	0.012644342071085809	0.01179198628903961	0.011991555768433288	0.013126375053556913	0.012018933511498147	0.01367752812699311	0.013647055076868832	0.01365837480256294	0.01343501278657904	0.013316858877812738	0.013702898611317326	0.013062662855009925	0.01341182547749982	0.011497785276398846	0.01157839154445076	0.012043936333645961	0.012560821661845053	0.012776466538789949	0.012253930148117535	0.011943442647172786	0.012148173846076587	0.011801668570786765	0.013510886850285654	0.013123334883102513	0.012984561334080064	0.013419775181222775	0.01222785060097725	0.0125700574742744	0.011519137110199012	0.013694170782434838	0.012531048612931951	0.012232448597607144	0.012233602991848986	0.013600365205759817	0.013390138040201251	0.013082290844118018	0.0118837499443569	0.012878903338759282	0.012827739914354382	0.012242278770810364	0.013204939106390281	0.010673550199980595	0.012115811257262982	0.014003095249296953	0.012216019787703005	0.011499600566123182	0.013343714561914528	0.012945094097173426	0.014102231485914201	0.011669653207781067	0.012380496335199604	0.013279686073213958	0.012796447583218913	0.0111677879502783	0.01185245544435484	0.012940056432871747	0.01283859556567736	0.012973135686843494	0.013717465378189709	0.011512097931881507	0.013414301152607918	0.0137041497361596	0.011494250629123778	0.012018585940567286	0.01151263314574733	0.01120678465899065	0.011476567536373338	0.012878173406497993	0.013478259786382863	0.013117912530696748	0.013442825017219764	0.012696751085875438	0.011993617722761293	0.013412798985009562	0.013549653887666076	0.011813136945727287	0.012224087853575866	0.011863134351212185	0.013717429819416333	0.012411001551644154	0.013927601228629237	0.013170683148942921	0.010164888886771407	0.013792629812278483	0.010697755562366811	0.012637065869105388	0.011189193458492716	0.012082061149718446	0.012833213604839197	0.012867859211092837	0.012607101982872926	0.013536659890047575	0.011507032752656745	0.013522832254512299	0.01289407434015867	0.011649060431389397	0.013252362315252881	0.012574357352979657	5.960464477539063e-10	0.013321197856564349	0.012961642217556963	0.012846856245619345	0.013711718567411664	0.013068841413027676	0.013588188866717966	0.013122643191457659
whale	0.012122765993565416	0.01191956932868265	0.01172264764674952	0.012918639234483855	0.011833388640307071	0.012610510373014907	0.012540108539399433	0.012247430335542701	0.012648439164466037	0.013010872227066034	0.012402834738930895	0.01356199332948038	0.012971087497107521	0.012577153011982565	0.012057226857468475	0.012892309956100648	0.012323470652289933	0.013242002738292949	0.012276232036432546	0.013044984020320314	0.012397201090066088	0.013227661076898285	0.012998440994368012	0.013889741461777079	0.009306592131791533	0.012109122789429263	0.013005726516954317	0.013509933192183163	0.012018415152069282	0.01272812451707593	0.012860186351839864	0.013428152345784969	0.01229655460449903	0.012129497763897294	0.011019006695904611	0.010917499310053362	0.012321803148225457	0.012408081786155798	0.013664322482821392	0.013256317265509554	0.01197664853702862	0.01165017302570536	0.012120352876192519	0.013168830831771734	0.011985756764743867	0.012035382305861032	0.013121637524942362	0.011616748357871264	0.013121795088856358	0.012777959351483015	0.012959392542537217	0.011641838297680224	0.012127702629030073	0.012892164514593588	0.01144359999361487	0.013230270732870284	0.012463822781458904	0.01217723631647638	0.011677775146376324	0.01242444993345978	0.013352041275499492	0.012649935850258138	0.012314108586370588	0.0105966247510541	0.012450540528375449	0.013189838851125972	0.013115568086759254	0.01243416015362756	0.011565912815896558	0.012524715082857702	0.013277963412646997	0.013326063452597552	0.013856813180466833	0.012410768852765073	0.012667955287816562	0.012967920086188156	0.013327411234402693	0.013701768754145738	0.012333356930783095	0.012117161772559965	0.013636616191568592	0.01203673621098087	0.01396205498847898	0.012963620838681808	0.013247087180981333	0.012292898886831004	0.010895513645522582	0.012588274435611961	0.013226064162988986	0.011844959862987121	0.010405898924901466	0.011688511960577064	0.013522263394117913	0.010546944390638	0.012371819024006341	0.013029362297688649	0.011503486542897014	0.01221254238515857	0.011396587294018408	0.013311455577328903	0.012733842452744438	0.012105985178245104	0.011621458013899695	0.012813665166889587	0.012575076328581567	0.012257341775805739	0.013388672788581137	0.01273476466684187	0.010868095106315277	0.012282858693392119	0.011556201783265418	0.012121330196144663	0.012897848669612317	0.012887926705682735	0.01186399568962676	0.012832355817883698	0.01258311972698849	0.014001721548619662	0.011326472085837015	0.013248323354880503	0.012610385011223168	0.012765592318036211	0.012917033057774809	0.012551993675446354	0.01014390807741853	0.01317647516440297	0.013150812996570158	0.013144725171110655	0.0118783840334439	0.013426391419292208	0.013054665111776711	0.011828699496630329	0.012969363641432485	0.012687103531354365	0.012635965935026411	0.012912075370846219	0.013180415142322124	0.012508159820612836	0.012887051061217401	0.013274769449737527	0.012559274626817676	0.012036971501065126	0.012844204290285204	0.011733650191847916	0.011048911802776123	0.012929585666604832	0.01260888553503273	0.013247164716233795	0.012988132833122173	0.013371743213553394	0.012700958457909983	0.012449964148847373	0.013537163874422603	0.01305603940273773	0.012671308669197533	0.01242692233097089	0.013304743709012572	0.012081855496630566	0.01188897836322093	0.012396399060565727	0.013648482061470265	0.01238648866562201	0.01290428166243607	0.01242242794042135	0.011845805130889162	0.013266853822678752	0.01283176180884	0.013476093817998325	0.012428561611454107	0.013439992302947686	0.01233649307177716	0.013536833539265967	0.01318119664520679	0.012761527188293731	0.012550202504352346	0.013062477864063709	0.01247616931009912	0.012564321660215429	0.011746001039002151	0.011230087120324665	0.01258947960719658	0.012155499495365787	0.01347269608511533	0.013365696040400016	0.01385113543786081	0.012423898284341628	0.012249028683070826	0.013720376407563533	0.012610809023156365	0.012647006490154416	0.012406690726259101	0.011815364086549216	0.013292624073556454	0.012852472913432294	0.01348476631524006	0.011855153891931884	0.013711694118666146	0.012745855576847107	0.012939753901979855	0.012928628016116241	0.012170455256065426	0.013256570094273471	0.012234212716725056	0.012189599646729181	0.01302976591972383	0.012251616355759559	0.012802467015664388	0.013832860360436667	0.013898493746455118	0.013080995122754015	0.0113075000675675	0.012858463169314318	0.012838239736535828	0.012924631584000321	0.013516760787355525	0.012235693246931065	0.012869880590476496	0.01251831380680519	0.013453801252355931	0.01334484378082814	0.013057782142881627	0.013479230111876914	0.012924141422314375	0.01188703301760488	0.013710876405610856	0.01337782717485382	0.012162386378304255	0.013951035107762497	0.012353374016076621	0.013995670618437778	0.011904552600752499	0.01309221860864618	0.013321197856564349	0.0	0.013469461246222315	0.013152910205179	0.013471807045388789	0.013026604721104593	0.013012464691354041	0.010973924255983843
wolf	0.012527708529635417	0.014123358793711082	0.012359852616302758	0.013261318590589535	0.011584001234494263	0.012175343307686411	0.012432675905985338	0.01224744977852165	0.012944367309618484	0.012534254655606224	0.014180234039883053	0.012988570543732257	0.013496909681105698	0.013092372831113207	0.012222256472828675	0.012987236261521864	0.01293567134948088	0.012814017733206791	0.013708418459032319	0.013063432284553644	0.012397240867558234	0.012969051921230119	0.013478037955680717	0.013873750802725121	0.013113376338151173	0.012894345635661695	0.013791501479575639	0.013323643964608072	0.014282434260304488	0.012621819908602337	0.012915380197370598	0.013478759306233651	0.013015851936819861	0.013898413801395462	0.012926889115596765	0.012534491695624806	0.012791677081623695	0.013102783227219639	0.012522634844983293	0.012334392076328962	0.013393044613389818	0.012071733158700864	0.01383635752536611	0.013191387593152012	0.013320078460102566	0.013245817011803858	0.013112542101750979	0.012527154058136395	0.013287460800391348	0.012225718775761478	0.012640342548147089	0.011836925731230746	0.012639155060735716	0.012783999289906098	0.012610084723564285	0.013292644180691553	0.013491062261603973	0.01321179501287433	0.012879861071695422	0.014282417719255503	0.01257626301481374	0.012636352293852302	0.013071156518084423	0.01268933030236271	0.01246059784673213	0.012465296807715654	0.014115407144580688	0.01189646946874133	0.012937635879418255	0.013011081907975763	0.014149587662446788	0.012858984803438665	0.013195115953175211	0.012670634377898435	0.012803051852245582	0.013283114075289275	0.013132987933753481	0.012492400488049607	0.012525973393592465	0.01293493475173221	0.012344170470694811	0.012638628721736943	0.01264305080495308	0.013508364715325977	0.013741667900847337	0.01306735731759917	0.012994022540077827	0.012871922771521636	0.013267349708848623	0.01287655438160174	0.012479269305244393	0.012458980110151069	0.012960036581068802	0.013649604140502354	0.012755461954916076	0.012813612012546029	0.01304583087424014	0.013216369467720535	0.013910147440085195	0.011796808338993181	0.012917133179575992	0.013635979246890726	0.012298728928331157	0.013248480725495464	0.012324279415067958	0.012940138995195347	0.01389167605545056	0.013353962455683582	0.01325397401682962	0.013435842671964664	0.012269730819336142	0.012908053264500395	0.013146379562779672	0.012811911624378225	0.011790458625218513	0.012091367357568382	0.013224446874733382	0.013403622396457275	0.012486469912673754	0.013089650330372847	0.012861871954573391	0.012775095400143566	0.011767996456842676	0.013981406228796922	0.012653194699407323	0.013212813336627277	0.01295005228500386	0.01296800516269302	0.012395636977288873	0.013396226845265235	0.013529006277520692	0.01283066342685424	0.01145515510415576	0.013811320152548585	0.013086537497088522	0.012219113207094467	0.013106788957817674	0.013942534369298643	0.01316388886743812	0.013148111851653772	0.013416334198951774	0.012273068205969033	0.012624153975840952	0.013060985033297143	0.013919562306113145	0.013537978773130087	0.013053976367578594	0.012893115720811222	0.01273549678030055	0.013350056600852048	0.012216619197671485	0.01345147529182127	0.013033694787884336	0.01206252589273317	0.013045554107420492	0.012698353482912315	0.013448240471987198	0.012765347542262061	0.013533305177102984	0.013930482204331138	0.01285037158176805	0.013420724681653857	0.012297395592096281	0.012728414439835372	0.012872552483417446	0.01335101660851624	0.013154712403728792	0.013515956454087754	0.012430116734619587	0.013636142984481221	0.012787891987176083	0.013456830485305691	0.013340481795943384	0.012212773929771404	0.013233581712743893	0.012698812695677861	0.012867160176341798	0.015076199553556584	0.012851642092024258	0.011538118132489594	0.01312791362464743	0.012382554448988852	0.014456489941391117	0.012818908220313658	0.01401627259740504	0.013293355647581846	0.013548218300697077	0.01268455413034252	0.013467229374461272	0.013633033362357301	0.01332981292854018	0.012326330978364976	0.012335940122378009	0.012112306614625952	0.0137096445530723	0.013433358200549835	0.012368285714941871	0.01187441071175456	0.01299721259746534	0.013427459004167894	0.0122851613147492	0.013240570904096834	0.013092254366759808	0.01390259696942731	0.012943683767270233	0.01342576357445605	0.012808622169626352	0.01401601482369641	0.013419528858861506	0.013240815962325389	0.01246333472016465	0.011789561057592848	0.012820420200307684	0.012400057470578287	0.014670155920313939	0.012255217958381715	0.012487997808581865	0.013583983374548674	0.01304630132597836	0.012707677780256332	0.01305327851518845	0.013256850221123804	0.013385726088314462	0.012611960175120073	0.012354192021644032	0.012502155371561442	0.013100512818321763	0.014231664384957632	0.012838641133304305	0.012470315070455198	0.013507735010467186	0.013102535480973343	0.012961642217556963	0.013469461246222315	0.0	0.013045020328239863	0.013499941337184112	0.013431246869760514	0.013660656752472227	0.012654034445356123
wombat	0.011936522584916016	0.01289440520190971	0.012016403407051058	0.011503284430748923	0.01145000318520082	0.012886080959276087	0.01153793917193524	0.012400621894709786	0.011573380401218268	0.01138303745331691	0.014269727137533147	0.01329272143418879	0.012205441057319324	0.0133531779833775	0.011771519514804561	0.012576123939040307	0.012095702776009932	0.012572138638018855	0.012389154477166587	0.013055297846727399	0.010253730768501876	0.013511221352266001	0.011591810024408383	0.013086221230229062	0.013498829507366483	0.013180653812503376	0.011692860202705631	0.01114751012505301	0.013162106545562127	0.011469936926221795	0.010709779261977373	0.013294627359587606	0.01198614173671196	0.013429436763629708	0.012031860860330004	0.01258421911256223	0.010749515507718915	0.012981358719719907	0.012790034129569115	0.010523641835818977	0.012008862293471947	0.012794972361947578	0.013054740257789344	0.01329721088706488	0.013309894961276375	0.013451943074812732	0.01141966173851973	0.010498636453925984	0.012374335370288106	0.010249313693308153	0.013510237603713166	0.013824293529398672	0.010103143753515413	0.010728820727947862	0.012260504863842612	0.012070657807315739	0.012424077420345316	0.010605666764440797	0.012986860376769983	0.012674843124508848	0.012698075930698832	0.011558035227448003	0.012255366309464229	0.011800434557317819	0.011908392511353972	0.011746561038400412	0.0129844640277638	0.011297555094793155	0.011382721756457014	0.013168641278956417	0.012911013387149815	0.01311139124623405	0.012233433249714881	0.01146932585963391	0.012213201356336148	0.012558928993932968	0.013147877948969867	0.012883345397863693	0.01276504700103326	0.011311996608495148	0.013090058151916972	0.01220705873292292	0.012772691334552312	0.013496658847498613	0.013593709514539157	0.012492787626109442	0.012222289757995625	0.012075297121745224	0.012969453859857386	0.012898433255419587	0.012223650067672578	0.012167274028041495	0.012352822483823142	0.012675836114563748	0.010128629782017855	0.010049709766414457	0.012204987224397645	0.013187699045247813	0.013007962339991266	0.012417927913075335	0.010995546428315432	0.012451855650983931	0.011934325145024682	0.012244796045919921	0.010862448376337113	0.01321997542683644	0.013960581487067823	0.014035121758144871	0.013654471447312612	0.011087187307355938	0.010390417176273637	0.013121103809661567	0.01290898369424559	0.011655229897090858	0.011621777977336078	0.013400870487245245	0.012072680999976628	0.013650383273257191	0.012076836611219267	0.012617148065367494	0.011485793304508407	0.012105836831996479	0.011783534297394524	0.014789096675648004	0.012941697356735796	0.012148915223908974	0.01237921590476012	0.012786789294267124	0.013032297199907148	0.012840743354700907	0.013415298678199501	0.013143658045192175	0.010901374772455145	0.011410912712250287	0.012021264905153093	0.01210749067955808	0.012538990785700178	0.012675168980462172	0.012611144457146126	0.012668422589748665	0.011330566462775719	0.01192595548749875	0.012012827598635376	0.011325872321555923	0.012970095742076549	0.0117483376973304	0.013123440751486939	0.0124438075535222	0.010902541924844881	0.01305891787705931	0.012351534473945604	0.01183813166720044	0.01324732767828805	0.013275299655789505	0.011846186092734596	0.011498041310196183	0.012837712361077318	0.012251738938169547	0.012573856912561458	0.014358833526827057	0.011397805564745908	0.011501053920790033	0.011850874784942525	0.012931135131571398	0.012479726127292584	0.011588344756690764	0.012333073827641377	0.010739235788585147	0.013068973390678099	0.013110292328667957	0.012121679693780574	0.012867848587001985	0.012110408994768878	0.01341793088807831	0.012167409685131348	0.01140772297521276	0.012090214986907644	0.01418495807061587	0.013085309856344596	0.01260900034152996	0.010570546568533597	0.010248732177947141	0.01349525659456088	0.01186139249325803	0.013258596466819277	0.011930584095502184	0.013611406992194928	0.012117802331330106	0.012563554815025241	0.011129471761107767	0.011839284924472592	0.012304050595217098	0.013241899704264249	0.01198242274591224	0.013729541958677694	0.012892507832803936	0.012127347063732802	0.011512328697260996	0.012276839173946928	0.011574242841490851	0.011712036868738887	0.009504732767496993	0.012053885884039144	0.01367513186693535	0.011065372493668502	0.011736977764747115	0.01171591556573541	0.014291542510263062	0.013457469110892793	0.012428264094938276	0.010593240898983827	0.011350230006664382	0.012323272641782236	0.011551626645157725	0.013855857506612444	0.012161839066330499	0.012286406283531184	0.01402997134697163	0.013271299367895405	0.01207062413183904	0.01193978407339096	0.0120304072570085	0.01253303657508047	0.01185699698692532	0.013449128121574838	0.011755979156036158	0.013229004558589242	0.014135111528855993	0.012028204673646466	0.012653313903564523	0.012795932259856837	0.011707896570116566	0.012846856245619345	0.013152910205179	0.013045020328239863	4.214684851089403e-10	0.013028429309222678	0.011852748897346341	0.013225800812412043	0.013158930946093616
woodpecker	0.012701707889625956	0.013968362076121267	0.012672887172295755	0.013486199985497571	0.013568938760868086	0.014218449603191097	0.013692450767914867	0.013804353395908731	0.01361613872951139	0.013583785311267929	0.014744609599564926	0.01147580928127833	0.012640122604840445	0.0136427856861676	0.012626543651359245	0.011982022739737358	0.013832892252240747	0.012999706709947807	0.013592455208091138	0.013568325327720558	0.012330842495230542	0.014043684762750428	0.013303503590170627	0.014645773440853797	0.013904359195823484	0.013049706143119207	0.01369908499098407	0.013096541132617235	0.014149721191598595	0.013629426678635767	0.012908420297474313	0.01351617052617455	0.014027385893132094	0.012488123681348487	0.011924694190856289	0.013351700848104884	0.013262984957644625	0.012833086920070185	0.012892027019255223	0.012420251813445433	0.012738245322705222	0.013393433252533274	0.013970737090453527	0.012913481025689845	0.013655770512116186	0.01407007658499398	0.013094757039262099	0.012288265815643152	0.01360735032341715	0.013027929301306451	0.012968252903945971	0.013837741660367464	0.013390118669491843	0.012881070844768316	0.013076993851201866	0.01296869345185985	0.012673761929006131	0.013413702621667125	0.013812244797148002	0.013471404552613283	0.01289076138879831	0.013252296293309852	0.012114933075375684	0.013466096950625984	0.013730489763264514	0.01337958499670213	0.013954671642580003	0.013257955338396599	0.01221649284235814	0.01311972175071481	0.014576879635922439	0.014152539243419408	0.01236340518431347	0.013708037872589389	0.013936537844935606	0.014039010532281036	0.012365374654546537	0.01252792702947857	0.013291637831705217	0.013240434563059997	0.01328462148593999	0.013316910324185685	0.01299806601656289	0.012434507028536195	0.013093951782155269	0.013277478371102264	0.013063012338308245	0.012094488305643147	0.013581127295575804	0.012638615622428016	0.013626156898313549	0.01314990681218338	0.01413490228272714	0.013355516542608727	0.012976470692651136	0.01299304368344003	0.01356460250964408	0.013499792218336795	0.013769657287454197	0.013506105937744069	0.012215311669025009	0.013362896685703916	0.013353245544356143	0.013715684383557556	0.012632320156389812	0.013202053588318512	0.013237798051833479	0.013312368048379328	0.013565802988058458	0.01366878154503989	0.012587546104842355	0.013460502215098414	0.012925605528466593	0.012475257809125694	0.013425122408198984	0.013808205554552658	0.013817338156288307	0.013711205034137149	0.012932670555205717	0.012345781822565688	0.01297680908095999	0.013240596850631073	0.012886106685172937	0.013764055704648398	0.013102322478086226	0.012000118685961625	0.012766178776820679	0.012712938426439875	0.012455058137703518	0.014042649236309443	0.011245308826599102	0.013492083400538323	0.013204596903532494	0.013461346640497225	0.014029312262475568	0.01358537866169511	0.01345943669709784	0.013094720486335632	0.013232575785067811	0.013411753774669249	0.013025695780254299	0.013298299512744345	0.013920776827891898	0.012818415450418414	0.01334321678352498	0.012553159099436235	0.01251181431470823	0.013186194288550428	0.01349435923028653	0.01398741079307426	0.014153185488965407	0.013140916437623218	0.01363912620598287	0.01323455473956699	0.012295893683768804	0.012538216944428868	0.013174861794682248	0.01317757865589908	0.013258855873275384	0.012247228306478918	0.012932298485325353	0.013539889470986752	0.012549375078295281	0.012381089710983284	0.013060732994193542	0.013863154699152011	0.013161001266680537	0.013728429517767397	0.012980593029241394	0.013152892183564763	0.013227644151241266	0.013134938146327406	0.012555039644110436	0.013980136725219208	0.012932283652172326	0.013366409917373121	0.01374758926808123	0.013535540404071707	0.013483036966290097	0.013472414262296326	0.012498966115996563	0.012614273910455545	0.01304898949314226	0.01232329910247416	0.013704513053668514	0.013507233965827536	0.013079252120968611	0.012834104077846858	0.01385924214402286	0.013304036415774339	0.012394833587749378	0.013981503940867595	0.01313875892313933	0.013658961305463653	0.014320219033535668	0.012952168389213519	0.012986530850499476	0.013014009019820007	0.013986818770318482	0.013814722550887996	0.01328340843412973	0.012263912817015403	0.013788325634992389	0.013318528813917794	0.013373614755792167	0.013469057037636017	0.013786762172584224	0.012623982781488558	0.013285358419686423	0.013938915355148452	0.01291685421293556	0.013455005090100733	0.01337889822027075	0.013235028614291745	0.012403762316425126	0.013412659959455097	0.013141256638598981	0.01281149355154014	0.013168468939283808	0.01392743646534824	0.01292867332970984	0.014063156900565229	0.01297152348525507	0.013770668157412371	0.012549693487514177	0.013240034582476015	0.01350982419839753	0.01458463407289786	0.012357219967331343	0.013784199001173898	0.013352691520312297	0.013262619680958725	0.013711718567411664	0.013471807045388789	0.013499941337184112	0.013028429309222678	0.0	0.01351773957482866	0.01384012493809637	0.013553372171293054
wren	0.013318657224525417	0.01358349230205922	0.012380511597356593	0.012949050968943025	0.012187805102817353	0.013762633257735347	0.011970949751335723	0.01298603960046258	0.013081339784244292	0.011908095354840817	0.013581138111206028	0.012995180499107894	0.01328162006548714	0.01359789923230481	0.011944252122736376	0.01192426735753662	0.013151729075579347	0.012675552911798003	0.012182269026661778	0.013263539311429562	0.009859754136996185	0.01384065471513441	0.011195802147504432	0.01418507692605002	0.013381215194299165	0.013594104172044139	0.012114156046315177	0.01238734788486769	0.01378627950149776	0.012895256446930231	0.012720783211615882	0.012918723159540013	0.012456837683317748	0.013359833490063127	0.012414878929520576	0.013144520293290027	0.01301086210005703	0.013876454902353324	0.013352623480600985	0.012251779476130945	0.013277774967237194	0.013591309937771894	0.011195299694896544	0.011936239558715186	0.012826417099645467	0.01176804204573927	0.01290090646794955	0.01078539781295667	0.013031168774054141	0.01266302963440215	0.012406394089374112	0.013079650782116047	0.012515701283523153	0.012177828201432726	0.012582747689275739	0.0099275595809084	0.013947577587974287	0.012799576841437899	0.01352672591905656	0.01282606226211411	0.013317237792311563	0.010983770900353676	0.012745858467697555	0.013481373633325749	0.012371173868917474	0.013455380340069947	0.011716085213883653	0.01248020209763564	0.012001628501318728	0.012763434395506468	0.013040279923262852	0.012972849098185966	0.012467437434548945	0.013656787641622113	0.010601462850498136	0.011284810699267128	0.012630381737993494	0.01289749291683711	0.013347000405446318	0.012164257942191725	0.013700342960074854	0.012334123200746673	0.013406259948972859	0.011607083692306681	0.013645887430875194	0.013277449161706312	0.012313678700001109	0.012227071045490302	0.013025994297719579	0.012476922965634261	0.013170922425446381	0.012574395724679057	0.013284457594958459	0.013479667966234463	0.012245920276981443	0.012799632538687995	0.012663349424462208	0.013511830197638311	0.014082210216478772	0.013014421558503197	0.012337693236349043	0.011757403176602782	0.01237735435497129	0.013424932788736039	0.01252014966311336	0.012693978222958612	0.014448879805058568	0.013764359059456199	0.012827109871370986	0.012760599781572967	0.01165329545291288	0.013178711386274388	0.01282652483236444	0.013347793327365055	0.012978726695211504	0.013521771431284146	0.013311681981558457	0.014072836324928575	0.012433161497562501	0.011936234516114592	0.011388343566735182	0.012527742323882277	0.011512496155872121	0.014054150451272198	0.013263254323617696	0.012468778340937887	0.01286139687388946	0.013362066812820029	0.012906774877997112	0.013205685429799855	0.012364365796848615	0.012744176241298994	0.008845812709140768	0.012631017291843384	0.013292539963532477	0.013289093015169083	0.013824156975813436	0.012725518507409763	0.012481356845674885	0.013332126352832678	0.01124180000684375	0.011967956321456924	0.012721495257379818	0.011928619004974262	0.013442624685912381	0.012126237136783138	0.01295048475075024	0.012781172419746904	0.013539215607052816	0.013488972666300374	0.012654092184558931	0.01220500591826828	0.01306180687190555	0.013398200225091946	0.01290561732965255	0.011599498866135462	0.013903852432720923	0.01267170204397494	0.013155780498973172	0.013619258666135878	0.012659532303074462	0.011590462619079582	0.012539800937874258	0.01318802676100302	0.012091350214814129	0.013376238059163336	0.012148554208428815	0.011923129535901508	0.01334124985798264	0.013103068663129021	0.012883085499950613	0.014081708653963658	0.013977580810595424	0.013294449354867866	0.013018004322228887	0.013252802896483498	0.012922277230168144	0.014732589979943112	0.012319619029339875	0.013561384491865754	0.012018105800184085	0.011012405346755372	0.014818741153147958	0.013048745176528537	0.013124013574834573	0.011225390230553722	0.013970486331203957	0.01306933777723741	0.012530785197547167	0.013269441223623194	0.012360990813650068	0.013146485742346094	0.013522809543995562	0.01346753424160801	0.01331562474690959	0.013526074610533257	0.013355792445338457	0.012036082555694282	0.013035154104021434	0.012103031169286838	0.012314034381805825	0.011618961288293421	0.012683142792876433	0.014417786784848284	0.011488154555696559	0.012982423625797164	0.011550180794798812	0.013116869921540132	0.012768605764765028	0.01334566907981225	0.012300209711204246	0.0127430743955061	0.010863314794178538	0.011733568555161323	0.01325820490256697	0.011392575460255515	0.013508045935459597	0.01435049942955968	0.012945924599500381	0.011806356060472251	0.012946122638094025	0.013510009674449805	0.011454661656578205	0.012433335357543318	0.013195071241157534	0.00947111177415379	0.012808022735793527	0.013251172354442464	0.012345365763715659	0.012600756320032975	0.013316645146887305	0.012449317149792418	0.013068841413027676	0.013026604721104593	0.013431246869760514	0.011852748897346341	0.01351773957482866	0.0	0.012545060358800266	0.01379040592267904
yak	0.013720283283369853	0.012970552302077588	0.012884269162606501	0.013408698240769106	0.013369254915632173	0.014158906234431683	0.013102263569980151	0.013328403125690154	0.013631421865857196	0.013300671711680445	0.01382820106892402	0.013764349129555374	0.013833262575819356	0.012928664421843213	0.01357263428746619	0.013313032156168341	0.013498289898391184	0.01341639021041402	0.012939256942672879	0.014062713369183868	0.012582542288558825	0.013660271132700548	0.012411837665328693	0.013752238937357253	0.013120889428490887	0.014340807178496446	0.013553506470309604	0.01388142982535123	0.01264122699020958	0.013715199610985893	0.013017182490218038	0.014305434293033145	0.013315250944868929	0.014240702002166592	0.01335584728069349	0.013542077686435039	0.013243270584297756	0.01330575138688979	0.013535653593522132	0.013671607081545507	0.01349152616908109	0.013170439189840096	0.012911041497275866	0.013555699514341183	0.013618319968903858	0.013715096397387647	0.014053030451361461	0.012784109312675318	0.013535095835337987	0.013513510953185752	0.013715832548686626	0.01361921715154882	0.013029431309500905	0.013046926911418576	0.013299444360295103	0.012566730239253476	0.01345094482057297	0.013401702742906729	0.013339252306743505	0.013794445358361551	0.014502132384184518	0.012630043729278647	0.013340095638315523	0.012772652079586715	0.013562571539475671	0.013457168155471478	0.012947867398841247	0.013418996452454444	0.011636599453377174	0.013890898483576967	0.01344529464813305	0.01451751528656012	0.01288207653285433	0.013680520445044402	0.012931938302600268	0.013204710058032348	0.013236450291262324	0.013991467388925247	0.013469573634406517	0.012891773563497959	0.013282455339102961	0.013513416890075269	0.014179169972291858	0.013622848264299154	0.014410371454822667	0.013414937890095378	0.013159261916286434	0.01371967593143965	0.013670456618855973	0.012735514544053665	0.012658811048901444	0.013610108008944456	0.014673125661859479	0.01355397978587606	0.013287190181694917	0.013403864186184368	0.01372702088990714	0.013266670804090053	0.012851423882835803	0.013840358195897096	0.013513984335330824	0.013903100668141918	0.013498854823973982	0.01380198882073474	0.013716344179526052	0.012797259098431655	0.01472035916485669	0.014461242141488563	0.013734450567919207	0.013499401952696215	0.012974261674542718	0.013469723543311942	0.01333079058669321	0.01361706316783777	0.013802779632522974	0.01392607737038978	0.013443204302024258	0.014357772784797867	0.013095383330332317	0.012937090455612286	0.012634195963878738	0.012462120463507594	0.013445882196212355	0.014496019889738955	0.01394099117680399	0.013524414754724599	0.012934115601774845	0.014729447044332348	0.012457761856251333	0.013898077646253535	0.012954949702252343	0.01404369104973719	0.012482548084637226	0.013538361942793137	0.013447794291937265	0.014099404026059364	0.013534738107626752	0.013041435273673263	0.01369477270831427	0.013545238945488132	0.012921977294069393	0.012783726223945984	0.01320387466123416	0.012531792186344455	0.013338711023142848	0.0139049574345022	0.013501274387832522	0.01375736411197372	0.01434686846950972	0.013956229395547273	0.013541405276046092	0.013352153314290526	0.013264850317844672	0.014223983117174023	0.01330520088978098	0.012744154455821293	0.014587161011035991	0.012748919674698527	0.01253559196588101	0.01428921646259336	0.01342460294039412	0.013363057533375699	0.013636319239437826	0.013102928633182602	0.013240367246248788	0.013521584394721368	0.013631857107910783	0.013300275133287427	0.013527387302486657	0.013410258406298897	0.013010987490069703	0.013466583757121217	0.014682305289359272	0.012942099720405892	0.014105966149212017	0.013529306796796856	0.01371425351864498	0.014381829048275833	0.013479489678742322	0.012428841931978917	0.012929462988947926	0.01309541637288046	0.014499962904738387	0.013115102075413197	0.014448564433766657	0.012421730547032413	0.014370981060428565	0.014084089346484672	0.013353843977987454	0.01298198569437345	0.013012098344579894	0.013338958933317057	0.013942120668793604	0.013436269757189598	0.013995064764147826	0.013854613975897092	0.014082531743517151	0.012626209132614877	0.013750752013165937	0.012598221840394871	0.012728190190777653	0.01303685658756701	0.013690539605709443	0.01357907654941205	0.01314825071728803	0.012932519649080727	0.012674190625012183	0.013254294042146033	0.0145540710583527	0.013283701122375986	0.013245774789254778	0.013514874684851783	0.01308320314159273	0.012633163311890233	0.014574284404133619	0.013345982006535551	0.013370133583634557	0.014236897447241164	0.013455000712997427	0.012499994004789277	0.013324541715557742	0.013730332596736332	0.0136143363266778	0.01235467679768304	0.01442536648256833	0.012813820727925949	0.013516769765462879	0.013663344273407376	0.01234550687560075	0.013492569759560596	0.013575385464136164	0.013539399030953051	0.013588188866717966	0.013012464691354041	0.013660656752472227	0.013225800812412043	0.01384012493809637	0.012545060358800266	5.960464477539063e-10	0.013244290575954564
zebra	0.012591093937340274	0.013106713660796245	0.011508400419761452	0.013614865987830451	0.012303666206064243	0.01179572748938851	0.01288499163953679	0.012326220077679542	0.013229418466377572	0.013329797860624326	0.013355075285749555	0.0137436717503508	0.01343336060223563	0.012732249289542467	0.012155044449580155	0.013002216619811801	0.012243387349988694	0.012939132585601419	0.01324491404312024	0.013354975940303238	0.012942099790887958	0.01351788628679134	0.013003250937439613	0.013353093488037765	0.01207977187859103	0.012436788372715541	0.013601305110819369	0.013377726921525866	0.013514820129363567	0.013122306855668883	0.013578707876247532	0.013042803453297272	0.013000402267111329	0.011867848070188975	0.011913161347730416	0.011421428378638587	0.0132098627027765	0.0126275747604653	0.013691106537351087	0.013080502256281554	0.01231568993955657	0.012268350724855851	0.01361139885492792	0.013133246614478096	0.012573858745767347	0.013092604838766389	0.013395404239523486	0.012439671185531935	0.013766581966524303	0.012440675488428839	0.013126807767241781	0.011517783673530551	0.012291956001769754	0.012997217110909691	0.01154024416983989	0.01365734115987572	0.013186730030385554	0.012313699926683973	0.01147326182534273	0.013315747844899384	0.01320009378590052	0.012806572792269018	0.01334604068141137	0.01263199657044527	0.012348216940259019	0.012815329396714299	0.0129916196294895	0.013268799763786088	0.012432121764387159	0.012753601174618642	0.01326124567050301	0.012793266891765133	0.014034723647421376	0.012192345921933882	0.012980559611513369	0.01352840570240923	0.013370173004731678	0.013861081571126763	0.011503543490885998	0.012154295826133638	0.012672889621504058	0.011807860606359213	0.01376118482564902	0.013819645147701412	0.013574750843088597	0.012590451292697806	0.011795908240872266	0.013288013796374483	0.014088602230217963	0.012942524019256387	0.012522307190017465	0.012149230124071235	0.013521169023612117	0.012815528971236364	0.01268029775728771	0.013087470023058838	0.012223593241616555	0.013058932260139015	0.012291808507187297	0.012955523298973712	0.012918891520750668	0.012815041353936973	0.012857677639841407	0.012777347496445187	0.012452734516010084	0.012095052785152478	0.013360886131524616	0.011874972775321221	0.011467307613526425	0.013172770640847214	0.012431029756424142	0.011879556680981965	0.013438446965302308	0.01287514353540548	0.01248934117740585	0.012976724257620451	0.012155503570383237	0.014368217439989374	0.01171748951157526	0.013988160635888607	0.012324300778951103	0.013427256691924364	0.013035812393048813	0.01328536047596383	0.01072144346612408	0.013655393393119124	0.01355362195817341	0.012556582078718825	0.011831810907824657	0.012704476746279635	0.014127541867378284	0.01221698081815879	0.01323975273666508	0.013273667647711006	0.013012428968829981	0.013506055664437655	0.013548913325667775	0.013582914950784303	0.013693205935898692	0.013035863561504123	0.012998549975149744	0.0119467395210191	0.013338125604934305	0.012262512221024226	0.012081095632901074	0.013407710205105023	0.012146744985630016	0.013048297458964561	0.013120754232511404	0.013563020656754042	0.013266591068122462	0.013167431607921505	0.013983275056891582	0.012785428573288344	0.013232563010104496	0.012853245909865975	0.012691374367575756	0.01259490912206365	0.012346052811672172	0.012627235492537098	0.013795203474570372	0.013356109663129492	0.012904299620966578	0.013587808327952438	0.013067046199483377	0.012806602429788861	0.01309308489417216	0.014008705200027352	0.011764232502990859	0.013779564649173346	0.012521012165349309	0.013777183347001697	0.013981426498075804	0.012828903842661379	0.012327208782381173	0.012752905289223706	0.012704914638984646	0.013068342595341866	0.012621796096809626	0.010663018824489329	0.013266829800410673	0.012455418614014467	0.013079289046351816	0.013536383856382441	0.013594107104354167	0.01342515149800268	0.012709381642702937	0.013669780898514075	0.013354277823809298	0.013368588037531423	0.013489503995237637	0.011014164308391708	0.012165779837011635	0.01318386227748065	0.013685898011425503	0.012442350269427796	0.013362645564582769	0.01305480724714507	0.013962877021100242	0.013565118278596395	0.012632640281018116	0.013543317377973018	0.012528072971912054	0.012985746286303905	0.013292786347367289	0.012553305294581159	0.013600554627672458	0.014280489765044303	0.013789689184813754	0.012694807402776051	0.012036867690751168	0.01255973314165246	0.013876320833219847	0.013201984003051259	0.013608729066996948	0.012324675172662398	0.013469073037435364	0.01329171217002615	0.014043241140047426	0.012958110931481148	0.013373648547451655	0.013148174910681954	0.013236067815778898	0.013470134957790057	0.014302598477217921	0.013254445969973933	0.013279760524858067	0.014486216791149793	0.012567002856493871	0.013817437268602035	0.011496365421866155	0.012548625443580033	0.013122643191457659	0.010973924255983843	0.012654034445356123	0.013158930946093616	0.013553372171293054	0.01379040592267904	0.013244290575954564	9.424321830774486e-10
