	0	1	2	3	4	5	6	7	8	9	10	11	12	13	14	15	16	17	18	19	20	21	22	23	24	25	26	27	28	29	30	31	32	33	34	35	36	37	38	39	40	41	42	43	44	45	46	47	48	49	50	51	52	53	54	55	56	57	58	59	60	61	62	63	64	65	66	67	68	69	70	71	72	73	74	75	76	77	78	79	80	81	82	83	84	85	86	87	88	89	90	91	92	93	94	95	96	97	98	99	100	101	102	103	104	105	106	107	108	109	110	111	112	113	114	115	116	117	118	119	120	121	122	123	124	125	126	127	128	129	130	131	132	133	134	135	136	137	138	139	140	141	142	143	144	145	146	147	148	149	150	151	152	153	154	155	156	157	158	159	160	161	162	163	164	165	166	167	168	169	170	171	172	173	174	175	176	177	178	179	180	181	182	183	184	185	186	187	188	189	190	191	192	193	194	195	196	197	198	199	200	201	202	203	204	205	206	207	208	209	210	211	212	213	214	215	216	217	218	219	220	221	222	223	224	225	226	227	228	229	230	231	232	233	234	235	236	237	238	239	240	241	242	243	244	245	246	247	248	249	250	251	252	253	254	255	256	257	258	259	260	261	262	263	264	265	266	267	268	269	270	271	272	273	274	275	276	277	278	279	280	281	282	283	284	285	286	287	288	289	290	291	292	293	294	295	296	297	298	299	300	301	302	303	304	305	306	307	308	309	310	311	312	313	314	315	316	317	318	319	320	321	322	323	324	325	326	327	328	329	330	331	332	333	334	335	336	337	338	339	340	341	342	343	344	345	346	347	348	349	350	351	352	353	354	355	356	357	358	359	360	361	362	363	364	365	366	367	368	369	370	371	372	373	374	375	376	377	378	379	380	381	382	383	384	385	386	387	388	389	390	391	392	393	394	395	396	397	398	399
albatross	0.28772826900917203	0.41197742426803396	0.5172231340466311	0.5063286641641273	0.4416926367111191	0.26711564389146286	0.2130220454099382	0.5215056841415068	0.7543389574176866	0.5618011577386186	0.4275641868114715	0.7795252397213113	0.6038555380094619	0.47838364872349204	0.34197023063052623	0.6701427446982826	0.6248139127286956	0.7433794429371047	0.3801451195973309	0.5036671741903845	0.5553794717804453	0.3555000729372596	0.6497271659848576	0.592128827550068	0.5110207563816224	0.5987381374968705	0.38529813002544266	0.7786670315903668	0.580599935870986	0.5226123200022821	0.2760021894808079	0.25827133961009374	0.2695082867154085	0.716116902541756	0.5440897459821683	0.8933357579991144	0.4014720583186547	0.6680719472932777	0.689767727129298	0.5314085167442275	0.673855318432372	0.27723461243318	0.2244756137452169	0.6670409883213348	0.7860761465817083	0.7939191998445327	0.5383971097010692	0.7604128307909103	0.47838228282956835	0.5781098249471122	0.18519672972670925	0.17515739073169856	0.24394736476296813	0.948578509850342	0.600191987457934	0.45930641946254847	0.28362195292618536	0.46488109696561164	0.04048195199551535	0.5268196604424964	0.4472973156648346	0.3766797616122724	0.6312052998372477	0.2262322513022565	0.25690916864597296	0.61954280762684	0.18672408329816564	0.5033369563464987	0.3672950663300889	0.762717538189913	0.8911260461687005	0.2670388809470555	0.5127074153473198	0.41581644872620493	0.317536691900256	0.710044502348002	0.6512475075118151	0.7169281886503485	0.19574313192105902	0.9301547862762649	0.4995168989271846	0.5115294696175161	0.4102081746500028	0.9467661545921945	0.5925067670030519	0.44028583059049287	0.4174004736089779	0.5568645581516714	0.7343905539413744	0.602695329304157	0.505548222082081	0.517956654074369	0.5326998437301182	0.8342202376447942	0.19088654367681857	0.7220179288759192	0.19417754266411635	0.17405542147739345	0.43834376884643067	0.9272933382353868	0.21656784578019017	0.3694969590767697	0.09300226412040963	0.5800137155525893	0.49245906438909126	0.590513351715845	0.5488183008693185	0.39384506788013085	0.8401513810291747	0.7937463474302349	0.2214539008425475	0.5495473421909447	0.2515652255243091	0.4151233197160954	0.33317378475340487	0.4447402049594535	0.6121204145300618	0.5662442026913383	0.36673421991025046	0.4564653987631608	0.49646778571489836	0.35645302113545463	0.4834012802693041	0.12582435550843785	0.2874539655423314	0.3703924360169812	0.41355689373596594	0.7909097174847625	0.6777766469273088	0.34948893901773537	0.35206401875648397	0.4885281987060108	0.4557351727729445	0.6693909088484614	0.7827594863576065	0.42220292398136355	0.8805934580239685	0.4941227928363706	0.7275320466837503	0.7123966619862547	0.42808207505741136	0.5726550285073497	0.5069812683075834	0.57754021910641	0.5020854907155172	0.65011085982096	0.5473213714569507	0.4150841323376252	0.52232430865294	0.21922514389221331	0.19651486392204676	0.6676910421748471	0.3521293796423921	0.425719970725317	0.16478403004066822	0.13244080668331665	0.5491524157082401	0.5515616853010348	0.5089480634386948	0.5926512159997399	0.21995969446643393	0.5892049282982386	0.02372094068035613	0.5634439512917164	0.6563408171227396	0.6781410819845098	0.864778532043857	0.5639851486615007	0.781876520804972	0.36950651561853926	0.44401522095801027	0.4659768407269231	0.35158579607864304	0.4525006209057271	0.6724321133237474	0.44227569829439534	0.34904618184044417	0.5973280143203914	0.6647087379672718	0.2718718186998694	0.19345388907702288	0.47486702235226463	0.2596950504863268	0.501728483032526	0.8223166228909942	0.12166442918776188	0.40038438752898814	0.17465252852083862	0.11546078645784247	0.3650454167200664	0.4857770825140698	0.2803811048828298	0.367532765573044	0.3667049748003498	0.6708258230373062	0.7026461571943898	0.6897142828603086	0.6237041678016756	0.6422283959425739	0.5046138429065322	0.30880873845801643	0.6471220971484806	0.5598411220488279	0.6734774546418827	0.5313391472486751	0.5911734223531854	0.5402818779286706	0.2416694152707333	0.666936388802398	0.5556391378903076	0.33341290470415125	0.4417551806261112	0.7009922596793798	0.525201501912018	0.40284516566786627	0.3260524769666712	0.5605701096052236	0.5585053242200168	0.5103391267650292	0.28809326474471475	0.612234081613716	0.3431613409772667	0.4268514760615907	0.6889508383761938	0.34119236501953165	0.36018834749949413	0.654569191523228	0.1480760020923519	0.23927933419146802	0.42877128727122976	0.5244659068859847	0.43211650096989873	0.4186389181328746	0.2943541817601709	0.4311276952228313	0.3421732123891311	0.6783303417187359	0.49434199980589205	0.980285611898164	0.2326166880342657	0.23411983229786038	0.33081726410938184	0.6100578301362143	0.31444949491886953	0.5666353949708322	0.532737337822885	0.49200143297607285	0.24963681332973325	0.22846275715475156	0.6891054606944851	0.2796303171473536	0.3880673260848373	0.5694637961857765	0.8438251766763998	0.33128471455248537	0.4022051717013056	0.5713518844159114	0.5255381430012742	0.11812708938690814	0.5554233067517135	0.7363842754551837	0.5920198136537342	0.5390969808802775	1.0	0.4505213094331336	0.9733686450440382	0.5422768410627102	0.42181901117777226	0.8225285420595299	0.5185479787410967	0.3896635118878647	0.6218982045772501	0.38409385888727476	0.5239227238158568	0.18342386135051839	0.9999999999999999	0.6098799553986932	0.5650615193615675	0.6712674020415228	0.30869874662132735	0.29126762839084624	0.5448474191439381	0.9259250200807984	0.3864555933301233	0.38431794832329536	0.7911329931390119	0.5299862937092763	0.29930530987344506	0.5177618120610589	0.5229113159155594	0.5949425696150832	0.46570372909394697	0.7923716778813344	0.8048115416466577	0.4324434771555385	0.21563206266168006	0.4241212792874276	1.0	0.35744398551509404	0.27383247894927	0.8344536055402614	0.6897223788854505	0.421557114992153	0.5427928916918383	0.6561932135714486	0.30792306979669304	0.7199139968992677	0.2723953879290199	0.11234392153035333	0.6381915508761665	0.3515014314519887	0.5737696095206065	0.31161062353124686	0.6454193168541179	0.4340920536092143	0.5394111642566597	0.5738547728546765	0.6485356176766628	1.0	0.3423553651232424	0.473781381862607	0.42693879545522384	0.5626728675527464	0.2726693764264371	0.7970642333724262	0.5697789436251766	0.5854148454857037	0.5347782993650025	0.5879317319648413	0.584064593239674	0.8056941802054538	0.5479133598560363	0.5064348643662039	0.6444338104299775	0.6470603284207547	0.5903743627740481	0.8492545597744154	0.3482824513345081	0.4575353373781556	0.34602801633806507	0.6030184207545689	0.34373628554389074	0.4812958319439486	0.5686650843381444	0.581000937593737	0.5212200666499591	0.2710252927530326	0.4533908620548902	0.2942672995245904	0.47696251823229757	0.8024602480097769	0.5344581187354894	0.5869891369373268	0.5470107119568901	0.6168950139918026	0.6560287939877691	0.41341317091293645	0.18518378607606006	0.7256643623726957	0.44412649976483365	0.6791240062200838	0.1824569580739348	0.5275254236939091	0.3081052458931975	0.27609361344846794	0.24705958335542558	0.5872607527727219	0.3077263274627223	0.5383431090996514	0.45438607897962147	0.5631443445254272	0.42416319262318897	0.6839642719464453	0.450818714940493	0.924449563860577	0.30152142316472297	0.7594620482918535	0.22971419250298025	0.26184965496677326	0.6665319280115564	0.5275102348899423	0.5141192595943798	0.5184658909036595	0.6925649042025108	0.23552689583166603	0.5465367878019977	0.3976423025642071	0.10004020405083083	0.29979579479275803	0.3560087426637157	0.23126086580617855	0.4053857206257875	0.5643307389978087	0.5062872411349805	0.6431352610946441	0.5655738631743883	0.5411026736938336	0.33284845274616004	0.479514933242416	0.24872142305731204
alligator	0.37784037180997554	0.16439475700774708	0.382140775354777	0.3340877708684058	0.5987303599910608	1.0	0.8641316491919597	0.6677518686602756	0.3720356231446251	0.5032760142071113	0.4449631965247692	0.7699294816461766	0.9167916840910667	0.3138587664311642	0.5938700536670525	0.40656400899445844	0.41132876721539297	0.22299391242003908	0.4331586620371164	0.25657123476101795	0.5407633642482177	0.5443152579070683	0.5034502243733482	0.47634690102800903	0.12792539780318601	0.8907971221489756	0.3410336805276743	0.0	0.33666856720100014	0.35407746496499987	0.5024329929188756	0.47613999850758365	0.5490372243677729	0.666057743988314	0.6226807218829542	0.5945177423117718	0.4843424376588623	0.4950221113183415	0.4199399245537846	0.38286945392199057	0.8443671506810468	0.7333547752309768	0.4063003953792684	0.36652870126940734	0.4988801362792473	0.404380446049679	0.5238648399518762	0.5833145964950152	0.22964976170363205	0.5379813816719975	0.21525833355420532	0.26380074671279136	0.3474805206814452	0.2760724878169837	0.3583807903851324	0.4126736472403886	0.6044769712012177	0.41567628129934453	0.43287323917947007	0.5954055520410083	0.7229663154229706	0.5804593844515661	0.57898599761879	0.38965322343657394	0.5911314177825175	0.5410295956121041	0.563158437124601	0.4700444568615404	0.8091943659843386	0.6163717534678271	0.7341971379461587	0.6804631533706152	0.464182443790955	0.606107744276982	0.6833382141857853	0.44962302153591643	0.6284484456030639	0.9556394837597961	0.23562413307848706	0.4535500997593353	0.211405670327924	0.5968809950306077	0.5629447966078308	0.5679885780219934	0.32124830890229006	0.7059490857568079	0.4824908887195325	0.39350153441795943	0.5956600806428752	0.3816633249778101	0.48444941445621614	0.3016924617910106	0.5306579647817549	0.5546775006010886	0.2649588482978051	0.3226024729903771	0.3761979911519491	0.3526068058114251	0.5825648234109957	0.4748468824443418	0.6206887084566372	0.5626875231739235	0.6833518548195756	0.2672309256085496	0.5157253645271314	0.547350987889001	0.4592202502188092	0.6375651980265478	0.685162105525527	0.6194506863435811	0.6397800621290525	0.7876910842855411	0.895179460100586	0.2151927958192878	0.7403743585383546	0.3754818625105514	0.4337960145434173	0.3936380472508312	0.5823993903768014	0.6110032585132538	0.5042455920405868	0.44411954759766337	0.28171059312999663	0.7004428928442334	0.45672324531943137	0.7100244310005602	0.6279336807420061	0.11857910107238806	0.4793197127583769	0.7575932999752905	0.4287846039789506	0.6993606401366413	0.27109673856711286	0.4304323769535957	0.6118792254520684	0.14485111712988852	0.35290389682378054	0.500449785475931	0.7659954850259364	0.3618080310652029	0.6311953313372368	0.8010889539460468	0.6484031408242242	0.5021104097168327	0.5376823056350477	0.36894676711465146	0.16472262672279586	0.6162960780344053	0.5095127160574991	0.5165002284117687	0.5312090432149392	0.5125847898530774	0.5463477354053102	0.5791933799153802	0.37487608483614426	0.4200790268382846	0.538468556488946	0.3452854352994903	0.4559660549140473	0.38149906202044864	0.5170496224861999	0.6237492266619787	0.3977205825571526	0.4282710892973576	0.4541938592035477	0.3769908437771642	0.460099394673367	0.6156084756703573	0.48199115158985417	0.4777501966909641	0.534918167581901	0.6802689462916527	0.4944846782652836	0.9102529860963495	0.4818728616994162	0.24217572801556397	0.3097111073351943	0.49210725468356725	0.6386153421046441	0.3189953176071692	0.3627277487878269	0.19159830912785866	0.9334663322546848	0.5248018348517848	0.6294183779878709	0.4386784614491881	0.14175196757802078	0.7667436292998907	0.49357015629150003	0.5843183241305755	0.3173658099911815	0.28755255151508036	0.3544024999490119	0.3870021618085008	0.40879508677167575	0.5065930457887583	0.7763314249998136	1.0	0.3433654896486197	0.47706670406799984	0.25905050072218627	0.7492511008327802	0.6360323937292889	0.9906910291896533	0.5260821954401695	0.7104428154236699	0.6312462235292744	0.45364683697342334	0.748111610310609	0.33506078902595166	0.6742090475088015	0.3859504583158909	0.3754538595049718	0.3722170154950093	0.3500062223192907	0.28617309609781083	0.5030193509766876	0.7147758182608535	0.3644415748170456	0.4162424616662187	0.5104277063462553	0.3354854214559412	0.4412351184949197	0.6815542656097386	0.5552197407148639	0.7297431359621711	0.36720354394899635	0.2718792823759397	0.5521343515530321	0.5869187411532364	0.2723536043416288	0.3167479638732998	0.6012357957341199	0.7783320179789244	0.6332463337492424	0.6046463531108622	0.31513852213936777	0.5245194018211026	0.6191919406257986	0.7652100318774189	0.7570529374055289	0.3374714722639581	0.3742174565381787	0.5926467714197785	0.8005703959518435	0.4218892164473986	0.46433424950854324	0.23251415176082663	0.505997025442205	0.8010896894008046	0.34233678585446836	0.5819319879466948	0.6497090207522684	0.8715942318798908	0.8320022962986191	0.632205819533153	0.5934988794926831	0.3327792882122784	0.19110791522733728	0.3601172593799255	0.0	0.34423428540590184	0.549514564594734	0.45260634402268834	0.6249925626333898	0.24434761191388688	0.48963395752227723	0.6339307780148925	0.4776883283095365	0.5820957716272592	0.3379957065141254	0.5449973677484629	0.4759974801073889	0.4858745630450336	0.48002261920156203	0.4651183146018458	0.29254069565877666	0.7959326447792872	0.5447733938054743	0.7026670541570966	0.49309318358140086	0.404063245458109	0.5945781595886439	0.4820466078515171	0.7898680622180041	0.2741087632477833	0.363465913432652	0.5628929585466385	0.33744693009592835	0.3378701341415845	0.41816518076703263	0.46882721060239074	0.5365382884648573	0.5084850878051017	0.8033484068021992	0.3918051785187229	0.19876640540024568	0.5893712268705951	0.6863513503526808	0.4873371568982749	0.48914640622855493	0.6136281083130012	0.435484326656158	0.4095405825424221	0.38672059588041474	0.3937448406386504	0.5109003969930082	0.3001372494389645	0.11392102257253373	0.7387987782021347	0.2755322748685732	0.4405296274208554	0.7305557299802867	0.6683050821741903	0.7746008773232229	0.4095255167268578	0.4518876189895793	0.28280577739733365	0.6067851242161487	0.33642781899567514	0.6429067046658479	0.6371418531982096	0.22217577698577368	0.39072052514763356	0.3898816324231256	0.16326216835008328	0.6336207789120739	0.502169503744035	0.6653267034023578	0.6805679796820926	0.3224737188584829	0.7015758418338603	0.38483685271143386	0.25653403499501504	0.5029910240723479	0.7279141969780196	0.5742733710536444	0.25162792528458844	0.3674371149654383	0.3957193631453405	0.38129279771495156	0.40138338408775587	0.36700357970651065	0.4424123357870203	0.6205016857378969	0.4198722953883184	0.5698621262596104	0.5128896056115717	0.47141193434307876	0.6136401711211822	0.4804198743926562	0.37691267749062507	0.7708940477016399	0.5766633125402776	0.6252889544240418	0.5504184537108983	0.38420454714908525	0.6348032373569593	0.43170158098102995	0.7712490127799106	0.7678281473140615	0.4281670846032509	0.6618594966604295	0.5560430462335247	0.5192461489727935	0.41245595498757304	0.13607048092585922	0.5160914272676929	0.39336706754310546	0.6963252204464236	0.03897306380504928	0.3193227277639293	0.5151501074075793	0.5404544908196905	0.4547224907966727	0.36376749325267765	0.6730486494763883	0.4680890167875887	0.5937151828873427	0.48688158456640274	0.39159736604686224	0.2952000934370401	0.7816368607154561	0.38008211095987615	0.5069912116618693	0.7616314637869709	0.42623799493016834	0.5760760295185667	0.40493800579632433	0.4202747434787179	0.6114725281050664	0.2889678474398286	0.5573451959118487	0.4670593578400465	0.4936422230166979	0.6001322219850613	0.5926946357473288	0.3308247708961236	0.36076722010170464	0.3157929209273054
ant	0.47284461177453047	0.4434314570267922	0.5209638146228193	0.6372437711435948	0.4414334441379225	0.4178488024364717	0.0	0.2907192159766379	0.5769657851532609	0.4136766739531324	0.6245561783491336	0.6775846412164352	0.6790276588459254	0.20423012502959706	0.5908439537302672	0.6896319786843725	0.5054849130458055	0.6581746942175671	0.33775983943630516	0.2863563956431863	0.32284657562352936	0.5639532606489456	0.518347436497636	0.3640096947375532	0.6066473152430323	0.49319599512770135	0.5015440982713816	0.7667464805017117	0.34400077083963354	0.41406176785708204	0.3749401432514675	0.3320890256931721	0.400221135625459	0.24977429732253142	0.5095858368386064	0.6832313407074528	0.4818103816211821	0.6085291739828257	0.7471129228984781	0.42885380215677416	0.7332021836548649	0.6617959808099787	0.9523428962103108	0.4993310766417716	0.3991872342470746	0.3554621185633366	0.5936570631767273	0.2578034887825972	0.254317462725972	0.08793278737019827	0.29016543455781774	0.16387017127273182	0.2635893398371113	0.834327869372762	0.37730190653155904	0.3847316671057339	0.37079322109929724	0.41530953911656554	0.33884642363601236	0.5813316473861245	0.44267111952026783	0.6051328052099607	0.5718844791371582	0.5916499561433904	0.42305078411090447	0.4552140365670888	0.32355616755963534	0.3513970160746528	0.42530182215586254	0.34675852587680006	0.5751820929575845	0.5268114920108392	0.5290633168916842	0.5017540076709937	0.02086194868467245	0.1797801810365635	0.6946221975925845	0.493224126497044	0.25700391589808924	0.321216574402834	0.5522574333703175	0.6966410456338035	0.6771427410457939	1.0	0.305126182067972	0.24403477521849815	0.4202136519649723	0.4259639210069549	0.8920198864042626	0.6193462477042385	0.18632349191036823	0.5923019934645561	0.5079132271800756	0.6003124937176132	0.21229203470048175	0.6333403729923308	0.24700708620330322	0.1437927022620923	0.8097070168395807	0.6665883982235428	0.31167626349562194	0.4985546802922602	0.6686640400721157	0.461986591723907	0.2864843908346274	0.5223077167128428	0.500623667604158	0.5116381570909863	0.6950163155215625	0.30319164545039917	0.3885743779057459	0.3954198551464007	0.5234500933014337	0.3668052959775668	0.6501603333564656	0.6115974872750078	0.5466689584225629	0.22136160220750464	0.4754604528281455	0.5416743669276658	0.28294785380308524	0.5210724922165342	0.5911838370088845	0.5650805902210236	0.5005530455557031	0.4553684525348948	0.5750654169151117	0.523877670648301	0.7815837889331598	0.23835233619042834	0.6623740480514589	0.36172772075579435	0.4086084605745016	0.21367909202352275	0.29442038476832016	0.5419043162024259	0.691893817093339	0.7478203044019345	0.8698612007817924	0.4131973161967635	0.2225212157734302	0.623831579639865	0.7093577785932602	0.5140039475919428	0.515517031804273	0.5568553481355388	0.3792482950415988	0.4971816278664086	0.6434819163701855	0.55622080232189	0.07891237970529674	0.45420601280514733	0.4609558659410701	0.24595343501010952	0.1008781123020539	0.4988641591430065	0.39844312825331196	0.7401289378292193	0.4844575825332579	0.3182754552909257	0.3511226126915927	0.645992243705034	0.2970119342752033	0.8311818671391693	0.3311481880009789	0.6440938476268094	0.46445075394131763	0.5331012626775801	0.5240112937812814	0.3853004152481937	0.34411033881683323	0.6245363016923318	0.6233717252416328	0.5462119830790231	0.3239139663771962	0.2846905412770325	0.3986154733754449	0.38214634760962385	0.39888775159393686	0.37915507959482186	0.504440266854842	0.35928299105455586	0.9012121926569396	0.5586217812360943	1.0	0.17572625759343602	0.31003760396984503	0.2801806282196082	0.5085706316621309	0.5210773981310154	0.3979346948707828	0.4810267380882135	0.5085827730508207	0.4632768213368232	0.5037278824042211	0.45027933110775503	0.5569789128705209	0.5921876067575883	0.25294103546937907	0.7370845156439605	0.7873615582501992	0.3980339308450316	0.8949424162558421	0.7155367695222803	0.3511982128790583	0.46041541247814516	0.51360131986942	0.4006108924249952	0.6805968815958682	0.5496512387410175	0.5682932629059063	0.48795405019978955	0.6701382174439803	0.6393598352180638	0.33410243751293267	0.5286514938878087	0.35363782632197127	0.4127971710662017	0.44101575183232805	0.4860376623530495	0.481275827939039	0.6130999801612076	0.6874968346578542	0.7840907441891909	0.6865703728912127	0.3806991524829179	0.43759257031838655	0.09314163911563111	0.7037965887999369	0.5280341849559201	0.529025088549042	0.47990968491889097	0.5428160891172329	0.496268725595782	0.5173085885119817	0.22944304496378518	0.7061415748243518	0.7019384544942215	0.4175849673904125	0.6557563629147127	0.3858189909394971	0.6419693279538908	0.6697175477293706	0.5149918444310535	0.6035174137982541	0.7785493935310219	0.5476047120651883	0.24507639146013588	0.21563969424972823	0.5884558936533304	0.45878396526422216	0.5611884534668354	0.3371480876238807	0.48738254358030664	0.7189420499538697	0.37413948119699564	0.45699266706835645	0.4516141341615991	0.3293678945271568	0.70538279026279	0.5515971829301726	0.3204498833468399	0.6722735068939166	0.314375175418413	0.30924613658439526	0.8438448902980696	0.6193753545014529	0.9193095018644435	0.7314941848643669	0.7825982116907371	0.758729782658341	0.47787363277439665	0.6878705185152902	0.47265943115012354	0.3817600706258373	0.5513681062546824	0.5499607493810857	0.3139630169999832	0.713355391562484	0.5950089147518081	0.2952395933490671	0.5799718357911599	0.3351979291770151	0.5262180182327038	0.41673298125409347	0.5430835627979678	0.6244428069852188	0.37044593906122447	0.15267835533778357	0.4668572655767045	0.4438822977115609	0.5217357251246446	0.5136485279738641	0.5951448238404043	0.6550516938691756	0.5275083099186468	0.5129217082821644	0.5466741291615085	0.6643946476963253	0.24560259848810267	0.47548973982322135	0.7040762635738136	0.695926639567771	0.4554826277059797	0.49888221844758807	0.24524798379045898	0.216819455499964	0.6244753941901781	0.5487764367676541	0.40070952938424165	0.41216831984165725	0.6125544831918139	0.7954972609636709	0.8412627023363826	0.7446236919644545	0.24639045612511778	0.449615292163787	0.560777435846834	0.6020022808089929	0.42072855338634607	0.39015238969136135	0.5848327343920268	0.3510418403143846	0.35846241791947553	0.5375528024428323	0.5570018724083919	0.4005143463281096	0.3420998475409259	0.4358025023028496	0.6425658043783944	0.4746472260291703	0.5626339677793358	0.27503947321191324	0.5055472932983892	0.3286916831180581	0.8347518017622744	0.4894131108069385	0.9281267709294769	0.7001409370380611	0.4247812326998894	0.6547610762954181	0.8363257615750489	0.6156339706534636	0.3181488643754731	0.724502364212695	0.5676586040761696	0.49192999789409986	0.7117171383575046	0.5426982372112268	0.2266094314634371	0.3909887272008841	0.6588487281666288	0.3462425175026311	0.8223221954725798	0.5887411539860289	0.48511757897696256	0.5433874516298769	0.7490647551117173	0.7392858031936269	0.1704729493810372	0.5995717579008103	0.19420296149967986	0.5475277264005557	0.33659829765276716	0.4641008668463497	0.40612691552877134	0.5112175426681221	0.13972738591874945	0.6640443942256297	0.6221886587496106	0.5610434305860538	0.7335582305017889	0.6451079000002387	0.4967554319778019	0.8517299125105047	0.3866684878996962	0.6559056126263387	0.4047907093383871	0.6903590078081328	0.261404098174191	0.3131595197371559	0.6470830843724775	0.6749474998986528	0.25234531429817053	0.49956905567363824	0.4753692549270866	0.7597566996864947	0.4078786358173581	0.4808775699833596	0.5053390191362929	0.28308426299382305	0.4859165862219657	0.6582329013835094	0.46474615651711354	0.7986000979724622	0.46315677258169474	0.5010088113407504	0.4350267323730542	0.4788109577883847	0.2705974192056837
anteater	0.44956746529395597	0.4038435561891478	0.5667635668613151	0.6512892895094813	0.6426786324381466	0.5118938659586292	0.41885836059249737	0.48213480702033784	0.5893923635387727	0.5300017781793441	0.41760257602163153	0.6163475176283411	0.7416253564512902	0.5768428674997801	0.37614087801294965	1.0	0.36684821287571484	0.5071336524020993	0.4873604330933409	0.590988569007939	0.532752889917826	0.2957923186781342	0.6033045737847679	0.4331126122540471	0.8830008249835534	0.5296831377250455	0.5306983279257744	0.5439603242900481	0.4253555941597953	0.7174491015626152	0.8138730001845418	0.40666614045788363	0.7600906861454972	0.33904874091305676	0.45713184178772076	0.3534019299462568	0.780581044591364	0.4546488565115536	0.4000832190940824	0.6427037342507762	0.5066078123486693	0.6286210547529477	0.2350748912295914	0.5182079834816179	0.550940000146011	0.3541588234326925	0.042458108529660143	0.3605714594453364	0.6311194712850262	0.11134796399305946	0.16941089909726584	0.30705454388061026	0.6978853879650166	0.767872957817522	0.37753880655289385	0.4992848097632789	0.8443258535468705	0.6348216209337252	0.28056840183411996	0.6905345834960526	0.6633131149506901	0.6126943312352664	0.23336734956116897	0.43710011517381003	0.4147712003840174	0.46570732664836056	0.43221507304060774	0.26773109213535284	0.37163450164828077	0.5990076312113263	0.5794950563318442	0.47912004449434364	0.5634164087121099	0.5832105353162716	0.43370295685364724	0.5457319432759058	0.5855651360281473	0.41496172180578506	0.45958588725881133	0.3681456316580149	0.6661501321231884	0.7138165710436061	0.7085965274818808	0.4581119793568681	0.4134023391878513	0.661307444601054	0.4106683887730238	0.573783184415242	0.5686040865040357	0.001612662997861447	0.18351831389741974	0.6823429459068029	0.3200375459733081	0.715235110434836	0.30373608531856433	0.29862186892781084	0.3950421378730258	0.6980448252674897	0.6613826263377789	0.3765707877901363	0.8474249372679846	0.586897780178811	0.6671529648788179	0.7496617195634032	0.5207144016407582	0.4330423535596888	0.5621563005374024	0.5814969979223442	0.4615435365424309	0.7169431078990397	0.65128883308522	0.3585857500398128	0.4447291047388458	0.3051378637737796	0.7069645465750185	0.5960355302963549	0.356102401814353	0.5355284631669945	0.6983678366788746	0.7300593519391194	0.46180152835243754	0.5282990425866775	0.6267144148881583	0.602587561834859	0.7576316093923019	0.2234432641972972	0.7774958720825416	0.7552832096477631	0.399692258012041	0.532858232694081	0.49516277854147145	0.5314176126874782	0.5909786569745801	0.21928378851994573	0.21398864973032905	0.4407752300742254	0.671005335361347	0.28361989008617233	0.3826348391881581	0.5083513730956323	0.4738084933293504	0.5648271239941526	0.4077094294862987	0.40612863661358845	0.6306350130683787	0.5014805501678823	0.2489591196940197	0.3824973825774509	0.725552822027466	0.38955836093318397	0.5302121868178302	0.3503982677132888	0.26413237300912673	1.0	0.6784706797755906	0.8645604082886698	0.2741489078439263	0.24964535927364692	0.7100048452636516	0.3439191062270699	0.36050791903547535	0.4743795275548705	0.6427153293122604	0.471144477024021	0.4419755933730536	0.5746676607972542	0.35916434582365947	0.5200609504527987	0.25772729280022055	0.47569632306613757	0.30288717282855243	0.3936359483454431	0.1493055066613151	0.5417729756590962	0.4028766496170601	0.38420956054439453	0.4908911123074624	0.20354385357348875	0.4753825550448556	0.7704401438353514	0.7456562054371286	0.2852826945917157	0.09416794724083888	0.2544847960949502	0.48704275522364393	0.5547178926110284	0.7297571714790314	0.19375965109883983	0.5150824250837251	0.8100011012321253	0.531956772328323	0.40272392814718383	0.6408721394951797	0.6662714606935127	0.3697519285009224	0.5517323408254899	0.5716768682014254	0.4122018243106126	0.3035274627715008	0.17873265513136152	0.5075500121596088	0.557556251902644	0.49048966336490135	0.28099209419106913	0.4357927435479575	0.9505184647932488	0.4265297303643803	0.23306125824040838	0.4724208600651725	0.6225508057550766	0.7047929140564022	0.36053975294186535	0.566202170153745	0.6037371461642961	0.724152270394766	0.3368167898225073	0.37605051945012524	0.4652065529818077	0.4140842654829665	0.5570155200727479	0.6261181499741933	0.4274888250067788	0.5772183844386586	0.1996145289006455	0.5255476072723992	0.07888138172222553	0.6651728971882624	0.3960509420779056	0.5623864820106893	0.43231052645487233	0.3876474671203737	0.7692234021523303	0.4211546268546411	0.41961396153600383	0.0	0.8024115686771841	0.41445626438518146	0.4826240247447438	0.3588924071851499	0.43310789520671666	0.4157104032656286	0.3943146793686474	0.8100441825884207	0.5727830428384532	0.5542297373418095	0.3142713298542531	0.6905377460094276	0.4767322202491868	0.3863358371959555	0.7371711883191124	0.19206496479140156	0.6785313917348919	0.4222706428860571	0.5070020100950354	0.43260957061134536	0.4847143906779421	0.4850978475272531	0.8737441761748521	0.5936680844047993	0.801047025758034	0.6132446742605399	0.5195221351890371	0.5946042530224632	0.5192678981788709	0.23382808557869852	0.47664053145092145	0.3520507466864597	0.374849740186919	0.35369859653217955	0.49653918295645777	0.7378875332958006	0.6919437045977657	0.6295803087778287	0.8353261776163854	0.48388889531486545	0.4399458188220258	0.5397219991040382	0.46786659835173183	0.5812512523586528	0.5326986149954435	0.5003304977058315	0.4283296070441077	0.579314109293156	0.17183250138689898	0.590018270355238	0.7902671137489261	0.88285995194527	0.32997878878162673	0.3333392344979567	0.8403309185725497	0.5695379161909078	0.48292598517196983	0.30216045735547886	0.5481443123412038	0.5411046891119005	0.7021177800023166	0.5069808316069812	0.29213209758308123	0.33591453239384017	0.7991399842759852	0.3634757605865335	0.9731440070713833	0.42791005523184084	0.8254309859844459	0.21973126284483535	0.5195194212986577	0.39863517994165265	0.47433601601472175	0.7745514378705947	0.39617338736075347	0.45419896893185846	0.3319580808939445	0.35775898586628796	0.18226076286238885	0.7716348112983573	0.5313066392516699	0.27610833933827056	0.5130313092383587	0.6363627166048449	0.5489848426054227	0.46913292487831043	1.0	0.31956114519755485	0.6230108478396436	0.2636316383103498	0.4431368412628045	0.5881541324880785	0.3477560486780647	0.7658303531179649	0.2825093922953857	0.2701099674610648	0.6007597846204955	0.39286184094905136	0.7075960023977528	0.3094191792197444	0.5809658760154905	0.7204834872652688	0.48906664719248466	0.3457241282461906	0.3047940115626714	0.7157266721030575	0.40013558537270905	0.7207465356076431	0.12968054566130777	0.5963548482300267	0.6038730312905249	0.36816226245683137	0.5920997176116306	0.3715135216549301	0.223073234330384	0.6970940145013559	0.42300847596499236	0.48019514264124563	0.4347641272803378	0.18326930035810485	0.667765118139771	0.6915834846220373	0.5408727541056395	0.3681687082777153	0.0918128599059817	0.6861411837946738	0.20257691035459308	0.7397696207539478	0.3783865115440427	0.695716412250382	0.19443297965667433	0.7078936637211818	0.42009793053552125	1.0	0.39208911020419	0.45284277136569734	0.6305435609080471	0.5971256147121817	0.5293991234384425	0.7462520501460284	0.17900255492638428	0.4005832931870287	0.899226195127421	0.3424268304181286	0.7128137955067909	0.44590704381693613	0.44525937430902673	0.5001456579654596	0.38921377340743923	0.5150355778739236	0.7650437228021039	0.4549927415788476	0.44420395049238204	0.06377672497611792	0.4978819656547323	0.43536281853543823	0.7874048901446631	0.0	0.11399604453783418	0.7360610883199009	0.6104065641686837	0.010976963567463138	0.09568559634341717	0.4392888233515335	0.3618996726053727
antelope	0.561186930013467	0.4667144214782177	0.5108978673632215	0.5655577235785735	0.4436338290612696	0.48823402258147885	0.4952834494999363	0.2511623560722058	0.6128191958677021	0.45071147223947067	0.592422953203225	0.2611206254783378	0.5799669272291397	0.7953265533058438	0.220946931927735	0.2299435993082043	0.6305856215965051	0.3947200283007779	0.5709600022367297	0.5769614673314539	0.5911811719683232	0.5533145229629879	0.5372288606217567	0.7836739003988445	0.6113626021526639	0.6387084773025706	0.47467110071650825	0.5219549868931034	0.4399161663545844	0.49614193725505684	0.513748675893782	0.6855399225567161	0.354587129320531	0.7616033221302736	0.3527863813957458	0.7648999714789635	0.5412134177206256	0.5139037346635766	0.7857325161781668	0.6100247589464397	0.9293820187800229	0.5726633401770233	0.2587644110839329	0.9202485868066028	0.8413069844481884	0.39602940802038966	0.20534376165518314	0.6961532864759538	0.46610198395400904	0.6436195916526918	0.08201238442229453	0.20208997590199426	0.4958326948590478	0.29916851953780765	0.6263983123172695	1.0	0.9732110656098396	0.24725698799989917	0.2938658394989472	0.7002352122855142	0.4934322175711834	0.407898420755923	0.5664403441677606	0.44702822880327964	0.45153937301605357	0.3896522709987547	0.4317996859280729	0.2989412781841362	0.6687836951691855	0.602658808409891	0.6588765495273188	0.6214580556605758	0.3242120786523074	0.49246172576923675	0.30478318623003076	0.5507177811262707	0.8571555300199322	0.958324148765993	0.4969273587636324	0.41985540691854994	0.1993407859436972	0.4085889500381233	0.5406916898831636	0.18165974190559492	0.3682486776440523	0.7341823992166778	0.7232288344885981	0.44956810779153816	0.6181914488104748	0.23806885343710132	0.6646788344839617	0.4372753295334722	0.3717531081421601	0.4319630542562206	0.5569198403298998	0.5892781905903056	0.5476766820863596	0.4945840569599886	0.41744810108626024	0.5516921516912681	0.6945943284262073	0.5948788192817803	0.5902402410146511	0.6394865816654403	0.5633484946022965	0.7787734643647746	0.30999884974156994	0.5765188818972481	0.6182227718629469	0.837637291227886	0.607374972427311	0.2450205751572835	0.10095892006327489	0.46342607641805866	0.7433548847644735	0.7312011543501292	0.36627991534047166	0.3612401728445533	0.6735423662268128	0.5543460723586326	0.440146291658664	0.3822481036941231	0.5293069480920342	0.11633808907599891	0.488464425756359	0.555605574328822	0.5329971318383006	0.6309872005044705	0.5307457755837026	0.6014049771204476	0.362782200606527	0.6775240682107034	0.33910077490816326	0.49260344861311084	0.39752298211187925	0.26555727512944494	0.30569845124484935	0.6268193154169229	0.23259064711798988	0.6223270548589903	0.453411898311567	0.0454107650963716	0.640054292090809	0.3032827123606625	0.733063919504221	0.3965106817082795	0.20959973302743565	0.29374738146834584	0.41033736770428036	0.310783044905009	0.26883175279970906	0.9508573842205312	0.17217757416692706	0.34889095611970966	0.34360393448392595	0.48972776556741876	0.6818551294558036	0.6361606211732677	0.5790936735001184	0.2896990667407435	0.6353503175611405	0.2855153348154674	0.7026096397192237	0.3363688095322136	0.6705821772271602	0.5763915107068776	0.211188979048529	0.8987410562810814	0.46112388311499236	0.7474484651227128	0.36653747179731067	0.5356711805314966	0.7275715857139518	0.32204348335701055	0.5508994453366133	0.3781805669132589	0.7193454581444588	0.28434336606611577	0.2481895655013377	0.285347639449081	0.693054986903704	0.4195855932785846	0.672220059849741	0.2788000347574787	0.7174388055825495	0.7432985059868586	0.3624125722677322	0.5351190882101449	0.4519193010558154	0.31269509229231807	0.37464052846862606	0.5392603847361789	0.620865128647094	0.8785578453067713	0.5050937322045194	0.33870955156405347	0.7997656718435505	0.7800978142314374	0.6443655272201773	0.6326888531274637	0.2670401418742213	0.34485511015509096	0.6777179427130348	0.9051774777102226	0.9925236299887152	0.7867719759939695	0.6873434826510554	1.0	0.33901958971882484	0.5173628544896254	0.5147059377091678	0.5426092987075866	0.5556526473555266	0.41972335258202376	0.9061966022398025	0.42772524159875613	0.6397241999070099	0.3096818798626369	0.7823248648124957	0.619421450930695	0.5801339648406846	0.36330907197097884	0.2637987120693263	0.6568203988639666	0.6119652984571007	0.5032521871592315	0.3025406264886025	0.301507591840116	0.4801695589114652	0.5536266461209616	0.41767571433877854	0.5476948326294877	0.5693615873997943	0.8611495352058138	0.40742995522802106	0.12451177695733467	0.6606515744525736	0.7018760538723201	0.7761002392715577	0.17808362113043338	0.360918756332048	0.4873619283866362	0.49903436518525207	0.16688289924755498	0.70457832772465	0.47595959446129577	0.5671140352759256	0.18752241464691638	0.41728653810228544	0.6584573433341062	0.15823297260445074	0.8423304791315294	0.3968434615165201	0.309113963103152	0.7744877587441971	0.49580986755996986	0.46464434213223704	0.41111493596432136	0.2472332071646984	0.404779037224919	0.38082561474180154	0.4567937331241611	0.647341290753459	0.4651355590326654	0.5055585924948376	0.60130699838014	0.3980271001503015	0.16696211196570254	0.4271677001270028	0.5773099117231368	0.28500936374960506	0.6623258688604542	0.8998324447673589	0.3176009007910524	0.7219941539481712	0.4854157683305769	0.5194373165121724	0.16782439193279214	0.7184089886478813	0.44031345620865525	0.3847663438850193	0.4916250633344219	0.301257310410688	0.5488350145087043	0.29391578587938033	0.5566115198512692	0.4455442977826795	0.47418561562850503	0.49875916570603673	0.3654618557930303	0.4545268368742137	0.3736958380319796	0.16358076327271848	0.4350446934967098	0.6135940441161929	0.36679686144238766	0.4891429617541383	0.599982058246218	0.16404096510940802	0.5488170828551187	0.24499007785919394	0.1276377988942648	0.40692599249171607	0.7371466076102982	0.2775225080472948	0.475582806532075	0.4869622561893525	0.1495067336895508	0.6997971595715545	0.1489467047372477	0.3776798604029189	0.5152482632232941	0.513277783984599	0.30116396035574666	0.2229934204713787	0.7098825911470779	0.6716506991543463	0.0	0.6208307372989917	0.6839484708869321	0.5583297307030525	0.30723407092362676	0.34454717907537546	0.3719458817469622	0.6798736228630448	0.29631983226886666	0.6204057778331159	0.6046626388963404	0.2546042697173345	0.5473837890028257	0.5806817944653191	0.408235005763834	0.3964623455942938	0.46420698431225016	0.47917378423889895	0.3763539822934563	0.7903961560988834	0.8055320847993881	0.3808707605547147	0.5546071943041263	0.6871512721014519	0.6838857921722925	0.4016366229864077	0.548529874944027	0.5583268691393388	0.22474682146674285	0.7501480826179001	0.5335416046982294	0.5680078204007704	0.8247053256019785	0.40756710454095635	0.4118165769184976	0.3620025023611577	0.6208144422563737	0.4566573977906057	0.530043870336452	0.5975139303007214	0.5454158028693041	0.3907005658232747	0.717141169072637	0.7906401436754074	0.18797974850783394	0.4373307397252709	0.4853092163376802	0.2782768226772377	0.6734281432318933	0.4583549156974238	0.7228324831049485	0.48885599771353005	0.5683894935337337	0.407039323384917	0.6455606953916591	0.5130562615632439	0.4136086872205513	0.5622915040168144	0.319998798873119	0.593169153881063	0.7205552094231078	0.7098323777471721	0.3329751024980879	0.610525817840484	0.451840665093075	0.44118795458217597	0.20084938797155832	0.5102487902646745	0.5745052973456457	0.4875279594600964	0.40715741742854067	0.2609850065139776	0.34506794117547135	0.30839887497927587	0.09450065177755157	0.44104872804406714	0.4327993318548231	0.2448266103446255	0.46002699648897094	0.38952434088617705	0.373606842637857	0.334500907073872	0.4559797260777201
aphid	0.414105892346594	0.5934077525494569	0.8725239567432453	0.765847295666263	0.3691753490691454	0.6776656588701185	0.07399622634779074	0.5963720207825592	0.5456576577564537	0.3965428040480101	0.9131070927192623	0.6155297832566853	0.44657185886786266	0.19122428711559963	0.39818704574931274	0.8739412416245633	0.29913585048502456	0.6655575758326941	0.2295346225579129	0.6080870170179413	0.7282763101891074	0.406247203174877	0.5987085803185317	0.21760369624794296	0.5307274541173856	0.326251308688643	0.42158331003210553	0.6022668957009457	0.649193142465396	0.7093740193360113	0.5479092898355882	0.41416898263338336	0.7435174026824098	0.9097861368269262	0.5322075488829372	0.3850808605868877	0.49320549700677957	0.30878605584255014	0.29742200423162835	0.18794304669058393	0.5073909768144594	0.7181701425759123	0.6911070363049885	0.7012235492031907	0.025086268859810024	0.3989685960889747	0.5151358626572539	0.5991591860050758	0.885070057001612	0.5221778933146314	0.3332684112698823	0.504102877463429	0.5422147084919792	0.39671663918770517	0.31816281663797047	0.26902116289950484	0.5444651495539042	0.4153642498233241	0.24566625183329086	0.6937003746002075	0.3326613273949591	0.6362637153112934	0.4953857959332064	0.7866825021586032	0.5639666933490421	0.13429150812227864	0.35697066284370954	0.6277942009247784	0.38743432515670034	0.638184086313228	0.81436421108813	0.8444778814767221	0.7747260734588862	0.7229681339487188	0.2784445585376641	0.55281863742739	0.40369990656159543	0.38848531436644973	0.6693132176125208	0.3879471975459091	0.5377803836744278	0.37701070569563055	0.23006975146530476	0.479880454376402	0.5985610414224937	0.6709170216747669	0.5474022919903787	0.3803590705432814	0.5237940453992058	0.5192448863378716	0.38830935763264984	0.577380598801795	0.8406196864461395	0.3184510386839915	0.3248756438296325	0.5006618990273798	0.34602216443257916	0.5385356966714059	0.5184504157098347	0.1499714884578492	0.48881992966111926	0.656619197312942	0.5026970451710654	0.5381371729756661	0.8460306748115578	0.39730888297299566	0.5740020710003443	0.6324785720183534	0.25942315030196406	0.5613939573531368	0.7166886091225165	0.4563864563783181	0.960603239612287	0.045171368036675374	0.5345208570199531	0.4658925561193008	0.1313855150734955	0.3719641196409414	0.6783305732244443	0.3919902182206188	0.6394008682603529	0.4237314851598486	0.279885902691446	0.7242635674745725	0.3084445547218879	0.5326106641818389	0.4403017908307156	0.7288236529649239	0.5854306690296194	0.5100735522763047	0.6000517163172914	0.63632621580868	0.7952804481672353	0.4341606936364796	0.4278520849620439	0.4339278453826723	0.8014373335434282	0.48726311192792293	0.9818273553552437	0.34458313968747256	0.5297140175971241	0.4301435067804743	0.3858793794558527	0.7184698887504698	0.48992086386070377	0.4087922265205425	0.5322004888279586	0.4659847065282152	0.5356279864411699	0.6065394369471866	0.5023078034552689	0.2625831694272148	0.18355036949559006	0.7604749563987647	0.38847374355859543	0.5706288349531669	0.711227215140327	0.25617939635693926	0.7232152413048073	0.8537533238249359	0.41100966048371934	0.6659976306507345	0.8583748879990285	0.2936026681437248	0.6609042310194486	0.35748443323002865	0.5220837833540706	0.5258165680701815	0.6017792653299607	0.0	0.3330208510427556	0.25009941856669426	0.5503048990028481	0.6793661963292374	0.13911870971943063	0.35675811307783944	0.6660787928960035	0.6215293410250301	0.4456710789276378	0.6795104293962064	0.630060607514907	0.14895816268139517	0.4373778243037032	0.45264193754127857	0.3129442046686992	0.1925147731838398	0.5790110986397092	0.2209059394870357	0.5857595827530488	0.661826682829235	0.4860011846810084	0.45985091152646196	0.17595741575077128	0.3739098508348714	0.5399528058478358	0.8398359048793975	0.471113916802031	0.5681506845634263	0.45880370756565736	0.32950997685490346	0.5836174462149121	0.6191175384431244	0.6821999345442107	0.4711750104557564	0.163599993146904	0.5262898245130596	0.4410994579510467	0.5167784332047681	0.7296709508418255	0.38337115389656357	0.6613798124195746	0.34951519437562795	0.5535148331077193	0.475531437777572	0.5897941425129644	0.18004598286627915	0.3692485674432601	0.3796953826937216	0.41329751123077574	0.38592104134035937	0.1591812831963212	0.5117074691178761	0.5402195264013676	0.7896114311575396	0.7224259364023766	0.3892062884078065	0.42937646829030207	0.46973858641797167	0.7203530993402447	0.5819635400249978	0.34732819124791114	0.3565578117324952	0.5231841227240466	0.6647995024760349	0.49171038179105114	0.3619606742145586	0.5510466635109893	0.36760924100356474	0.2866566251748661	0.23837586717012804	0.7938945433987934	0.31804587961880126	0.4237312685735366	0.38691905101430246	0.613515566508257	0.8235322897895354	0.4216652851448147	0.46637562048164705	0.7561228496471922	0.7342678312751703	0.36578401872419014	0.4621854570449659	0.4996268666878042	0.7708693587408704	0.40915900483872847	0.36733546060661604	0.32230043056332525	0.7592096758672613	0.5761743226987242	0.5541302638691358	0.2838812122775375	0.357363023216576	0.45374329104184874	0.36617654812707096	0.6973968684802412	0.5737339860399422	0.2913618684954851	0.5801691517840658	0.704460352213249	0.5668773780618659	0.3988973980636924	0.461513684588029	0.511665274563619	0.1354193202755521	0.3823925809136695	0.6311411217601409	0.8600380330995496	0.7484243038738521	0.7384636900522692	0.6463233337095666	0.17864839265087903	0.5409583126686516	0.7414012996605375	0.23444350500316008	0.5003463104396018	0.4908264462493169	0.5779020698100064	0.6599244528981707	0.3858947462608202	0.27108269883984903	0.7386155414383095	0.0	0.3875064238789858	0.6708432607211615	0.7484002760284556	0.40626693619061977	0.6590317664317094	0.4758322684194133	0.7340106424959283	0.4176185037506598	0.48487782911291255	0.990333093003567	0.9664707145069	0.745406482376739	0.6180046861653588	0.508343569314647	0.7217155198089538	0.3025956037909635	0.43471093078821355	0.5081030590304452	0.7113995970492643	0.863290690394973	0.5610450570885357	0.5901507686602318	0.20960380641353166	0.5728950084138109	0.2968201635512758	0.5736095972668661	0.41069799426549436	0.3680865591760566	0.22426387057096742	0.5135979814712077	0.037458183916540544	0.5436708162986498	0.44935450902093854	0.40410404308113546	0.4580423373822942	0.447051623803423	0.1324974278220355	0.24663036418166123	0.7190476092835894	0.8402810731555878	0.2847278758908281	0.5394152006787852	0.3485724604538017	0.6697282888649534	0.518282081174164	0.5512831512968899	0.5220792052792063	0.5489352317331915	0.569628043368053	0.5565697090685358	0.4698768984503618	0.3215170428564014	0.19815063874180305	0.330858978711903	0.15313684183419646	0.4645725617713362	0.4533792110024066	0.622521324642815	0.36141347630125065	0.2225572330966788	0.43201803668646377	0.6551228361596708	0.9358088137398954	0.49484484327895695	0.4281077730143486	0.5886208766606882	0.6825953274563419	0.8064682320071047	0.3193685709993575	0.43862811903787446	0.5289298088063964	0.38467636454723597	0.6206889141166518	0.34409618303598183	0.3692036378879453	0.33626749102411635	0.3004413567486897	0.2339281289846763	0.8876614065933214	0.37943809007882456	0.41703139973148196	0.8105704886014655	0.5038550056593216	0.5427796613035563	0.4260648044839107	0.8263165473785293	0.4277728134235831	0.2879371697025798	0.3495094853011713	0.7643319224916393	0.5682363504022204	0.4382958375310433	0.41002097005661164	0.44166304109252424	0.38943344996719126	0.4726071353958423	0.3211047159056503	0.38085335941266213	0.628593396542182	0.8234236054119144	0.6887409246910967	0.39301669051797394	0.48750991634658725	0.51567083441066	0.22594204609598123	0.2968852231172703	0.5605531052675414	0.24008452325644042
armadillo	0.3117308006446472	0.46431183659409353	0.7341956003112328	0.21046661749040418	0.5516630930025096	0.4384399071988463	0.5173171251090801	0.3971667433151055	0.6043506852074106	0.6467760073750317	0.49550430292704345	0.7274005794849089	0.49041397429485223	0.577531514938187	0.5377915262965628	0.9595132328333269	0.5822639518611219	0.6285388831248192	0.43252025806996	0.35663146001960727	0.29214128728262556	0.5651068009282717	0.14703333789941103	0.6147645000735975	0.5068650531885641	0.45709478160678146	0.2912416072313512	0.5967105203996099	0.30219871654001446	0.32261190848304555	0.87385109758541	0.30946283006880776	0.5244530099524107	0.34583591238075917	0.517998054525962	0.4493653490520786	0.47567034740764086	0.3890519058011579	1.0	0.554923013367292	0.8134608732958146	0.6538971700926905	0.5613942526850965	0.48546337515455273	0.4826766773036888	0.6980092490033237	0.31125121238745246	0.6416733598905064	0.4671207936132313	0.22942888730054267	0.3305389145423413	0.7321516432449194	0.16282330384045507	0.48068552225084393	0.2306177859732687	0.41191808035572874	0.6244216343516	0.38873335290351146	0.5912755424242417	0.6779653235433576	0.5348116116753502	0.3374176899181201	0.6562901427833178	0.4949112351897481	0.2432964484168209	0.5219762243094869	0.3143069630147311	0.6700122180776129	0.27913920287148475	0.745364025450361	0.3223222473073434	0.5745047501131327	0.502874055166542	0.31200502712145256	0.3954548911744822	0.7212721824412245	0.731391517650348	0.5617361679536395	0.35309409224716426	0.4251380743727342	0.28489818275815415	0.8550315553422259	0.4298184264850302	0.5081809814521268	0.06104527636683821	0.5447094830166948	0.6650120614091348	0.2940184431183519	0.5042162057571147	0.33156028700105866	0.5655007803597132	0.6173032907396975	0.38884704357677596	0.5468815594450505	0.35229084818243456	0.3629732234623192	0.38379666993677813	0.5473978225020281	0.6886462181969197	0.4923095212886607	0.5890854300516208	0.40305473858333624	0.7154850186014132	0.5347233124794766	0.3998155985821024	0.6404724838591715	0.26227454248182713	0.38989323122690694	0.6699569898416462	0.21815145183878315	0.31032090461011724	0.6092634077442163	0.5401831645836297	0.5629228295076009	0.5662787101554659	0.7843815641548706	0.1577410557882924	0.5949628750534715	0.4085978546907557	0.8621254775296638	0.635562631809722	0.38524239050375986	0.30729685131021955	0.7240121970045967	0.38731995529653407	0.2636288788538257	0.4480634243433574	0.28761447095770026	0.7398806890542469	0.666673008684369	0.5516427416001802	0.6036969941230229	0.48558364625807	0.4262518353006253	0.2943846780741169	0.509052225385441	0.41978625458225927	0.5192251567744383	0.8374000674602686	0.4999410052665787	0.3546450428979378	0.7826886374650868	0.5908157274942619	0.4384156360206048	0.3991667967406079	0.40298863436107557	0.49159065685306447	0.21837194941948762	0.3769281562016284	0.6661956016277828	0.19435520120266736	0.5458718171216355	0.5743506506059479	0.4897835950354703	0.4853787755246416	0.5935334786248002	0.438711661142348	0.4998139342965839	0.7110642794821509	0.6643116620327675	0.46667815674075375	0.7341331626672889	0.7370959941741468	0.5414984292332385	0.3570208740981581	0.0725105888925408	0.4845016203985326	0.0	0.24427293456884305	0.26140862707756385	0.5838780977963561	0.48719809349795246	0.45765512888732685	0.4715713700577122	0.3428309920586673	0.667340648426764	0.22994013187226636	0.5841369215279031	0.27343181488651686	0.44315682498794906	0.4020733106535461	0.19315057332139107	0.688814538999794	0.5287869528196915	0.5793756112681043	0.5721873493785821	0.7648496446953048	0.14241451608656525	0.7246735683450496	0.5020827085190467	0.5590503989512112	0.6082771059215735	0.4917836375247763	0.38047671334666944	0.27485658704202887	0.3695908407563207	0.37489623607798495	0.6921078817305689	0.3582628155548436	0.662937560360132	0.3591305960606719	0.3977076874149452	0.872637796950996	0.48944348930243026	0.6049486837104787	0.4978452081304031	0.5539138162315128	0.11673994882977068	0.4284739340236423	0.6593129589851231	0.6300853934724346	0.526570065643157	0.7148781884821236	0.5485705745223892	0.557267875115799	0.5366482118837154	0.3583698454109996	0.6428988195797098	0.6963763135120191	0.30773151866623205	0.5195525108797834	0.46639693966124546	0.6151474262632135	0.804691087421808	0.2729140375391774	0.6704604118407844	0.3698705989947002	0.5404155715750658	0.6380961185716311	0.45133139233638964	0.277163793053097	0.4641075444585041	0.7175627617352178	0.6269784224168047	0.49611866024292794	0.5264594483176952	0.5640354898162506	0.30275334563584616	0.31306316786104604	0.440605372055314	0.6944497268529454	0.45176273708652126	0.7938624315099215	0.44471475786238157	0.40079612450713165	0.712181132077558	0.6960581490449597	0.542592967113214	0.5442160651506902	0.48918383762080747	0.0	0.5084644265864444	0.3915523395831442	0.5168131896611982	0.5551227847322542	0.2750562021886793	0.5462696104558977	0.8052075836194734	0.3947825586272281	0.6292111392760495	0.4694249059787214	0.5181580617661317	0.6656330041341573	0.496644924229693	0.36178907551895334	0.43180803246474475	0.6363534377827333	0.2656063965208654	0.5536645519592758	0.4719957024934502	0.6578709693788526	0.7535060562218389	0.34800665746377357	0.3415261907984933	0.4561857642317479	0.46060513742088965	0.39928033980029237	0.6459353196974651	0.4869473276599145	0.44388266900106893	0.47686731797576765	0.3857043753631353	0.3095504041565259	0.4201191180805583	0.5101252445810114	0.5092220733922942	0.6289543251772552	0.3322172458394331	0.5866754002567467	0.2994317693148221	0.3117075651203788	0.3854841520500467	0.6302411966003586	0.5871570819814721	0.6123099057594212	0.969105729135529	0.437136427588848	0.4588419827705596	0.7984862935644004	0.4431744179455993	0.5907466625017689	0.6297025358209347	0.8678694201485065	0.6601232613546512	0.34200643506872297	0.04775902090904949	0.2778327390518657	0.41918055613179983	0.5418716947641191	0.4258455423292252	0.8452894957768178	0.2856247937991302	0.5163448185586101	0.4214544667206306	0.6785023000981929	0.11517545120247658	0.5415022594719429	0.13858617411474494	0.524004448765427	0.12996434172057503	0.41769050282731	0.8404155301915934	0.5976834741940862	0.4428890888053847	0.552958942680782	0.8514200000968118	0.9304733373086758	0.5121911587253926	0.7099497963311044	0.5829658790394459	0.6229996290741961	0.39479836817558855	0.5778162364337862	0.6714127349007779	0.2951292317559701	0.46122207004365023	0.8202001745754799	0.520913803836244	0.45054616271360315	0.541890892590661	0.4973417294700313	0.5915809797236327	0.3686491573443961	0.6178959210809372	0.5508138687001225	0.5710789566887302	0.6500349412322921	0.35786691841862245	0.7712136261928979	0.3925064959451212	0.39315677019312617	0.4565447226911962	0.36934230483987845	0.6984786670994964	0.40043433755181845	0.2561147779992805	0.5915882264534297	0.5790642326019378	0.20061876837445553	0.5662417005651841	0.523212505311894	0.3035241613261312	0.4145632046238371	0.5843050637988366	0.8249868434890205	0.844027586608826	0.4157164945303311	0.14977455154106817	0.653846895128863	0.38246139941099505	0.9255107799459785	0.6259673720777432	0.5581592241921847	0.35505015761098196	0.5534319956949234	0.2162722087231289	0.4977170279316299	0.31414370068686215	0.7189797560238167	0.6823486437020851	0.5447170206194336	0.6392726409061732	0.6129016369933191	0.4348939311181793	0.3083870530548959	0.6465502153444969	0.9470658446405702	0.43464155244406283	0.2439371014975995	0.44123025213766526	0.4611107599472189	0.3669795413406523	0.5293428991058863	0.36197400261153273	0.8563566555282524	0.5191960528384315	0.19733668137498456	0.45050697592898287	0.5410880127362488	0.2909623133519289
baboon	0.7399620939844543	0.57739550487427	0.5100072166906352	0.6357201676743867	0.6656825056225107	0.5981291273203474	0.38530734241773185	0.673906139495371	0.48227098305363286	0.4933594573981656	0.5022184113654591	0.42252538614988894	0.42177512451956967	0.3372922988078045	0.8478908371830196	0.4580947376653291	0.8623426879265578	0.6601001152426392	0.3116347780485874	0.5269880435114127	0.3979823410409699	0.450484440988707	0.5668311057644727	0.36492155602014364	0.2940191296334135	0.5069561496478319	0.918998616626749	0.5583823121429923	0.6027268762076795	0.4953041294532891	0.42855766858278316	0.5601540926474518	0.722878621930823	0.21398016257086416	0.29610052258191233	0.7172568987940035	0.488377578751922	0.45208021007681337	0.3871271933264866	0.6092890386438796	0.4367984426762222	0.23408430474558836	0.49329459416050864	0.2810554469036239	0.195003096616446	0.5629291732313354	0.5524314853674769	0.4991135824233831	0.550550822813266	0.785272245843328	0.539246287661424	0.1310302445956078	0.3331340340157826	0.5393025681428347	0.5296635789396948	0.4103759740635514	0.33505435277109047	0.4226788183651089	0.13753953255669316	0.34027032594124046	0.3001866861611546	0.7003918142745094	0.334517062143426	0.8178007031441963	0.6284659876807942	0.49405364757951886	0.42973834866995003	0.4401230726713121	0.44549537844572884	0.56027435416243	0.7450746768302403	0.3533971340193575	0.7446387707395201	0.0362238619954352	0.3254158059022097	0.38915527141709627	0.8223176612417988	0.3203363887491528	0.2481561339654163	0.6570758824512889	0.5237028917036932	0.5420997962643156	0.6252747710640225	0.5093766711632621	0.995165530033585	0.7444502031866442	0.2629091568457825	0.2940696038101655	0.6285171429285399	0.542935711053539	0.28952946516436284	0.411733726408714	0.4253500078588083	0.5624302539254521	0.6395517518674614	0.6377501591575977	0.28094393907760395	0.7400703518880927	0.5682135651504184	0.6181617405888545	0.8170126211643516	0.26856901724531024	0.5030925242363459	0.3277115130951261	0.6583876515573833	0.2591138301882221	0.703298900564935	0.3453225552528218	0.388611686200234	0.5788283307343214	0.7455464153999202	0.555930445774808	0.5674458924753313	0.791202998152569	0.29099216621870266	0.5180993217528144	0.6530146566323106	0.41505788827383655	0.27117642857117247	0.2579106744518447	0.4006843992252787	0.18796039210721	0.20065121848533696	0.34101483788422177	0.6424783192952489	0.5565600331537375	0.8292861620850768	0.15293426947457367	0.5555386980217406	0.43200902872029967	0.5249656359202575	0.6054935703039863	0.8769453803860895	0.6126363097302887	0.5571385248448081	0.864528646478917	0.4997757948109931	0.24340182117423442	0.5355665380549293	0.2609950839947972	0.5791070646416973	0.6448560781531438	0.6374400139024903	0.5757643109444854	0.42927564381350986	0.15412203540744934	0.3842585423017817	0.4498617662921446	0.4924633828726309	0.25965433039795716	0.46047762814458737	0.6668008093878743	0.7732617251962224	0.30133304915319076	0.3006916848209179	0.35224357901377634	0.3328286488711256	0.6021114255858941	0.6210521313065506	0.7113957698927598	0.5958652485916179	0.3463052038498082	0.5505411584189221	0.486172799222248	0.17339135689595514	0.6411698445541941	0.7010967242304201	0.694906122513633	0.41584056861311713	0.6145767630386049	0.5015418459712054	0.8053563361978111	0.39057610924824	0.7013247853207686	0.7407918915577192	0.5687232370011739	0.2861846316712737	0.6471149986126372	0.5227392480147296	0.4344308966735376	0.5828542647607019	0.5651578906811113	0.7827549316608244	0.3154919827799132	0.32664793690893085	0.4975542680932509	0.2586416102456649	0.5304976128177961	0.7141939033391718	0.33173854024552657	0.039901651694850715	0.4161230119389614	0.41635600419238156	0.21729568687615872	0.6517208949781972	0.44772584356218664	0.5040290957454453	0.5859631190604315	0.14177753727241182	0.43938146667491507	0.4091757273675215	0.4551630283918717	0.5828233499871512	0.46696697118472086	0.5198872076904734	0.7511970315068355	0.28264488338746346	0.6091888069730753	0.6294539467981514	0.390670219950383	0.5927765788098222	0.3073843061479557	0.2270312543595065	0.24909928350427046	0.6308933231413737	0.3726816818521812	0.5086652763853707	0.6692520476478838	0.5831363382369851	0.3124909204998685	0.7173910360364804	0.22696431973751421	0.3028391234364561	0.7222451690110419	0.4256068606549693	0.17547174631763635	0.44357730975139853	0.5765777724195575	0.3084237217041461	0.49631982362158833	0.4980302134974254	0.23417234016549116	0.5599745925911689	0.3851673973628199	0.6276142722127533	0.35022467146163805	0.6744892224530934	0.42276782858850304	0.4520521106876268	0.6340753699770342	0.3418470064988457	0.21776818554332927	0.41691283649520305	0.7765965898146969	0.5910581618039349	0.0725599957569116	0.20560943033437362	0.43957187403270376	0.33442630599530254	0.5688497355581628	0.571260520801511	0.31958117031982	0.2957024174367236	0.46408731498179595	0.31185970896631227	0.47322348617232846	0.508207001193747	0.32925763537182456	0.6503362674632316	0.628445690666208	0.7228477773454709	0.5620422360077325	0.609175621866061	0.37581087802926394	0.7309755517817536	0.7432292572936579	0.5371753278742994	0.3266889912087307	0.5763502203087104	0.6201121463924555	0.4000900922375321	0.6044518845086906	0.9107274741448523	0.5925072719471703	0.5833818849059997	0.4969612563340462	0.28674780674280004	0.5021603234112778	0.6711986874632161	0.16175168699145204	0.8991513308099023	0.42055043061685704	0.9159568378819776	0.7060408552126255	0.09091658572224026	0.41719865732576866	0.3335950931906634	0.370694301940923	0.4652013523561037	0.3140844898551982	0.6857371260038555	0.4333625252174884	0.7928800693233533	0.4466652435433305	0.31802781171390637	0.35389253657559	0.5644947618702904	0.4010322840210199	0.6740831857959817	0.5051727865929562	0.7194784244824503	0.3006956836514503	0.5688579264561558	0.4085840931000999	0.41452536698682874	0.58308192277886	0.6085545004868075	0.5870070374251063	0.33070649655200424	0.43791926303994	0.2837835916026161	0.62355020053332	0.37210578866799504	0.0	0.8027441084074789	0.4529663028269035	0.35127559080231846	0.35876581625248927	0.5841675484539515	0.5902696361624906	0.6142414171991631	0.5480275905231426	0.6105824532648293	0.1901617307860774	0.44642015509975363	0.7972262745886574	0.40456828499747194	0.8709819725483259	0.5549250799408316	0.5480530250832233	0.9245595561484552	0.20726299616578053	0.5161529143631215	0.5804950972301797	0.558810797038806	0.4340261769519761	0.5590849953950974	0.6880456608907862	0.548692343836552	0.7499569536569145	0.14664005548822306	0.5754433616735675	0.8975608105077808	0.5528254197190727	0.7046923916433663	0.5967436648869802	0.3947140279962133	0.7764066427994646	0.6043777890312659	0.6958325659736968	0.42614566297087403	0.7426333034272231	0.4645832186370051	0.5332135557151072	0.8062040594766582	0.3710419559559097	0.2913348686527351	0.5111613766649159	0.7956895369618555	0.5077149942839714	0.24655862403425954	0.3954340215409098	0.6152802069739932	0.5140406766620209	0.6827769053073803	0.49997655681861436	0.5400780813386545	0.3938368286798787	0.4449204953282116	0.7437584639019108	0.2733263133875593	0.3307677376042099	0.36611440901908104	0.5265039241514715	0.4007092606756534	0.6257745714673009	0.25895198702218175	0.37707713934826326	0.730951263602757	0.6401084347617315	0.2660382200184509	0.9477389687812904	0.33585214604923846	0.97713035830496	0.7433785014250175	0.4366468938301169	0.5667369960013694	0.6398782750510994	0.40080575743265257	0.5951261620089112	0.6190007412301075	0.5359162721994849	0.38832366069239854	0.7596978337697733	0.29225790071420965	0.2077945894119277	0.8087774513270052	0.5804124594993597	0.11786619611106353	0.3788511850208377
badger	0.4415376665786622	0.2293112693132635	0.2365975214235366	0.5369239784297942	0.5231109802878182	0.6838081546582319	0.7608638479010842	0.41263572341117627	0.3160839330109666	0.691687735049822	0.4135604025782753	0.5094398090749691	0.4501156280369928	0.25215873162327423	0.43796710688077756	0.5582391310062295	0.4443550639449101	0.11644111540716606	0.2524599684543056	0.5289887917813897	0.3535925574445874	0.7747072963113475	0.5488373627537126	0.40724589167332864	0.6336289150181798	0.7531432991920145	0.7852755234577453	0.4143858489360181	0.4412575133413468	0.46422074027255333	0.7995763992284928	0.4913254116789151	0.6000242013912024	0.7994086013141992	0.6754296716201729	0.5066858236564469	0.40560384446966247	0.354879206635721	0.060940838762654215	0.6014538494448661	0.6993435131914542	0.4634614666460391	0.6362317974560833	0.6082452960448705	0.43227948711010716	0.39527453127852497	0.6712058090101404	0.5237489602243506	0.5775017085206184	0.6934538175936814	0.4133448092083491	0.833412159910593	0.4250288790774549	0.4088440892127808	0.4443744058680392	0.25817052830033355	0.7619947289113357	0.49995598588601875	0.4169028547755542	0.27109988283575315	0.5122245550970077	0.7150391979373811	0.5456297787961105	0.9442076996906221	0.4249674807393384	0.4994560599851655	0.43316488425348887	0.4994457573630176	0.4306231098057711	0.7400307395528741	0.6173900783423131	0.4005722354395171	0.29734953333219716	0.6214656588087893	0.7274412676280804	0.04293600704469497	0.6329910699626292	0.49743467176179296	0.46522840250470826	0.6926646568101201	0.5360485277951388	0.8481577916901502	0.41532109410529544	0.34160163813247	0.8039337928974811	0.8477450019142787	0.25683113118772066	0.29672878321123086	0.8926837367577909	0.7214804135747586	0.4773404814645965	0.4927186914157596	0.23614008315470383	0.41666789626699113	0.5199628349271457	0.4337372106067169	0.3672131639904286	0.7855177200256979	0.5825232297747451	0.056630497003890556	0.4634468277652154	0.4661299073109297	0.602401325534704	0.49257785122320386	0.6494113428176637	0.5156570308080969	0.49390614344746897	0.7301048207055871	0.6679062360489656	0.5023404081788908	0.6136187752835986	0.3726861812688409	0.4245361190674566	0.586640475335127	0.7743311567854343	0.4788784049435303	0.438262770265044	0.2806985216646005	0.3705638643900838	0.5296545811075746	0.33542236884480214	0.19914263348290412	0.7331693052787116	0.29928923659226553	0.40210032567199944	0.3358706954808213	0.7111153092402482	0.3334985451885393	0.5335774903733815	0.4776405518462587	0.4882270189170739	0.3337518618442874	0.2785395314642407	0.48762880739700604	0.8064058606921289	0.8394421677062011	0.5487017798204419	0.15663503408465568	0.5328734535360283	0.52162000321414	0.3472594499241264	0.34135560941411963	0.5212996044276494	0.34385887193063885	0.5590243232775078	0.37358948926964025	0.5170289396167607	0.31437423156036964	0.12399757344966045	0.3901623111457289	0.3716673023029423	0.5267546385709128	0.48375452000535196	0.27261172977241055	0.5806671075412789	0.40252903908544735	0.24937447064088375	0.67344109571708	0.7860978457056126	0.5430481392262565	0.2052252985660467	0.7274783943352294	0.734759352569587	0.466307506985331	0.7399412228303663	0.4969718798986192	0.5066456025493637	0.6264087484159768	0.23627872780058445	0.3423530938286484	0.6183226061992239	0.6028022621189068	0.507624078707799	0.595345319786026	0.4767627661059224	0.7665126873323233	0.5170342890585209	0.6434651482318823	0.5239969081090968	0.30377591932850023	0.6905765329812447	0.3858842856709136	0.6757095291731363	0.5392581509276989	0.36163111977077395	0.5128967607665542	0.5702115449015761	0.12261690539636383	0.851821304730722	0.31647099846466203	0.23832840528141278	0.4676223454729023	0.5696829687990375	0.40208963329363856	0.7542942507747444	0.5633084297900629	0.6035913147042455	0.6423452359943506	0.24503462066401288	0.5585437601105021	0.7553635988567685	0.36399149809085424	0.603350276637358	0.6347035101124155	0.3907279595616445	0.6580172548460059	0.370808934772472	0.2330510353746017	0.8075441815932728	0.04798108641119653	0.5892573422314703	0.3224093288541491	0.4279833460135699	0.5185788329180063	0.4105591003437203	0.322389789082621	0.28842542842445196	0.6199998743567344	0.6101476529580837	0.42453095743283586	0.5783180925379545	0.3147805174426092	0.6542417243280302	0.7550078378916594	0.35098545549143934	0.3869709215173489	0.4362957272635945	0.4242602582126671	0.6610463626410248	0.5358316202358268	0.531121854126536	0.8097872989663122	0.6813051747721587	0.8269587379989924	0.612916671154699	0.4319324122226137	0.4546552672698294	0.49416168601241495	0.4175118270701582	0.4816513479388703	0.42601891479725573	0.3269332188038522	0.551288789807274	0.39063893091889024	0.6070536411672105	0.17461846641671347	0.24972462953952052	0.40508096754451217	0.525497150995273	0.4391335063619581	0.4541240552562732	0.8008512410840471	0.48656649185982526	0.6960455681124991	0.6177484905515841	0.33639768788878854	0.6506608854067402	0.4686733857501387	0.26215372788148045	0.3819969953927282	0.57975330479257	0.3666223815278168	0.21070346449308394	0.5351927047230066	0.4785021737612257	0.537828278357246	0.5783738877496222	0.27644105465525537	0.36031903406020915	0.3623577510447371	0.6058856210230884	0.3501271301947204	0.37032046444310124	0.39581336908989695	0.514110122147093	0.5798760123937106	0.6463123723229571	0.39551806740412476	0.5606481507594925	0.4964113404804207	0.3486402852991273	0.41231774506852914	0.48631751472241713	0.46953965713034634	0.3289955759705569	0.6777149801882654	0.6131298475089306	0.34695756722829635	0.785905850121827	0.2690480421170686	0.525447533182445	0.44775353521891287	0.6376292533046918	0.7975277565361729	0.34994080176776343	0.3512659714291494	0.4893179521850766	0.3812985065959474	0.8036820837152743	0.5611270928032113	0.47264749346146645	0.9569489916913374	0.5235258297950353	0.12916173380393436	0.40404578170889827	0.45610926238535143	0.6491222596915824	0.5541313844569181	0.2954833904732084	0.3228761114770799	0.3981564092414129	0.22300403367529475	0.42873022341458467	0.47555402234679367	0.28023558594004905	0.631773317981486	0.29874844261040784	0.19039929784230047	0.6694751204188035	0.6084176345167445	0.2115418584345199	0.6015803370391299	0.6024279517104627	0.41638526607997667	0.7316958484783148	0.32503560894340316	0.7630306844433652	0.4409618653793218	0.6944766409362244	0.19277606707688	0.8293680651031607	0.19094057218939758	0.6602548578302863	0.6638545115199124	0.4698219493563772	0.5068317316710632	0.0	0.5647786788618328	0.7456141529432594	0.45730351020952426	0.3916840033527671	0.6977260614321399	0.7894046680278884	0.47905111323868466	0.6675076622440008	0.490367366305829	0.6608887542051216	0.6284314220800291	0.8436662986081639	0.4890209975947048	0.5178563066782909	0.7665886913500055	0.49007022543303136	0.5795668021899936	0.29081620794457624	0.43032500178117783	0.39656340822129016	0.7760601188438351	0.28900887525410746	0.6009545139988636	0.51372800730173	0.3153354836748285	0.6245588997634235	0.8541856100119379	0.5665825543368168	0.47093887949226126	0.42527474062076437	0.5881371370209724	0.6862162688883556	0.7008156877489136	0.7710572031777376	0.2478046743496283	0.6906956312314175	0.6507047351723787	0.64710178349642	0.10108795731450249	0.305148829649197	0.46064994445219176	0.48427315822294253	0.7172344312584342	0.21981674804983076	0.7171693488271593	0.5715592821471229	0.6236821567815307	0.4158865599230616	0.27850562700834547	0.4785881827095684	0.5749335500643059	0.32312416616544665	0.6580510547624183	0.9728192828747397	0.18244737896748714	0.5837013358219876	0.7825827849783985	0.09800084433040779	0.36155267083534415	0.5792625490979788	0.5435683551742082	0.06356474957840147	0.13514321843948623
barbel	0.2501449497815947	0.5353254524153312	0.518124914476734	0.47472678710108973	0.37144752244488227	0.5323175480054584	0.674484675002099	0.3170104899228943	0.3868302746037363	0.5426335492287125	0.5146303079185552	0.2410951526120349	0.0674864620023905	0.3018696346891416	0.3959365326492603	0.5973473364953767	0.3659202244959102	0.32673186558253126	0.47554636439282716	0.5408187104233979	0.5191977032259425	0.6072793713324396	0.25740646143127327	0.6371669118543075	0.48071637889526153	0.9621910078993229	0.5540989166978174	0.8559518264230064	0.4596093053695859	0.581894313168968	0.7030972767213767	0.27088519059685695	0.9301093081124324	0.7545448748200663	0.6027272508098249	0.4708488526806942	0.8126077174026164	0.4392678044620715	0.6086140684963379	0.683604124071914	0.5797293812601436	0.6657595140600232	0.3195630869294436	0.4124657137198605	0.15906844398519537	0.43529399531376123	0.14913936220813562	0.7483731857385173	0.6580880465706409	0.36022556385460763	0.3072941392568382	0.47704614324610917	0.22689776905125553	0.42220310015622964	0.6470914466965928	0.4083909476642202	0.3793594588047228	0.42527907782801455	0.3979196163887635	0.26606407989599845	0.48591369824693054	0.6613295556429266	0.6920984310350315	0.5720516013815491	0.626178614974869	0.4263683688514126	0.24125772467370707	0.6202302795355042	0.514728886068976	0.8472588201616903	0.7190812097683139	0.8671790667338599	0.4557279927633726	0.7105246459151331	0.24323093885707017	0.5044248948368866	0.5871607740405924	0.5899226409488423	0.5548248403571857	0.4230997286728797	0.3607153075346141	0.5538657883993249	0.43903372763165827	0.570915348879376	0.2813254145803951	0.2791610391405296	0.5539296826570381	0.31088822189818754	0.6723499080551837	0.4809688310478203	0.06344539672292815	0.7092766908559351	0.46330390503413177	0.6048243053017718	0.8317060443590316	0.49635120968908586	0.380910816655404	0.27350725166985895	0.2573828610101774	0.705957833390215	0.524711871959837	0.6054429257802231	0.5217309488782018	0.2510955556259948	0.5867438652877571	0.7553603499008201	0.8352273716747308	0.4752089037200647	0.292721008928323	0.48031368747354736	0.21198876574788988	0.2115878620651268	0.5168110192258177	0.38379422665468776	0.5236011059478921	0.38415357408176576	0.5071834340509185	0.2972078816645288	0.5704900169864465	0.555826710433322	0.2966342738488182	0.5527266071202658	0.30964026835855396	0.3975457724692389	0.28397124276048635	0.5781764262555111	0.40845387686815343	0.35984470804715285	0.47325145559034787	0.5243954986592513	0.7628434500961772	0.4936402442579168	0.39697387389994643	0.6692727205973976	0.4360150321297773	0.40577963773637377	0.3405410402539546	0.3528211249566869	0.47141486231817153	0.41232930606548385	0.45407480880544526	0.5191711961453028	0.4441359162877507	0.5230946657372133	0.6566374534008842	0.6492685593033968	0.5146194271986556	0.24318192489291263	0.47268617717261635	0.16686703281254137	0.2796174278062171	0.6827902121959015	0.41535581477066114	0.3439055054503305	0.42390926069186785	0.6477253017751298	0.6056983477196426	0.4883150036076384	0.6379080759985042	0.680164238886666	0.3941594798000334	0.25993928375274283	0.692712748097067	0.4135092528607929	0.499151691046319	0.38566328384000703	0.22864994095063107	0.6101623106227816	0.44105517383585857	0.5089024689400171	0.2955943923107398	0.6876615362751508	0.5024548736872447	0.5900862753809266	0.32630553371726867	0.4045551351175927	0.6004925245028718	0.8894745071328192	0.5277025852895418	0.6053446164699906	0.47449809305921575	0.3056567778002474	0.34933047196557027	0.23557098835484963	0.5463384753711981	0.36043417884639245	0.18632931063175184	0.2556391914958287	0.6542776313231623	0.15839973212114078	0.5475312665202567	0.2006975577027123	0.7069344115869586	0.541055240356845	0.21375364485122605	0.420783278200175	0.7193561680548686	0.5335574524647945	0.5278720673077921	0.5847796993801168	0.25235247650913156	0.5524034560676815	0.665362790702877	0.4164164621187122	0.5423254921065442	0.8985054076577801	0.9907820700871739	0.5531629929418576	0.31833935872951125	0.4804410362107159	0.46784790392419023	0.8626103162969272	0.9076620762581713	0.4633613466670771	0.3923345945310087	0.17588924345928603	0.601978309177995	0.4018561745763435	0.8983817824830825	0.567725960661381	0.4041149365777861	0.68584995341264	0.6869950608641174	0.6793694366066614	0.2530933698756323	0.03652696082351431	0.3430358955258854	0.5909772112783134	0.6275741840934753	0.5169842329561809	0.3289181726284948	0.9999999999999999	0.6540132474166107	0.6745145562252235	0.6299683720405065	0.6300145275519515	0.36046364557273297	0.269685699498591	0.25163209854658597	0.6036727371620884	0.5502045335601327	0.5732157313056231	0.34578777283749895	0.7493661123638422	0.5585662306680713	0.14837040838728993	0.2742439878489449	0.3862083870346845	0.5556782063604485	0.5091474264395209	0.5401624058154959	0.7422266415642027	0.24843704765755986	0.4148024794331583	0.7915959401114356	0.40062790305010937	0.4889623258016694	0.4171858264422637	0.4870430041511898	0.4744977601967689	0.3059201854100943	0.7910789908309512	0.5545243852040662	0.7063511835567854	0.6140632088430893	0.4401112242222849	0.40844237173179143	0.7096438728800836	0.44954038802291024	0.757365108229855	0.25741356154566253	0.506047125059604	0.6154997474428306	0.6598516355472436	0.32747702630060815	0.6247306177874051	0.7315468941119628	0.22777350085290932	0.5406022242456627	0.6563777299833393	0.33403374061457436	0.6903141643056762	0.31094854951603407	0.5229880756830262	0.11898135365971019	0.37891829524535964	0.384117791069573	0.6549565436389457	0.6228231463513483	0.40207521087227704	0.35703151789761445	0.4931307998904453	0.17754438448634347	0.5457909652865977	0.5955338835557623	0.5798161204590655	0.5769204870982803	0.5131544181472424	0.40202395368418775	0.38835757897736417	0.7187447702358363	0.9539377370089108	0.3295649307885935	0.6205993696897698	0.44414657656325895	0.28959477914587295	0.463411347915825	0.37772792865637617	0.5627737499909424	0.7501116691427829	0.7417486326350938	0.6601911769708496	0.6621736121574724	0.493974366270922	0.2165358195677275	0.6556117326187848	0.527123633747535	0.3052515056683192	0.5926901301476923	0.5064368564229647	0.32776591681399064	0.5006535491154815	0.5016815692201546	0.5636601033619011	0.6331300999624435	0.3141558336178267	0.47965102497024537	0.7232611940863434	0.6225110973022715	0.4569444048163715	0.5089202364328584	0.7355876576469065	0.49465970084559396	0.775882431872932	0.5399411255837284	0.753681441543674	0.500416521532803	0.6264001030885723	0.5699681664944739	0.1447940244757372	0.4435168412982916	0.6423579177608667	0.43985312614074046	0.3784354961548049	0.3099731191292632	0.8185593761632295	0.5583015984355865	0.45682297401846605	0.5631600812746689	0.7166979951585193	0.6721191932252643	0.4676362282136166	0.24436563394623428	0.3244802277562588	0.5499602396713213	0.6573846997875646	0.2602057747707822	0.4866326315507491	0.7287173902287546	0.6064954358573408	0.4254400706781874	0.5048286316504327	0.6817817930387008	0.6953967901704158	0.552742135123063	0.6345073824134464	0.37661716828433545	0.4017648996942515	0.4084009992153152	0.6339799193829024	0.47826797174750546	0.6328304286025692	0.6551420480895622	0.477034862319986	0.534180840384512	0.48329844216184303	0.5237345876665405	0.575893832891957	0.863504476084874	0.15730248133835018	0.5352540496111274	0.45340872746554206	0.3831652869380788	0.2793018662572963	0.45731160583837505	0.5411225091602638	0.4509500058439062	0.4727866012643231	0.29869472741393416	0.3425872285193139	0.5718545887310835	0.42358501413694194	0.49715182499138544	0.5283355769613849	0.42384347917135945	0.6820397669948405	0.7691566945149761	0.38123421034163374	0.11503928329323232	0.40474507896499284
barracuda	0.6621867263349904	0.441175319636168	0.37232802615425514	0.8249033973041369	0.71113650408738	0.4395943684801294	0.47511011483375915	0.6944504533501304	0.5101336907786629	0.7018718030449738	0.4992669029804982	0.4437303648810891	0.5224577678869248	0.603772806806671	0.48159801772252797	0.4329258896322511	0.6176136673237677	0.8857044323204689	0.4925889125733179	0.3484580873306506	0.554806176896492	0.6490600880609234	0.8866640786298694	0.11693685346247812	0.3168018151946214	0.7176056584353219	0.5723001979966759	0.499399739588473	0.31898400067515553	0.4068705992005935	0.2705499819659971	0.2484510531076671	0.47621313335086024	0.5511791516523372	0.5361465061319702	0.8361260987677601	0.36035763918998226	0.5314037646990787	0.3261314108107357	0.3508260042671141	0.5837965911088425	0.29859466938174717	0.5224908441099747	0.6852264402011058	0.7412982116392434	0.7568573114077364	0.45155071466846947	0.5380633915379809	0.32537143480274155	0.7316391917883384	0.23604817257376057	0.6952201792092323	0.19744358474594237	0.6346378745530241	0.5607678093825932	0.2971170462562934	0.3273426966153464	0.5365175325981663	0.5248987559757088	0.32444030145619784	0.4882856124884398	0.5793484158044657	0.6454121824917485	0.6816339507845753	0.3656342267123863	0.6200230912805896	0.2881043503302596	0.6608612853543754	0.24742327021118776	0.24714581446321904	0.5228507609564528	0.23630171285720997	0.7237413217741491	0.4549414882087577	0.3785945558171934	0.7360255125766508	0.7790352679357506	0.27762325093515094	0.27078983661313566	0.7802563568502807	0.5135086779474958	0.6257689989690746	0.531786680694188	0.7241329158257116	0.6153019846899985	0.37066565244615246	0.42793738309125595	0.37372052159584784	0.6236937692800523	0.5202293238703458	0.681726042602661	0.3883391776413674	0.555379001853268	0.33366780795784357	0.5310142784235519	0.8728661792125441	0.17995986755601434	0.617362536291645	0.6231097256573164	0.4011513666483019	0.8170379654024389	0.3819506572730525	0.1631324863627014	0.47864443279038615	0.35280235361511325	0.7201656457132382	0.9436265216035559	0.6806175863897583	0.6527501150356034	0.2877188362377191	0.7314398354844232	0.46361526380538676	0.298282576347126	0.4890796372710426	0.5485875959607258	0.7045585525789326	0.3894297752576327	0.3892500569317905	0.271813878538251	0.37624757173888274	0.2751660098988369	0.06172495864633437	0.32408357765481977	0.6014698257660805	0.3947029354253094	0.9610386114568628	0.7979463043817546	0.47171431897302896	0.5832950144889586	0.5326993453594282	0.3762981931871028	0.419836725732019	0.41354807043136155	0.29751614725127273	0.754892953396356	0.7774936341451808	0.3292786308006516	0.3985135033534646	0.8751348746763536	0.32114569175512475	0.58344672681319	0.774486960738071	0.6194630891717915	0.19204381183685318	0.680065743993727	0.4092818150557642	0.5919904566337508	0.40445569856847413	0.5075086359229586	0.23893057595456324	0.5145645571011621	0.551355578884195	0.42136320161123064	0.2469347367496675	0.5000263289833053	0.3278258065711299	0.3838136232199012	0.5086790315756751	0.5322282517120254	0.8013991372123664	0.37923085024512765	0.7290621277466741	0.29763784426691975	0.5472253826405058	0.34148118000906075	0.3816706655769261	0.44178636946855987	0.54096131398255	0.6279589454868871	0.567300570020885	0.40220059107315836	0.8017572697864492	0.6643892460250426	0.7833674780469964	0.5029822907292526	0.43318596562752565	0.5133064678156133	0.5117200471342549	0.6004453474380268	0.5788510000925695	0.4891441404040261	0.6774705371532966	0.7115629158216118	0.49856543397583947	0.5398128540436747	0.2207285487374704	0.6791229282063251	0.4742448773359449	0.39494976472086385	0.47784301208247265	0.1926982736908039	0.5580290069588031	0.3727311410310057	0.6001222470206635	0.5418118190009618	0.6448978064741363	0.5146287435301533	0.6450433582088468	0.1394793222037089	0.37419020856764723	0.6916745889077224	0.2776783687423444	0.7918864232332938	0.851120381367547	0.4216542161275578	0.7921028976367172	0.2622212309633837	0.3370128640199759	0.5017196987715238	0.5603825311127479	0.5217906487333163	0.06632912479546899	0.3555801233769415	0.4077728128617374	0.41401972517940844	0.7220042988867501	0.3924805103935024	0.7313318130679558	0.38707324084454553	0.5147144490046538	0.9857638456247579	0.34846894526148503	0.02904416848493019	0.4246492669871105	0.42803429850862096	0.3382548885908954	0.45102935970159225	0.3492511772670645	0.5370480894687034	0.38606766807166226	0.6314731442302159	0.46111126698251614	0.6930301486543955	0.29989496767115	0.5785906493773776	0.229655275583361	0.5303075903223502	0.5438309943021951	0.8942590003795643	0.41030419163076187	0.48611156035228503	0.7722590849705642	0.6516215012193824	0.47475661418611576	0.8181697796203257	0.3827917490570795	0.26803364633403026	0.5953124158752086	0.3318026882839203	0.723643408466446	0.44756130913132164	0.3540695508663295	0.5591539943192991	0.36447100145269945	0.3189147450079134	0.8161538832589609	0.4817003919589083	0.20049228023192178	0.41719578784234984	0.6743759200205178	0.545416416565785	0.06091821358270749	0.30706220087921	0.548912169137785	0.5101000656936255	0.6172238565781313	0.34884609550407175	0.6546906144045419	0.5944790971326425	0.10752847243566876	0.43019010235680555	0.6171450023539344	0.5208981215276159	0.2836762852084703	0.45247523966972425	0.823058760810224	0.40982114398854297	0.6395366567738846	0.8442177536558384	0.5126015099443217	0.34082276195206324	0.618233655051488	0.6634542614836597	0.5739065294636749	0.4230034645861032	0.5371359251454282	0.5382621607210909	0.2737150866340519	0.29583761908355966	0.3121850391210562	0.20620468114218338	0.5286347330931462	0.5786304297990021	0.5574643999210709	0.4991840914088641	0.42721340671905056	0.16199722116787615	0.4554527166868057	0.9612691974248757	0.43318437809888766	0.6779461025337314	0.4273354097016293	0.4414162466806064	0.42780779090466015	0.7106953449592557	0.3618198795968674	0.6827419439060025	0.43284613753478995	0.1400894316284878	0.3409138430520662	0.07734429484546229	0.4021013019600188	0.651056798441916	0.4281477787783358	0.4369315896594877	0.6602883375399566	0.629358033857736	0.42953081178331737	0.7221155590584132	0.3350687348847672	0.5824065932326551	0.5222716119572373	0.6663552593536518	0.38237739995660347	0.7643137534855905	0.33467473675018383	0.48226439697938583	0.5696787214991959	0.5513821365235603	0.22906110471904806	0.6835823008164312	0.16671104821465382	0.6172342486916765	0.30615247148050395	0.3378629840485721	0.542139494291481	0.36909050863274195	0.7816394411393992	0.9936371495213864	0.7416778487901186	0.29072294381916514	0.8641077904699566	0.4289050175490644	0.47275222076889123	0.44763773598231554	0.6334402415766452	0.5642762584377036	0.4426873503145967	0.15536492898687074	0.37545067793244935	0.38177634739540445	0.3437565814020975	0.6451246313286038	0.7160281002680337	0.6494985215999832	0.5457392166862958	0.5278112517301466	0.5449893024874705	0.6230343718894293	0.42104173520474725	0.6668217076922904	0.6674164233774204	0.40749537069704433	0.3866602544477209	0.576664449540703	0.4163776356730726	0.46310562246307485	0.38020213433342676	0.6782942432382155	0.593477029015989	0.313493114458051	0.3084712340699135	0.5358163844714956	0.43464208499203216	0.5725707213260802	0.5685595257033483	0.4645669922393634	0.4299138001848101	0.3619026734941426	0.41805535847130415	0.1650054693984092	0.352553977828	0.23608167667829794	0.3406967237738102	0.41065897982057054	0.6083951611922488	0.42896052045368926	0.518439141911291	0.16023693795465319	0.5574864295661931	0.6542200063698489	0.33347808499230397	0.5610371704356077	0.42291519011556544	0.2522496756264577	0.3204599957904226	0.7704967113335166	0.6730057507720951	0.691022429043252	0.3834837849591043
bat	0.6395673355621236	0.6232791987598628	0.933485798435286	0.5139028964211219	0.486723730428381	0.9107306406426433	0.4568888409406893	0.8380865728152067	0.570203778724999	0.46718364655141337	0.7857764568623888	0.6968022954267649	0.8802851246296611	0.1948994639595969	0.5862036801723703	0.4879738592969899	0.6152889486401028	0.27554445149422074	0.31505992830182367	0.3550118332101768	0.6795873309072107	0.47775294075900354	0.34179924143334667	0.3362734669147398	0.5684271988771832	0.6914956292056396	0.723739698153427	0.32014566443026676	0.4848867434011768	0.5627614207396321	0.7394802260459626	0.24418845626915467	0.751130424499945	0.636896906621501	0.5829192813594032	0.3371751270480003	0.540955006145039	0.25635659681650874	0.2515419538185507	0.37052751009403273	0.8050093489243928	0.5763921032225405	0.5951065184583508	0.36868735504368005	0.27050413823009	0.40073025459654443	0.54920198503815	0.5648685468974008	0.4599131673077141	0.6532871301398767	0.15972677449203265	0.34379195050688927	0.38445000642351845	0.3153419470861595	0.5354427855848277	0.4787675720988824	0.364973440788187	0.07926546297481557	0.13154066766896877	0.42285065345862133	0.44103433596036773	0.7996620997862174	0.6225331434286356	0.5763516700101633	0.7999377369695926	0.4305294615907224	0.42351501100599015	0.7032491164773513	0.7559383401992663	0.6222699489549672	0.7140930073972639	0.7003984741400604	0.4472907754590866	0.31973788862186114	0.6217124585435324	0.5006537549692847	0.5792467037374562	0.562936760747374	0.7013105843168341	0.3130251089998053	0.3865669394084046	0.4256607527827967	0.37630953887618046	0.5801635444953488	0.4068511140178851	0.6138516483141137	0.4216581164731094	0.5259392498104319	0.4429326202051113	0.5320598733152357	0.28992362598086835	0.17192144766852335	0.24388440836909003	0.4417282465025627	0.36260364590333205	0.5205094072267034	0.3062121878797788	0.6665046904635322	0.2958133495433588	0.41965247051728116	0.6543891276660907	0.3824144165704245	0.6182371186668421	0.7055116054397007	0.7067548638747252	0.763854165426104	0.4087496547024234	0.38985949194502006	0.18948958910609437	0.4948480839130816	0.7548672796973817	0.5479081299023143	0.4391869236300324	0.39094585254332526	0.8196734723459767	0.695530674255913	0.334238082566433	0.3815811780725797	0.5797071150936773	0.660638399912236	0.18963085279296985	0.5566950452443862	0.44290270356261197	0.4986401385564841	0.6207053354534564	0.16953678655355953	0.49398575103191633	0.3693911102041043	0.6569651703059519	0.14931231017244384	0.5496070289988844	0.524089261880554	0.6380587983167644	0.6506159885876768	0.44634325016247445	0.7557207970657844	0.5020983962968315	0.6851693678794396	0.7990975913719681	0.49400175501208676	1.0	0.6668421651471353	0.5802093201394047	0.5220554291408124	0.4191946839959511	0.3785606679444286	0.32431818783190314	0.5487142729084629	0.4277030379506526	0.40291365895749465	0.3343997745693222	0.14600989037724288	0.5128488166752789	0.4301483174602974	0.5402794903039304	0.6810707585804224	0.6355500107532767	0.4169720358621561	0.47701812088319406	0.6317414835805106	0.7069843894143009	0.34332779071229047	0.7806093336080004	0.19181538981863466	0.2091665130779336	0.5845957454409308	0.5562589806582601	0.3964767058582958	0.5592726400697984	0.25350143699318495	0.5066303082626944	0.504547591011847	0.26468128076125536	0.4930521413611436	0.6710267650170458	0.2549770491313079	0.4807766760896783	0.6854136850910363	0.41752751129517995	0.2939724921891753	0.3665963345339062	0.046112666516687884	0.5944006781347453	0.5219906317052109	0.37487843792126324	0.22303296448557142	0.4225163250549191	0.13797578083776546	0.9220163458918255	0.8762092466397664	0.5100422583538573	0.5997099789822768	0.6711520961037901	0.12339014629980294	0.7134197416859733	0.7593614957899163	0.4861872076188537	0.21251507555012278	0.36441523989352953	0.3418016953599607	0.697468397711382	0.4451143662915966	0.38603293281779627	0.4847120058224304	0.4726536789536833	0.40218890433206556	0.41256925965309266	0.6886477665386748	0.6770802226697434	0.35561941855086154	0.7388532038227351	0.11302511942121968	0.6336110888344919	0.501536331759	0.3241673046881494	0.6071428847069014	0.423440673371971	0.41524815119585173	0.2491367085507319	0.4266149231456975	0.27744094827758203	0.3092165103422372	0.49460374526130085	0.9442235366151775	0.59932591031196	0.8267338000469295	0.5118287996462441	0.37598306999381204	0.5111534510172352	0.7546744503705469	0.3857643183321841	0.5231995717591296	0.46940023164356337	0.6909736730400151	0.7061026502710466	0.5317478275250282	0.6830555278111509	0.4266709116308657	0.29693599904013723	0.31405777333581797	0.8646472249636468	0.42591953521156967	0.525063024267974	0.6578050606615156	0.8847790456724507	0.1476280376151236	0.49633358597128036	0.5727309142498681	0.4656490855608763	0.22028461798741045	0.456052407120752	0.44572404534361443	0.545705905357109	0.8708623521841097	0.6848436154069943	0.38994567420231896	0.14295848440103237	0.7667086037261681	0.34996567487361785	0.5658167058392148	0.2818566452774533	0.2616665818031132	0.36307620829017445	0.3421783637063732	0.5705399471453452	0.10101274823551165	0.5947828011917011	0.4885739092289164	0.4861311871679427	0.9043031560061238	0.3089420574071887	0.24825505086387784	0.6862501488291726	0.43545619060003765	0.3308431205115317	0.20357340800867424	0.9386827968634934	0.8678056495986739	0.6956758022000964	0.7846895387185575	0.45398955772834615	0.41242758736323	0.6139349295420081	0.3852689988587548	0.6163085510343462	0.3207357899764423	0.6993649235587669	0.49829310547470584	0.394244326761325	0.2945062935157118	0.8533583198735593	0.5662784157191012	0.6441967891171954	0.5696375527952677	0.11600129089734851	0.731660549268073	0.44635212432294585	0.34726150280750706	0.8373585012472748	0.44983725886483583	0.5404766551195339	0.7634967074068413	0.8848828796633705	0.17782235055631718	0.49030363508283054	0.262319996053839	0.361794483448438	0.5109884392005382	0.41423478450158674	0.5028762075127495	0.3417806433891376	0.7933936809338566	0.6779044417744371	0.5542272057059281	0.3988917696083871	0.6322059701077227	0.35954533743511685	0.6128653014172402	0.5536634142773728	0.32291279440871307	0.17229868493700523	0.2578492787620891	0.23756868788154933	0.6450871402400122	0.47403699482291584	0.7075414488170052	0.5651592439222727	0.49392052844122813	0.480044830256901	0.4884669267159893	0.550233775463027	0.47765984166711656	0.2520810888825322	0.4501682965823363	0.6626581567777003	0.6583231088276011	0.6208164592298148	0.5707056288300779	0.6866373952336269	0.726185953178212	0.3838968799963216	0.5619911866807181	0.5732981696392228	0.2998587673354615	0.3518418983424415	0.33894727783434747	0.17600003308234288	0.5054518159456178	0.9032501449428098	0.32474307810408576	0.04513192029322555	0.41704652520992513	0.29356097713718715	0.633606302968687	0.5311832114208143	0.5068822760959422	0.3594252531103819	0.4015600933772039	0.48938897036848367	0.4295961113294188	0.6262229616292293	0.26701808015117007	0.24361823165261182	0.5082845149296923	0.6983383342593177	0.4586085758030191	0.5505932918709414	0.5889788080984649	0.18412984795377188	0.4230709146645347	0.685580767948587	0.4525626067650161	0.43165607429903896	0.5440116315180771	0.2670238063955063	0.5302754474129566	0.6357366040328521	0.5627004433530309	0.691788430440438	0.47204955681716354	0.5266718856372616	0.6746226482663384	0.7057650464628944	0.8276108823552797	0.45282298585675906	0.5640650599227772	0.3542279756638812	0.5317387302605899	0.19796275707582933	0.5639955974041458	0.3451159243240481	0.6612122344987209	0.35505088689079944	0.7308602142918036	0.3178174460891008	0.5016488167667621	0.7964044654622344	0.3740160830279556	0.4203364470191133	0.4390951414341542
bear	0.0	0.4234860404972629	0.3943325860038546	0.3441984114630589	0.6239182222242182	0.6679350666957531	0.448171964593326	0.518331052013574	0.4966454442118353	0.5329211778559726	0.4350657107126473	0.6844572325901369	0.5455162272163232	0.3521565424298523	0.6450984114478802	0.9451943323445338	0.8148424816563531	0.7174513490185339	0.369514723424234	0.39158490884407515	0.34836150159439483	0.4454846683947344	0.6738230185200031	0.2857955498582571	0.45468091453132675	0.9016098100116404	0.3686609986319989	0.7277814714857466	0.4695520638729237	0.24341852768811517	0.3900157048864917	0.28073831399532	0.4805406948068029	0.2934412429824329	0.423717871149203	0.3264543773890453	0.6696733323596232	0.242001100770078	0.45467317494297677	0.41399197350402905	0.5775735552148065	0.5857114997620727	0.27959102273901926	0.43903748045021473	0.3361029985597867	0.6529863877434793	0.7616795223605383	0.33283100662994103	0.6022069799386869	0.35889583443924766	0.42125101535010123	0.18735114352564797	0.3249334156443746	0.5642016185351637	0.598052080195221	0.2841850637545827	0.5586157738539563	0.4326666323063885	0.4187914853814561	0.7098768262576886	0.45480557863588017	0.3593779827113048	0.7221564243238059	0.5378857243227947	0.5697329578926414	0.471151432973557	0.39426105539346445	0.45151266409741975	0.44304269398417867	0.4276879648125821	0.7037229800164488	0.37754670389089545	0.597473162149861	0.662984105168009	0.47522038015009616	0.48927760677433285	0.6284321773089535	0.5465380510550212	0.4845698275463044	0.11507005721967822	0.4228043596580445	0.17997075104536864	0.6169026256346495	0.7297147743357049	0.4577520869295092	0.5423758288915913	0.7209090523864528	0.7019105133264871	0.5500746703456619	0.5285124627392197	0.3864135372173596	0.6976573229037725	0.34833395378926074	0.48590989097573106	0.29212578938795886	0.7080247266295183	0.3794411818897393	0.26969651574536024	0.592512140529351	0.8406067445209141	0.3792173387527468	0.508492379865292	0.6600478086371969	0.5302608073793011	0.6070121315563638	0.6173374898227468	0.7004826536867252	0.703045703443837	0.4605136795203107	0.1526448336330894	0.3347060919799737	0.7984229491993742	0.7043894580586665	0.5359816133479647	0.5441699687597109	0.2747425886043562	0.3898848666918323	0.35782394163478515	0.4332764363372571	0.3865137938641593	0.4398868687637155	0.5532594117945723	0.7098892631462753	0.43126185850989424	0.4888971454555273	0.5734533315130436	0.647711981586812	0.49983634947866024	0.5803165908914875	0.6436023522661118	0.7424283859319623	0.5272256834314356	0.02337729399503452	0.28407029912754655	0.34594137389932583	0.41330773616401384	0.6802906680316201	0.6153678327140226	0.714538247753124	0.5395235110256286	0.4460297333606506	0.9064756288506934	0.7069239547296203	0.4651829185505716	0.24716655252151157	0.6911123480106717	0.41865527295504695	0.2497721811216497	0.6175600847118833	0.5703629024649886	0.3589576881554383	0.7374477748965427	0.041318973299878436	0.5608555061479396	0.51269163133823	0.5593337798554535	0.5648384437360432	0.7931004853181368	0.5361131488054728	0.22397218136431302	0.534052228748524	0.6302100576215679	0.2299718192114154	0.7779070128142376	0.5212865261554291	0.45719926691476903	0.3949713318992759	0.4416451059416782	0.4812803305210658	0.23281171492432506	0.18890381144970003	0.4923845311764933	0.6282427175935942	0.5124038515618363	0.503807320609553	0.41057611902328905	0.19219002621314474	0.693965275048693	0.5340950905300845	0.6075440698570762	0.3531385463007233	0.25115373776622546	0.8782213820555247	0.8176892978286119	0.6723212287969539	0.5533116118351294	0.3589530939242451	0.3824768567445797	0.6717389643778355	0.6671632193178267	0.48966049572747117	0.4282336922095531	0.3320201337372428	0.3235935686612988	0.40188176026874284	0.4315871881109762	0.5894566093936435	0.6169270471916237	0.17904444016018972	0.6007425182275231	0.36771038289401226	0.5087514457915443	0.5144419536258193	0.3982887572942825	0.5817531124089755	0.6986563673922931	0.468639427030628	0.3075288761723626	0.47594606361253966	0.6283250990853391	0.3899217439280123	0.6790895689235933	0.723420151951195	0.47114628391074687	0.637641988650322	0.46332938737482576	0.4627917433378617	0.48059791348744063	0.3391861529950345	0.5858792210113368	0.46570118306656827	0.33256067866721367	0.6072584755696182	0.6589218370995313	0.6599083829717827	0.3289007353368072	0.5161157159409407	0.5172338576424468	0.4512435862234675	0.27964982516446346	0.4317958364588611	0.750369763950138	0.5132590641209003	0.08580871861103356	0.44177541852625113	0.3457507060236904	0.4282628326616901	0.4018847681610679	0.43659829672272277	0.5842594930538013	0.8147434462789782	0.7161318242403487	0.46332568376797256	0.4856815475535617	0.5867636632069315	0.32954744814971126	0.5929203673295009	0.48217445954336813	0.22004477190160526	0.6106842090217753	0.04527638268858164	0.7998432029486852	0.26901294502226736	0.41806782670453957	0.44736918245883395	0.2461364198323738	0.34789732319378347	0.6254787026464722	0.491991968869373	0.7655160133181701	0.1575088180080076	0.5550340002323776	0.6943467037711957	0.436332239325883	0.43966077350730204	0.6953426217574681	0.3137775366551528	0.24119075382300081	0.53613303616471	0.508859599191849	0.7650203677118762	0.753325118289982	0.5606435146016426	0.5513225691448179	0.3967481210602381	0.4109337826535837	0.658275265069928	0.48630818905944256	0.3380811275169786	0.5888896223348942	0.5497008002805208	0.593681970538046	0.2808117983572344	0.7946154632966668	0.3753499473235203	0.4526907282003704	0.799365523272291	0.5364343471595712	0.38075752208956415	0.730037544243969	0.33700999305062773	0.4269276829752227	0.28744159513156664	0.3687004660976111	0.5767610112750631	0.5223275888391941	0.6803959746416821	0.4532947143485367	0.4932714147667288	0.561553200589059	0.12840054966412523	0.3578672385044169	0.09017416334469425	0.5190749884415568	0.40038088088392887	0.36486351278665086	0.45961394132189554	0.402348013792621	0.6636462588843418	0.6343045860346227	0.4487624087773445	0.5793631412489495	0.7558919016037378	0.5703495974813616	0.34752471640334626	0.6293936393203259	0.6794567648211072	0.5291418940745858	0.2664291375417267	0.40325679404628967	0.49775327259555197	0.6941570249054763	0.14242814851680147	0.5921366791817968	0.2063273792133138	0.47616895672916904	0.5986250334015472	0.40148112219579796	0.7920500306938929	0.5500492848756052	0.2505204838560816	0.45489239398986864	0.3982233023525125	0.46045819205995675	0.49521238381210886	0.639941258607382	0.5484418123761062	0.7029409255709084	0.7176756333604538	0.18383293707422144	0.8100575543076836	0.5549312329676874	0.4848882437047707	0.9999999999999998	0.6866107096778771	1.0	0.5098561353510772	0.4263015664014068	0.4174994607158629	0.34848145924863944	0.6077305124977641	0.5702749664324533	0.8217437453009254	0.502715810766645	0.6778721064560109	0.0871599725077375	0.399848581970188	0.38579124805717574	0.6483148538601321	0.4663750337453928	0.31601803590487815	0.31723757112425877	0.512888088500836	0.5076811638948482	0.8010049855470187	0.4907093938558714	0.1631389329108902	0.029979249256826712	0.4427623169905778	0.7659525753377225	0.7173867835116294	0.6419327587562612	0.8415295928238692	0.6814220059178795	0.5651647826482974	0.5963768221713571	0.675396716184459	0.33047512522300143	0.8416150905687585	0.6511987065444651	0.4252768399896968	0.5372899688306666	0.41084436062103813	0.5818320480644272	0.5234803884236289	0.5371830094029255	0.5372398992086018	0.27267333121194115	0.37836602603851544	0.38847074187465525	0.251579284494039	0.46847943556918586	0.43972590393022953	0.7149461555396017	0.6629956269098712	0.6145956162888911	0.7208988220435789	0.5163950254380831	0.24014827550992116	0.4401335709408392
beaver	0.236785789663073	0.6917182388302667	0.3930947151511519	0.6092139770582455	0.439342867054594	0.5647117623810167	0.5316459475997182	0.6406535721180832	0.26701750130692176	0.46699844238965976	0.9188566236203642	0.261035828429688	0.6354897719653887	0.6673937489663789	0.4627816147801772	0.8326320463367493	0.6448611150198522	0.5333473661204686	0.5204624191553971	0.5252734307432759	0.44045970686265795	0.3927650043636395	0.33318405267477685	0.3075333155922493	0.1342249970379248	0.428724287485876	0.7877987481537768	0.9916185259731125	0.30441791954324365	0.45545097024586356	0.830122993197147	0.28993414558664826	0.36736512121288245	0.49324900059429316	0.48766061425601714	0.502193670978602	0.6270983555071042	0.6044496943928938	0.44441986492796665	0.7009044104175692	0.7136384225279395	0.6298188198416522	0.3439097171971128	0.41415282251483077	0.6404430132707972	0.29179812498501806	0.4809115246690515	0.6190520102282486	0.5589481505029545	0.5253740993019022	0.49663858584410037	0.22230001709545483	0.15368485139816768	0.9094830303786454	0.5473255372898553	0.4261007880325389	0.33109815392146097	0.29063325765378506	0.2062628195901151	0.7382070645072218	0.6435803827003325	0.752812333563707	0.37239935589914924	0.3240044541225112	0.550622358289024	0.4309071079195064	0.3071083265350275	0.6593771156524103	0.30606423775794056	0.4804289334653602	0.47171621199758407	0.3524401705419997	0.30479654290475555	0.6171046606985866	0.7161465199623587	0.4577347027427649	0.5475721134715845	0.5038186871922862	0.5162873775562958	0.42555762103059014	0.5496361531989453	0.37754169758416883	0.43877002920518304	0.4783901419661588	0.44122086360032503	0.20089309564169544	0.40382504329121305	0.5478711503851381	0.5068878474566385	0.5881662921639628	0.20586317750533156	0.30175168590531026	0.7483809058135742	0.8213143665710007	0.4297973544133217	0.29151161256472463	0.3350004358739368	0.7030524154573715	0.4267850416409354	0.45994676218413355	0.39623674815802085	0.5017917002988193	0.5484467557513425	0.40645567189968895	0.7561330776158398	0.5246238525096121	0.3429472891268324	0.3320060548908214	0.5762570023520477	0.5777955190476071	0.39853676511752123	0.23980922764898296	0.7080206343042594	0.36050464881929556	0.5414525622762332	0.6209328211479597	0.5031095416439163	0.7087399108358458	0.4524595134063617	0.4044935127603825	0.4643989567350223	0.44337712188214734	0.7425871829701365	0.4053876899179754	0.6136629705130074	0.3202942072613909	0.5483015559076623	0.15550622836770586	0.5080775204359714	0.5614415027592777	0.36676817218117735	0.6988457268513338	0.5506271760380048	0.5203298456844647	0.7158329938466261	0.4450769947011988	0.8548239923061745	0.5021682554313016	0.5045373361056751	0.5381509092630904	0.6290768901640418	0.6237886235455009	0.63881284848857	0.2208971897337774	0.633246973067491	0.43919076425590303	0.5725033630444551	0.6772229520148577	0.6418374473269568	0.19148649394810507	0.4602365462368929	0.6334704897712162	0.5202679333705597	0.6162581436508574	0.2856835623774686	0.37659423749512366	0.8649829084746654	0.36604456076677355	0.5776977527297276	0.47156343775735277	0.7853155778047015	0.3513361015480684	0.7508164670327748	0.37209883454075643	0.6922535678936913	0.32056604034788483	0.7787047338820796	0.604640473088814	0.2894219565660123	0.3156309563833155	0.642427168205201	0.5302388148038277	0.27209110182616425	0.3995409494068739	0.5500085603070332	0.48784193070344417	0.3703350962662327	0.35613448453213514	0.6206926915620137	0.44337331019565296	0.48920649375461833	0.2122925325590637	0.37977687297872836	0.310961209602367	0.6427029678233336	0.43002279347206684	0.21006982307181393	0.4168598774288565	0.46571283644561695	0.29111585412445073	0.5533652000252822	0.4242487462164134	0.2531243282193155	0.07980754073829	0.3225211793449022	0.7322967149886634	0.8422874179597459	0.4086761429230312	0.5769300467734311	0.4433800086647912	0.2361735042305122	0.6824506344256391	0.3425183732335681	0.32969451565153896	0.39118691783948467	0.5448326387228414	0.658512043135651	0.5034731540202594	0.7671437904979752	0.5951131429111035	0.0	0.7248032557754273	0.6797832878147712	0.4845301291766315	0.6552230731459707	0.3010894875458664	0.46576378428955645	0.4523673453217909	0.5824835217441794	0.450974515691687	0.22810513552894696	0.3296096173816117	0.36972378926355165	0.6743865837224092	0.299717549355739	0.3137478455240382	0.7270285373603449	0.13541439705173125	0.5608578913394562	0.4450066360512617	0.4193938530500989	0.7394611740974056	0.6366168271190151	0.5989939708167974	0.42585174276157156	0.5953119095212597	0.6814997716983813	0.4358535913232811	0.694293485041121	0.3976555486865703	0.8406662903198029	0.41960039399172633	0.5013226329529752	0.2300556671216621	0.5566714562085846	0.5601132695780058	0.9843184289371949	0.12555358210171474	0.31171798482817137	0.6747978622254032	0.48265787346463895	0.7083297755377714	0.6058523622735679	0.6997816991387693	0.3505025278993476	0.010262213717582458	0.5874122761068117	0.41627935991026355	0.6434590688422004	0.5805073697712105	0.6484171575822921	0.4578507828032658	0.6695337433657602	0.7082287260098328	0.6682860157092699	0.5136886705106909	0.48134343079751296	0.5546334885181774	0.9030054821632136	0.9300190854718415	0.1559410544594816	0.27310943942566507	0.6649334234819629	0.40292478968210593	0.2199836199704707	0.27359070640837035	0.8705554091244203	0.4767813012003776	0.29247955986953494	0.5484352766484207	0.4319002730176131	0.22944660816503537	0.8219692447206322	0.430441209999405	0.33243210755527924	0.6080049763750751	0.7707683482921557	0.37532508564436784	0.5352665565325702	0.4827055592289456	0.5458542459278811	0.33284846546222524	0.5931110710920148	0.2091967597751816	0.42926906728831904	0.3579359110015819	0.46856951269107383	0.628514036001921	0.36940100921188623	0.791900892526286	0.6167565573047002	0.337396011736245	0.0	0.571326567548027	0.6129185595558208	0.49676670333342876	0.41136594762785417	0.5516505527034068	0.4706408412658507	0.40540849818103053	0.580277787755749	0.5809555558164474	0.7248077395136567	0.5382371418344852	0.647912075753337	0.4579995486102868	0.5338906261565818	0.33706275142661335	0.6389797383700244	0.6460027754826394	0.3365596592638303	0.4900657937494229	0.34913910550498606	0.39612648399455747	0.4315865599087298	0.44412429052759117	0.2860697779973833	0.3495036685941947	0.5931970753041015	0.5405340907279126	0.8397394048193032	0.4641585771769574	0.5684777155561005	0.6955864588155944	0.7072329185674512	0.6040793872107898	0.595301028128565	0.38789169158549375	0.9403072440150618	0.14006836852108656	0.7451404291710706	0.5548004977688666	0.3139680753762003	0.4024561548671614	0.600910414806714	0.6709180505262435	0.2773184304555181	0.4923370074802062	0.7447814607656114	0.3257958157500307	0.15583835008625635	0.221720098143248	0.7327342849538008	0.684668583598715	0.8277767975959169	0.49953366184441067	0.6092024238569942	0.4786449357474675	0.9609791957866063	0.5243904613206689	0.45216359320890814	0.36314850873939314	0.3397726786277772	0.5401652044593909	0.41240848863040513	0.4011435523050051	0.3818107030269258	0.2640065084466735	0.40702777532309686	0.47760326407782466	0.5084832295446806	0.24683237977095002	0.6967430300905838	0.6112360921092781	0.38559459106120575	0.33480253542597965	0.7554902237416881	0.8121943560196705	0.5340060619758648	0.6673175433851222	0.2844177453030887	0.4358633925259637	0.4597292140650314	0.3731185187394133	0.4958101824133117	0.706023407639758	0.7807318588209653	0.4186718990441177	0.5666864580929476	0.4532880328793339	0.26763976494785835	0.6104819327048956	0.6843684042727878	0.12450864792277716	0.5031308442840691	0.7926295711483531	0.7796644698506272	0.27946906821938006	0.5915101372914372	0.20916807867021103
bee	0.70227485221863	0.9999999999999999	0.5827382496085453	0.8676590701385132	0.7350899345706576	0.6204290721163447	0.59237487834912	0.5981982307491002	0.6452955393752839	0.09775711750467908	0.4723875507023261	0.5496466861070123	0.3913465193782466	0.7711672124435416	0.7327592740569907	0.49684119998161524	0.06502485705367222	0.7027821840017316	0.4530381933173817	0.3346297291069628	0.49940590721385175	0.7303279910870946	0.5608987262460925	0.4897658437950314	0.6021379057441143	0.486551163880674	0.407940005104781	0.3356661255215682	0.5160289571882878	0.7156286395369891	0.6877198549179125	0.5682691426737186	0.7258766140825689	1.0	0.6376361533254518	0.7024425123025574	0.7163802714709232	0.5953628807364343	0.60317257643467	0.16803870822219574	0.6245997263938737	0.4147070022033678	0.7095294502907956	0.8507776592165156	0.3147787231945209	0.7878501458693273	0.44287904702377867	0.3655375677596513	0.49375356702437917	0.3105983330375957	0.40580162842455864	0.39249508346568257	0.4526567525569903	0.3380171629941766	0.6075815774669315	0.5610086607475443	0.37126943414289365	0.6461710685419151	0.08871366108392531	0.46685399435565045	0.6432548502928623	0.8922134979555005	0.4209487810768088	0.20019093716854985	0.32751712464932947	0.19481569937584198	0.3041376899783972	0.3669520289083782	0.7566464531280983	0.998043866661241	0.43551490243262103	0.5861917420684686	0.7797130007867021	0.5004876064442959	0.13914420874677075	0.7019989558590856	0.4928457051006662	0.30149032230655953	0.9330223155121301	0.27836515917973176	0.42860545732727107	0.4834040226443729	0.5662959254554242	0.6728685980770122	0.43093398347923295	0.3876936964648301	0.4047367117766073	0.5142401214523628	0.5261013428106787	0.4970061604818879	0.45964054661201953	0.3138657246018742	0.40114326736108213	0.756426300549137	0.3966313983537074	0.6053416028196905	0.5360529009531947	0.4457153639649021	0.47049709023534764	0.7142929795370421	0.8747819324842014	0.19631743373777316	0.581762986426651	0.6135773316795843	0.6843775746599559	0.9688106093504079	0.5211180446259636	0.44115820317378157	0.65082170810101	0.6348527689041071	0.6400468892938787	0.540944667193523	0.3998585782083476	0.34122499730470185	0.44898384863688856	0.7046286834756647	0.5777218502440176	0.5250528577054826	0.4292535352902658	0.6705205354541118	0.5827913912649352	0.5542031808608426	0.3845216111399538	0.22597399160502024	0.3306244537303028	0.4044004427326535	0.5200921479400478	0.37597179718557	0.5671412528225919	0.7541020406540209	0.36203845752996144	0.4763304760590052	0.7197069173792732	0.6377651642191858	0.5080252729457704	0.5519452224824565	0.4776844599082669	0.3815697221778809	0.8582370517573703	0.8030142686920835	0.31404245906621336	0.43635084067533003	0.5661896563237887	0.31819350864217183	0.31878912456897884	0.20433942025018365	0.44531862677546674	0.5803992095572179	0.6638954391466225	0.4951751160804295	0.41657719049586356	0.4982429865830219	0.4555495792915505	0.21275991382718007	0.6106269198949423	0.4170410034868279	0.5964624993679012	0.5005872571223339	0.46715645410914497	0.6789462610327206	0.6138834919768502	0.5995806374435306	0.8063125391102246	0.1557475587824964	0.24865845553086915	0.21538230949908982	0.47323201731436876	0.3925867593674812	0.3832414593580034	0.12134676674823247	0.42461235651082985	0.327190550188951	0.39367976843935804	0.6600997325184514	0.6022109902846997	0.08732188220602832	0.5050132605359418	0.6687850039938296	0.24926029270322203	0.7778487444007931	0.438374047969187	0.32383714847973327	0.6154825355158546	0.36741307722445526	0.39024442644614316	0.1926991096551421	0.7740531459419311	0.43630325930609526	0.6603202014291136	0.5009301883428309	0.42288649406812623	0.13544368221827696	0.46121432190505013	0.35280977630412286	0.7367687525064937	0.42950612266577826	0.3125615056135443	0.498194158104048	0.683459109325203	0.5907209014290778	0.38087268498677007	0.5460326539431586	0.8156435517828801	0.795042615685933	0.3012450778670396	0.5875990194434718	0.40337438302887374	0.5866856882980065	0.3891468075514002	0.49548215875225365	0.43981021443842105	0.2367348235497907	0.4630796380284853	0.17283590660783105	0.30767648729674024	0.5533777582983881	0.31969000387296415	0.6900041303041473	0.6816012483391404	0.48384753145420434	0.5512047028312975	0.4796320191177566	0.41253182272271566	0.24282109958058204	0.46502809398953904	0.503227712249101	0.5411294550777015	0.6154109429511548	0.504527104860222	0.5116686326874543	0.7194501443613498	0.4792684071876341	0.5217363388848371	0.6368172147865279	0.6454782163373249	0.5272805597729497	0.33183892664484715	0.46197763521563423	0.583343013777301	0.2783610513676076	0.47555882786818715	0.2803136408124235	0.7203379961215702	0.7132266787963822	0.5882730703467197	0.2893555953783607	0.5822968070059239	0.3089916448468335	0.31286372485037106	0.6493994058021569	0.7527634824062801	0.5629418074875343	0.3186786496040924	0.4243208029389105	0.4198537752690601	0.4182882177420061	0.12581360836020816	0.6385701048325825	0.5174951638469669	0.555594788814346	0.8461180715429772	0.3214423332767109	0.4723793857615153	0.5521451758848757	0.364800894433844	0.3852843705365674	0.17359258298821512	0.676268145563212	0.2805052425995779	0.5850215136735839	0.3441123633841622	0.8015781886277062	0.6401714062485032	0.5535929684631249	0.7092600997251107	0.38597511286038155	0.49422007131101553	0.5016148543123043	0.4653598416599041	0.5024327814615166	0.4928360173276515	0.4144113050288933	0.5069469237814566	0.12011748397522093	0.7004831889646814	0.730488135996011	0.4816997059545818	0.5117706974946267	0.44741256240803096	0.3822644911934423	0.6270305500062603	0.6213309791830953	0.47355612577994877	0.7340730735956473	0.4590958169351395	0.6453906286645358	0.31074052158082177	0.8508135307957893	0.5006728830422291	0.4466397511241588	0.5793948083392255	0.8156811355254179	0.46694949464091384	0.2856553049153325	0.30953886993188845	0.4598979104013774	0.5934686125004643	0.3966037317329769	0.40241634125456893	0.3464905368125605	0.58927549233085	0.5049085768778497	0.43225057461632105	0.5543877315396092	0.6005644815720205	0.2896757761411861	0.13447081163781316	0.49960802209988964	0.6948555349090355	0.8650190566964562	0.41183982000380637	0.5302918667807937	0.45886320579864315	0.4364089959690065	0.4542420523632229	0.632790708104221	0.7584017733141033	0.6148655028374287	0.0	0.7773636487936854	0.34900477822383325	0.5898591569263055	0.5402101506948005	0.4098010486261207	0.7641591002748471	0.5402848847569991	0.8492298545364796	0.32594932410422284	0.003827136518211538	0.4895159827873876	0.4949230444374362	0.6302432177806805	0.5318429873006404	0.2166135151840107	0.42544017250646554	0.35725318070249223	0.2417497573816168	0.38088328915638836	0.44535419705436957	0.7067304723486295	0.5702666302715516	0.4309275790685193	0.5298931327264093	0.553671038137206	0.2810351889614652	0.5988899230577989	0.5384943228427558	0.6041028902165314	0.45531585074476777	0.48049602000512165	0.296439014807741	0.597889027889542	0.7381337240099338	0.617780947725291	0.5174854095857778	0.4559959208377772	0.4511712056251774	0.5444383347634468	0.7077884470924859	0.1478617894618916	0.627715451091812	0.11847081412433397	0.29735527723023525	0.42616616850125943	0.4366257340851629	0.6101321924503846	0.6186452093120347	0.3297032293401969	0.4833733622147466	0.18307650135067355	0.5137013240202325	0.7974914360323804	0.5817595065081478	0.3646039016660058	0.190083537278807	0.36626151511824656	0.4958068176651455	0.5311854247591047	0.3098807032338572	0.3193130669793078	0.30988581620233857	0.32084830168165934	0.4001392149069456	0.5403125921352879	0.427654299585711	0.46907904796081734	0.22645207421201857	0.3745018366398984	0.45229101105897573	0.1795047952865218
beetle	0.5370134785796912	0.6093736574962169	0.721828696317661	0.7359407924202751	0.654520529810762	0.5340337668782504	0.5092103812008335	0.429511556017245	0.7435761760526391	0.6114552753323422	0.6399875803798674	0.2647793710842047	0.47595599865483923	0.4170099556752775	0.4983065547885912	0.0	0.64329819691001	0.7607481106736744	0.3508440746999054	0.39556299611467416	0.4866615980267409	0.7142508658778445	0.5221448054485337	0.4174712203481242	0.5101961523525413	0.3104904464749998	0.6722180496414358	0.5973273711247103	0.4955163456984921	0.4897756178791385	0.3637975286659011	0.5160003124059672	0.8123119827761317	0.37034168427664005	0.25706034676868666	0.843674658809248	0.6617333982246101	0.4376359415506796	0.03783271706131264	0.7042415086607383	0.4668031120672125	0.464660609158058	0.2903212394370549	0.34159130216469413	0.49940925904938593	0.5729205199557108	0.5830221872290273	0.6134537103805875	0.526830380148199	0.6123139235407207	0.6352249234776782	0.5034632323166394	0.26964654181228453	0.7091708449514418	0.6013127531218883	0.34717583776606353	0.583702035478555	0.511759339296861	0.2050068161658167	0.3170787611161212	0.45140180545448577	0.673249276063719	0.7341166246838124	0.8184370637980523	0.3762733981274194	0.2819325070835936	0.38346529455905115	0.12179882759054106	0.4926697803283048	0.11682387967094354	0.3491213604920585	0.5315334233805695	0.3218490847832055	0.3617945586819646	0.3278664138986809	0.16548251355311464	0.6619121090616784	0.13541721215814606	0.2097206409171572	0.45000857542101813	0.38992943155208837	0.5582610202482096	0.8067282253748496	0.4716924082644346	0.8431197289205391	0.845835625350394	0.3537011598227152	0.42436255263985734	0.4472714900892599	0.8497459322096974	0.5097461032524061	0.6681919763540843	0.7883757375368716	0.6969683245843077	0.6688495412206619	0.6846407806239305	0.20626762348809402	0.40852519284002997	0.8710410090579412	0.36946163869094234	0.46568974547466346	0.8471108502705241	0.13494210931930706	0.5543935201481325	0.675209535579363	0.47922370730391517	0.6037006870864366	0.590461571785367	0.4616249830493747	0.3457692377387911	0.6866072553333527	0.4042443291281018	0.21113727536122892	0.8812694492343438	0.7136166331617487	0.4973502870719309	0.37890620698963157	0.49140706434498077	0.1315789469488896	0.1848180189927191	0.24474353392836484	0.3833411293478563	0.4440326115388689	0.5336573151277647	0.6652201854827413	0.8520701811937679	0.5474647106727173	0.3833451519621693	0.3808117772564319	0.4531876090276314	0.548499747025735	0.5976884066273686	0.5742661069557807	0.5331384335257261	0.2701212503359134	0.6960754151279351	0.40430580121788284	0.34194980043147905	0.6517466286435181	0.36634764778726925	0.5279224269145589	0.8222688624171429	0.3000501870423901	0.4555906101580511	0.3871842632237177	0.5989180425570388	0.58306701293273	0.5080363097192724	0.19538724544521108	0.3321779742052566	0.6115956642250298	0.5774423216147057	0.3235663624022974	0.41962690394504587	0.19022312464231517	0.7060811051274087	0.41677010914167845	0.6276040447262179	0.6539245632079264	0.7669826882259649	0.49940267021363044	0.6361660929505571	0.7535089704970916	0.7006953175313151	0.3892661809202356	0.34035293189902893	0.7403198530938137	0.3244171163344375	0.48020486049206595	0.46527476111902377	0.4515163932154639	0.6924120433335894	0.08628384433061964	0.6484381258858578	0.36286796156141066	0.5039851566279049	0.2895871434089212	0.47510258137069067	0.4552281090504718	0.3340876468697669	0.41394271229236573	0.49020589401153963	0.6166473875164058	0.43114472235586454	0.3895226660764689	0.25049657008838233	0.4908254316659392	0.19221325861528368	0.6807792462675083	0.380328561269345	0.5726815898827649	0.18711278116331054	0.571835181398026	0.4211757266486039	0.4327689450138	0.7780229998598502	0.4926423127334868	0.39382694078835523	0.22482350027178177	0.5461443112749054	0.3474740001321002	0.4201823219179515	0.7656702112045236	0.30362037243038426	0.6920955284547392	0.8694485320737606	0.4036535233538491	0.8194429074385687	0.4818242388870935	0.4739590941329009	0.3435110042243548	0.5257296281595348	0.39153879523915963	0.2839550620802203	0.6692308114024176	0.0	0.603749223490178	0.5203442192536952	0.44181812377505664	0.4049598786522747	0.7651238376718656	0.4999694427915728	0.34331021310814636	0.39514129422145583	0.4270362181506384	0.2521004564396355	0.34492988108017286	0.2969461053385204	0.6872581605880964	0.46627836802329536	0.5280443120861735	0.38654946657476735	0.7094222527442507	0.3180691287776828	0.47817583535930586	0.5849266597956313	0.5708808740722603	0.3369316196251608	0.7172802730406862	0.6668346442460464	0.5748176672047871	0.46047020952373624	0.5618656671137229	0.770271864225321	0.9394275767949156	0.5566689543919568	0.3879397970704856	0.4301518406415632	0.6119872501290554	0.8643097148146857	0.5671530298560081	0.5271311929673635	0.25779944921829046	0.4560185989209816	0.7097105046220601	0.6814823186409833	0.43630965971681773	0.4480472934823069	0.4395697651944131	0.4065139791927979	0.5943638487089661	0.41987927145192894	0.42976747442961094	0.5608345956545863	0.7076455208827779	0.6625395615861893	0.4685360478105782	0.16343955447169056	0.36206213628776357	0.0	0.5702958399159144	0.5717899301574915	0.5858051398107893	0.6915632917487697	0.23993472420225131	0.5866727814418393	0.5636502931069749	0.8037540304840237	0.6417920692908822	0.43061508718631836	0.6791682919973565	0.6506246509001526	0.5732219211419877	0.6977104961056977	0.29518326996620203	0.44916501727175595	0.5583569095069352	0.5544659447511404	0.34868736867599315	0.39299063854425476	0.4944359769091924	0.6872018582208784	0.5662074733973304	0.4110076910231997	0.41446421024284347	0.7231717565461013	0.24663493239524983	0.4327133158908045	0.720769805042945	0.5928925636868289	0.7673109196915184	0.45177629501424954	0.6063907642589058	0.6187606810052356	0.5603278578264602	0.48184288910143114	0.5968911281021791	0.4867603781937187	0.19640387234290468	0.5232411503398485	0.27330682310327215	0.5007016553796967	0.48032380663946067	0.7654625916395588	0.5192405581989677	0.4282251534388243	0.46867699020011	0.3805894399709524	0.6094162022460842	0.4515716703983813	0.565665709975058	0.4122840129194212	0.727374091820622	0.1353719924824185	0.5483972304582004	0.2326814477907435	0.5447100285323803	0.5791856835459062	0.3583300111994845	0.437075055094706	0.6578035267497719	0.2954258934683473	0.6681509265928668	0.33084109158786734	0.3591653909434005	0.49126130120816114	0.43181380510833434	0.631471846697831	0.5749704156850807	0.7101346775855579	0.3735733512555942	0.7686826628627543	0.5833848493519009	0.5177701757932518	0.5484411147018435	0.7215324340743174	0.4692662158916564	0.6966317745154859	0.5368163646062868	0.8112461798810365	0.3899415203002987	0.3891902893462277	0.6275167920522693	0.45191092684752554	0.7228224803348043	0.21268508229886948	0.2978736267927477	0.6252379949736809	0.7380721583430143	0.4923847305075322	0.5803627453997416	0.6104041122295263	0.44588605370489076	0.5466175362452923	0.4288026050112763	0.32613146394893566	0.36547958533447866	0.20123806497185653	0.5232446475416054	0.8861944720237542	0.36229139367151014	0.3880647130109234	0.35138484298439304	0.263199220387338	0.8413906674458695	0.5779817610071637	0.1612040709366844	0.3726580801347403	0.8012356295205547	0.4675215191990296	0.24170119543023294	0.9168461812763764	0.4998703443027975	0.6753516964389209	0.4082096620974679	0.6660076102981799	0.1258447454426978	0.6794521516782113	0.36428995189048186	0.5177596417430652	0.5291094895173527	0.41262422770021767	0.4988213044669339	0.7927106645105039	0.526977385995612	0.20091511035047366	0.6878487003875238	0.5803236158529506	0.2967483069789033	0.4697137843307619
bengal_tiger	0.2095247529873291	0.4657368630887415	0.7012494272111673	0.555108631670807	0.5183881478267977	0.674763585631089	0.7659031273897061	0.49647172016627894	0.5171017065208622	0.4241918730858103	0.7469206133290756	0.5443813610361697	0.5899539727154008	0.6670272236669605	0.4828592522333157	0.6006477124444914	0.5612747865774366	0.30868383876275873	0.5386234306279107	0.5295267394894868	0.33257964309535826	0.6208664522328914	0.5556197471956186	0.08205612004078688	0.36318448997300257	0.9894537335985208	0.29994304058095217	0.6138396593755371	0.5531460932345827	0.646688648999156	0.5055105495501531	0.42934329318672226	0.38100887032844255	0.6043146802082141	0.7199389423552438	0.0	0.5566382128909777	0.39371870148236565	0.7002666920152265	0.3910342429639855	0.4287590767682081	0.7593024064527177	0.42729716260164424	0.24763232828507875	0.33971303300962397	0.3818051031131927	0.4343379209005457	0.47822957037766617	0.6808491545766868	0.6165770647740852	0.4219394496360919	0.6138136347017851	0.7088765228853208	0.34776802592968814	0.6327619511648459	0.444188326614969	1.0	0.1578184345949523	0.31534049793875313	0.46561115555285065	0.5667697021261748	0.8846578589938493	0.6524118262211923	0.43839641682483427	0.5853405132171774	0.6689591122064541	0.3582334573968028	0.2574879947001053	0.530795474142041	0.8223024360060549	0.5859992360124016	0.647921528744225	0.27290818709277775	0.6899382487392209	0.5085202422272816	0.6181547933344067	0.5744260827220287	0.4796690460192141	0.523730210478542	0.6319389545506017	0.4644580516308504	0.7921349238033998	0.5820383404686058	0.42289165290943664	0.267328050240074	0.510148110709004	0.5303986284444597	0.4746553206199623	0.6971513512082225	0.11831124402383641	0.7479203017285126	0.5221331420793789	0.7618076551026423	0.4174200620267502	0.37833756246135763	0.3435168145643869	0.5308402094260243	0.5281988101457571	0.5986011808336215	0.42137848731939687	0.34756398385845255	0.9246296890803971	0.1947967756612784	0.4681322286987937	0.5171952113731457	0.49634300489207245	0.24978180140812734	0.4454168937078577	0.3658032832659906	0.4316538617471086	0.29827912508640175	0.5152307907391136	0.5961559026812587	0.48991112078412175	0.658121831485614	0.19604437396545102	0.5017092026752944	0.5992157899431978	0.5557397201714793	0.5332824378121876	0.5618580763995972	0.6085564411072701	0.7191713716487558	0.5969607114219396	0.06186161650637845	0.2667395085870861	0.5290213117250615	0.7993716496479191	0.5813619555089663	0.37398699447171035	0.6356186721402078	0.5794865769207551	0.17377945966500946	0.4678154100418586	0.4838578709694176	0.5277861158082495	0.33611949095803345	0.4183223064993701	0.5138215413375726	0.5836537259788541	0.5046903748331972	0.44152943327313154	0.4607388896077227	0.13990821616626875	0.44317363432904316	0.6445862959923732	0.3259493068312627	0.4394511955334196	0.18987696333023446	0.6494617756438981	0.3007592722070391	0.48537953027507885	0.3596335770318465	0.3817157122411232	0.5910717404734176	0.5065493207465246	0.5558462303348263	0.35015448831401796	0.7192334928521953	0.6067887685963118	0.7204593105430216	0.4417307389850409	0.5647811843223354	0.35423003369922784	0.827435114154833	0.7603701190019476	0.5256332749676756	0.5137922895560231	0.3456364898631697	0.4395880658885594	0.3013720137202664	0.4602186583210257	0.40097707906838087	0.5448070836694701	0.5662157055559367	0.3931202822628215	0.24602824969842585	0.864751754452439	0.5410189276818143	0.4859384986876097	0.7184159571302117	0.33327877574852044	0.6524797531347606	0.5632000430822599	0.0	0.5330798013155493	0.2398442203469915	0.1125211796443743	0.6922118022460279	0.6223621760028331	0.5643992632977283	0.0	0.3144648916513336	0.3544292303872869	0.3688640064041064	0.6481969723488744	0.4609266137869153	0.41001819480766594	0.32562789605674036	0.6481895569131493	0.4050806193357841	0.5604386341716101	0.8114880310677959	0.6433114727298375	0.3501350031594095	0.6443973230032923	0.8954052629522291	0.46068501840247333	0.44099858617118437	0.7109594843250673	0.6266785094990003	0.47353618827927557	0.7438001521195976	0.7971905727692459	0.6388128360565424	0.37575318632123056	0.9727312721333035	0.4632749694780548	0.5960705198617433	0.6349950415693916	0.14635410999958232	0.5995946472957202	0.6664866267816282	0.43181703947755545	0.5678346515031995	0.6585366885353711	0.24209974233860504	0.6550649750552394	0.5435663037292	0.7424933764531634	0.5511485119368766	0.7402792727382292	0.49168478422532613	0.6605924641767704	0.6372493259966419	0.28332120780873193	0.38698920732058084	0.46866689202403555	0.6746975294252131	0.3288703152515421	0.5421186635086829	0.51971763613201	0.5837311030663275	0.4950394840277532	0.6109518657234512	0.5668259866903509	0.4782593411311904	0.36741171000845435	0.6360289167852131	0.5513297319076979	0.315825035578435	0.9212451076267791	0.43608656798552686	0.47330952471157395	0.7440340056852808	0.29141177725007705	0.2409488455236778	0.5594652457444993	0.22412641970997865	0.3434455254118118	0.46560432184692524	0.4527085039422048	0.3213968641393774	0.28378636676464597	0.4278993346109622	0.6445220415942794	0.3506564262579718	0.763756396091642	0.6844407482540947	0.7072797790856274	0.7177547694075241	0.4228702097138173	0.5127104427001233	0.8174287222024417	0.47669031076280854	0.6214220168941774	0.6606496721337003	0.24629759252790773	0.5726630331721135	0.8838510644781445	0.3919185203885328	0.45971195990917063	0.0953459956079995	0.20614076023829697	0.44982808872651886	0.8506328401119547	0.7066811339398266	0.7191437910479602	0.31920437814098923	0.416061947922736	0.5460701669602114	0.36652946950568144	0.3827360917087351	0.340405795399727	0.3369616208430579	0.04547012799094047	0.5199576150879652	0.5949615182207848	0.3827073454660699	0.3483911585855463	0.45106721943700145	0.8924982812261089	0.5553886641446976	0.40617977831994523	0.6329049767154844	0.21671793503953035	0.6511038349378738	0.23808565596036932	0.45303813183014796	0.6528541802612311	0.5724543395507067	0.7193711523375027	0.4443286214281317	0.5140088608596107	0.3606194697838595	0.43539925250466827	0.32463735307708225	0.2636731476546484	0.44582635190939085	0.45637087831435613	0.2990382277682061	0.1569288179900611	0.15259486755146884	0.9858108895952571	0.33506205419755425	0.17376582700890425	0.5905399833102202	0.4634063646947216	0.5090720505579542	0.2227370180315676	0.6089751620891171	0.6500051869328879	0.24726554372198914	0.6427061070496682	0.5444201198139313	0.5215865212693339	0.5916668377100132	0.6443102735844797	0.13038758635143233	0.5006913731012935	0.8765997109023673	0.5368680107525565	0.4629269165092751	0.43447198545767096	0.30094228003110146	0.5985311294716622	0.4165940121418841	0.4336684792670631	0.585525675611	0.19490893269956183	0.7409184309580805	0.5197671493387984	0.6138899391334722	0.3600321296141178	0.6037012248247591	0.5188303211124896	0.5223620271051251	0.543523510239766	0.28389576325852084	0.3768492182326987	0.3763448712626587	0.5105396485416455	0.633351367410605	0.7566445884926833	0.42934016825176885	0.670566234091877	0.467954569288609	0.5396398626183233	0.7291300778890197	0.7177360260370995	0.6293227234131044	0.36632610550626393	0.5975133110177656	0.467292492119337	0.3155888843203102	0.4183807610826547	0.5210720827577505	0.72722444014703	0.31886397879370687	0.7373090538381083	0.2780705763824337	0.5239754635079751	0.6284486544969796	0.42776839550368606	0.41917551654965	0.6466369867272513	0.4626868264966927	0.43448109736752233	0.5938764077440905	0.30752337507308547	0.8203628690585711	0.2403992613564484	0.3248512260659354	0.15375283336425716	0.46617452952933636	0.5879604072717374	0.3991520784910866	0.22546002238433593	0.22842496584477984	0.25851267008427564
biddy	0.1276811147877901	0.018274794960525753	0.3653839634864371	0.45608875197042564	0.7836167835614992	0.14953107837163007	0.32074081026417234	0.26533695267162716	0.4704540863087142	0.2858862523210912	0.4571545029564019	0.04113740704428237	0.6323710491097017	1.0	0.5083189370039832	0.5629516735315023	0.8475407706604645	0.8668936834053517	0.7756375468154157	0.4809100488546719	0.15672075219854004	0.32276434761974804	0.49199175821527863	0.5025166422866467	0.684325299796724	0.3515276727408451	0.5864889741981275	0.41658951000502126	0.32190960308396765	0.6408487617561984	0.4393247852779502	0.7777835514751363	0.6183530829153259	0.4004108612014501	0.3756934894619189	0.740223690217807	0.6597298668336259	0.24114241353355642	0.7681109082023813	0.39613178833129437	0.5403743561529796	0.793217591367386	0.3470067669578577	0.47279764287985915	0.6234097693258936	0.5858822005475388	0.2958213504982541	0.39465507303346115	0.7272720135464608	0.18672499808083293	0.5937546932827102	0.3279866481142719	0.610260082429662	0.520821912530645	0.5889230208350682	0.6403300890949971	0.9571989313376024	0.5934492725705173	0.37075329054594186	0.4541632919376155	0.781707411697266	0.6250378872022502	0.5514033694158799	0.6100237842319693	0.5376108836470791	0.33723924250882814	0.4463213355923932	0.6937412863025562	0.5996844938395681	0.26448436107460177	0.8987401006687317	0.6320305392599779	0.5480313417814681	0.4263315924896755	0.7322194635194823	0.5800195642239947	0.34217184046025273	0.38800499698964724	0.8348434250637145	0.5357812836587577	0.5856221315596853	0.6057086053045218	0.48826380458754365	0.6514295618984361	0.2780148517006113	0.32786585789441053	0.47731478360763185	0.6714565874532461	0.6673381647697793	0.4258289179084187	0.017912866741696676	0.1202430610981518	0.2219667743979467	0.7351885694442588	0.4882131978251115	0.772198814653301	0.30214503877599386	0.5407042800755819	0.4476885256249042	0.32321788596434203	0.6353215728047852	0.9999999999999999	0.6618216351795462	0.5451324383784817	0.6786040829147133	0.47485385252066303	0.3058439116072422	0.7157192576347705	0.44580191978135153	0.5024055654571465	0.4904098906833609	0.8131143571739639	0.38411826146334055	0.6615470283409929	0.4957491847922832	0.5218422736531803	0.7909531017360603	0.5645530087157756	0.5257234785995312	0.3650941478149331	0.37138587437792225	0.30753710126586165	0.7959719942373666	0.5016368725493816	0.531597177249872	0.7653781018924343	0.44031228603391137	0.3107610756727173	0.47083457706041987	0.6766431126858072	0.5163003214048836	0.3626819188728916	0.7379685668315517	0.5515636850107069	0.23707245716463177	0.3981887454749202	0.5300429461492134	0.6381157327579783	0.6050981612264467	0.4259529313487591	0.36180216681828903	0.18224344845312768	0.41537853028833316	0.48624870441495466	0.28912658691407755	0.5979499927671328	0.6616284254788032	0.28064397227297466	0.6773126419184458	0.4085525035684382	0.575824562185151	0.7874603309713142	0.48203515553293724	0.6175205847289671	0.31450580915463955	0.5656861418477639	0.4434588091626509	0.37906673093418375	0.3327402917175241	0.4522332866371377	0.4761243427425881	0.09663653498346991	0.41156873753646905	0.38445717237262	0.6555041164056289	0.6104111975507759	0.6836065840463658	0.46171261363320615	0.5441143265270618	0.44897299073361063	0.8235752314886045	0.3472028867722843	0.3757379695597223	0.4278164910948814	0.3868911767163473	0.24900039195645904	0.5892856703706966	0.9688645987750821	0.6423137489250441	0.46554968611483305	0.44578955154420863	0.19564173433613827	0.19396014683546542	0.3070149426587096	0.3803549693486773	0.6076537954612129	0.5627855470452097	0.5946658084191296	0.6746288314299856	0.6164555904630633	0.6012466649267723	0.8758682386524059	0.520414777605908	0.18670530551235903	0.666931811159521	0.5227358065974017	0.5883105139916345	0.3302433886130344	0.20143947399281625	0.2007906485970843	0.6170367870779073	0.48499637817951036	0.017682772079015363	0.1775751298213245	0.24331689248413146	0.5765591318456083	0.5614251591577413	0.4678346514708296	0.7891114993492432	0.4174689859186015	0.5633126134662454	0.2206766372235913	0.46215574466348214	0.6753906134897902	0.5886292596269938	0.37342402551796894	0.30404668095050225	0.9460982216808186	0.09746396414934294	0.7272208042125601	0.3640498203353526	0.6810299994348098	0.4124158788333064	0.36394937270107003	0.7902724632792546	0.5037830487175483	0.4610858769412775	0.29196078840084594	0.3743482746713292	0.327511595293198	0.3727321745565049	0.13729384776402065	0.26461037563531975	0.42410696892652605	0.36225103900720457	0.5933569724651725	0.47022671789795695	0.6327658929344301	0.732041375324872	0.6145063721473887	0.46621162709262426	0.4064913795246604	0.6321744738411471	0.34326814979585807	0.6890087374021641	0.4163253186375381	0.15212305042071028	0.7385440912609119	0.6243341384339095	0.7837902634428704	0.32094120674460036	0.23069897764129804	0.6840312460279152	0.6029346179731973	0.3273875718935015	0.652038030087095	0.3474245295827267	0.5650970137146499	0.9073635764731414	0.27577714850033375	0.3085165287713249	0.13853575290261083	0.38061754238204915	0.07578732703885782	0.6741981917201569	0.35562439184006667	0.24993675464963627	0.9411720308918956	0.6033470920662815	0.2162344432803085	0.5844664403959786	0.6529291331202186	0.7313636488370764	0.3701603648490146	0.07542619432728787	0.2370092650693013	0.7367776722756207	0.8104278856947786	0.5342780134951115	0.355682743967623	0.11066490779228451	0.5962259263498162	0.4315808749152736	0.4509077310004505	0.47071659027367774	0.5743362366730553	0.5463743578879667	0.6837800783481517	0.42648437931244515	0.2467345734556711	0.31104333899389536	0.8386088687110445	0.5259267797209111	0.3475094806867699	0.44720942758992455	0.659630845690157	0.46315474785475264	0.7413456685275713	0.4526311967637908	0.7539873898404813	0.5849816027526813	0.4525603289798471	0.5491202914949093	0.35261646237448163	0.6999988822764764	0.6289025532510394	0.7196176643708866	0.6441198116779011	0.583349786915944	0.4737599600942497	0.9975545100542178	0.6678988394629977	0.6200230503952598	0.31443983368660455	0.5440584040729078	0.7217695246148199	0.40970526074771896	0.7273267250417859	0.35959677403548806	0.21046272679853034	0.5320830617327686	0.30765751312659967	0.501342220536871	0.6545432216917173	0.4467278911838848	0.7317914557446022	0.6217434815311597	0.820448568428005	0.3033926244755982	0.7835732285464821	0.5672506889554794	0.5893547076910276	0.23179616752396195	0.6351225610481284	0.5651156351796466	0.5357614785291154	0.4333415897960497	0.751675184895804	0.5357610793310803	0.617627120771051	0.8552469787751321	0.4160476353555878	0.4051875970377305	0.11759920377299277	0.3868978757060423	0.4635848244355483	0.6529953734174518	0.789872759779631	0.5040117014997858	0.7893241778847979	0.2466040203063184	0.38851583507713816	0.6274589668950751	0.4831507037716082	0.4211340306267032	0.7608477811853462	0.2170166119489364	0.45216260076568904	0.25402010395162744	0.4137079974960102	0.4532242627311759	0.7051932955157035	0.0	0.3616356516593793	0.6418149279483462	0.512309162987155	0.4735941769757634	0.545874510951911	0.577432548890198	0.6505515815836029	0.4855217017446371	0.22191941466461007	0.42485179316388333	0.6949473292183387	0.5907001688575078	0.4304073846695341	0.5488635564990343	0.18532342627609402	0.43151978485018544	0.5722462905867122	0.28328876072326936	0.6792881004039081	0.6099100590512011	0.26008386690735263	0.38779299915229715	0.37580738122236734	0.42333822435858803	0.42874268193664566	0.5401199284813798	0.6865163297613778	0.20348992069069677	0.642883411517298	0.37633638770137867	0.3459237374835686	0.4763806632395913	0.5137442723593548	0.4019266934625477	0.30363815260160354	0.6699194083032235	0.4257889569562111
bison	0.7961013682315514	0.5332426334571598	0.22981139113088406	0.2876402690913555	0.35728015227464743	0.4704866185957286	0.056996388429225886	0.8200281890865138	0.24322209682816465	0.2685156480108853	0.4888978515284169	0.40923750538643083	0.43073989097587073	0.5304403968024812	0.7014504691235431	0.5911761576325992	0.5509058629325955	0.3507515271924656	0.5489046927956038	0.5135814429385088	0.7524905344885547	0.6501625513986425	0.7516474526709773	0.17368971295496077	0.3658429973625028	0.9012210409679695	0.6477731058078997	0.7941831460938685	0.5737741268929937	0.36278811225956914	0.024990996342731497	0.41751849827587423	0.28312326392312837	0.4644667392339353	0.4019214837920452	0.5598680029027874	0.24253915222026207	0.39238950521011906	0.4812113677864688	0.35508035116189124	0.5643198552306089	0.3307854924886192	0.5391668361865803	0.431617990240197	0.4230636816190767	0.6181271648438287	0.5312867849589686	0.5166398505362646	0.7469005513988498	0.8332547010214837	0.39407804896425225	0.4398133840064272	0.6768904329950008	0.30017066849934826	0.6631234330835807	0.3801219700127402	0.23624080147913473	0.49589233668072946	0.07169575571340042	0.2603525885405763	0.5001436941608981	0.5713429191213525	0.2098915794241313	0.8596973359247924	0.38040074540303515	0.18547357408205034	0.3135720003782523	0.8005824155189036	0.5722666604268761	0.1656244886251621	0.884347946374215	0.4079314935230923	0.6584093243510756	0.13161864466378237	0.5282336775253326	0.1133476327698747	0.7036739662244635	0.3189848173684758	0.29810550638369065	0.4047341545256586	0.5303077367505351	0.644419382857448	0.35357197919905686	0.5963439587063732	0.5635968481266047	0.5366634786533875	0.4098157193901921	0.5483150620186197	0.7144941235845924	0.5115908708378072	0.6449824211355418	0.24412776096071845	0.557524329399607	0.4813032352416474	0.6232354777336604	0.4905306896126963	0.4331648695461725	0.604756415728207	0.45946707229832306	0.3659718933994542	0.9449852274701336	0.3799430180349021	0.653027254977296	0.5403252075736267	0.6909689731691414	0.38413940036883604	0.6810120143184485	0.5235535135652576	0.6690371275384595	0.6387959171764479	0.6080703936065699	0.26788740061720084	0.25211419828006343	0.4459484725174593	0.45994772628620195	0.4111154316214532	0.4529454926833492	0.5574921781260285	0.2749346122476422	0.23322723440774418	0.32700345934169783	0.26877560494916836	0.3454172012761909	0.6013727688132176	0.5232505412970998	0.8348465413418407	0.8693125425552022	0.3894343332581498	0.607787035075858	0.501262498509115	0.5287637273540011	0.4246362333312542	0.7972411135122762	0.41059657824564755	0.7665607296786008	1.0	0.4453637111115664	0.4211094565211305	0.7312422255066661	0.5134563598737697	0.27052890779299904	0.6089195153203839	0.8068573032121497	0.44900277258958954	0.4969826477079799	0.41461291444406645	0.6979343058331985	0.09937345848007181	0.2796208619423282	0.2307271698710227	0.4975739220427011	0.5929019429314225	0.5519804545448174	0.10487465835989646	0.3345322697221528	0.5088818179836097	0.28254470022444494	0.8070744365278832	0.4830492560219667	0.4167263517179994	0.7039760472450138	0.19554185857347528	0.19585591652765516	0.6696774169754315	0.48303589183969786	0.3902243829120728	0.6441636296017553	0.6575124525686037	0.45861204426959123	0.45866466629586583	0.7471160531387075	0.9062521400964799	0.3444745489765143	0.6091408379948131	0.1851831880239937	0.9263299783776457	0.3527435377045374	0.6079397802273816	0.7053797476636579	0.5154177691620294	0.8337451825434897	0.44235112241339225	0.6823510102285477	0.3893673950293492	0.43650044627100293	0.4260471020004477	0.34470389494746567	0.38856167660646235	0.5580111645971588	0.27938379432634397	0.3401612225732181	0.8000930609543295	0.5229955613566418	0.33578599971104656	0.7444030049863335	0.6700296567507442	0.30366977864459477	0.5621796445600277	0.26951050873013616	0.3040384947211737	0.7546343155803497	0.30544085935843507	0.29951365810956954	0.7742965194537785	0.12244040248559968	0.6029387733308839	0.3699087970277265	0.29939900812251885	0.871879006642748	0.32090544606970295	0.2502405309281771	0.20793101278166587	0.4156340553178489	0.43989603444678727	0.6269820521128989	0.5837751381595873	0.3811090140421239	0.7419903077205863	0.5555207228731166	0.40456446806858964	0.9674023954520075	0.3492196324412906	0.6483325820927173	0.3635575712980476	0.5177006790565176	0.36287315007912363	0.544227260216526	0.5575066814152472	0.36526091662923266	0.584947693064639	0.27173527950881815	0.4571849557646122	0.7082711070717143	0.7823313672497989	0.587974415472545	0.7135814294639241	0.4796037299179611	0.797040375312392	0.5606132279276163	0.286454480627869	0.4134147246650429	0.3025253605711687	0.5809003133245911	0.2816761262764669	0.8231312573202088	0.3721383408487342	0.00945060970491196	0.7306443079946814	0.713758134615962	0.9563361733596827	0.914537796585499	0.38330827118050653	0.43887862402201994	0.6371197447869533	0.4016383696475895	0.43252896199397917	0.3544253100765503	0.3749633686078577	0.44550498116060727	0.5390898249197817	0.5601109071676098	0.30954535799643673	0.48246973410334887	0.32904091822570747	0.3758755167610685	0.7053942629547322	0.5003532908760001	0.7908848632906706	0.48758849931887327	0.4221712823028131	0.7017268432749633	0.7746016010062567	0.5638976269498612	0.3698588468556788	0.8140246266145861	0.5231513491898553	0.5342130786446146	0.43316860007841795	0.6894217345062854	0.2059950408318293	0.42930980875429336	0.2944599938154787	0.9134970477532711	0.5798283661276034	0.3675491027988911	0.5643876369822457	0.547719018916362	0.24864004170596316	0.460568358319506	0.49714739050626255	0.4423691335173392	0.4954908727025332	0.5681979209088087	0.8871982851483486	0.598835446787977	0.006979048331951454	0.5351657692407547	0.5425292277738539	0.5264197656879962	0.687197473774548	0.6238715958324885	0.5490359620847681	0.6715216468155729	0.22574540077760757	0.7267466168661098	0.3384899929262074	0.36432297449668977	0.5272793208275649	0.39785580171750545	0.23112760035881363	0.15651412159673928	0.3583459469638921	0.44300350514729536	0.14269500599366025	0.24246140478952632	0.8227807211599848	0.4069449825928507	0.5162099999828391	0.6201168372879369	0.4526510080190861	0.5574150248044822	0.5650753446656437	0.5779717398716682	0.4429228726860145	0.4946714946857705	0.3376809499246371	0.7691611532440132	0.7045020895681564	0.20686310239237798	0.30671026196771045	0.5418890180270364	0.48725840064288506	0.6925898839360092	0.49252002087897473	0.3582560087240264	0.4504100676442587	0.5666976512618327	0.914804758927862	0.6200449964030983	0.8793870298576782	0.5037503451486867	0.9289669281860324	0.7692875130782659	0.25031032126847375	0.4452826784586686	0.6431302347244761	0.3394710108539023	0.5152916536704383	0.43019413905883247	0.6777217894004435	0.21533151367314235	0.7953069783951336	0.28279629903412873	0.5436441615924146	0.4183605320245087	0.42492557931319613	0.5043467650431178	0.5146681227672391	0.560014022406172	0.7159365762560911	0.4206397173469025	0.716787902736171	0.6494890036475183	0.6196468480987194	0.2752770962159967	0.2807563914304455	0.384623203522533	0.8597788901774225	0.461439164335585	0.7228666552437721	0.2455751382253653	0.34642782887717216	0.3800877048665064	0.4451458781382629	0.6424032061244846	0.6094513818505811	0.38476176574759513	0.43456429758535386	0.35117826347499237	0.596917716850915	0.35827911832396186	0.6728408150279064	0.2671863523716049	0.7577648440215214	0.6250638568999585	0.5137529851318017	0.6793048557360881	0.7099106503046415	0.185883770966985	0.4378295872166683	0.6423451825188603	0.18916722118093532	0.566212346321136	0.7768657285340006	0.14441527144128052	0.0	0.5623821661054245	0.6923635272891075	0.40071858387032755	0.46692761779574554
black_bear	0.30893871742461076	0.6291229001399516	0.41989221533281623	0.6520451309443669	0.4785165759433707	0.720843355335172	0.20285343989507737	0.11909804551915548	0.25469693303314794	0.3894632477219607	0.7107578748134841	0.5767580831053043	0.7928259947188275	0.5772033978858967	0.38919896094368456	0.19565674463505045	0.5520123624789901	0.44239983197605803	0.33083905102432637	0.3800138845069113	0.44297493947911926	0.40405824906373256	0.4821093790258245	0.2704408758016366	0.5757413860360512	0.5246961506431528	0.8204600259183137	0.531272314099806	0.5934302563246515	0.7397476506543054	0.6140336739529131	0.5695930944347664	0.47747226058104353	0.5525431648281761	0.5568742279519494	0.6147952247141716	0.5813922371335425	0.4699325892851765	0.6399814827238284	0.448170731707201	0.38474257834269643	0.6215062819902657	0.3015740502929301	0.5016717046768342	0.5220815575537767	0.38009350451578366	0.4236432963316089	0.6862940618330731	0.3566866969185433	0.8082395188094462	0.3916847295473373	0.4252637849071185	0.2460720728340604	0.5241522265035807	0.8093835214301207	0.5658670177058723	0.4656671552883016	0.49005174002908825	0.4223890103575755	0.17202822326313272	0.5222620124029312	1.0	0.5532255644758363	0.8537737274520374	0.3669493114585053	0.28921467162470804	0.355476805763613	0.34678946097312	0.7760322440167003	0.5515993097642811	0.2516455445555988	0.42212406355420906	0.4525551760067027	0.3936926678357209	0.03273388613780831	0.6459883891319614	0.5306032008448215	0.2355626227465782	0.8717790721670073	0.6775218835240681	0.553660237596222	0.48807773729782045	0.5238190756714992	0.639708141076951	0.7317964930467181	0.4826504142202561	0.601850121418348	0.5844810419892079	0.5857475622430941	0.3659104538282188	0.365244648172772	0.48469082362282434	0.4038852646442211	0.49854094017390677	0.5739636324431743	0.47575804692373186	0.3472210700815226	0.5197983607306713	0.4405409069015461	0.41576085076814956	0.43347461064863996	0.710131675994515	0.5976828833987393	0.4648175603855472	0.5935081582704477	0.47463806866376385	0.2846868311179463	0.3466704014439346	0.30716887458079206	0.3708140251390439	0.674609522467106	0.8545577040329799	0.5327370371479605	0.8745528025372502	0.45058336984489056	0.5615652785336851	0.9012426931121142	0.4708863523268161	0.5832138008836163	0.370909792582784	0.3500253573759173	0.264401214151099	0.6468796649050638	0.5412224471304321	0.32214941833805666	0.7722240634653699	0.6166564676695712	0.37614040624957995	0.35003359967025116	0.44116006598846225	0.43817576916626577	0.5344092556284978	0.057876078734837244	0.6708710087602968	0.6662760311941458	0.6445719607769158	0.2001993111170735	0.6887323506880343	0.33633090740609606	0.4162409990223296	0.9625184711558303	0.2228635990127882	0.7328719013618178	0.06311334881519337	0.5142053913838264	0.5981078846230722	0.5800341119826643	0.7201801155874861	0.4123145313408671	0.365062247725866	0.5350856782641781	0.971446051473384	0.5572895584011706	0.505567483329692	0.5753966599258258	0.6363842015631354	0.5793067391955335	0.33305774774010144	0.8441341829115605	0.926043828992064	0.4977881795108261	0.1651390592852503	0.5315127066041909	0.12981203660553853	0.24234632495548453	0.7922076594178218	0.6797995003760839	0.5871203201172799	0.461509893193576	0.6260407659113741	0.6906017894473341	0.6205633915661168	0.1090286555814593	0.3655778026515327	0.7242359741545745	0.5208492090488354	0.428457685823849	0.7900215717961556	0.5071906910283691	0.6005880545336281	0.7609453091985351	0.3260555966794704	0.5117084451731617	0.38087737003990796	0.6549621754911911	0.5809752839272442	0.7930002806868848	0.09800900936736623	0.5883828558151302	0.6095585387434467	0.540755469669457	0.21805910834990738	0.4531911368229363	0.3557606964674719	0.3776377672584916	0.6339562514266275	0.41625343908193224	0.3772565505786196	0.35243712955261264	0.47889737820478123	0.5720440336104669	0.786530369831654	0.23061533080188779	0.7148931857178408	0.466783206782841	0.5882669092352159	0.6391833515822066	0.49260869062408186	0.9886251727830018	0.44929058834560526	0.36836502408968186	0.04653184630851981	0.3534267883461839	0.39398494556791686	0.5875449797969773	0.3228942383149108	0.39753755691471065	0.3919439705279351	0.3961187359996155	0.7018843001701099	0.11951450251102042	0.38866158614931356	0.39656460549922373	0.25117885323567546	0.49364093442080614	0.7092498676565417	0.4529952651960858	0.46003651148893016	0.621926997296874	0.6020483615915398	0.7403195776636298	0.6680206000677452	0.5968790235892166	0.27393923467111	0.4319812657266991	0.41695040123525	0.63035392266624	0.5205751132755837	0.8253761536917762	0.8659591451533719	0.3227777080952955	0.2920837686476215	0.7491306583054776	0.3462933232266905	0.845282278314127	0.6350916227214416	0.7127157410287055	0.34490386878541035	0.2766890293291464	0.6771157920727253	0.5100049532186001	0.5473505203293366	0.43798407895208524	0.569128882851417	0.4142590001813633	0.19376583021992047	0.26967255984987054	0.8784378066517962	0.7908595839276373	0.5325108080713664	0.35862070842059085	0.3421701978266778	0.5013458271837338	0.18165205980971777	0.47050270771830743	0.6548539592275613	0.4181524413165494	0.40125041682371465	0.6141037925936236	0.4273513652267352	0.4584330932983515	0.618120279285841	0.5027581790816746	0.5973546739252742	0.1336404236154881	0.6482840735237704	0.8245480857357674	0.27363591893168865	0.629533843670483	0.7592026150642823	0.2737288907927751	0.4259864451215268	0.5302895328003164	0.7153352224257381	0.5550203522550148	0.6606291591835161	0.6108796976621714	0.5634111230999179	0.6898007579038631	0.06820859017255915	0.4335268690473991	0.43517763819096833	0.2724721201493902	0.34326674577184924	0.27720710182716657	0.7279254673560174	0.4081636238383715	0.43783840539401053	0.5768056447603304	0.8992360247453139	0.5567973316072701	0.30587655571950945	0.400318610920378	0.0	0.595924024784034	0.7909242485264077	0.5917198856793717	0.42203342370195573	0.1872982625988564	0.7970839702229846	0.41706139777370976	0.4340182558540753	0.4691106583860578	0.5807869937792393	0.7330033958408008	0.5871514657746976	0.39192806434871363	0.3214237384440189	0.3508254661423807	0.4553192936529046	0.6868192382624712	0.32842862266314254	0.0883320476472565	0.47921655464266416	0.5276619206423981	0.5696972806066337	0.8077435748901669	0.7983731118989279	0.43835498808384765	0.534029006862376	0.5401854624535478	0.605509950869698	0.7447142556402977	0.35667819924308924	0.7738206824582338	0.287212710183864	0.3580514477814568	0.48894964372985755	0.18396593233835892	0.7707759633050335	0.5065702332246372	0.5049563914735173	0.6027064012039459	0.21607230174795017	0.6320075422482954	0.49278457424043964	0.439635246468446	0.3951839653864152	0.5363488780739158	0.5006292734304044	0.557220998024825	0.288478520033135	0.6171076572448675	0.5832225293414461	0.194782811120422	0.6477273431684467	0.1804909287998524	0.43763666940174467	0.30914672517329134	0.5926082328120057	0.5468058789393602	0.38673345081747323	0.3707350740986317	0.5293158460798846	0.42692690691769175	0.6665064609089866	0.28592204323867415	0.2776453613141348	0.26907332575004916	0.6813644485271528	0.31788820019154984	0.5104213333535215	0.4346650159127128	0.5679941024611671	0.4174904540728376	0.4721541765742694	0.7907206803730371	0.6034547439988804	0.06691145270070337	0.7213468530183966	0.4670293462912088	0.3762244090638717	0.4826799838111119	0.8425323478409418	0.3054340254110345	0.29978539931153103	0.5885381756333155	0.43842072719824055	0.45190727639632167	0.4080076662900928	0.3004182635582767	0.33211188264065505	0.11086176651813978	0.5164142716056389	0.4171396256528059	0.6536708496985911	0.5457581117824425	0.5935453447529118	0.3936342331118763	0.4044039374306701
blackbird	0.4432073640382713	0.5502006269928061	0.21160678456952992	0.8536642528075027	0.5063245593059355	0.5719560098726377	0.6062044096988948	0.5061177394976889	0.5837473037299994	0.7473521582561511	0.5488484833598685	0.3116306595882795	0.6088416598204923	0.5347056077775911	0.2393433044051846	0.3794903873956763	0.5189784959985008	0.4665022442110039	0.29910866813713943	0.30719009882605963	0.6793744869850601	0.3799350256824321	0.4783434383629848	0.4211460229418754	0.41708056872557986	0.37270585798830635	0.603995883800555	0.7123006527610627	0.42053078955310413	0.47397727838256476	0.38965280215235215	0.5682843146074178	0.6920626264407042	0.6769383007349467	0.6326792419023786	0.19921476170055602	0.5754332686100142	0.35791103277470093	0.3926583293733783	0.5015412653245411	0.5800969521878152	0.7289912503014834	0.5543222912012391	0.6186760871849254	0.4638431960094166	0.17201743850995027	0.5529325030603791	0.49671504855342385	0.0948341261432063	0.36561744711605115	0.4369742367546602	0.5939992103699246	0.17588336068491245	0.47639703441057113	0.40445237827349595	0.44171493740293105	0.7005111705942317	0.5767674956114746	0.6887633256418197	0.7249718526676499	0.5734103453818598	0.5812282852075985	0.5909635178188536	0.6448659999783798	0.5386222249301132	0.5757104820083903	0.394168766466628	0.5148688360544508	0.5317665319717783	0.7016201498385921	0.39444885104383887	0.733460605142748	0.023046425607834764	0.7352055435351115	0.47517818764154107	0.8843806803551233	0.5176116097360272	0.5056065897582351	0.5809753046829131	0.5264688353303509	0.39809327952304696	0.13151478073247874	0.5146325840307622	0.7660253258502563	0.43161532932288627	0.3799437449913574	0.5269396800465277	0.45455652504234967	0.5912198187755852	0.735103014078955	0.5240443164976747	0.24506725580604033	0.49215641687618883	0.4644888234299207	0.4300891225468097	0.5679409351786935	0.37273268437646034	0.7516963181405559	0.35587098149470703	0.32324481566146385	0.315161320348451	0.605628766057057	0.7037269842173448	0.3217586064357239	0.2847868441123077	0.5493100669864057	0.4461923931947306	0.8058492384782279	0.3826425625322148	0.3563087490574544	0.507814024587056	0.5238384193622113	0.9192567836204062	0.5819332584906608	0.7389924943987427	0.04062481986275307	0.7031009402494753	0.5002606886827394	0.5093466967631977	0.3531310998406332	0.4518986610184816	0.7312798772913035	0.6708601499128538	0.6553074407215419	0.24655970871751937	0.8339542000603849	0.3500257126128169	0.3905046505340184	0.5335337043954731	0.5505549355976612	0.5370550464095348	0.5483279669763792	0.6036978898239316	0.8605024077560265	0.5127994439940996	0.14566726515336642	0.520566467007062	0.2749843843985787	0.6512233973396347	0.7302912682146158	0.5825922363053476	0.5928591027311282	0.5727106206706324	0.660211674184327	0.5013588458885705	0.22542544958991162	0.679807321024164	0.4389253759597874	0.559177994039506	0.5864179993601542	0.31939119614983025	0.41226483344264214	0.3147385159726711	0.387732986701081	0.40915424479624396	0.5338083486438653	0.7523931145336036	0.7791055401414465	0.7927009644747023	0.484261088965345	0.2414508910215059	0.23416834777330245	0.675172089025986	0.47115751050149257	0.6761359372751914	0.2958121919980126	0.3902800165763568	0.6098794968364027	0.5599999494361254	0.442747530296117	0.583097438118033	0.617983379753724	0.6133644791547275	0.6931136146721619	0.3984559601875992	0.1810786824077411	1.0	0.5583825587992077	0.6423279757264969	0.41074945584758277	0.5186944222215851	0.23593403000109603	0.563095235690408	0.442094188315593	0.6936536528913635	0.6668061806422774	0.26997074553868283	0.4380311206450912	0.6002769585167053	0.368119866842707	0.5542291470123835	0.6761591399693331	0.0	0.36894038705598936	0.32757520433327003	0.5621313243212979	0.48520512741832866	0.5590127841925786	0.42291238145147625	0.47320036038578733	0.3250802371387182	0.3247429844414813	0.20003582738938241	0.6810003970394441	0.3435982086444178	0.5093725949598141	0.7670464617758218	0.5984370594504618	0.6836969909209443	0.4434581415462819	0.6969118127931841	0.3338618413800418	0.42192837244644965	0.6820907122522069	0.7294195357567319	0.5789788543540693	0.5973950842568495	0.6006348374199005	0.5979083164577467	0.6524540463093885	0.5583491397059804	0.3039843537085102	0.5196962120245047	0.6334954503251652	0.179667270567611	0.5434096285980867	0.7344152200227508	0.5405273159335753	0.593071513509626	0.2678259245281605	0.6516284208444185	0.4981765993593769	0.763341496457175	0.6389383391831708	0.45304452175960014	0.5464097273114414	0.30369768346142323	0.2485702236229917	0.17622297306908957	0.7305508877539965	0.7478052595456108	0.1959400588669971	0.3512164413632211	0.7334217285548251	0.6828554148255822	0.42393922975749254	0.45519668814622255	0.261210672964343	0.671044179380403	0.5197627439573631	0.2872173908892818	0.5107124501284456	0.6557122286181253	0.7278066707088621	0.4267726767371806	0.6287945420924153	0.8462675483038071	0.2765148912734627	0.18163496801826284	0.47526976330085485	0.5983108365276975	0.25926297434461765	0.4440246088995481	0.1448174041500952	0.4880170114622551	0.6818059406601715	0.3144396527447767	0.9664571469982233	0.43199029564955405	0.4492873868456154	0.387037523203241	0.4445741620895811	0.21843406419009376	0.6443825714174085	0.500549814625613	0.3662990087707099	0.5898807238276694	0.6594636104057757	0.48863417966464817	0.597978809824865	0.4519065306232821	0.36245545805920815	0.6835735432524475	0.45986363797385876	0.47158163826386745	0.2442808113128927	0.5608048494443229	0.3067780513998959	0.560520315593152	0.5708202800580893	0.37550871575607625	0.7134546235349909	0.5170037553502588	0.5075242601203603	0.5207425735364732	0.2544911901972129	0.5691946107850943	0.436775468225322	0.002765659349532157	0.37864463863328324	0.1935230085687208	0.34156402393020646	0.6273511677974041	0.44858220918709135	0.5445315785262019	0.2882689422479386	0.3748925990599238	0.6602607383083918	0.22967254820783123	0.7343885057631502	0.8637276991599298	0.5635852724319538	0.5591139941809492	0.7212134053737262	0.6741223063838302	0.4869409154447468	0.5090131826177339	0.11078401619309974	0.2918559502347715	0.38310651322684885	0.6500733960833291	0.4830856950915374	0.474411248712192	0.47783249675022627	0.235609586124789	0.20224287515407757	0.5287912220577843	0.3978168933867423	0.5871198614734758	0.2815156331725711	0.7558346538502227	0.5131767881897771	0.2341940488988963	0.9626888675449141	0.37477320265066283	0.7415137855913672	0.48349253597789177	0.3443453221524954	0.47013639691954495	0.2826719323335337	0.2760571841647775	0.5091390983006576	0.348144108382302	0.7741480177349043	0.5918620436318094	0.6180982803348767	0.487832336780913	0.37857935306733503	0.49294622496496543	0.3174424667395488	0.33081975990825396	0.45622538539194646	0.38552865943868886	0.4534968257185105	0.7946867851274366	0.3321654522540622	0.5213620643555336	0.36397241454339135	0.5494385719372471	0.5943834420045854	0.4438939779568719	0.3287089544521086	0.6760539769664704	0.6006713760254021	0.8028564443710567	0.5020460182877433	0.5546506246246867	0.4552506597186286	0.39078641159274813	0.5926789769782305	0.2153904405688946	0.533987704341933	0.7375200602268468	0.48068369261959404	0.8943652177709265	0.3779170883382835	0.6420805975151693	0.566574444551929	0.37929484363083843	0.46478696178168233	0.26178551931428173	0.27216905358502136	0.49967359391888005	0.5141461118924374	0.2889190506253651	0.6234354688698659	0.952788223273865	0.8022818229104005	0.5032014853593887	0.5582051949640346	0.6417491595403219	0.2651055684300452	0.5916344108026359	0.3079314083538266	0.5480852860995425	0.4874093973693658	0.5377548212186882	0.36147567272056136	0.3501977636263493	0.8100859711285995
blindworm	0.3868739381220375	0.05251635539606592	0.717491269773022	0.5680450556149	0.4243997084459392	0.4544324181523062	0.26533537894417003	0.7940685253777515	0.6356377949035125	0.6762426679211982	0.42456920989364555	0.47888323243847913	0.4509577230917179	0.5541743736744954	0.5667023380250152	0.21628477363893223	0.5936364455750995	0.8137202830677954	0.6604939072053437	0.5415627615253276	0.42119211504865184	0.4291358911695243	0.5719813387933819	0.38549265757717516	0.6498460934766388	0.0	0.25519308260992485	0.7183434619195136	0.249746771599968	0.59037495511271	0.3607915421902531	0.4106552737277784	0.41020932662339954	0.48154871568778057	0.5986793662692251	0.4449693658606044	0.4601609818507085	0.7122767151300806	0.41661445910860495	0.40248192582606845	0.7509812221158232	0.161171567860225	0.6616211449164205	0.15665605988107212	0.7980499298409744	0.6397161457739843	0.601619712769131	0.5601222623190623	0.3967173613011447	0.6920469592793117	0.21661523815046163	0.061109033660279255	0.9673511849149772	0.750193483076483	0.4245975736967577	0.39882239140574405	0.3869071913362124	0.3419200455011609	0.6049083864220267	0.6047485429152897	0.0	0.6103994953849083	0.09163741251948088	0.5545956942541231	0.6917487798982049	0.38100663984672356	0.4827773632817796	0.18381445649587747	0.5426126245913822	0.3162503888842223	0.7955364547318355	0.4771843801449875	0.44930024966901844	0.5101083156968602	0.014476478491867228	0.24280317450610578	0.7466310733779197	0.7477711957754851	0.25463561821705794	0.36802392086749025	0.5351909192852324	0.7470154991531317	0.5638285686298585	0.7143684248860859	0.4130447886426008	0.6575159069513846	0.7846566182335195	0.2487524225739982	0.4969663856678308	0.6199433130970483	0.1730745801340834	0.5768485638611863	0.7083137054072921	0.3653698939786856	0.4913799642170329	0.5669744845163845	0.1623428720410814	0.4901848488763566	0.6251723418790829	0.6171022157406374	0.5368187629231667	0.7637960518495772	0.35675889869744287	0.4002734190165191	0.8087050449905216	0.06550357746801999	0.6078956520491482	0.6918246171838258	0.49335910251056964	0.17849286084798072	0.5553085115721792	0.43582349568956125	0.11823966944199157	0.37695582655387605	0.2532661101005367	0.5558831577755692	0.593851345027388	0.43434941173161856	0.37458181471872554	0.357444960507005	0.0	0.463139767841234	0.4752141041284033	0.3925607034177334	0.5525260885972113	0.3944093836324706	0.16147360992045512	0.3606013202921176	0.662144012065687	0.5351837750819205	0.2440506132290676	0.39539540389001293	0.4283384645581934	0.3726584819038611	0.4987773985362845	0.17276018230043322	0.8418568065515315	0.4780272794130655	0.7707922181665772	0.2623300401985713	0.6335223988409369	0.2382247658398261	0.6206825159993602	0.6112718123767445	0.5180469683351204	0.46508924103046495	0.41874945659993124	0.5885928587059295	0.8636084696327683	0.6693740231248582	0.3516922828608569	0.37743390866293547	0.47172124561849454	0.4721362997652946	0.5686467048378018	0.40399590387128004	0.683050816459434	0.5035786037798461	0.35879218067786567	0.33994672620756416	0.6523071448149759	0.7778712155383016	0.3348062849570524	0.5375923319938786	0.6675335096662551	0.057400954044068364	0.5288186537687609	0.5097486442134251	0.13449728801770922	0.5132765649309519	0.4928339712410974	0.04484051489499219	0.5481617653368781	0.4957325532520432	0.5108446365715699	0.28037520383283243	0.23841405122723025	0.5871119280603745	0.2753635541358577	0.516979601477541	0.426768876998621	0.8126944966037899	0.5386429123784894	0.8725717122322024	0.5219358164008342	0.32490373194130895	0.4235199574067564	0.5075786063350277	0.3832946824169463	0.22008634568609697	0.49510786999571565	0.64394151720279	0.7408514836519793	0.6560946272867728	0.47342879894706724	0.2330491508548876	0.4503061497581767	0.6551922025251846	0.702678483286747	0.586113125313565	0.7280120364497044	0.4342489529028792	0.7796102292369702	0.486824682658731	0.7438659633702271	0.5192661989942815	0.662913206691634	0.4124766239890837	0.717881328849092	0.5737902925056915	0.4445043731778811	0.39221638181268514	0.28441992730405496	0.4502851754099335	0.2453879303268579	0.7195515480326964	0.3806916596646184	0.5826386297845705	0.5890933682311164	0.7038076624055896	0.4892250337714896	0.5221444689502909	0.47878833531584053	0.3458907848582711	0.491364736367519	0.9143511327179878	0.6386567515732156	0.09287809039478367	0.5352997102333099	0.28263937063807154	1.0	0.5569323644051823	0.5401840262848705	0.5721682837475418	0.4272692196199431	0.626897060233568	0.40107291228868913	0.0	0.4910186651448515	0.22189159410857595	0.30272803168431184	0.5887446504708248	0.8177866830966014	0.5929326078478587	0.6360077753078155	0.35673359027544704	0.5889293409214854	0.2509777151561126	0.2550220865178942	0.7813503803666898	0.2170459323428431	0.30522360330262155	0.39828999320793224	0.3917316440316222	0.5078560796815358	0.5309543978712815	0.6224709631686856	0.5009132760859792	0.40487052936540013	0.4495708767314208	0.4208152959635131	0.3617494744329226	0.44012900117931075	0.2233663292934781	0.485928270678498	0.21335883337798178	0.6823634859163669	0.6979946490842068	0.7637518044217936	0.7068814981001861	0.5992930254481273	0.5055508263924908	0.8445225544385442	0.5944727709126203	0.2888220741494008	0.7230931286378467	0.502345036295358	0.4336335242030023	0.8302075222271278	0.8577867351267896	0.4553280721224888	0.535202919781311	0.776210218006467	0.7941999799597372	0.6451656816980842	0.6657478911510288	0.455464918049332	0.29878481075037167	0.08134571964723114	0.5674986827279819	0.5158378250554005	0.7092645174227393	0.719019963785981	0.46214825412678656	0.34464250756291415	0.6529783206733354	0.28878190054630226	0.6274210423527093	0.301637530534683	0.6303109826857083	0.39422348333643803	0.40763030659274335	0.5340813216162079	0.72070986510393	1.0	0.3575893827335258	0.5637939725004705	0.5892249231063709	0.5960139995379193	0.4939762357037313	0.49007630813357866	0.20529089867045436	0.7384476993088753	0.25563949436875166	0.13234683778326883	0.5816094129855575	0.6282231004468753	0.9127989335864437	0.6913213489346338	0.6902567935990974	0.3674940760086308	0.7645562932886489	0.4005548140189492	0.4529709662297295	0.5461751850937147	0.8670011890961833	0.4676934850633898	0.5801585292830415	0.3971709261942577	0.8400929963953466	0.6784653381590935	0.5579882418783328	0.460169978894547	0.5204785846853228	0.7053650593779325	0.8828860590654346	0.6836034384867405	0.7936487103301672	0.3654651341846705	0.5871897534229589	0.790366634610786	0.4027274663235096	0.6815818568336167	0.20253661170865211	0.7588725126218903	0.4604883342619934	0.11989995464331082	0.5729327295741633	0.5605966257444895	0.5721249421329093	0.3030278085687801	0.6354713437108408	0.5067256591414316	0.38841418072208966	0.5672494522128381	0.5645783306183172	0.5270852179677773	0.31353170748218495	0.7050410881247802	0.2217509473379054	0.3901075875011587	0.5100723857089474	0.8719394404883213	0.3585539691403631	0.21104109592397696	0.4115331058382671	0.6839948456666725	0.3431994210898813	0.5124231877233372	0.7108106791109814	0.1251946715878548	0.39358765903967985	0.7238109316461309	0.49656464453614474	0.6957533892544475	0.7946046419309214	0.5137043224157763	0.11625825961152814	0.4086773834282408	0.18820674848205415	0.35842799741547515	0.29763745821007087	0.5941836848610199	0.5806759342511255	0.4585142746423909	0.6592980716558257	0.212970355343177	0.25250386022271865	0.2555489552609157	0.6636639555161405	0.4394010487017785	0.33591032514012253	0.6310494074445673	0.5623178890726102	0.8245673531411725	0.6035082933100607	0.5476289978880042	0.698679932198194	0.4227376781554463	0.09363586349076325
blue_whale	0.551344850674332	0.5124246342886781	0.30456736759870473	0.6615425055024261	0.6934478940586383	0.3706892813284822	0.380298231961839	0.7056478693408483	0.6579167055162496	0.8750532152520818	0.3811971375365048	0.42482324258740506	0.25593151986558244	0.26334398993863894	0.5387692142880416	0.4993916061756339	0.5332432432226752	0.5621431812791441	0.6072826140018056	0.3178121809125074	0.20968316994404046	0.3161756747225064	0.41607513211109254	0.7227536102114789	0.5885581711794563	0.5412604482667471	0.7754744631332953	0.8821827972853791	0.4986707670569842	0.0	0.6960901466325661	0.43307833226893105	0.6777863037641794	0.07407704061810172	0.3273513745328387	0.3795962675467473	0.6515078145664149	0.6207557046972765	0.34975712464850417	0.4652727738104081	0.574518219736826	0.17139906317261192	0.0409919620079639	0.5529483223209917	0.4482763799912988	0.3795652427950037	0.7174974330135866	0.34654181072507106	0.745144695940307	0.41571218111612357	0.5377316167364731	0.03898480317440345	0.2155021701318749	0.4094017183876551	0.5899541901657501	0.43521463217564144	0.1545228773092046	0.5442988699857892	0.3416867966262003	0.3991947770423938	0.19719780259489672	0.3602593156744266	0.4690879215522129	0.4420073439179001	0.420481919013466	0.5821099261249676	0.396294137991575	0.4242368666318589	0.5674111443070582	0.6821825177249766	0.8587639427341167	0.31962173163931634	0.29363286125420673	0.4732077406962488	0.39749620898449384	0.5369931517301835	0.7284931280542098	0.4032750419292439	0.3673246128466784	0.08147675165067214	0.37837577919046894	0.21073543887661816	0.29799364673685436	0.5326156677718474	0.7713105085834271	0.4269706400429285	0.5889693006010246	0.45669595826588705	0.4928075071587297	0.5202345128328891	0.7391861666328645	0.33429146392809317	0.28107227165988347	0.7098568710345359	0.6783024349543015	0.674802694352554	0.5111129446382162	0.2564975028460189	0.7591178492995163	0.6162299324699032	0.477796726708641	0.6910472743645238	0.3285270843378659	0.601503212669904	0.6183321273091006	0.4767852062322795	0.5296823753089813	0.8358458770630838	0.9090925473429123	0.4840981785784661	0.770443915728556	0.2102222266865447	0.21715724421879873	0.711661938722899	0.7225944321297286	0.43602507490732917	0.49430823754494196	0.30035633079308444	0.3593647785312123	0.29512981317562115	0.5796724870290175	0.17616634544200432	0.16644294931293113	0.31430493690508876	0.6586973611013393	0.7072668348061996	0.5571029530382126	0.4812510277916817	0.6801666282144827	0.5510148325380649	0.5575292223300321	0.2916451514072644	0.4610564651246123	0.24388930466677847	0.46656275800988883	0.5182305321644387	0.3029746256610237	0.3515925976095138	0.6267211258699935	0.2593144111614126	0.3211790592476337	0.6054858455937282	0.18312675101573483	0.6690954128013076	0.6682665771169062	0.48461940597577613	0.4875444366648757	0.2594826113850341	0.8441578966967596	0.3097387157407973	0.43915870427927917	0.5032823895815025	0.7091861143539837	0.34587907818883185	0.6284859602582789	0.19912790931947377	0.19007973703945663	0.4725516100796538	0.4541718133677674	0.21497071852839073	0.5014942331149219	0.38530108363217336	0.2950500252831296	0.2567326619389028	0.6627465705637428	0.3854316665967811	0.577607718195627	0.7182340634158242	0.43632243225736117	0.5638713941094454	0.5765464414431328	0.7116817965250681	0.56757931115607	0.6695502639698251	0.6960804041080224	0.5166369001626114	0.3257267036340148	0.24824896931651985	0.32125486244651913	0.16846066932784184	0.5610739171822402	0.45624788609751016	0.5449547703548085	0.6277400002497149	0.47763800106112747	0.20846483554454437	0.3019160655101876	1.0	1.0	0.636717714435795	0.2788508996192802	0.4812139401666779	0.5985978994827651	0.3736861709013725	0.41965651627896977	0.37510855862732656	0.6924592368128119	0.5235923608652403	0.462295258150457	0.11540716445074012	0.11387395245473064	0.5716170662269571	0.9789693339321517	0.4416552120266323	0.6337681728042827	0.5268608637837048	0.4939498566594633	0.05373496004111261	0.8634160012154356	0.4672396430406834	0.2807739509625362	0.3574720538903705	0.0913416123824114	0.6772840133278605	0.5396282152643928	0.4672046609197206	0.567887614304032	0.8112139435492849	0.47563904587737493	0.7621917312366916	0.6013362770235086	0.5069386638234913	0.5644192425895169	0.42401556223917325	0.11351420327683026	0.21120761591435144	0.38555605565700163	0.3753843992588294	0.8185168105871947	0.437445553532671	0.7080124485450294	0.509889381106228	0.5573483228067151	0.7671280982930485	0.5795159942057996	0.31201431199261126	0.7079660910477972	0.5657485114006942	0.7218956817169617	0.7154100606466129	0.46326332177846596	0.7154306938836897	0.6906146154322813	0.29777995182123235	0.26187929472963234	0.4441665880864627	0.6383281961859099	0.39384353568356134	0.7053996204027327	0.7417208370354567	0.417891171331473	0.5443512127857785	0.30541075073712576	0.7260663281278615	0.6486778096323472	0.490196696806054	0.1941474125244576	0.6610901724342851	0.19902778780347055	0.36430544494325884	0.5677305249251439	0.3920572358272978	0.16580962705320426	0.3280557256587619	0.3823051886557415	0.6859050736591787	0.7099642749929417	0.6528721284239213	0.6848506078778678	0.8362067156593227	0.6828322239643592	0.5676676402628409	0.4421839158913652	0.3289270705104551	0.3217097894187976	0.6158996099855296	0.6057362448241569	0.4674702787188034	0.37510667099603623	0.7062634608968321	0.5929843793792963	0.8020477938670174	0.5250335782581724	1.0	0.5695222185740967	0.42169644375184795	0.630468819515277	0.598725878337497	0.30192789688020916	0.6413033017665334	0.534381960596996	0.910293132014847	0.6418515256181849	0.6079645965789362	0.8004519289886471	0.43051066766834245	0.3069472656853096	0.6425732590500705	0.44309524233235686	0.4099378708930234	0.39377682953391824	0.5054091723126777	0.6657321663682305	0.5883568995926378	0.7014894109700587	0.40229536871938265	0.20364129086323046	0.4205699710909696	0.3634949135946357	0.6270515640923979	0.26229233957384146	0.026866823557481934	1.0	0.4598288151552489	0.3705722596335891	0.4661237177581874	0.7975498823115361	0.4977788569059059	0.6892078893794059	0.4281588494041806	0.746021333228622	0.15867872973774577	0.39266842564667714	0.45276396211905573	1.0	0.8673135976262248	0.6230502401218859	0.60331189333015	0.6882234426075917	0.6571690458037752	0.4774081542742862	0.6427541321833865	0.7371247433966992	0.5570974149613451	0.34978425665120355	0.4409226276168554	0.4735117481696815	0.806753970451786	0.4525522239908839	0.4360784354852839	0.23289915496305852	0.6841440616440138	0.8163872386299393	0.5098381122197949	0.4071914204117947	0.3502994290780213	0.5759830914463797	0.4848710987371494	0.2927340832811316	0.33560915103214317	0.5849273443470615	0.672919789888228	0.14916243531833356	0.467624435389678	0.8961086571397274	0.16224523379031916	0.38645152073093225	0.7311095060484611	0.8481849742884293	0.4387401871615369	0.7173381445955391	0.6297038743028285	0.6611799389649334	0.41085987072845	0.3059655606668694	0.22985151228511397	0.6181947391520085	0.14806084290794935	0.4885662761015222	0.610591491585564	0.43734160966290025	0.4726001090735494	0.4592584836628429	0.658746342529564	0.20937633391099048	0.5174155311097628	0.7308065086054458	0.48431115547910136	0.4360219915200238	0.3237446079090341	0.36547313959101435	0.04544515176777808	0.7110356946187292	0.6154363463034864	0.5631545847144546	0.19571737196911357	0.40268846999985103	0.23994098908288608	0.3662092909001113	0.7919521426753843	0.5302069798759651	0.2274986790286338	0.7226397611582249	0.6801103534835935	0.7353426108107214	0.7639865512380617	0.5130694005131048	0.530954792371801	0.4645547071838472	0.6527743116530348
boa	0.5799577862062784	0.6344845003567106	0.709907928339032	0.2616304783938369	0.6365961196671648	0.5634544564083762	0.9995068697485829	0.23484776858828194	0.4242507053845702	0.376714113378679	0.5157272701668868	0.4703149123599515	0.44059343065960743	0.4566760565570228	0.39323835077818886	0.4781988316760867	0.21404258911294932	0.7595876245794357	0.34330168346662204	0.4960046328678595	0.42337774768898095	0.657196714965385	0.2867322444165491	0.6405866122677856	0.5155021506870144	0.8049054240302445	0.10678256579776924	0.8812926634610037	0.47303685069095336	0.38279547222784155	0.43421006492858055	0.10848980040801243	0.49283590471677197	0.34909941328543953	0.5163861632564745	0.5058900716201252	0.75618216044578	0.29401658664141384	0.38208250475784783	0.4901815348540857	0.6840413851852727	0.3280906570173017	0.19066738705237438	0.21107769078805422	0.48356646205836895	0.36452493547435233	0.6777360779392505	0.6075204512826877	0.6531614618042413	0.28322103102255425	0.3774892723637759	0.129821437973353	0.29419788718769363	0.7284425342534802	0.3611092721817123	0.3132402179891951	0.8052430102179108	0.5806308194170811	0.4961615003155392	0.503795184765924	0.5173889391070955	0.5300561815779147	0.34732542958591767	0.6379189792163253	0.3855736308358534	0.5418563617718335	0.25716485527902877	0.49634091841347683	0.5010434658667958	0.5883858250066831	0.5472832142824161	0.43721687212227944	0.8300459222431721	0.3316923257464236	0.3373846790869413	0.15827109229833816	0.6461682370690116	0.3329618972706427	0.3975127289409211	0.026727252434699533	0.037146281369276335	0.36032224057120354	0.6774588228340082	0.6819453064101586	0.6351257166406623	0.5838177903722639	0.6284129587751259	0.6565619007424226	0.6142740386949042	0.7650566710982885	0.3967309784882609	0.4968206687790704	0.5864758664273283	0.4565363369106543	0.5382602848315203	0.754856906184994	0.5137180128543891	0.0	0.6699813162473452	0.6241234475377502	0.5933302306469865	0.8981811478697344	0.4657952950993715	0.5484681558936501	0.35040509380257495	0.43909783250638273	0.7060362728868113	0.4270017128249933	0.4053159910548371	0.4229382673531239	0.48276422827175747	0.3650972443920913	0.7846011619311307	0.8873946495030943	0.8245452471669761	0.2737396840434059	0.6898543830336727	0.4170420016655494	0.5989115183634547	0.3142076891465074	0.7122108647334835	0.6037454337212527	0.602747084101367	0.11144794237758499	0.16876194170484177	0.8992306256057332	0.5650768389074894	0.3347899941787352	0.5638737469325509	0.4590225019374411	0.6680345846245876	0.7770319876271214	0.5277516723353249	0.5178712099490234	0.4768267086653063	0.692462180105222	0.9780841298048141	0.35674381963749846	0.40062499611302477	0.5402632428421839	0.14263831207265232	0.739671410773132	0.5219425569366662	0.7341336394380507	0.9167150283212165	0.39685074848985374	0.5570550070091282	0.5663776696078108	0.5656244559687887	1.0	0.19559827970417193	0.9062959273366702	0.36059959909003164	0.23591156225675183	0.3367942931454023	0.37024220447628164	0.5756674421580665	0.8936380827095507	0.4482522596156055	0.5225410424553639	0.18421279744417807	0.10969968290384008	0.6129972734053634	0.7056535765125752	0.44823206274413546	0.17872101747358715	0.42184949715725273	0.707137975097493	0.29613986426491123	0.5098268451355756	0.4936489429662536	0.24334181107914024	0.9583794133191514	0.49302041548915015	0.3701062127316501	0.1869498748841994	0.7307395494167661	0.1790299210691937	0.30551894052784756	0.5647669406541211	0.6271248774008584	0.25581139000687714	0.05141365768732781	0.5657159851412571	0.9411706846313999	0.5293167868243007	0.0895492870329399	0.6202915532266875	0.62358195714451	0.57151406163114	0.568695916834003	0.45674524837898206	0.2514969542326906	0.40978869868111806	0.7505629692901288	0.6464806455044966	0.18235181964383584	0.49349291684389324	0.3075720797445175	0.21281921092539022	0.5872330741463838	0.7208117204699491	0.4296857764400545	0.6654202553802706	0.557488592755886	0.681294290109219	0.49408650728050907	0.2675112498458848	0.5778574469868376	0.5748636467000523	0.6544290167856104	0.5801159588079918	0.36412374242704904	0.6407041895645994	0.5042533834623244	0.4643564613993162	0.25999965428783123	0.8210761852994024	0.4057277969015099	0.5368848141628084	0.7188243996533312	0.3354833904323672	0.43049721736767654	0.9965376095896192	0.375695293550966	0.6412953023983097	0.8625121900798155	0.4780246793088658	0.7227527612010443	0.5925356990233167	0.3614454701614052	0.31547249991366033	0.45855748169276844	0.727100355303587	0.42754229755368284	0.6065883777773067	0.3639842175089985	0.7222523598539249	0.6978259305049661	0.40730869544724085	0.2424793895808376	0.7705350585384235	0.6725951147844009	0.3930741473690653	0.410535964010233	0.7810027892987582	0.8042615614117019	0.1870036671181458	0.00991482461884785	0.33620622019998286	0.6657552623054388	0.6794496841352273	0.3346028320470924	0.6040705266492143	0.6835909862788399	0.6653571606782762	0.21229365598467803	0.4171922924184702	0.5528708865545022	0.4941872710605349	0.7519628624787232	0.4528150216737034	0.07753603524304786	0.0796049771619246	0.5013273100953022	0.6647382111729788	0.6845637880938944	0.4612285319444983	0.33825213996722436	0.6501140517406485	0.582883971237161	0.45587342337639414	0.26460353821288607	0.5406686223460209	0.2929292111077128	0.6355919953620585	0.46376284192433653	0.5543771574098381	0.5539137300623488	0.47183425428966597	0.3716588453945544	0.5552050671499651	0.6918329067611775	0.6833980180432013	0.5804769765505403	0.5977068847916153	0.6688637045970539	0.4246370662595831	0.40940276883921495	0.7074400703324192	0.6338128489664911	0.635126139077191	0.46006724301675117	0.9467391521372639	0.7543625985233936	0.3927089507745149	0.6979535724181012	0.33655387156538874	0.44519163348325913	0.7221614883164802	0.1888099165325421	0.457687623585193	0.5180309287846241	0.290377674661918	0.4623827541352262	0.4937899943232962	0.8724768184674476	0.6116327006494998	0.636438807667143	0.345025273613838	0.08318323322002574	0.49716357979962633	0.7212358647345645	0.5397571425615264	0.5605321063035978	0.4432971580727941	0.46824175137793234	0.7636149562600252	0.5363628334443603	0.6501393675381549	0.0642934447894089	0.6266990526472618	0.48155735628131	0.49119758966916705	0.5189675532417399	0.15327086768499193	0.4353904115735165	0.5736386318557203	0.6039721710089518	0.5101562412828966	0.3249438498251718	0.5435511239572303	0.5909416843148744	0.11212542674490783	0.44166478816735555	0.21962577577083797	0.655697158981155	0.8782967626184691	0.40936351741178795	0.1925866051508287	0.48174554722712903	0.4314607933129949	0.5216610892111697	0.3185512450815101	0.3537373868213316	0.4906080635534964	0.44276575486160297	0.8261783836243008	0.0	0.3698012747373689	0.7271090024151631	0.4179103814561625	0.48855438598758366	0.42495799905205695	0.5692715679948175	0.2799806133174261	0.5225384561562882	0.3033178082553588	0.8575501746594297	0.5886612043743628	0.5416182334081268	0.6600189869501524	0.5258283634556715	0.38640627518154025	0.5256976492203491	0.033649959188728484	0.6097471186744864	0.31768312011811994	0.3542978463392746	0.5211093282262652	0.4981821677263269	0.6091266784671492	0.47280191039935565	0.6684721799034612	0.6436937938874912	0.6521871322316908	0.2525062675328047	0.5176021378630487	0.2746328055200794	0.6003180948571194	0.42006902166919313	0.6865183307260574	0.2948766986834661	0.6506908781037449	0.3913073141532147	0.20582433324757046	0.23504575728312543	0.6531385004725645	0.5445985625987131	0.7608784313258432	0.6705573963697298	0.258886910290162	0.26439166158906596	0.5140701434051607	0.5463784007638812	0.5816401148358777	0.49141378839712346	0.3582185126103643	0.5066420830169417	0.6743700112749852
bonobo	0.45620439371868593	0.40047939492649975	0.16026345115727803	0.3292892023929327	0.2698453393833791	0.4628213100703716	0.7820107659447276	0.5925622128920184	0.6308514197314361	0.7657692955421855	0.6784391300737798	0.5721381197097821	0.34626093076330633	0.5049835369245719	0.38738341462739256	0.2350714605636957	0.5169659434886983	0.42078103781701764	0.41270168243613337	1.0	0.6712476888329308	0.36357457203406224	0.35181303946156556	0.4780540974622482	0.837614302333835	0.6565123221789726	0.22011484281101956	0.19428260639766887	0.5280225402004718	0.39001068289283425	0.43903544205320866	0.22834754190063086	0.34888202271034335	0.49092014846321524	0.5066258149018216	0.4613833903398301	0.9754011221484589	0.4786032766353666	0.5141141631280063	1.0000000000000002	0.657600702168512	0.6525566257490194	0.6232152148056264	0.567040200926409	0.8225086475697927	0.8333595122325311	0.6955106427027719	0.3487119778031103	0.5150992316982179	0.4756610772399775	0.37619807615794637	0.20153689112214693	0.731419558340084	0.42901509657016457	0.4765661109772208	0.7145689363943828	0.8027997933582759	0.3058908542529016	0.5953330716035473	0.9180342687107488	0.41978536457352444	0.6716792895367135	0.6909609977210464	0.4984130916977303	0.3354071942089228	0.5803617725169687	0.4373062211016715	0.12017966742113939	0.4026293257107422	0.5047509485027374	0.8428068669488231	0.16536198166516936	0.3305125064982204	0.3683223098648798	0.6237989359342502	0.36532774869488677	0.4619864394077307	0.34575788287613674	0.6005684273376526	0.3771400398281043	0.35110086625595344	0.7068380545160075	0.5395404199996618	0.6393758267395736	0.8011052462473018	0.22236242654823601	0.4168874275851851	0.18273219205554253	0.6512782075604538	0.5044286720345854	0.10018895712451681	0.7298903426623348	0.4432601245654477	0.5365737563574466	0.4344963652746772	0.3273907140593114	0.06239565109055778	0.38090877383706157	0.609229063838589	0.8693924482008843	0.583962960365828	0.5226802399787309	0.7174035512306192	0.7059212609214376	0.6755734945232984	0.2061508486922568	0.6517612282680069	0.39964884918565513	0.6097288417760364	0.2611165911844737	0.5973101992308592	0.2613755515390023	0.33016745916002094	0.029913411823188185	0.49830876698605703	0.5753552492181637	0.6574892916275415	0.9043321130643351	0.5220035350719912	0.609634116828206	0.5002128655884432	0.9999999999999999	0.5908165708303119	0.6017593589946064	0.4478890163290709	0.28132539037827015	0.7635912029680925	0.30842181475153724	0.5240091948657063	0.690944722289361	0.34785693920889726	0.5737547922876186	0.23745684358055208	0.0	0.24238263285726452	0.25630287335047663	0.7199085268183718	0.6438076695374658	0.23979498731238513	0.4702969653978286	0.5202129081544965	0.5840555835866497	0.6856114395605091	0.22953369601554624	0.7113980184120732	0.3532991123054998	0.26478868499860647	0.18196916450094386	0.6531691796107328	0.26743443417466334	0.2653286208539684	0.7586443702050535	0.46545919275364045	0.7474821033478174	0.5957800042719849	0.35712279657515783	0.5379422612125331	0.35669498830380497	0.5918817401024047	0.3702341137819357	0.4331065074147125	0.4861364898583267	0.4051575533279288	0.45548362360634	0.1839520670840794	0.4014344711684764	0.4678339713392427	0.5012768662601533	0.4791128331346223	0.2965218808957475	0.23730827336091143	0.548535341712478	0.5957007550778348	0.4233031880140282	0.43971793018548655	0.46764365749794307	0.21933057518538224	0.3696454516697766	0.4710770034922089	0.3205905775188773	0.735196397818269	0.043499898845698604	0.41197079517812285	0.16386873823855336	0.6837390661273011	0.5136401451365401	0.5660006797333594	0.5444671742022631	0.6386384322184111	0.6551850958969916	0.5380770286854208	0.8192689573450416	0.25287856756737714	0.2968061047206311	0.42095853092857355	0.36406845701146745	0.44833583661538434	0.3444953667369891	0.4008137678521332	0.48292880357290596	0.5642919533673875	0.3440725692511119	0.4597814682066068	0.46389039203009247	0.7478200054484176	0.909554300896705	0.5796156698040708	0.3108406295737883	0.10451608096765963	0.4940447533807429	0.5135836311988413	0.8763522497543876	0.35685814267923655	0.7886566435805584	0.9376850258637639	0.5036237184554714	0.5996623795614614	0.4470412287754544	0.49099339189794877	0.43139540940003074	0.34503947425840875	0.214275036195008	0.7774579128036849	0.573542882650929	0.23772523392812644	0.7671688887279877	0.20186011677320242	0.4125166505083539	0.5836969587845983	0.5320107853499809	0.4671643694407496	0.7015143368865802	0.3899882970426684	0.32718874988759133	0.6146896810642852	0.5804391609945876	0.3498610790395026	0.5971994347842743	1.0	0.2256865942625316	0.568865282701966	0.3743325261923401	0.4632222140584137	0.4913514993920328	0.4339696496303416	0.7133146088534149	0.7505923376553861	0.27524240666991584	0.40474203946902154	0.4216801009094293	0.5316669037929159	0.6134905194960115	0.36663070880019283	0.5386382975020655	0.4532612171246872	0.5573091979777284	0.5986260672302168	0.5590093888236183	0.23044677020801935	0.35484845880142696	0.3151987737848138	0.4878784985708189	0.7985371894268392	0.16538095219376903	0.791857046723142	0.27057364992791333	0.7160547364448777	0.644548304037657	0.48788526173489905	0.3522325463821383	0.6878280067703684	0.7763781304623385	0.16377242705970785	0.4556056196696534	0.6881665047500276	0.6107159860498804	0.376281997788651	0.40328167385510183	0.5597291993035912	0.22056042123339636	0.0	0.6425330870217698	0.9065067659701989	0.6509279856932184	0.21938269363187535	0.5131188913861007	0.34896793932765235	0.4139873891548649	0.5044439457075324	0.4339301350643574	0.6668716842161814	0.17217418702749154	0.45422182702075614	0.48290146402904194	0.6075816855847371	0.39971868521695153	0.5202882039344535	0.44099185073011155	0.4563556830900662	0.8242738614648659	0.3339503590601406	0.6191449684610599	0.3450661367956201	1.0	0.3321415839897622	0.6747538649874436	0.5308667264774565	0.25722580752330226	0.5867245492142621	0.5083586758207683	0.631090178811681	0.5313303940155707	0.4417412582410679	0.4729330703548855	0.3000160838817705	0.8557873902839537	0.6052859102310033	0.6847344589045217	0.357434793801673	0.7671591482739295	0.6283167488094559	0.69415628536706	0.4873749865818937	0.49828977559230214	0.4701045032940231	0.7785196752744442	0.40428748502400674	0.5201805749329622	0.7099549572997538	0.7010192725007134	0.7483786295698781	0.6644519795268924	0.14951593035303973	0.7423235711198688	0.0	0.4208282425529854	0.9684800956034303	0.6855457525792654	0.6483988770884382	0.17495381013218875	0.4245088652658864	0.646467910951072	0.669306186004511	0.46554666569569125	0.4988410871084813	0.4481594742043169	0.6636381649327651	0.729554412385068	0.49141482275695786	0.8543515783466071	0.47345004427543314	0.4495763249760535	0.3977611543135109	0.3819144372089427	0.7439953929554803	0.524754136276627	0.6282135252579703	0.34035988152867336	0.6536071368988033	0.40983077580105937	0.5849183512361484	0.5398525370498661	0.5260788104160704	0.6389139226415073	0.46229599202135824	0.49434985000440845	0.6742408325395537	0.37485788781053253	0.45064878966049843	0.6063463138034182	0.5142001589448564	0.4660720306452401	0.5864662764417508	0.6334231521454958	0.3266617868470131	0.5772534073063786	0.530536798287502	0.793582982017728	0.5693354951666514	0.48068163878819	0.5879275784805807	0.13646450710786084	0.4058097162748936	0.5548560902343982	0.4642526236779593	0.5196533724134149	0.43934017784505824	0.12277641159559663	0.4086357922825465	0.45453770901327356	0.21442945828926702	0.843488548268176	0.4580527173548446	0.7052663315958725	0.5070062741825121	0.17519936403657543	0.3367941217753462	0.25898961132451814	0.5063333834547896	0.23437341327329164
buffalo	0.23015705303301104	0.33935145531052685	0.5001040422053576	0.5349378404102492	0.49710242298416163	0.5919411278137887	0.5016545565864107	0.5090020375261162	0.45264892319981065	0.6541220166124725	0.6138416053277387	0.6625833209153664	0.9175830128262784	0.05521085351260657	0.5129831923743227	0.7216317958113944	0.8627709599130702	0.7130133774353067	0.3211157583926007	0.31130127203590535	0.27128614905951076	0.49831147364881684	0.4224306237420171	0.4264911919820698	0.5885702870702123	0.8515172253408441	0.3570012442070506	0.5030739619210962	0.6144832020859569	0.5206614150700811	0.5124463636787242	0.2482906950530946	0.49832576211664886	0.2496667549288214	0.6551838224684173	0.45057640699309986	0.7226683508507448	0.3949336342084564	0.6872114268386639	0.52738622304391	0.5352695428498321	0.5936853602803713	0.4587123467836211	0.3274571976773253	0.0018546401124505119	0.8757863394458363	0.7192407955498604	0.47888823813842124	0.6061907230502034	0.3011623193461327	0.10484189350745804	0.6205225101556041	0.33900874278977433	0.7105429017555562	0.40702449677188535	0.21176327295078853	0.7495128515771191	0.5208919837405562	0.43295417367753664	0.5639917802604111	0.6698754226805215	0.6930159569839883	0.6733497521872894	0.2382307990096672	0.30212801443968695	0.5391178797696883	0.5928409733144854	0.44306598269748265	0.12761742616496435	0.37105070250955563	0.797879842290744	0.28212203224616406	0.4348767336668786	0.12878136850603558	0.4453067285482952	0.6469357546435417	0.6188042809429244	0.653721019889598	0.47734981661434606	0.5042063321392305	0.45089737609299063	0.654760101400528	1.0	0.5361549663959879	0.3237848116815631	0.5159652741171059	0.5251168404498812	0.6445576409952581	0.5718982701154526	0.4722402346372905	0.15444832997345764	0.5440110146635457	0.5976257078017541	0.5543075541177515	0.9129169387779172	0.5431775644067838	0.39099491893450333	0.388737375764991	0.6210411877519988	0.38176568658322385	0.3340686786807029	0.23523071794607042	0.48455999072721895	0.4762270074660889	0.42334324116719846	0.7191998291506313	0.5144242375701542	0.8934692785311805	0.627797751851275	0.283018232539198	0.31119019894042	0.20187393950164118	0.7727588254993378	0.6915814581148454	0.5246477079481203	0.6456730213827262	0.13855892351991556	0.3614106647140968	0.33913195392329143	0.4979424011438785	0.2748043716374108	0.32238422693495067	0.5164417170221626	0.5921392653081403	0.4165139150193268	0.7571293444980548	0.641716954202028	0.4798690776680323	0.6726908262049149	0.40324122183589106	0.4443115228702572	0.6147774490241947	0.3772557905484377	0.42492092589866637	0.2853941695986144	0.32188493794974404	0.8625476725693264	0.3566979920571065	0.6740564125796868	0.3745208021049079	0.4556795186636579	0.5840954680182534	0.5983070174407379	0.25935665125472784	0.33333249280803917	0.5582017123095637	0.4359384982104055	0.3708642529907902	0.4981164334574625	0.6828830477068685	0.4987414687364984	0.8907019788938091	0.1759798013435523	0.5215977505438386	0.5315863198739564	0.4939930574515219	0.4776126581649406	0.3878499565359227	0.3073580469527222	0.33120819387494427	0.34723782478510434	0.5000160200155583	0.19278246966367807	0.8750827592768411	0.6190476341660618	0.36294135844215464	0.5067032802288292	0.4408504780202102	0.5893103090803529	0.6318042772691712	0.29363417974718153	0.4358952248724871	0.2830990397557176	0.7586749192995157	0.5387462749053124	0.7081155619692947	0.2503090644491611	0.6111580368692358	0.28271699319161114	0.4322537989112274	0.4328882880367666	0.34440196976469933	0.6928024201147143	0.6000863703675239	0.7040379609851317	0.5817413501082029	0.011389778942190065	0.3293876185780385	0.5941204749768816	0.49898670694515423	0.45003300975889504	0.46766592901043924	0.05713497838465981	0.5400069254144602	0.19629529523104644	0.11593672664895965	0.6908812150579493	0.1886608154845903	0.45361212387962785	0.4540761769309344	0.25279491472785665	0.2217152238326788	0.45754568202977375	0.5295208920530496	0.5090533216465452	0.4835297481875124	0.36140641771656434	0.46469164169615607	0.5536390149255024	0.6833615691083995	0.5362832578021596	0.4159455404980811	0.44715724006351487	0.6195493477712702	0.5030481558666742	0.37199017110821775	0.5464702308170278	0.720290375075519	0.7616327173982015	0.3408145577309953	0.32979212344725445	0.48608656336020856	0.3441857068564516	0.7101742233533788	0.16285544512140637	0.4278262340452076	0.4232921860349417	0.4212345499038401	0.6999041369027141	0.41372204293665793	0.5127842157885927	0.31973447765619917	0.6495202541490867	0.40882826398837435	0.39949358332504437	0.5732304328373805	0.6786321415893377	0.6716622607960765	0.8209924219617575	0.6084372683277683	0.5044369835953886	0.48134351260582847	0.7394347459933999	0.2092028073747501	0.4191819290424423	0.9795891833150594	0.501639984042039	0.5473089944100378	0.5806703874771636	0.523500507590367	0.32213391492492455	0.47083082328386733	0.38435654009074344	0.4749887559015663	0.4621947332569728	0.32816771358556673	0.7348136837093344	0.6204136452713389	0.5866286838425406	0.5816002456054397	0.5099761865954644	0.64153738664823	0.6131496284189407	0.25826375104685406	0.4698338853905125	0.6411543765377764	0.6282143244499652	0.2558978050671121	0.5323980172232664	0.7093926720514924	0.5398636722015184	0.4398974553693039	0.5474411249774677	0.5027263229261097	0.3656951202545179	0.5639685933801581	0.480036117718093	0.5644604410261675	0.7643582594505836	0.3617059800233187	0.4843194293206864	0.5974661827412375	0.8493406790395562	0.7029832149791579	0.44674308734138835	0.23746830620612985	0.6796718682898835	0.5501175243471114	0.5580545888706266	0.35255557609728116	0.5831216256546478	0.32705938216498565	0.2856795672713794	0.423212633187965	0.5371136057425732	0.7305430916041343	0.44209364021347336	0.4300080476490619	0.6963550016962111	0.396232704465614	0.4970907176008683	0.5922728431021862	0.49120537762668737	0.4978462306669117	0.6187216696700238	0.5105524374665639	0.46175708841578733	0.3128974394550301	0.7833688589410982	0.37176937126179205	0.42973562460107173	0.29879897096586483	0.5178703014773756	0.5142723260081905	0.40795179358348466	0.6929713145312392	0.5043069674682316	0.4559161365200558	0.7157833730114798	0.44964496911530694	0.35416221674045667	0.3790158046985375	0.34980469318706614	0.64420455366197	0.4520112902618078	0.9252144281881478	0.5961851483855656	0.6202100984219441	0.7817468251187394	0.6951185697671158	0.49357651518338697	0.6292143906991315	0.5057176085330101	0.5788558194052843	0.4649781094003277	0.31539309367484625	0.665368677960975	0.6514293442531545	0.6806691215761815	0.27219835773462076	0.29588096767932154	0.9168206970747341	0.33589088947934026	0.5170326222827704	0.46863851297722436	0.582400509821561	0.6564012842675349	0.6766485119004155	0.3442746634709855	0.4463515825116028	0.5170068308157519	0.7794466683041938	0.2932812688260718	0.5908746259331552	0.9380586447357159	0.5022361535857565	0.4959250053329925	0.38895941058611044	0.6637248711303909	0.11295466390794773	0.48640047675573594	0.2797315738382946	0.6064592696901767	0.5244180495539273	0.5327382512455884	0.3964172983673293	0.4496016967947026	0.06869141712316323	0.33672276576449733	0.5507572512620292	0.5408134425406381	0.4920485661134225	0.878926407761921	0.5499496248780732	0.6647494178503753	0.5469792634668705	0.7347367463571065	0.8660114114371538	0.7262022649122617	0.5258443097667986	0.3391970433661575	0.3741156657219785	0.5651935062933294	0.49496366059258895	0.4493289937160381	0.6960021794675901	0.810671100837678	0.3045147341879059	0.3500427129589398	0.45840210380722307	0.39524022068432463	0.5352607044920897	0.35299447520553096	0.40560970037084354	0.37049435366965555	0.4380341217116618	0.3735588192402852	0.35194972292334553	0.3597736927758256	0.3640937308904594
bullock	0.8238911941083882	0.08197457831205612	0.5816564105854519	0.7473630866511793	0.7043944213754576	0.7896673148389443	0.47952912554835364	0.8371308746677559	0.7062822333311962	0.5330436567859359	0.5538745927970025	0.5670765492065739	0.33471539295508956	0.383980247610826	0.5006963875972544	0.2512177085394929	0.4871453720444998	0.30869876583241	0.4264616319135258	0.13299681496811233	0.6475739873808499	0.723294702858303	0.4804190177250365	0.40141780165783036	0.5408703377733861	0.3339134563544382	0.5302476780833242	0.5306919422576165	0.48757163305288775	0.4777157833355408	0.7066568452049755	0.28990741852498864	0.5227577098219338	0.5489255705309762	0.9999999999999999	0.5617117607648323	0.31903396032787096	0.5464907798957344	0.2829477114639771	0.6267624624984558	0.6445484135370643	0.32341878525461804	0.4339410300895845	0.5003760140466318	0.39854786511652396	0.6385258313829391	0.3983526872483987	0.8564334473361742	0.44095356013645315	0.8964107551298903	0.5012715950108532	0.41691215941404774	0.190815450851342	0.6928065984635895	0.30632585874512264	0.4226032242227661	0.3521005883107152	0.39372042399166746	0.4706007579923927	0.09914478347683692	0.4982306582253816	0.7128051590600335	0.4513485839631692	0.5487104232623973	0.5333774475331804	0.654428621682921	0.37466781440218244	0.4875515940984948	0.48810311621527847	0.5462361185537506	0.6714611511769348	0.16355667913527583	0.8954314101044694	0.1450772012841689	0.6823347065162488	0.25843206225587567	0.747675763526775	0.29843460913937225	0.3225364487969815	0.7081801476888425	0.29834883126744427	0.6016780035960917	0.21530246575894774	0.660250352505904	0.46169175547038044	0.29215485231301064	0.6404888919327134	0.36428487629005657	0.7608440230038594	0.7702406779797333	0.571857054671339	0.4590917204466226	0.6835901591491378	0.32707630409628097	0.6206762793377691	0.5904079705584666	0.3450106935322631	0.7110268692565563	0.7249282369201642	0.43860625698909156	0.7847198569573168	0.27210325952190273	0.4600960420934701	0.4716444149324942	0.39963074302621465	0.12540378661852825	0.5281235342188402	0.8009449453347908	0.41653081819778637	0.6020197721675977	0.5492958827433412	0.5991235969451492	0.14634267999606307	0.6765029640939879	0.689444599884067	0.23040909274690188	0.690630151473024	0.440686023353241	0.4672839934204586	0.6343588158217321	0.7069052148261676	0.4651950296569336	0.48609113899926737	0.2677340300764245	0.4170230148924817	0.6378504018021199	0.7934517883136759	0.1239466716558855	0.6607229860760908	0.6664487347507742	0.4056469906284549	0.44480905600024756	0.021309119696800938	0.8402088670741363	0.7477055235714966	0.6372641489130842	0.7166152764922131	0.2477124336153752	0.7755463764367722	0.6468582254291181	0.18131554151513923	0.4216167289274733	0.8491116922780327	0.3346242699945256	0.5666295168026443	0.5519689702711065	0.3105114820641621	0.3207206081847626	0.6514627606829965	0.6473083424773234	0.5847364511298029	0.5086938974376428	0.59472715084392	0.30656503659258977	0.4537771873625241	0.484315112630198	0.4559479799743339	0.4609413359895208	0.43411527686141727	0.36804722814807844	0.6918334063547873	0.3943521750290677	0.46748423152649604	0.8160933215055766	0.482886105771742	0.4200815112224493	0.7100276659432727	0.5459081302618289	0.3793382914011453	0.5776519276024031	0.5003887245465024	0.6312720494654254	0.7084007296911178	0.5286663612809743	0.626449097586283	0.4151802160366997	0.1657778996315837	0.6390804048540166	0.4142897307326759	0.340940383631381	0.737352010330297	0.40018650491024466	0.5268010954865032	0.7828910513433488	0.40942161752107614	0.2208162324903314	0.39930480209967734	0.5840722426306447	0.7512124741980352	0.48169829973769124	0.28441561557860107	0.18094651409033946	0.5185054189421076	0.6304377721214933	0.5475937611832854	0.6053362317081735	0.6949069073919899	0.8214439637049873	0.3523388647445199	0.3003843150951358	0.7372222017266807	0.453831937246027	0.7956787929905732	0.7763772433853869	0.5018607278633762	0.7230806580468887	0.3136905120397394	0.25254071941645956	0.6599116710211272	0.41030228005587194	0.46367915809330507	0.2859330595044812	0.25697547483380323	0.5571447742474074	0.5472047729009726	0.7458550124395184	0.49465065165951305	0.5263432638448324	0.8283881938137505	0.2801693594729233	0.5646265591472702	0.18037070977813754	0.6290004972417457	0.23526058296393323	0.6194794972870095	0.2180443792099183	0.5539533065055982	0.19347911377068105	0.5225348182920134	0.36441550022831604	0.7692525114737947	0.7374767771942431	0.646345494961283	0.20269209914532027	0.31940576655604763	0.5644476793869619	0.5733759188094785	1.0	0.6982246905034026	0.12526504094279683	0.39129333084067985	0.786973165339025	0.3549779644347677	0.2309915180465983	0.7706178394965346	0.6167985378698548	0.2611420902816222	0.6728889922784259	0.697245880649517	0.4366228627055416	0.43615072757934986	0.605388510590879	0.4251041633822415	0.37559074652909047	0.9802935236947159	0.5649954280759223	0.5422267182615356	0.10474783896479445	0.6374274926498467	0.4092257903311155	0.38152949667894187	0.2579053804715922	0.40794993375625466	0.22009081936338354	0.5582674160336231	0.7120581405831818	0.34507930341522636	0.2523537114920485	0.5700136623902127	0.25009873093038376	0.4984457727965709	0.5642781084761695	0.7285781997349938	0.4720970449173629	0.48307147513003534	0.6960589851073731	0.2967180854396749	0.573578676116243	0.6123806694461089	0.5407838118033761	0.4953647677228349	0.21295981985880502	0.4741817447579343	0.6520386439208767	0.569912804917543	0.6628811070128428	0.4569329850362044	0.39696028940480593	0.43433237279502246	0.5633801861655836	0.2314518464640375	0.46054283614987995	0.5727196782527069	0.48474095020752345	0.47078113379783265	0.6191633533301457	0.5091796135616655	0.6496129403437166	0.580265243449489	0.2815222852809902	0.5012997056004784	0.702735876423088	0.6960841316899355	0.420705598128145	0.8562374292994469	0.3339349730543898	0.6497118905794356	0.5045550321818612	0.0	0.3645948772865398	0.2162850798716698	0.20995006744607664	0.5986804367156254	0.6506186355844973	0.5971123016481563	0.44332884540929807	0.46435998735995365	0.3357148466975546	0.6120132548538397	0.4859027010204947	0.6225035816442617	0.6770855569882113	0.862907138634947	0.05849130149587012	0.430297286324708	0.5176992671641287	0.45172663743884495	0.4672165489908623	0.3374059934125855	0.4830161953473534	0.6069320332101027	0.16486340683627582	0.49629825606677175	0.5696970595124125	0.5728476065150386	0.37354216125030826	0.36944796411292374	0.7836304591223103	0.6706568810752447	0.5230417561739097	0.2513393193219293	0.9468716481103037	0.4997533876696623	0.3174048551161659	0.27050038576989976	0.5080108741241569	0.4713562335438991	0.39021414215422323	0.40595883082211887	0.3092481359655197	0.19572078193717224	0.6175696548216295	0.4301173489221862	0.914640230340223	0.43615070333356026	0.6281277160438059	0.44142235031776267	0.27409071933249085	0.5525368387397034	0.9550738729458725	0.4544201162409181	0.3416960310038228	0.779250614953942	0.43292967032864205	0.5949157121780781	0.45332287137540433	0.34392186474017755	0.2613014486956071	0.5005217972037413	0.7364870790246016	0.1788342214776691	0.5296667363795707	0.600092201519649	0.2946115350749844	0.4920008453494471	0.5359214256860425	0.6923660673977009	0.45248529798194215	0.2338319217304042	0.22449548506698758	0.024953508134335722	0.36063291980212164	0.46299758931302754	0.264302401756458	0.550465269608785	0.16550398629435228	0.5263907175498438	0.5761206747500417	0.3696359206969682	0.3694018754813368	0.6140438939613713	0.1967272082655176	0.7384456638784208	0.47876724057534636	0.5282724203176775	0.45103335342535816	0.4868713093291772	0.4632809644230762	0.48599756631328517	0.29504298836844717
bumblebee	0.41801739597105736	0.5286047475572723	0.6304695687473814	0.6493103357474804	0.444569397238506	0.6540561513384595	0.5270704744426171	0.5584238217556642	0.6578070284280922	0.7068470069528995	0.3841110335493769	0.4902456569071077	0.5599060560301898	0.48500191855795266	0.2850995650942647	0.6002243096681483	0.5133414561037208	0.762132130416793	0.4983007279574381	0.4286261984650023	0.40862220572028407	0.5746769979909552	0.32800576799905345	0.312864972386671	0.31185707269067003	0.1676426342357925	0.2668602149519987	0.8071660696011496	0.4511312131547436	0.5069732021264728	0.21491750132385423	0.36533954844672417	0.186104983951575	0.7972640129396233	0.46065339119029103	0.46434618563260377	0.36496342213595545	0.2797101413850839	0.5402386608218822	0.5126403897083547	0.5148638767463215	0.6933243076815002	0.7524411649831217	0.608310321804117	0.17227007352848567	0.3432071041261984	0.31861505078572205	0.39995351948422236	0.6074409633301457	0.49168115460088013	0.5881269478102751	0.6202580486408605	0.5412325914184232	0.4917434462162531	0.4674464623559326	0.36484136642293447	0.8760715440620656	0.28906411358100137	0.29063982264478294	0.40876225189455684	0.46987500249885233	0.6953055995683299	0.4616275392537589	0.6177199299768349	0.6056778702674801	0.44027452086857377	0.2035803527069301	0.5515829233288819	0.6437685408030509	0.5757572521707701	0.34706006925510025	0.44672379762577513	0.5567077437249887	0.5970641236414	0.7884145051439102	0.2963481675791915	0.5729898031714409	0.6996602678160526	0.35995012956560857	0.44582178714443266	0.4149414264119816	0.8226867474627072	0.5184664978751804	0.23657732471319587	0.4983928436667143	0.2899396081547144	0.643225859634009	0.5315229187024186	0.6820407903267326	0.4209021337283473	0.4154535087832696	0.8860056932308111	0.37181745788890735	0.6091212664847682	0.03721405291815677	0.3656892316602115	0.16676445738771073	0.5202120193822921	0.4862277936901437	0.7221546596252557	0.26692651750861784	0.601814902901762	0.8961606939132608	0.45345354075443967	0.5458923931735399	0.3628915333184762	0.3710429623071785	0.5985721554984698	0.7640661728157372	0.3600388541605588	0.5094892208554669	0.3712544292698099	0.44688007163509424	0.6023294250782993	0.35596758777152737	0.28719455949224093	0.500434343093954	0.5890596311580267	0.3996542108512347	0.49690751586652754	0.6994017800064753	0.48705954411335467	0.0598619985050855	0.939710277755073	0.21539637950951285	0.7374393754389594	0.3795152061106629	0.8451279424386672	0.43362495986568256	0.6056740110026685	0.2645881427165559	0.5160064539520897	0.0	0.5245106004062389	0.17003706678594882	0.445140812791728	0.5858592993853818	0.5641561585319181	0.5754881900306992	0.5286803990389682	0.5052737918181114	0.6162100614831626	1.0	0.3150923763925714	0.5605502727699454	0.35642632838409627	0.5354841555107387	0.44226242033046126	0.5274013106116138	0.47923107086520683	0.42652017618318666	0.7734723240628271	0.6540587967452738	0.5507125596746548	0.6426748462647964	0.2947517915792733	0.8700981145241449	0.5540118773548584	0.6475888635804206	0.22607422892882212	0.724705535183633	0.8340902594585858	0.23093994286519925	0.3941153935383393	0.6724736833722779	0.3031632507969038	0.463664509534746	0.6269884880763813	0.5433777533909367	0.5424004790608852	0.49876278030697374	0.6588450594407853	0.4306325546335383	0.7791425351683424	0.8857406657634175	0.5977316623524912	0.4521828995029855	0.2693711236167332	0.592920835327091	0.18247905894088398	0.6434005687279511	0.14488188195278418	0.6042312137001371	0.3700619520745324	0.44275812910239165	0.5921306755250884	0.3658883318448324	0.16686989141677422	0.5341071100129416	0.3912804347986689	0.6125573510945507	0.24277792624955574	0.5784812003525087	0.2329409474418228	0.47177823759717297	0.5889544196382162	0.02173247744061746	0.3380759749557602	0.3452609411216974	0.26621054411869777	0.21399634168874504	0.6112048695365202	0.6893138648355187	0.5122510350149713	0.6970878653875483	0.6554310572577918	0.7422332522770605	0.59141246771792	0.42191944481447285	0.4638032198480764	0.24863421644003292	0.32993927496094877	0.8035355890790231	0.510068426716227	0.7320658927533588	0.8024032217648849	0.643413857627871	0.8246150497804674	0.2657255703713427	0.6203739951278398	0.4757136306853633	0.0969027889746294	0.7377038357754735	0.9020700020617396	0.604215585843586	0.4461894334366768	0.4668117854003695	0.3361684210357755	0.5955545288791104	0.42132451013479166	0.3488573107657725	0.30678272775690335	0.6057489592203199	0.4858578677317441	0.44257131110739306	0.2478092936740833	0.33212011448059836	0.3773998669519306	0.6073984937024082	0.38828810736698977	0.8567953760815424	0.3239295868518368	0.5915248224549685	0.3604765657287431	0.35583064114917773	0.029850605858143753	0.8278000024044544	0.5041762421823817	0.22133608920181053	0.5458179359678249	0.3439449956420399	0.6264981672115159	0.34027139685061153	0.6005435408980251	0.4583053259870076	0.3095155676279199	0.6338603534299841	0.5127954012957362	0.7784301543590038	0.4844730619251649	0.3366644917898093	0.5202724019196171	0.2783528413251573	0.689612120558156	0.5308295270114082	0.5391954223079193	0.21245262684547034	0.6338457311876967	0.7063573784159672	0.580494957392526	0.7330759418876549	0.642680167477463	0.6725623912662435	0.29407772077402927	0.27121325301507654	0.24001115923047162	0.5587112026859273	0.5325989589948976	0.5372524434473045	0.5563776614464913	0.41855586889934293	0.5514498934661353	0.31509569372672286	0.2960529328508553	0.6146243011890318	0.21353040891513853	0.6409068195851402	0.32158437161210923	0.5149684672989825	0.4714257029131538	0.5896634568425483	0.40996576055671885	0.5964359386732739	0.43313514227809863	0.5953927767732695	0.193170617547693	0.4779096908830901	0.5409610964524125	0.1618230595035856	0.53587760067798	0.32459688562105443	0.25678763135057586	0.5585344107719984	0.5735867459954832	0.41989375114827826	0.5148685895498412	0.23757936639939609	0.5233728396274558	0.43363602859570693	0.6018173626363635	0.2139049316560687	0.6590626502384477	0.5652788845446567	0.4672256943406282	0.46878449194989025	0.4619034901479052	0.5888601193629089	0.4394067474343732	0.28822018402158345	0.546194160429624	0.5772448780077782	0.4947844896110086	0.38049861359437176	0.8871165510794305	0.4828145529347959	0.5334357801885171	0.4733302127022983	0.6085041380210285	0.3296249514780254	0.6431914377555569	0.9255786135772699	0.7118912915721272	0.4161233079432595	0.45892168398285255	0.5338762894793638	0.7013148350757972	0.5678969012692978	0.6011952937743044	0.8506856839200587	0.4481918479802869	0.5691045900806481	0.6614932851064825	0.6110195602226622	0.6358026783644588	0.823770619459531	0.6081576885107149	0.4682225522099093	0.20232971196540284	0.7165054532238182	0.7667185148096299	0.15148496523393756	0.29680789012277375	0.5217201239757043	0.771930976903749	0.7848026741622438	0.5064044557445084	0.5334083572006635	0.27183940832984965	0.032842863615383244	0.27319244490052336	0.35622663082491807	0.5174987469212758	0.792139897736762	0.7599256903220718	0.5092632152026101	0.4660450265998929	0.5005889024936163	0.43565390110466495	0.3624512256080523	0.682128567590761	0.9477061436884848	0.4232614233010889	0.5659626520296106	0.5430595755168486	0.56076726935701	0.5880277555546575	0.6898633203396936	0.8061352601200862	0.5162363832197951	0.588088404686719	0.3511820024060013	0.36797796758196477	1.0	0.4670200809441283	0.2580701919264261	0.8936817762969628	0.43041831231991035	0.541163924431589	0.997432781617018	0.4393766282585156	0.05921521662150281	0.4048206850039353	0.6280585095889697	0.019506400765269216	0.6679346209737831	0.4690918547712606	0.2988369241231569	0.4216578379266641	0.4941076895340617	0.3717942190020846
butterfly	0.5715048091949844	0.8050026627705877	0.7036345528382681	0.3500583406077445	0.6123681858534817	0.15678650553807372	0.3035714241321902	0.5490087148941771	0.5850519982178571	0.5368649582665999	0.47227245559902703	0.8535505316816748	0.86331552189655	0.7829054346968032	0.4312657604164145	0.810999323773819	0.38926702454228335	0.8213158755754091	0.36989533367467553	0.35897944808054816	0.6871650479789264	0.43896025328152327	0.4530048212411264	0.49749816566581395	0.32779347929894787	0.5571846857903702	0.3866301224394378	0.3485611409308756	0.5869848533373154	0.5326150747859643	0.4465865990685661	0.5542028789012607	0.7275268303824219	0.612128201638393	0.4636672282097054	0.7245611709874196	0.83474495368165	0.6058226855207296	0.7976373913917885	0.49975244489767867	0.5889086643231808	0.6143570549673694	0.7971077958758488	0.2789390761725312	0.8777155774422621	0.748777563595087	0.5581876073037919	0.7682562814383727	0.35093345975359125	0.0	0.3240945014401477	0.2248599254464349	0.7451614860191794	0.6393961754556455	0.3269049734948049	0.3281409347909193	0.6010306713448382	0.5286213242990976	0.38464035342243735	0.17921236709246408	0.6750660449227486	0.5078656609062306	0.5457752752742451	0.7019744938297097	0.5861113616715228	0.20877705535770696	0.6482064685882395	0.3143890842096352	0.8508814205630837	0.5822789316212693	0.41947663896271015	0.6298098648722813	0.5468858118661929	0.2240944896443275	0.3202081770949462	0.4040090638851836	0.8910959013067624	0.47897853837061766	0.47091967623826375	0.5277040611836923	0.40892607710994566	0.4798900020982849	0.5784380674657805	0.6075572174779367	0.5516588677741939	0.5694939109567763	0.7267673830595234	0.3831771122559805	0.6401572569644155	0.3143881334749995	0.4527950780258472	0.6986486522712367	0.14251490214553694	0.7444130523443877	0.32113252881300564	0.7741751214679331	0.3388716101637501	0.5179158929767279	0.3376127214446792	0.4731724145568844	0.6598793014298092	0.45711954135246363	0.1559596723781581	0.4671940444578052	0.3820797553045693	0.8761272972432703	0.8097140783570997	0.16623244695856448	0.7626117111970316	0.47418511938075597	0.4913045921278404	0.49478597308555256	0.4634680056641306	0.8692873282734767	0.6436793785782667	0.631578153622371	0.3326431507832652	0.11004718953526094	0.3948351238765235	0.5775483985570489	0.7479939159803994	0.29981642452568813	0.4682647706508037	0.5468791736138761	0.6493582390888171	0.812490596748481	0.44716483052091394	0.14499799423151638	0.6937086652579212	0.5844846764631247	0.053313137793358945	0.3286924565321931	0.3649999052968907	0.6879016542338892	0.2394610123735536	0.3947042449574773	0.5189882263723541	0.2837818502639529	0.7076810360212937	0.27629129891910753	0.6472199081368186	0.34035323908182336	0.6863451710388697	0.5847364457857624	0.5902362560965821	0.17161260037850723	0.2074116858102814	0.7092034826970968	0.5496859490613764	0.5434162165523502	0.254377351079275	0.8682136350120604	0.4459007602513784	0.13431095944118315	0.3263767086352696	0.5923811150094451	0.2598202608855242	0.48215669553209006	0.3051646765025692	0.2670692413826673	0.47871846166128273	0.3791704285620859	0.639374246805066	0.36636657149895013	0.6359492954280819	0.6133105442472284	0.6582955955145273	0.4126682680727801	0.4639061187259881	0.4048815007655983	0.40516649945823513	0.4504305492249894	0.600365423278111	0.3541653135230519	0.7785410622483935	0.3874183938908458	0.39597313368794784	0.4287579687298615	0.5276637617139073	0.5379068569472891	0.3425882864442715	0.7183966648489905	0.6233479543495968	0.5476448038966062	0.7252334156784461	0.5961664713576931	0.6361528666476383	0.2750219816700504	0.5057269336605495	0.7131115012538981	0.2707228759563406	0.15294929519306355	0.46630011074663846	0.21186658608278297	0.6942502121085513	0.5919954108568045	0.47435200604400857	0.6469537890642681	0.7940416562811526	0.3032334789285693	0.3331660854789363	0.5932360683783162	1.0	0.654919041740953	0.35904804742591284	0.4813183269031088	0.25462144916403207	0.12303515419683703	0.5289901369227014	0.9012559526256672	0.5806754589949301	0.4309173720657103	0.4423168206055951	0.010329809481489205	0.27843996491884315	0.5644341855076019	0.15716763698238312	0.6384644490806297	0.3630249305490847	0.44573861492635586	0.6940377792191691	0.3171349549937183	0.7270255415830409	0.39885202896236166	0.41547267794868775	0.22835941371909227	0.6486431263546951	0.3689988650930591	0.5219941546481667	0.3607569348265642	0.44606698486146984	0.544877697540993	0.40748461188164226	0.6051360337727588	0.5349631772719892	0.26750790224162685	0.4048991505632202	0.4518285452226959	0.8633165273281358	0.14866519843835083	0.2632243904342294	0.5916161410993251	0.6069387178906748	0.4314849896924251	0.6863383686218347	0.6999291580968587	0.6450274747584612	0.34386595377348433	0.5177164574513498	0.2772948743725291	0.7471152823916518	0.6609490142028357	0.33614346106396026	0.5360589205289708	0.6411338079309361	0.3241954323212617	0.24887226756215788	0.547310516972252	0.17194631869832164	0.9643958249009731	0.5910754987369021	0.5017630697996187	0.5743300056780635	0.5619339852333884	0.03121141347976869	0.8014097907372135	0.34487075239970544	0.7220615824542479	0.5912569830320821	0.3613619788471557	0.3187043175632925	0.6533294492395603	0.4053180768385364	0.5611068040468583	0.07560092600651763	0.40578917171144224	0.6980179395314097	0.8787093338516776	0.49715874719484743	0.46881638410278204	0.35613325529800216	0.5855367974817337	0.873573182426411	0.2519389332526045	0.5942916527467595	0.9465863264096606	0.6122581935307836	0.2755104904996575	0.4656809321671473	0.20085142991964577	0.7603063451462349	0.24894793183172065	0.42455205738157065	0.5820791766057384	0.5334112975687788	0.8186919827622441	0.22150593424479076	0.8325284151703707	0.5431250169941192	0.3859052021384044	0.5840512813572825	0.683207932146461	0.9631782120293848	0.4753334167419046	0.6263634287700539	0.45442746586701926	0.2842701890358321	0.2434537205060638	0.6506307442649267	0.2924520405765546	0.43508127643016753	0.5250170530322863	0.7518130393830247	0.5758606233073922	0.38460590425479996	0.23583020867881466	0.602917755559935	0.4433971573115987	0.5866424961816642	0.9211107877931044	0.701481889087326	0.5707950112321045	0.6983953214941326	0.2590819455286158	0.5798809803909846	0.8166498843822283	0.4020742035739295	0.46135180967149103	0.5712119787332145	0.5246192219127039	0.4333435539375454	0.6774126999939099	0.3554908795945323	0.6239196789316446	0.4069627981912973	0.9526479788253341	0.37632996403897057	0.32078096901668973	0.23817440546093838	0.7308133567402608	0.22456559952573402	0.4837627011411229	0.6439612749516894	0.14481349216786799	0.4230127740359613	0.7298980445693756	0.2722990536552295	0.464794800772581	0.2992865485189329	0.5100016188654215	0.4002249145186033	0.5559161554939447	0.3855083960351475	0.2894575839250839	0.09200521784470772	0.6553245736769392	0.6300315117470441	0.25286411848852114	0.6012656728401958	0.3717267094066028	0.5537908132739191	0.3229008724269285	0.5823390386795032	0.33255886481597025	0.2445045662837249	0.33381991341110107	0.5633943255738061	0.5649668293812751	0.8396480933981707	0.7206470415780724	0.5174052855332634	0.5788600839586711	0.2026029906432424	0.21125210096622143	0.5462206158832028	0.7974687964555056	0.5163673580899656	0.49052568848707323	0.4624806830128776	0.5636070878570949	0.4170029082114471	0.36204010499272476	0.6330992627424656	0.4109226313958172	0.30964046949320845	0.35845460596341316	0.3028388374592397	0.46268199193593723	0.29660396438453684	0.22359631358663107	0.4883678472117286	0.17404159377959488	0.5714826464013452	0.3324478599681162	0.6027359917866685	0.6840968807959916	0.16761013846244494	0.32861893871783454	0.6822481708361144	0.4817345974453537
caiman	0.4488321857336224	0.5240609872233102	0.768305512537543	0.5137239195504011	0.4814963193684044	0.664137592805659	0.7134934295102441	0.2752593481702328	0.42130752335532984	0.5405141351258652	0.5962596588400104	0.8676556167433029	0.7055340392282157	0.4972696581467879	0.3090240924014015	0.9932359012650742	0.46056933841817665	0.31859684441698943	0.5631139374040086	0.5701936160522516	0.3553421831550359	0.4931628039704902	0.6343866145754388	0.4939331951156223	0.24522126402442415	0.8864081172497691	0.5221141561169164	0.4022681712055028	0.696439421563028	0.7757944056594425	0.42357624336176836	0.5176758186340698	0.24925936283956626	0.5839650180266509	0.6967796880779988	0.3058083880763367	0.7217063196371288	0.27232145655164114	0.8884520226310537	0.6645885851504763	0.5949618246434385	0.7480243822200445	0.19141808962357104	0.3684847654010552	0.3589208581206783	0.6666899642369303	0.4794428522917877	0.22697929500876557	0.5231938296932028	0.6334911612376131	0.1854442031802682	0.5732446928684323	0.5546949501306533	0.6920705848385609	0.8339137472390388	0.4371942305436532	0.6840805677006362	0.34102940366215745	0.4611065341102613	0.4478463708285427	0.4423474807033549	0.9511661508469993	0.4018084420716751	0.34925153413089427	0.5470112410542773	0.41830472190694334	0.3599848311644844	0.33623424473214836	0.4398875275296696	0.4593676712090901	0.6716843769263219	0.4673813303968411	0.3875037497240337	0.4482219323673035	0.2488521980918325	0.6774061884801376	0.6290680982020009	0.043876498105628936	0.5944266844457046	0.3120509349634566	0.6133032082649831	0.6217310185703026	0.38018363127397187	0.841999272314373	0.5346414485057727	0.7610890654954979	0.5095290631575305	0.25026402583717827	0.5689158230454596	0.47238034713139454	0.5195485375756529	0.4402469606699366	0.13597031863550635	0.5356167503990977	0.22892166220430946	0.18075195652028536	0.43702628165131663	0.5584001108286037	0.7286370796514108	0.569180245852054	0.6148841047048021	0.7133428060907512	0.691108060885579	0.6165713145324545	0.5212628274275188	0.24933645485185255	0.4037658741474047	0.6728813031107042	0.6478258229025647	0.41642092787053253	0.2765586717330718	0.3734432215489875	0.7336034249332231	0.4095583490768269	0.7463570678346838	0.6502421136420776	0.3673367983895796	0.4565942976264019	0.4914737636890685	0.6369193701470209	0.6016881433227721	0.6636336538335683	0.6058012422852282	0.7144452578685728	0.6486064146936077	0.2186137649058425	0.437749681136474	0.38604498369750206	0.5891643237192946	0.6998926973348636	0.5620362057392069	0.3073160557705193	0.18415261428186874	0.6357524404864907	0.1717196720598912	0.28896595394609115	0.5753341563577026	0.8413861925760204	0.20968476144973658	0.3700227560870881	0.38375971493952477	0.3153117476503765	0.40613864785784876	0.45421815942147437	0.7368783482219115	0.5064749930122883	0.4741614108188857	0.08268941094796228	0.25072320767362827	0.5809844311516645	0.3799262016454079	0.5356894240108022	0.4379332497459464	0.3798967863526288	0.5116567082746195	0.5666166957320166	0.7670780917630631	0.2210840727415347	0.45978553584234216	0.19020715438012392	0.24683442609867695	0.37339991529636046	0.4579314811167607	0.269195638877092	0.6342858485851537	0.6276696896729879	0.41625229792518764	0.6441239999149296	0.5673616672100653	0.2830877190664105	0.2220922264655784	0.2566562853944585	0.5061977436146804	0.546899445951782	0.39459452284090824	0.4671064608451728	0.4230564798837051	0.6998047250115412	0.0	0.6769532935770387	0.46441895124372334	0.30969921867518335	0.40358405602032255	0.5458298894264593	0.6053176296219134	0.47919787071857367	0.6151000626342129	0.14826064154426855	0.5363244190395509	0.44107772970794934	0.9999999999999999	0.7155393475239705	0.3132581642106242	0.25667417537455983	0.4703112792347144	0.7335153266245159	0.9179316138541722	0.4880051740028622	0.23247694472354385	0.3463890143400285	0.3252081377631285	0.7373267787184441	0.5814929100905472	0.4773643014290738	0.07238672078041569	0.5833793420946765	0.7338373666524675	0.13855407711456322	0.18417728101186087	0.3180365777866475	0.6325993456252752	0.43604491429561953	0.5569655014683309	0.8133236106625302	0.6460403769453255	0.11593196395558752	0.49282436141428665	0.5962128856009419	0.3441504749269856	0.4958768650407832	0.18566477122219538	0.7009500472250464	0.6108500013568761	0.6423933404703256	0.31921416411498704	0.47179333840650356	0.47354659099996044	0.5714939171082085	0.5394036088571442	0.6423712275765304	0.5454335045980315	0.8463056349209583	0.49015683348882233	0.4361779015051193	0.4779508905771438	0.5264885074589405	0.6463725563107774	0.689432073104068	0.27876897725457117	0.45047825714231465	0.3773748264692387	0.7325445498119705	0.6595713886570911	0.26571621104735765	0.4404710928852572	0.4545814076585928	0.7654759493675014	0.6042848709862294	0.6361883274215084	0.5588479412939268	0.374231294434175	0.5026568440690274	0.5626503339304152	0.6916985258413857	0.5451431949040099	0.3334075832107994	0.41363996153929167	0.7789570031731176	0.26715024816305755	0.34837512924018105	0.5669856485689981	0.6090124745432732	0.41924419948518366	0.21784568026939288	0.2708475168565603	0.5341636404044295	0.5360343816007135	0.38489321678275645	0.5930759185102178	0.23200546235505848	0.5984994406593346	0.6318376282432725	0.4354540932824464	0.6146021955394756	0.3586280189602333	0.6348450471761067	0.8549674433556407	0.29092426698729107	0.6994452946484399	0.7140342817738139	0.5469870948650213	0.5325409392931314	0.2094024699848574	0.39886120234529154	0.4860978225722886	0.47330748781330273	0.7323996624679265	0.7013396615346821	1.0	0.35530236697297835	0.5374149168137592	0.3289455733729282	0.1258590549209277	0.6063049374796773	0.8202810004428827	0.22383959659104563	0.6044667451414811	0.23006959334075716	0.6194035497245647	0.30170518964898396	0.07138253205300554	0.6646882659264001	0.670158439063522	0.7122494634941569	0.272101541507139	0.3791344747399553	0.4977778512615205	0.4470646635626665	0.41197636399289933	0.5402326984355954	0.589499166528714	0.5610206342056052	0.7588715674390069	0.27838798929662545	0.2385911164323684	0.2684893388818318	0.6437240285700124	0.32419815556319476	0.6316715484436325	0.5355058283563621	0.5713678264187647	0.36363945970685196	0.1854818397483447	0.7552981480988612	0.5486905330226642	0.22743382744459584	0.4867019703880797	0.6432555266618442	0.7360627373262975	0.7059373893612322	0.600308129764703	0.7838850657318672	0.3325918220122426	0.75496606799483	0.43261156061023215	0.7744909044039768	0.6383879493910868	0.6264244756687598	0.378613959024215	0.32513435788212774	0.7391451994876262	0.48012336632215075	0.06496534323559211	0.09012278854250938	0.38413810708347806	0.6499307989273984	0.37645460903021905	0.34631938854386307	0.3938793977909638	0.11595941272564225	0.7214025041473153	0.6436997918048772	0.48216371546811654	0.5549193502139386	0.6158701996939837	0.5634330466710878	0.437459187698149	0.18062910708324997	0.44898186219105884	0.6641390944053038	0.45187191851181097	0.6259877000130506	0.5252201966692771	0.4835656266107421	0.5646038039895017	0.5051525804134194	0.6326210721405816	0.4653981384192409	0.7142199080131248	0.5234995984790366	0.5856007443050525	0.49583933604365893	0.6055771964314407	0.5877797499699292	0.5263688920370704	0.4455807957741318	0.6009862389396118	0.649099817146445	0.34157121005808094	0.4183043857364446	0.46444773174129306	0.42732793659093204	0.2686981011813821	0.5354600147399557	0.3929944065510683	0.7006363867225518	0.5795068769094631	0.5728789542402016	0.35985077412830485	0.6009519918762642	0.33785008599288313	0.36578852795215583	0.5552586900380335	0.48852255805786216	0.7024945813443615	0.6155749717921988	0.31249340851629503	0.41402583126893144	0.42470754247248976	0.4224007079899691
camel	0.6689279265212105	0.801008048115097	0.5720494988084501	0.40459318096810304	0.6444345234401998	0.23021864743336723	0.5295176327261165	0.6527674934406023	0.41194424630485255	0.7408230163746627	0.6260320463550869	0.4355838180607414	0.8880986648180146	0.3403388413281545	0.37564456558686127	0.8865448877643531	0.46463763787627266	0.4935162557390451	0.5233798422983589	0.6531120924313165	0.5112440497148966	0.3180113585758254	0.941205716221294	0.5206974805621023	0.7279479134943068	0.663430193568653	0.34265473748791386	0.39311892569045226	0.6027005840045926	0.5943821327359551	0.40920930213435536	0.3280108358303728	0.31303501254914545	0.3274651971221284	0.493290916404124	0.23745655429662532	0.2832060234999801	0.329325129964151	0.28078908124747964	0.5616611327148525	0.49775033750245207	0.3619160742785732	0.3787874309972731	0.6307520780328205	0.6311100551681404	0.5299389982659523	0.6533262457620594	0.4018499543141291	0.4386732616264504	0.34779738817028416	0.4903478748381805	0.4426523838628049	0.5742697664357278	0.3658329228834515	0.4515173985479153	0.49560723283696456	0.5045423509589901	0.7319495471486098	0.7756777894658895	0.5150251902124863	0.733862503001913	0.389462551191958	0.13959835956998978	0.47359480038377816	0.4075568819384871	0.20555149883674656	0.5335266037948126	0.4803859680013905	0.4476206201664759	0.7615590453858645	0.38927686555954083	0.3894031010463192	0.45287593911280055	0.5797152806857686	0.08328349031205978	0.615241363520804	0.8803700393645209	0.27056205680053935	0.6053862616093248	0.4767070419611803	0.24321847197610608	0.46923547971129576	0.28535957142408563	0.8101895287498121	0.16053972250056303	0.38148444742468157	0.0932404343677245	0.3605670987014401	0.41401479250207984	0.0	0.7965601071291055	0.4179456659047172	0.4175007108699343	0.7741841546892048	0.12118662561832921	0.22631955896382094	0.45808607551676633	0.5726605410481032	0.595558436701775	0.5256282066491674	0.6039465797196902	0.5641235208936229	0.6767452458969969	0.5542493236595092	0.26869939531135884	0.14596376200693595	0.4304584987270756	0.4226464363281678	0.613157661650101	0.5257812079170007	0.29527749485677396	0.46840297823690746	0.6113050383140965	0.6725411339145437	0.2696963565852577	0.9905955678862528	0.4550729938710132	0.626154157197683	0.5843370650861298	0.7155066343877856	0.6906590128934429	0.5302078638185505	0.6111748020627831	0.434966105943112	0.7006472763633516	0.7864486844367714	0.7138148517345758	0.5322110497042861	0.43344973657871294	0.6408660288015905	0.23481953523581944	0.45990112248174486	0.7783915868808431	0.6425226018208308	0.4373591147626643	0.5400356557354916	0.8711722854130108	0.5616142797958571	0.3232904720581829	0.63004428587673	0.2845108582980167	0.30589166644034926	0.73894022655211	0.57631617888288	0.2827955636731164	0.6339896334304471	0.0	0.4263444886143385	0.48312859025599825	0.5081641672981931	0.7707990441931879	0.31872440026727167	0.4314590926232411	0.20165955488101805	0.5792554610652727	1.0	0.5044742496634897	0.635638356670667	0.42430319309831327	0.09877977430788709	0.6719460843846482	0.28595326026625345	0.5805622618161307	0.3848808146333671	0.9204245754600502	0.4621701421035809	0.5380139049434434	0.6661036867791852	0.3235712829002149	0.4590709818489563	0.5255017389954857	0.30402337087702297	0.5750235057260524	0.4182916670862985	0.41467862125196475	0.3129321571509729	0.5822334776634474	0.4053759231332445	0.5385765147051513	0.5747041580922102	0.40112847524204065	0.383338401435968	0.2993757187263622	0.12178590505604947	0.6051777475913726	0.4795363892028586	0.7018287810868031	0.025754922868985952	0.20360944508438888	0.7682810618275837	0.45009712339833635	0.5350684656025501	0.6163957560132273	0.32441545013393397	0.2473119212663876	0.5044645687939848	0.24729315963395354	0.564465251417264	0.5712854151801895	0.2184175840092478	0.45387747788455646	0.6460518593937092	0.7335742666700884	0.3978657618049406	0.1974444910757256	0.35860088994601785	0.38283982253917836	0.29596101969479727	0.47963614573628865	0.4095155736649212	0.518467041668071	0.2774467627341346	0.5082304657787687	0.45321724341610137	0.7236592733888124	0.895218906406304	0.29076380318453865	0.28509951409761386	0.738386027803015	0.33545035315020444	0.6867099551350092	0.5341154849947668	0.8705225299470007	0.030961823224482654	0.3597543352887478	0.5729695603157394	0.7996879350110142	0.6637306502842234	0.4200746928227662	0.5983192115812026	0.2466945652040338	0.5786053732372026	0.347254630840937	0.5847111939562477	0.5034967449787179	0.5459351693623785	0.282991767004027	0.5324681765679863	0.7031906523768843	0.40607614799830843	0.3565658071619007	0.6377429277450946	0.37397953706555687	0.48779015386701774	0.7090950106794871	0.3631890560165174	0.7170158047526346	0.43121404444892353	0.6667201238824714	0.7396815756760616	0.5654047531609444	0.4797152554080573	0.4481674102457929	0.7842467911060976	0.4631989687774827	0.12867098253009904	0.6635309663991543	0.3539380453539145	0.46446439031101683	0.4481662393110025	0.9070912499659217	0.36964681718890047	0.5666594064126607	0.3515084135731136	0.2081901285124394	0.9850998158528341	0.46006537657406255	0.5769312172300203	0.6854076415696679	0.006071056982289158	0.33792678759180667	1.0	0.5809773834517376	0.6157160814156619	0.3364670318547856	0.7666305328782638	0.45424484311908236	0.3366901127964986	0.45735776898519387	0.5670171543919224	0.2437726249196369	0.21177028995153077	0.8819227194205809	0.6272885219331662	0.7424097631561788	0.9258466811171753	0.5956538250613159	0.20250275718220317	0.7586584137123511	0.2683170622046748	0.5990093137786732	0.4431747306088711	0.5873264439030144	0.614166691655155	0.4411282984556437	0.6045122475158197	0.9204797843063558	0.6038799951330062	0.5239534753806153	0.5517860123210521	0.2033650650551201	0.6471390296450219	0.4139169901725576	0.6081936455950716	0.16727062103602625	0.24249279228337542	0.3866128349824932	0.36520532258243305	0.4613559924769783	0.2784782024522299	0.749281945912744	0.6366537764554853	0.5963886612790146	0.2983435687560691	0.4329574240531589	0.5371615798259084	0.5617610421612971	0.3614846094799317	0.3811421297018517	0.8625445923914651	0.34536556080041275	0.7497635190423781	0.3732392396050648	0.43587517415789384	0.35657912064285213	0.6381800970495536	0.3004751171927016	0.14823170581471634	0.37400467283894884	0.6079724231571692	0.6483940355116176	0.6477461253548222	0.14271962478928785	0.8546772654383997	0.5657757558396476	0.9345901907322586	0.7039639845902744	0.5598182773996073	0.7584724189012608	0.5286776425786118	0.7596598494786017	0.30068151493971357	0.4506791864594817	0.7381342421582537	0.35377981476347753	0.7387401157073077	0.25024915023016137	0.9597910227681417	0.46319452243104764	0.15439590228746036	0.7037405663923196	0.8201176841751493	0.3224000607998032	0.6685575500911417	0.1579732168905157	0.6755013447743506	0.5969157203991902	0.3539310309006006	0.2663060647217309	0.5034436278262457	0.5205591338880268	0.5466197316029249	0.8125573031079614	0.389125082452837	0.7658013786193516	0.17280745548694795	0.40207900379083383	0.7315761954638713	0.7129017729186162	0.5681274499567849	0.27977709773926585	0.5625511484948442	0.36731866906586536	0.5432812537712038	0.24821412473259824	0.6323608106100029	0.4324367670184547	0.7794065719270709	0.2811678331533346	0.6137752093215296	0.5687204968257681	0.540284516933436	0.5821267089955874	0.536942561219864	0.08998075256697219	0.24406032839590625	1.8468831357032478e-05	0.5121127682781105	0.4542438745922671	0.6062961204862755	0.40515094500025595	0.1001086589897982	0.5291413424550817	0.3419013217265417	0.914369291205176	0.6584634001300663	0.309014284266802	0.5445247045732392	0.557789255370968	0.2125807815746859
canary	0.25126935205023776	0.3093452381397843	0.37067568008299134	0.5826664877354357	0.5039104321905008	0.7357645952559617	0.19197826122890876	0.49385039369379846	0.4264733875360387	0.4662446979493256	0.0	0.48955302147947666	0.803388361510607	0.6961275413504717	0.5487115835116866	0.792560454377292	0.7900922771147914	0.4224422697489608	0.21652778860572341	0.4866859868974146	0.4029595337680355	0.5511728057202196	0.4002968974205226	0.5936467864136894	0.5796732254256414	0.2869882472058338	0.5635191977269289	0.747770748878521	0.7828528556282038	0.7070365423271535	0.014702606647773842	0.2805140390269353	0.2776868356944134	0.2839809991163754	0.4824530914649048	0.44093730697987726	0.4888042096528031	0.4274440936415315	0.6354252819978449	0.6112556246736305	0.4038192325769472	0.47990825168016515	0.61179415318075	0.341199157328663	0.4928997849190781	0.712575990822426	0.31658676491972515	0.602867832515355	0.4474023537541205	0.1656272608820223	0.15659835791502558	0.2484125537547279	0.5079869476560681	0.4731069061727427	0.18828338172767894	0.48729613330446975	0.468461439465664	0.6670617120857614	0.6675426141908292	0.1697631171727767	0.5867299723520081	0.2782322524703425	0.4084971709274956	0.6443886515413493	0.3705426760162949	0.6720541551532884	0.4301901621459989	0.7279175520029937	0.433110407654196	0.7253989774209021	0.41755402315140205	0.7115002111939692	1.0	0.07376118552584916	0.2088581596815316	0.4348369645169272	0.756099304927501	0.6142842210084289	0.6465333755663502	0.47685052913043097	0.3414237273751002	0.545107160009108	0.4712601567997939	0.3854919481975351	0.5723428386851703	0.27638661537329956	0.5505378850995654	0.4170958032738647	0.799206129138796	0.6690233695197374	0.7199929650718746	0.7826143901585347	0.17275845756050062	0.6214451858255532	0.4726435736833805	0.6207936210395526	0.49132959625474426	0.46744690060054866	0.3879544126458329	0.35804936122513314	0.38649390150224516	0.10098819770068301	0.768321964471431	0.5627477003562178	0.16673624899995576	0.6413713237137382	0.39899289093803325	0.4602574712039204	0.6258835206104588	0.2701515180994662	0.7792122388038616	0.490404086477491	0.7418967499984657	0.39548239653784134	0.3328560101564664	0.518148459311533	0.20962535104330404	0.5430977210359788	0.4916104849346783	0.423367737312095	0.23729951834773644	0.4547013815944859	0.2293106720524663	0.8573063067135409	0.5727476678921739	0.461305394802757	0.6589148883275391	0.6625069948604657	0.5476274263398281	0.2870426518064227	0.40781966343548065	0.05754902590044042	0.37647807488218854	0.21569351276201187	0.36936109261244787	0.4570720341652773	0.6161395558134748	0.5835150831009318	0.9379259559176751	0.5600279628573885	0.3093025042901234	0.06713857030268988	0.5888994981578708	0.37917547625200987	0.732516986476778	0.38942442770047503	0.5601685568291022	0.3274193224768933	0.7813694583434875	0.6992897289311197	0.1653104529152314	0.20300973111212922	0.1112873271408169	0.6001818661324841	0.6340413461045691	0.7404631658871281	0.4880534122406101	0.793221155537833	0.6813224520329542	0.48327381258040836	0.7229296942779974	0.8354378851065196	0.7982120229722831	0.39739869439995534	0.3724526986596826	0.40850556750965383	0.5017148720258585	0.5854679570873254	0.0	0.762303997861951	0.5817434264392196	0.4078137625683272	0.43746064835558696	0.39426577548282116	0.5380340422074658	0.2899711966349351	0.3834308836217955	0.6571432105821555	0.7109488009547017	0.1602561121840331	0.7560869972609031	0.5752335416939123	0.3805425352691245	0.272346481300727	0.865007104532022	0.963736604147152	0.45803238716180106	0.41430901079754756	0.5952313303135707	0.47634035586665785	0.28190157226612933	0.6176429101682582	0.6789428858471833	0.6918680410024982	0.42498053345088754	0.6785688372377089	0.3776527885355815	0.7385187563305189	0.6542033923728116	0.043199822945742206	0.39924875970638307	0.8618406818327	0.6991032292778983	0.6636893387652784	0.5252129911176765	0.5637988534473255	0.41180887989613435	0.5637690598441238	0.6881819045914495	0.7814421608291661	0.38097406337425543	0.4430474271086953	0.5838359610413117	0.8264378385139415	0.821395009378628	0.5130469630873002	0.3362133775759041	0.7422053411232212	0.3799239743812954	0.6061416458417093	0.23286956396060793	0.048674014199772964	1.0	0.6842997183658879	0.561417689305888	0.38236832206927107	0.7938092792160165	0.3408992391610831	0.2945618068364931	0.4317209273224344	0.2492986517539026	0.5907983087165625	0.819557402318458	0.4942282560451298	0.7489796684682816	0.43362188244002214	0.5206485889344413	0.5161781926162494	0.49078022162152307	0.16568222770420893	0.508437536418896	0.6921066040133514	0.6269315465206727	0.05957007601684694	0.6122460912431158	0.6000882883448533	0.5265318190389394	0.5460015442413897	0.5584909029992972	0.7002888201677959	0.5623842494405716	0.5563873492546794	0.4688817954943612	0.5678009380560319	0.10209195414007036	0.47549760648057227	0.3512517605393797	0.8345499013095748	0.8340501458302988	0.7163541417914138	0.7980325431170547	0.4247229997417515	0.1389685219149459	0.07256957871404973	0.5661516716547019	0.22671081628659817	0.2816098722820043	0.3813362685833315	0.5971515948925212	0.5801049015822202	0.6858837632909899	0.33915535337027514	0.559885667196452	0.40611277148380737	0.1677522361899037	0.48921297885892856	0.39762117473536757	0.6116010307709223	0.674666895724332	0.4401353886138564	0.6428840836614551	0.1632766837809419	0.5141098139896583	0.5698986609959922	0.6513307230965376	0.6269938651659273	0.9772815502801496	0.7486620949447903	0.6823514919965578	0.6130064514432025	0.46558336677139045	0.21391216604890406	0.36970674247679625	0.620340305029857	0.6419626416050437	0.9208197306206897	0.33552161445643086	0.3666327737461809	0.7054660184636437	0.445080480861832	0.2444604567273497	0.22029409424125834	0.5335873605751226	0.2680024023728925	0.5708040258504036	0.2337527509289754	0.6813296568402534	0.36757708658374744	0.5482257204068091	0.6692621437906635	0.5378482798012487	0.42035308960968787	0.4415197887382831	0.7568730343787011	0.31216120701304423	0.40103925469955765	0.5984945861095141	0.5948041976464085	0.23236296615740668	0.6912973320331253	0.4497306317101967	0.038382849609457925	0.5720548175941665	0.5937180325705261	0.526780335659935	0.3847516671133745	0.49939042176052695	0.5171958715994945	0.48547580509877064	0.7308555032591999	0.33174223557415816	0.27459263676621265	0.6091322452660867	0.4079723418413407	0.4349549034353432	0.7951554367524843	0.6408093222748624	0.9564671594402991	0.5364086336084593	0.6143424573083283	0.6754136464469929	0.6352272901855057	0.461238581683618	0.48365214230792053	0.5667766355777454	0.2815522893008159	0.281013090057432	0.7780854156169916	0.12215604063226626	0.0	0.30793898293449223	1.0	0.587733624416956	0.41009605302966173	0.3331541602736393	0.36150739816106525	0.8073045055689825	0.7941688187789929	0.20722936053516808	0.5375916648261743	0.46586882201088115	0.3109407594762763	0.8454117089881308	0.34295533954921137	0.4683758050628293	0.5136234210371522	0.7307392287873047	0.6596822385768599	0.48224879395263676	0.0492475847643844	0.6731576231468044	0.5285372195529875	0.45340117924314094	0.6008917739561859	0.25784949223342424	0.44290051583608775	0.4248448231570915	0.23552041585343095	0.3115251823555818	0.7323307962024133	0.7057146870278315	0.5138839261830667	0.746383967575728	0.5560827737301007	0.7402051715441474	0.3681260315007645	0.3065026635755862	0.2862642033629943	0.38631117611403704	0.3866294850250425	0.2455798585607336	0.39224715067307714	0.31116780844629877	0.4948472770973623	0.6192241363267509	0.6347904891199067	0.728291577655276	0.282457278353748	0.400799106673712	0.18777934823444992
carp	0.511514174041817	0.5286196054809664	0.11901190917841782	0.4096672656059016	0.8987740647834939	0.601635484820123	0.05012394673260373	0.7409540965254776	0.47160689823828433	0.3874908953758974	0.5292107376743483	0.323657202601663	0.6590638003341582	0.18321682554738133	0.38198610624219004	0.8930602490990266	0.2383211274018795	0.5411825622146846	0.006533653861486299	0.2839174725012048	0.6710984115343169	0.45693585160327344	0.3722661610593567	0.6086995401652898	0.1512818360637661	0.7002781714822639	0.5497274404044143	0.4615899815909218	0.43750666133723853	0.4214278811362654	0.7591286442851525	0.43529481162320094	0.6948048504327228	0.8699493130033524	0.7097149658119949	0.593539439164656	0.4650400244106797	0.3600048026317903	0.5711307603242216	0.30088701602509516	0.8984215560497981	0.5453293804122772	0.1626731914821366	0.37508166921456615	0.8084958664793935	0.7264421969723758	0.48268739503683983	0.7811311010266351	0.635716620856547	0.5641800616738931	0.0	0.1893562162660042	0.5176794618548375	0.5783472399180521	0.3202374081731403	0.3303957397695471	0.7016693931386502	0.13888143852052623	0.43161383798417113	0.7291343814628454	0.3097620084143694	0.7002651064027752	0.5987542576679497	0.5628349092029382	0.8636728096637536	0.3389359910494304	0.4674124852339476	0.7782006156557337	0.6469270851244648	0.4941057726370599	0.5790749808110193	0.4327248455177998	0.624239807107978	0.2681468748847332	0.6762502249853534	0.41502288702528106	0.49546799555916543	0.6468930736201854	0.6633525963901058	0.24400574509242223	0.42425740765450504	0.4277068697788574	0.6138363690403633	0.5101878504571298	0.731227732120443	0.5181770532635056	0.6014062320887044	0.33369896825550016	0.6398846314259563	0.17986763783570486	0.052419403154553346	0.35951877355209727	0.8025960331025772	0.5317932748538454	0.6678059701442525	0.39980642709704717	0.25035036568385827	0.35797284440330074	0.0	0.46103572224968037	0.5888478277165282	0.6322973996701583	0.5812164175437484	0.6762371783159385	0.8717541236847014	0.5973038694993439	0.5309965251605122	0.49506890619682903	0.20755522269495835	0.7003468474994097	0.5303283360242605	0.7269586213697745	0.48738855646210305	0.34798071375961476	0.4704994516552803	0.3330506002702501	0.5641404443526117	0.0853609691013551	0.4782980459599362	0.687950493442038	0.7209276206370617	0.5939345761950267	0.3488489713308752	0.6912687897985708	0.3351043039515442	0.4017806364510258	0.44360768054389843	0.5002674129852346	0.8760816114630945	0.37770194530856105	0.7084071199667366	0.5496368794397828	0.3172792406130307	0.6297371716182728	0.5359474982085206	0.4466722918008518	0.4509604424240372	0.4603773977356286	0.9291899709464404	0.5639432505127894	0.7018711345470686	0.6045398663881962	0.6370835849317596	0.7318282929979056	0.3875723355072689	0.3462447961108017	0.2583118439109738	0.695826185811802	0.46062918014093746	0.30858889513531185	0.5979174616199726	0.11771803190505215	0.39212039963950507	0.3145903240163993	0.37507666282459207	0.5001507353677501	0.2180943470034295	0.6047593336281794	0.6848867629328985	0.4834644380868512	0.43559324297610114	0.4763886739692002	0.6208469006276345	0.7262341371780929	0.02786562194639325	0.40106212056334345	0.7452786357715322	0.4340939978278366	0.38999333642764933	0.4457951154335225	0.5234723355259238	0.45418658922656197	0.3168033462816835	0.6568513600712957	0.5625357068479674	0.37266554711646493	0.49692617162427877	0.8338724052477657	0.4945667736525197	0.6152490048350556	0.4477092142299828	0.1881536089575571	0.8630104170345803	0.3248717916119982	0.7418417626760896	0.1792326268174323	0.07909325951047486	0.40880428610463343	0.6606197986625012	0.6443714050453394	0.3241823177839994	0.6741287479539573	0.7765199511690231	0.3237190618849519	0.27719015565438454	0.6554118658410217	0.49785572289640834	0.8601358606805415	0.14329542147107077	0.3898301461601564	0.5760677424867395	0.5643849501893214	0.39935332763330855	0.8248290946121004	0.3637498858552306	0.6050867558711608	0.6254198809260602	0.6153123506903474	0.4316457910353884	0.4846195612866508	0.3459205065024904	0.6065136327115977	0.8103412684809814	0.48499316075465776	0.8040516088638932	0.2928225613139313	0.39908570897386597	0.34050330307447674	0.3351043875590972	0.6169518171880273	0.34591140649748425	0.3366727629697619	0.3971523344612602	0.06462917792484008	0.17764800340836095	0.7743032423278863	0.4228338800714127	0.3288003122824986	0.4159898275650964	0.6486055269116069	0.6130076523899467	0.677935154901192	0.520419195964479	0.6739775002111603	0.3553396094154941	0.376230021390503	1.0	0.4661646648255685	0.2235976210450466	0.31693799897869607	0.4112850868555033	0.356896978023695	0.0	0.5361576754466528	0.6896239567040021	0.28256411705789625	0.2286699994223647	0.5378103547074262	0.47767398087623764	0.4716410017408775	0.5848106460612674	0.6686807213013026	0.5829027247382899	0.8533363267237746	0.5137114691916483	0.5868264132621983	0.4342397055147083	0.5518700908350024	0.3518579624201673	0.5905121597786742	0.2649143684518768	0.4632467776829822	0.37214945009540734	0.3994603870215281	0.3352473926668363	0.40744639892013557	0.5740057084455898	0.4980760758726987	0.44211449818095294	1.0	0.5045434610198568	0.3400522216731925	0.5683139668244573	0.4331549093512692	0.17702654299815765	0.4406890953642391	0.4884566346233576	0.7238026231117136	0.4776990340170316	0.3955734589094464	0.34440140484278037	0.30002713282897964	0.45820424060171394	0.2345250232814054	0.4038000591486724	0.44021662140472745	0.5974408678534404	0.4883433539550429	0.36658940449305816	0.4003359841648103	0.18967029158728582	0.420115644297828	0.6013086820864265	0.7072870119359097	0.6002960394160711	0.778694174853463	0.6031630071731824	0.4860612253595997	0.6796762101683245	0.6714483468129723	0.49228922959111876	0.7241378470521116	0.54112395086821	0.3012200560339383	0.37369171492313874	0.3115182032144083	0.5443460681899749	0.2859456937430668	0.46756649994905597	0.43076461334271793	0.581054835733524	0.5799784105628394	0.3085041314280708	0.868269492915626	0.3134639735333786	0.8149220771431771	0.6631822811469131	0.41127397420519585	0.5332243424058954	0.6765787808347007	0.24579959026343434	0.3474872009909067	0.24444724485671612	0.5365214943715341	0.4047400357056724	0.7375294782684803	0.609931455023819	0.5162661300711906	0.5732643618987052	0.6933605369463047	0.8596808627834458	0.6279195662597673	0.49693584742282154	0.4743643372352655	0.3866238128533013	0.35514118266424216	0.6431644125975965	0.32233685186024186	0.4730069574227585	0.45676120314021074	0.28015527200222823	0.6009928968785134	0.5476282223518153	0.4301061781260634	0.3731364533602346	0.43691755359401474	0.39351701253720767	0.45215853080214224	0.7973666178787435	0.45605016392343506	0.44068911553177775	0.9034826139148011	0.5347400660175432	0.5587206095608748	0.5785223316230392	0.7034916133322451	0.7464504341474172	0.67606775089251	0.2367806481891051	0.5818043398103655	0.6332638544107201	0.31000864615327506	0.4251251885879938	0.5825882539218118	0.6984395410985715	0.6516742845639604	0.3380178994342618	0.5783182801283135	0.47850528506249235	0.6308480932084444	0.2822110793820996	0.19224717871204122	0.4277670681121844	0.24929311547313604	0.6323886107678569	0.406998518825167	0.17723355429847423	0.6499914119342166	0.7313681999144321	0.4796736676033821	0.5547102155818612	0.030416173649192135	0.7149913269304067	0.6748907994698015	0.5397141050318093	0.4175695733852142	0.4930097219358552	0.45858519126447383	0.942356086640758	0.48395414006915866	0.2852749821256907	0.5743450747558768	0.543533860541663	0.7659945473879213	0.4782789437224998	0.7009085694422168	0.8342973066772771	0.7350190187389714	0.36115278158942793	0.4431560544714414
cat	0.08218293717677916	0.001064581623571148	0.5054680513962198	0.3867867416648387	0.4126748319135914	0.7072718416498579	0.3082274178146484	0.7402905612828814	0.6266185109108819	0.633415713327887	0.4204493715021245	0.22585157868886405	0.7462313400412119	0.5415389073455953	0.4775164052011456	0.8518584709040347	1.0	0.5101639174293737	0.41556277639797984	0.619063211627094	0.5588957793699815	0.36568719267035166	0.5453612739057948	0.28987920917934334	0.3518642330967413	0.5966993739769811	0.7315431521184433	0.47432069919719533	0.5399968786636491	0.5857077877988801	0.5408418842681655	0.47974910796114373	0.3903946071256291	0.4195261087925307	0.36922229404433327	0.4136642205223922	0.5467777113266321	0.4587663644473226	0.9231986831131953	0.7192560611731047	0.5240691819773443	0.5906220363818738	0.2844684764466808	0.17452382512271675	0.23910198458060966	0.179529611789139	0.36045918358319073	0.2150685778093589	0.4550102381215751	0.7614486874529607	0.10497401634041259	0.5192842324761185	0.5087343908931485	0.4399028632178925	0.4968053287719269	0.29684798252679023	0.9779872794210358	0.4465786444365786	0.15613529524804287	0.6047179297622681	0.6440883833144044	0.6776690147329171	0.8104443606571279	0.7772117938829957	0.4368809276291472	0.44506751476778983	0.331938122550021	0.27216612765902043	0.20233195793275194	0.5595603731156316	0.5501994410001624	0.4646985618703482	0.5973815325620143	0.42952400576612976	0.9119374425852016	0.5196249231131878	0.6322527140648196	0.5548633221531757	0.760726101745782	0.4073412205033239	0.6292051584016332	0.4909317071994007	0.7448063707767849	0.4879318255425379	0.486410538265875	0.2463875590878249	0.6850405147891737	0.45438178571464116	0.5098089655900807	0.5242987688259232	0.03319499976745732	0.31918651072004445	0.5779122005490229	0.6690447461114162	0.3289810174049464	0.7984860628301499	0.3196934818172702	0.5969283089266781	0.26056797071733484	0.20622480582704386	0.29860465873821995	0.6225568598647574	0.35781764991181075	0.3203804734490814	0.290960766157556	0.4692044625229991	0.5689741227849507	0.6507956101907032	0.5500386673474825	0.4736341028736368	0.35603854196119084	0.36237541560495634	0.8542013033611235	0.5204157041521766	0.691867763886699	0.7646340831047691	0.3601948413499143	0.34501763385588446	0.45816735348806614	0.37540753041144803	0.328818051126592	0.10351928797260734	0.49284132081793736	0.6397565589273416	0.40759296677371737	0.5228494878841246	0.0	0.2970484907827709	0.46604042839374543	0.6839124659590003	0.5748778996570743	0.6214998690087565	0.2739672188719402	0.6864070219291927	0.4526964578993149	0.23401273810718232	0.7570258757465284	0.36107168950730895	0.6239587864554123	0.5027816514556596	0.6283259850095588	0.3264821691107366	0.7570074586026716	0.31054020639568586	0.26467138787837885	0.4398352456834706	0.5447280474788373	0.45886105482604844	0.5562234622409024	0.5169057845849114	0.5009493025236063	0.1581288914196905	0.3346235030059055	0.4836537704903941	0.6158968553057972	0.809703425284872	0.7270383583005764	0.38506118533989764	0.7408977836860043	0.8331279355945005	0.6081206001313485	0.38994403647048953	0.6458477767130593	0.6293902503250799	0.5666051482386358	0.538604899804126	0.6537484699791696	0.7553321558507686	0.5768578630293533	0.5739900208245737	0.5633142882446669	0.4493967376029018	0.4355256205398669	0.5231576966070656	0.6472625474139967	0.3348597808563743	0.3601159395818823	0.5561611478658598	0.7392807558802595	0.35600177395123267	0.5937035348213949	0.2779521077926823	0.7762564391659108	0.5514865266634416	0.6583142021066466	0.5525982880723881	0.44574597909776176	0.20602353874222493	0.6091616343617028	0.3985643820438947	0.09686336363356196	0.5265474939248227	0.3694300245086321	0.22203345004482616	0.5197240254575765	0.42398578195795084	0.7280341062533522	0.20286012821064786	0.5557625486287324	0.4897915914332467	0.40299569623384396	0.5480670230034183	0.5802301995863912	0.3586461142638272	0.3497876738339487	0.3626818345394335	0.5806936797614856	0.4342441799365155	0.7023402463132902	0.5547769668913523	0.520242809777202	0.3496091348776339	0.5437063268457412	0.6399366116638502	0.7649856388739822	0.41926360182127365	0.4334821580386027	0.36796755270860293	0.48636076693462493	0.45668176153004175	0.3808770496335624	0.6033204522338312	0.433747290100508	0.6431615672009738	0.35733758905230795	0.3209039035255344	0.4239329652726895	0.6013993269906052	0.3224251636852382	0.43403380486778226	0.5094928135765642	0.40112778869992183	0.6302000585094301	0.4558880517297943	0.6765487499652052	0.49001558669997647	0.8360653859645735	0.3430491872535637	0.5085221631670404	0.8501168613666004	0.6845687637711918	0.41772009161819595	0.5904920002099946	0.23037376927311198	0.2850417189807523	0.11290402712376899	0.6387982276636484	0.5166207341935968	0.6805863430812985	0.5855683040117624	0.40343148818020147	0.32867599215207777	0.3104339782622352	0.5308273832758336	0.2498623881790863	0.16277895126485054	0.5105306395039578	0.43795431868961543	0.02928669065139594	0.6510404636700995	0.7147824343474304	0.3751646804641598	0.41047653592412064	0.41790933147930936	0.4585070947277107	0.5950600843043244	0.37055349220451106	0.38205971386389764	0.6580729978202593	0.5842668688276117	0.6412467607517077	0.7573703540181672	0.27423813154133736	0.7533885566438766	0.4612217096787963	0.10838201853206691	0.674029326948623	1.0	0.2017044524511184	0.3927346924167195	0.2938091230996442	0.5119773482348101	0.4790828608211769	0.5466931616255934	0.3569000452522416	0.6865319868344276	0.803605624894927	0.6418887203872037	0.3443670250901206	0.6422560407248874	0.381383251541746	0.3919399716587103	0.45335454692392213	0.08004233190628218	0.31044588862455247	0.03752237386679186	0.6716290749902267	0.48167237667422413	0.8051314491817256	0.7659918388291116	0.4248698826236504	0.5575747527545406	0.5527473628449147	0.24369126344811176	0.7337879189357897	0.7882106439721515	0.3889715579488534	0.4203508765247374	0.6256772547709558	0.7157189400799908	0.40646116385545417	0.3315507980278608	0.48205944355584307	0.38717044418236995	0.24159492780876418	0.5662614862486096	0.3781499485801134	0.44395127385229943	0.11860144551992985	0.6165886142581807	0.6143037734425515	0.378307845294065	0.3948169162802486	0.4293186347624875	0.0	0.48348183928021177	0.33210530899597057	0.529011633055727	0.5148004414072005	0.6045848395332398	0.0	0.6414703269428248	0.376523192647139	0.3319007306812957	0.4453274289453096	0.8518970149570391	0.691259626941727	0.6241405014990707	0.5772137055959622	0.5981356032007149	0.36149790064305654	0.6548767296891171	0.6182037903273029	0.6673108704950503	0.49120862200382787	0.557480395055153	0.463717635149814	0.5125195485239651	0.4867474963704538	0.5170342434858196	0.49588451340415945	0.4308710047124119	0.9224665914718535	0.4545729240289762	0.5082453797650643	0.44452397336363964	0.29921726543223415	0.6765542013030853	0.8780895051246287	0.8791570908759129	0.46178079666748467	0.6118763955082305	1.0	0.5525651426713354	0.6336531717901683	0.44367475291741676	0.6078693335171319	0.20988309541114702	0.5988246371065485	0.5939176909370966	0.11999282746620327	0.47727183673992046	0.4262651587818872	0.6802428774373577	0.7987779124975691	0.8210835686941387	0.6393264934947028	0.9838882952281178	0.5960760438307889	0.4284888930767507	0.6312019238529473	0.56021032858716	0.6430024841326818	0.5714366263063362	0.7945978808682359	0.442617495039451	0.8063751438703384	0.4205239873163634	0.2178372371581102	0.3061684055366136	0.4514830179106532	0.6792745312837571	0.2783674039328864	0.35433146496350665	0.3753973517765218	0.7161430561849169	0.6165415331360143	0.6959935747583587	0.7462429544904436	0.5178872537613369
caterpillar	0.28568611809491085	0.6163621081204568	0.5093115772940188	0.8199148019387114	0.4149825175950492	0.3753891900485259	0.5003115019418702	0.35670134262149383	0.5409462668911015	0.9380386132568944	0.3307118111955082	0.47690839154124787	0.4236027387678456	0.5459313707891402	0.8012467658035471	0.48650700335803243	0.9275164428537647	0.9090745372066098	0.39858932432248395	0.332859847189672	0.48053131121317955	0.3140246019971964	0.7413506587477735	0.4106718314005775	0.23407343654380905	0.5988473827039174	0.5922860312815279	0.4963014002186117	0.6598632614499276	0.574615328904015	0.705698266538609	0.42188750665555613	0.4799988306539476	0.3820833905384584	0.22503229423113918	0.3822655396667912	0.6124557210836176	0.40637323850849005	0.7443461246724603	0.7079715714246304	0.5542360989408212	0.5814615825436042	0.38200777750899295	0.40858570786030207	0.4262740300097156	0.6068163175921085	0.23844253794579537	0.6235203661702822	0.5423332728863356	0.6584983942575771	0.34662544493928715	0.28290326817496597	0.42264019548630627	0.3615068006566159	0.4659518682774268	0.5117234022990249	0.615165439693086	0.5274154461166102	0.5355867494879191	0.7055672635445476	0.619193226325295	0.8474868728397462	0.4176029224756864	0.8170741206398359	0.7318979517822423	0.6254890152022392	0.6175854834576472	0.6613562664382007	0.586355450656021	0.21830614611126375	0.7053247780966091	0.43947684789684727	0.5148930910933055	0.16570501850302313	0.4225421661190845	0.7287598785086806	0.6251734548567432	0.2875687019956733	0.3548816138091453	0.30986819599993237	0.0662604307289868	0.6461479466308357	0.6313721451654324	0.4311916306604122	0.6370772643030834	0.2083066783420719	0.5367736208279072	0.2764688695050285	0.7444534389240799	0.2595337865600523	0.053391633049105214	0.5836173686591068	0.6599017082614816	0.7299795351937486	0.48575384200774097	0.3801517731648115	0.22310451252271513	0.5967896968673619	0.3334754234205405	0.46479905781212877	0.41575783822860424	0.5859689068175927	0.45314523450371025	0.42821025396205775	0.3687582246980106	0.5347537092587138	0.40681698179650166	0.6036188904916245	0.458299663988771	0.8768783777501998	0.6335178752383245	0.7038148536123592	0.2643953038424553	0.5400656202214232	0.6159076569076035	0.6198253082960206	0.7552297134845658	0.5765636045910294	0.2325687965769695	0.43361914818723035	0.07946483788723446	0.5776817664622252	0.5819309603414693	0.5078728869641983	0.5002308126347411	0.5896657911810725	0.41381653632106097	0.48497636638669883	0.5659275919735636	0.48087463040843137	0.5416220495463587	0.6078853294591051	0.4209752323083398	0.3249345955474519	0.11032203577429578	0.7559085061130422	0.48225496841570825	0.37550337891508656	0.6075927059063501	0.2797420350178008	0.5131169339995661	0.4557289322856882	0.836684823672337	0.48644846501537353	0.2622227927537737	0.6750128158733949	0.36465137975189166	0.5030726190201451	0.816576123414611	0.33929498260594615	0.3133639671074878	0.6924302455619391	0.5433494220967022	0.4003090938598932	0.6264885294906322	0.5860192658544271	0.38156940796354566	0.41618433196892096	0.35672098701768806	0.7117085755333178	0.23941294963977955	0.7512354838242106	0.31648011548387844	0.6320995260310124	0.027923110240435756	0.6490592733099005	0.47281594868236965	0.6506044417205374	0.5443626214480733	0.17662116079993062	0.8301552646121912	0.5595842019849153	0.16461487036901645	0.5121681294432562	0.6671626467708119	0.637427101430555	0.34513720135093195	0.5916476628172388	0.649583844014524	0.38269303614649636	0.44067816286591943	0.5061427366282477	0.6915908615163324	0.4738810887876689	0.36238532487185227	0.5809853092186535	0.35156525277798106	0.7351046249566162	0.4458719849855657	0.4040318806494238	0.37846478688199336	0.5577658212743402	0.4944521168029492	0.4098530014047372	0.4303553076029	0.5268710369706286	0.2270086963873581	0.3759907585230543	0.48601542579450513	0.5704284317204824	0.7627414060328626	0.29959449793200027	0.6582221606579637	0.5374303481263475	0.7616098392714683	0.6731899398979153	0.6317844193408062	0.6970150036234625	0.6239521456687398	0.3227144504576784	0.32501143713585584	0.31736287530821305	0.7151758944400036	0.45613712845673005	0.7836007521728624	0.41783273266796894	0.340692745866136	0.5714122314767549	0.43636951972549465	0.3579627419651612	0.13807078021989527	0.25045244486761364	0.5139451536142505	0.7110549687932071	0.2683990580445234	0.09171700702520624	0.358741318640994	0.3189336265712769	0.382099858827415	0.5457978690763441	0.65324368977736	0.33417355222762624	0.6125381634937993	0.3726003561977481	0.49553731076081964	0.4950051697157729	0.9881391983066731	0.7171914940753982	0.6511121147913206	0.5328388674324479	0.4175297006673182	0.32115925442122484	0.6492605666841007	0.3512863810912777	0.4905628677648339	0.637611775708063	0.7578465480110665	0.33351794229199044	0.6890451015289681	0.5339158496268495	0.649921544214101	0.5172504939624444	0.3451816307507885	0.7443599115334867	0.36173303942111507	0.8438416401169809	0.7397832763444729	0.5657286241055031	0.6206218771615188	0.29351433860336706	0.5422028310795997	0.5056030429544804	0.5540430416890809	0.5580222591025656	0.5229617156987633	0.7167385052930084	0.5111250307847393	0.8306855712727036	0.4872990091975754	0.3975014865980485	0.624826671355062	0.5852577280968321	0.7957603182804964	0.0	0.23582842149003058	0.20399553320299674	0.6038428635285144	0.4608027300476547	0.7077483445941551	0.1666140977157644	0.5055646636638491	0.5813729193424637	0.2944915205665335	0.550478124986829	0.5275257126541097	0.45396590402136566	0.449633216590165	0.4011411340202481	0.051953008239575826	0.7192225032267704	0.26735519335765817	0.7701027490359441	0.35896084801757344	0.3436519568594433	0.3471781438092702	0.7403977332100102	0.21527676418048455	0.7202507684756445	0.3712187406069982	0.5653741159450183	0.4134449267973549	0.6212155459347403	0.3423821328475579	0.6818620030212738	0.46417278384303773	0.4273997060204109	0.01347983731451391	0.47496555500415744	0.6070573893098354	0.5290847984781784	0.6042210093326444	0.48707443462440403	0.3830188461070285	0.43449518034138856	0.5252297848678275	0.23116210664919834	0.514119950822628	0.6848668828594116	0.4041876912661283	0.5648684792152473	0.25946250528248604	0.45813389287955064	0.6915896452185188	0.40068602603784687	0.45354741401457277	0.5129640835330349	0.2092655653916105	0.45931401371095	0.45469168945412125	0.6116461651796242	0.20234334741004367	0.3353784587486002	0.41794481509247905	0.4369923933172241	0.4158143844108967	0.3184292502062444	0.6422565215332573	0.7933177096814015	0.7783913339728881	0.4667122545716422	0.661196187008743	0.754244408149593	0.556416239562363	0.23902822681647404	0.6789208130254734	0.37318627701180906	0.29875195589169995	0.48121175525355886	0.31597358278232834	0.45083547608206764	0.5043944951998566	0.16177926482592148	0.4216504931088355	0.4776167707463072	0.5226950626149225	0.5541944776117105	0.39002091303288533	0.19893643668649844	0.28017439817415846	0.5922324080034899	0.3328767258433031	0.5369545551359237	0.5721275442011697	0.7666848825672756	0.6108686550811697	0.5175644932493477	0.7254471440999362	0.4007134735823623	0.4393099704199078	0.5215876906345503	0.7267765629567875	0.3187469095835932	0.6072219317414973	0.7860465768310987	0.5857934316391823	0.584894588492203	0.9431388089433312	0.4557960544510495	0.6215834138521796	0.38749972582099457	0.412011700022599	0.5607099920789483	0.8286733729941461	0.5518567223240887	0.12633694705979764	0.8471541261458722	0.7047300149332335	0.22558756912147795	0.5858200154280906	0.44628545186647905	0.2265232427854562	0.7668764940514281	0.4047978373085803	0.3553280015913703	0.23447139856680355	0.36675580837623833	0.5150723845471652	0.426599511826747	0.5974169060477528	0.5427292068063809
catfish	0.2755509258472367	0.5427207215712845	0.5016567122581632	0.6404152731997768	0.6250836067168084	0.5733042269221623	0.6116282472203042	0.4262934821641621	0.6609248543266446	0.4662108199914393	0.6003804350661687	0.7724705839456802	0.4506366139371494	0.24247438134244556	0.5151510289954844	0.6159769884574392	0.4320816821524559	0.8091733883454588	0.4141810760434502	0.0	0.3634891462184012	0.8632653600746296	0.4000662817673777	0.39440120153747005	0.4193594788572362	0.7815304952792834	0.7234728880406875	0.7122303298452095	0.16079628695771736	0.7745400420685563	0.6275987258696654	0.4368052193988808	0.7321151902301298	0.5956851591257342	0.7063411800297685	0.5676240237171687	0.6194330727922908	0.3905845083744207	0.2289873554584868	0.5233716063737266	0.7850408828952433	0.7966242310383114	0.5151709772445534	0.43610953381230627	0.41330583376292906	0.5498618515723044	0.2818838266493239	0.34851731020708326	0.49572034504778545	0.3293354155870573	0.2960352490749296	0.4959492566525251	0.3387807064332229	0.5979141782529271	0.5292049883866357	0.2840940916887711	0.42732891244374216	0.756969944959252	0.22471210146195303	0.41856332182669237	0.5288654473670795	0.6164829770830378	0.5987747019670764	0.7963076694829527	0.6171422181467491	0.3662516053344688	0.462625526019182	0.5183593813689318	0.5197982331609355	0.45918332883175533	0.5576848495672413	0.6215099178471606	0.3488077181923716	0.7193778240237185	0.22366909545302915	0.2651571045098672	0.6483777579419692	0.5029719129653334	0.4090862120269571	0.5141308640221722	0.6692709747945249	0.4863766162857461	0.5219416445986972	0.7157860589434192	0.2977788365048544	0.5877168978003298	0.4375682348002823	0.5951293778094648	0.8819577490631987	0.6077810798995895	0.5078940249691252	0.39380550048532137	0.5671841332681558	0.573527069100911	0.30747658156103935	0.4223281566327499	0.21401911993990103	0.5269468326183393	0.6703691426455212	0.30199841553347995	0.4779083542468322	0.42898057113817883	0.7217062083708597	0.5545757170038759	0.2592129082197997	0.6980311449974069	0.39325338969455303	0.5568360948227666	0.49189569937079336	0.4221162092785482	0.5640330189686427	0.3613002675239483	0.6850997295871437	0.39704496534280953	0.558311944267814	0.4373981425409689	0.564172761361341	0.5208621086233417	0.4001049950974584	0.4154034557536796	0.33830487680116716	0.620239873909447	0.4441127690467001	0.3924172384332501	0.44793954997020624	0.3807270440521932	0.7032560439252581	0.4106214403104894	0.48481761235290066	0.2914177549396642	0.7041882483253181	0.5563489552092773	0.4322943453332361	0.6938159192664943	0.512146088981384	0.45352687278231524	0.3449898266223013	0.8856415475919118	0.6428233895438822	0.18960643646755443	0.3935438442914591	0.2592999216885284	0.1283134404027767	0.7774100124796315	0.421187315555438	0.17181605512690024	0.34241695606619976	0.4135144714925841	0.3208223508654246	0.47550343105113446	0.4566220036831449	0.41762230015926827	0.44056707826981006	0.42626899467210894	0.37627399117139204	0.5825830780425836	0.44758207460063903	0.6970842074628057	0.5600412422894555	0.43662406269655624	0.12714514058579351	0.28143406940546467	0.4026827949531136	0.35271867979071214	0.5637451536519293	0.4642729474877313	0.367254125817149	0.6218047904202066	0.5933561855484781	0.16001154080952518	0.08452583969414235	0.6384284172191202	0.47004906646307987	0.8814599129917619	0.5572581361696232	0.3307662084739565	0.36978569441590214	0.5387387251488344	0.5538117291997428	0.20193345842068003	0.28441636576016793	0.39499510054914727	0.9016327458336311	0.40768725296784875	0.49145941557290573	0.2250151119028338	0.37812028277885695	0.46136128381939423	0.6755553459619503	0.34717919958906807	0.3700433920001736	0.4054068891461695	0.3621179569449754	0.32901609120052	0.4703815815322079	0.3294532063240947	0.5162192477774773	0.698826786695117	0.3704983848306693	0.24540514345816317	0.7908608886667001	0.42118813895797835	0.7781277737682178	0.6732196929289173	0.3781767381685334	0.7197515240552307	0.427368808913844	0.6145502456339044	0.41976051154425054	0.7925291492164565	0.5099397001154526	0.4028219274085631	0.5710087573132229	0.13667610418488335	0.3675851292144973	0.09370124477890612	0.5158493949097364	0.7486408072455034	0.6429757672106825	0.641833555020755	0.4395151016188075	0.33971667494204955	0.45138017149073584	0.6614885510987669	0.5098342331394394	0.45354228830089205	0.26361256632563734	0.3529997055627647	0.694046705659476	0.46922783893808734	0.3322233988373306	0.5556250295318675	0.5771431738176975	0.6038613183611726	0.34789017681181084	0.31645969116917416	0.3120289381336071	0.621670462651578	0.32228801296992193	0.512091514789225	0.7204066223172055	0.516459458117161	0.5884333609077649	0.513474416392093	0.808853427802976	0.5231761879169909	0.38280721871316403	0.43801528707743986	0.4699213211393682	0.5319196336242151	0.5669543877250914	0.43666046314254625	0.529481741649332	0.5064936629551398	0.35881869461081517	0.6706263159935602	0.617277785790179	0.2971301316820322	0.2750156409722687	0.5431306572849748	0.38384111307378904	0.46242522724386176	0.34337735460875973	0.3826985185846923	0.4900648922320692	0.38489277621013607	0.7832318068888766	0.8446610829928025	0.4890524657929514	0.5489217765683259	0.5899550146186411	0.7163273323799834	0.5245987516883968	0.5644899789710529	0.3685300691252658	0.6086676917086545	0.5023322339856132	0.5112992580743304	0.35445964664376395	0.3792263811262667	0.7495397312925908	0.47567005463607903	0.3051007226901542	0.6617557344877831	0.27929828714113114	0.24491811463837698	0.468625652440445	0.3898692715793078	0.4839057955619614	0.11504859862163364	0.20745586994563153	0.2443486449938646	0.5818292503851502	0.5952429043125402	0.5983514209874203	0.3948486876150718	0.09103798328828061	0.4755447920563046	0.7715795656709141	0.617494836043566	0.8115933804482507	0.7125613606687766	0.8328958547890553	0.5078190905338834	0.6462617308219474	0.4306645458692102	0.5042004308068235	0.741219769985132	0.0830452033738095	0.316797777707377	0.6369513021688136	0.3757894523321339	0.6108667243008642	0.8420556972447549	0.5384460332807701	0.5333575816549847	0.3518311014470008	0.3799676847686157	0.6152825763428184	0.1848301527545188	0.5173780569552526	0.561685841160453	0.25635825063012774	0.30802723698418616	0.7681129645978005	0.27969348567544133	0.5615265264529992	0.649951034069999	0.49785351867886607	0.45057623481629017	0.816202550488948	0.6961891209467114	0.6387561216303487	0.8111745890093479	0.5386138440891	0.6653269894105206	0.45357833246522233	0.6392373077081318	0.5596586544527486	0.4823180965493544	0.5613920919411849	0.6821117147976853	0.6317627272567594	0.41868782979109165	0.6355581786948264	0.6519088842924563	0.643697416746895	0.5221662728625622	0.5735767716343894	0.443454572640789	0.38194900499179635	0.5602482898923076	0.5820702036140067	0.5285381467232373	0.48496436829033895	0.28921226376469383	0.3941625993134858	0.3880218770462893	0.6694601040659383	0.865738161249793	0.6259228691887082	0.4898440143371615	0.5370985772333638	0.4730917726762238	0.6039903900257577	0.5035002097264507	0.14672299736569727	0.36826514997195237	0.6004968969387583	0.7629891192336101	0.5400165107205701	0.5383353180361885	0.6911314185891546	0.39041537607802584	0.5136417681665635	0.396566120180774	0.7623834049403093	0.25188265339925453	1.0	0.32076909099048156	0.30208707975656457	0.70143870178462	0.634796243008929	0.5050961603785928	0.36061865692213635	0.47705668804843115	0.616772259504857	0.6401699472283282	0.49808483823127114	0.4993171709610103	0.3315217069896633	0.4213531700628595	0.5106021665359382	0.6724081190437164	0.44277611500753544	0.4833785760639471	0.7598520313914094	0.5760049079891951	0.30169377179482243	0.6091382795495031
centipede	0.4410722555411383	0.3676510228004669	0.721827993615465	0.26381221413028827	0.5190992547355759	0.6816172583596803	0.6049626543500943	0.7455417778136464	0.48698717085070037	0.4326039890588441	0.5026667928797895	0.6005965080481974	0.7782753547540475	0.26448291682123226	0.4684252986871488	0.6377717115808963	0.5718114433357179	0.39129364181357507	0.31428122065262215	0.44323732082800293	0.386943154938446	0.8421410372280079	0.34249089864415855	0.48133512525380917	0.3133979155041445	0.7195694016553458	0.42712551287719475	0.6812128704651974	0.6083753833814973	0.3960344737294937	0.5183309691018629	0.18951026387235126	0.6040571178492465	0.7822719813317485	0.4873630152704033	0.5671056872446938	0.5594446694786994	0.3021682551070897	0.49365750704191735	0.5564863373185496	0.6209669873427106	0.6312959448719436	0.8013606376437225	0.4103997553708997	0.2282213394684776	0.3626965514200732	0.40945822695040585	0.30826012836117545	0.5014588663532678	0.12262306473190021	0.25178664335002615	0.34034279241438903	0.13974460464201477	0.598797239170497	0.2821787895133546	0.13249232609481937	0.3862784036303735	0.3697463264539119	0.4270927689153035	0.9416290425995691	0.4085770717465243	0.6809762523494168	0.4207244286080679	0.5475717189154814	0.45502123131046046	0.5764633415801859	0.09699036317694759	0.5233061169241359	0.4647522455688116	0.5504757668411255	0.4825564416092954	0.7451062084860669	0.5585224265007387	0.6326706231687598	0.31172624612662614	0.4195698067497703	0.42702308647905285	0.7391981836625913	0.9744372568642944	0.3247789382863253	0.42534734780229905	0.5824611080998378	0.5036780209756915	0.5401597803625935	0.5902710006951064	0.36002445207825584	0.4677638623788507	0.3542088293930179	0.8861978801012904	0.4849957603745621	0.1957526361269849	0.6573260657078167	0.4057446276787505	0.5126041646017558	0.2923968507362874	0.5991175556971068	0.5421149956572491	0.48933077043840684	0.4104443685949217	0.2063689485068522	0.2634371957042033	0.28769810859993	0.8458383404934974	0.5041048691373395	0.5858972743030765	0.502531640317859	0.20087160498831647	0.4120540055791556	0.6501232301936597	0.33311235075989015	0.659716113764975	0.6684352408636947	0.6668574743200866	0.549872475865473	0.4679268957994638	0.276649291747314	0.5719314092684535	0.8599455122529667	0.37282339004653514	0.5300516134725406	0.23289909416372986	0.5192089921154609	0.36935022930305517	0.8531653764663396	0.4708158870005882	0.40543879543893885	0.44928036551281436	0.06684560966176861	0.45733497050130634	0.44814051971073104	0.6019715704563919	0.3287302600949816	0.3881289102500085	0.751536973834821	0.38321313870276064	0.2590788140652561	0.5253784150501214	0.41250393727623713	0.7012743383013568	0.6293979962823051	0.5413576188490092	0.5392326590898806	0.6564534500035516	0.49615023787500767	0.5077993534861942	0.4780088416397408	0.4523227126257746	0.6270005056131238	0.5681923910903723	0.7290162005362399	0.3470180422580921	0.5577950137572808	0.3395158143388863	0.6320842687591725	0.5828808455022316	0.5991272118325758	0.6851415616509741	0.44170274800591813	0.5986960237237484	0.4858226478970613	0.08957492168046932	0.48350467335693575	0.7910298563112397	0.586149096296501	0.5010549551459238	0.29208350712123177	0.6759407396971191	0.6662467616750354	0.4954035502548253	0.4138787765902676	0.4704437193160096	0.41222651236033886	0.5436698264858478	0.5809380483391986	0.3319357790037183	0.46262150310038286	0.7811572139663283	0.6902574212311382	0.5656086322336691	0.6078999242640357	0.7142210163257511	0.03505874578207557	0.69412261216522	0.492562994816073	0.637780583187849	0.45605305338817226	0.4496205651168234	0.42179958997794964	0.47670434005871426	0.38027889603191667	0.5994781164709413	0.31144000557003915	0.3656926128809775	0.5054192349612753	0.4278943976611309	0.39973030741411236	0.41121919311757177	0.584480344803942	0.12238682097372	0.2092459210649639	0.551876007003712	0.6771699588883581	0.4402954528356783	0.04330621525869116	0.7025049907120178	0.5051022606458082	0.5417782312202677	0.5225972700873649	0.5254261311263582	0.48666181804796244	0.5764110953765088	0.631313991790805	0.7416964185813861	0.6372133169928703	0.6271904260291085	0.39141503379404397	0.6598161775531051	0.45005173236068696	0.5824410708371617	0.5043738362881063	0.34352184541776276	0.3215467069205675	0.426759543340671	0.803549370849777	0.3734589007227969	0.05891537057501456	0.518000058335707	0.48443120132416617	0.7024660889440179	0.4385785266017364	0.2689381680378414	0.5472832781591611	0.3963152079483657	0.268013477374748	0.6959797525707448	0.47484477063021846	0.3860356053155085	0.526026270460549	0.21986101518240525	0.375195453903654	0.691203794106359	0.39406514908977913	0.5630108520312983	0.5442426888133274	0.6744720248402756	0.2931134897762608	0.7125059129872057	0.4344217063297793	0.41132307328350165	0.6935626380583257	0.5588829377129029	0.8221304962004341	0.4289829095119585	0.6666924020264213	0.5208490353716305	0.4672619225701577	0.4116327834846631	0.3048386526394718	0.49379131580107466	0.6321793071382168	0.45456651854142305	0.47091278699925504	0.49127413154479344	0.3730978632741782	0.31871066009178906	0.40895671253241905	0.34719332104657374	0.5858343748200003	0.6203543256543473	0.4700981776782627	0.45496032704706013	0.2512740991564692	0.6088246981911943	0.7956219532140545	0.2466844891516199	0.39715833337189455	0.8429851832582269	0.41375587253070517	0.6388270832722789	0.461651211570988	0.739109246550209	0.4794756172321404	0.4416325251014843	0.552419230984368	0.29791953019045614	0.3020744150844797	0.6150607761236723	0.6881560830522853	0.7268814132258623	0.5808325646631259	0.5129151536789059	0.526275390431278	0.3470122115969918	0.754799720600867	0.5113609469989157	0.21717339577670403	0.5924984724384736	0.42220468070726064	0.6219331535844336	0.4915841216704333	0.3913961283367026	0.7161059945782607	0.7248996210615462	0.29496047839142037	0.546625385114777	0.3646577201515842	0.425437224602926	0.5560428985904233	0.3640730877780324	0.7818131786963296	0.5410023453102593	0.7921165913978288	0.926590239365099	0.9083640589593406	0.534420888139556	0.3771261277462211	0.36846370924246663	0.5852621975392465	0.37984211860324074	0.2644532092264158	0.18038359190268438	0.6615164549881802	0.4069694727905864	0.5670805820217644	0.43187027911088144	0.39966359126931766	0.23330121340866528	0.5949015643754183	0.8901427290706088	0.3581459987976868	0.5514072656976292	0.792110191889532	0.5827625583275443	0.6308449244913457	0.5070961440180449	0.5916904270544782	0.4866970891023007	0.5651853975543624	0.5048998533579689	0.18780181361610399	0.3337262982759723	0.522525175459242	0.14748636859035202	0.28893715726482494	0.36721118487274096	0.5007217469340559	0.40741232667615396	1.0	0.47588030475545173	0.36909707029573025	0.38576656708482565	0.6145617722804346	0.29471081373972097	0.49474802174778754	0.6410322885019908	0.4108350537546893	0.20585888387157386	0.6634031346017218	0.5719075641271477	0.38962354547163425	0.3333645473337803	0.5642933228055752	0.812347104289127	0.6195466964984014	0.8468719207298343	0.48025641200441227	0.3287229816123526	0.362970460573674	0.33035939912891	0.6931337807071781	0.6401810462619322	0.47182155605929343	0.8471672144836676	0.4695834379548703	0.38017782403583605	0.689136617625634	0.6078661995950843	0.5063640669869525	0.6333920686964832	0.5850828523030517	0.32492030794112325	0.5126817164017149	0.35534043028079937	0.6914226868915052	0.17655285920922403	0.8469627119776975	0.6500506327986738	0.6068434069351061	0.5041704812692082	0.26904469094953265	0.5781663928988027	0.5632190037643695	0.5621415096780488	0.2623845375712884	0.46478315508821955	0.5176365857384112	0.7126760666220812	0.3622903524419617	0.23336094592375695	0.6446938612043676
chameleon	0.3646863983153317	0.31581468340325286	0.5290707795240411	0.5488496704334227	0.6964217532277329	0.5094277489911672	0.7370877668491568	0.48383806734082263	0.6150226459976991	0.3325700427810274	0.8674883031869618	0.37664884644547764	0.8129130020536954	0.5650051528149986	0.30168536090599096	0.6650857771716455	0.4321732982089812	0.43615136890226447	0.5459416803585425	0.5410184117013697	0.39585678972435345	0.4745743614752541	0.45600398194825	0.3195596089954113	0.3990946177987504	0.5284983637875543	0.7647719590226885	0.3313645010409659	0.7712180976954769	0.3564050577768268	0.4297160607981425	0.3376720913337732	0.5138208752484819	0.6898145264246778	0.6069166194821429	0.6522005613817468	0.43400451091396464	0.49806102602752816	0.5002931813137561	0.49089204154727495	0.6493565053284454	0.13068445556271263	0.7605981962881463	0.3956323303455427	0.26610973041894825	0.19621993797985715	0.7853233219096911	0.4373128772269927	0.6860228419915523	0.4666459534332066	0.3522316410693386	0.801867495906192	0.3116977055670595	0.36198402073199165	0.39155686973881176	0.19970710714167175	0.5538247988759646	0.304765036703585	0.3674067196080836	0.5225849298520262	0.4638234896211264	0.4858290254382001	0.8619318096688142	0.5419440754937133	0.6262958734339221	0.6491673438239156	0.32181040897604096	0.7348587565252525	0.2310418268647058	0.4243925211598006	0.5989166793101082	0.4051737692136705	0.39937485510294235	0.540177845941817	0.7847224665854805	0.39949993087810887	0.7068402021081942	0.7874821400058554	0.9662431095419489	0.6503621413922628	0.23708707593272746	0.3490216058068857	0.3698078777668311	0.44075750556402965	0.7523587990613213	0.4049032401882947	0.5925294257258553	0.4626304006801894	0.6171334887490448	0.4760450676348248	0.5117764424096336	0.4605061597331199	0.4532221579427582	0.7903253819157061	0.3996916555263647	0.772511537643455	0.42274101966087785	0.4740093880745023	0.48765832075769466	0.270896037002641	0.28034399559477025	0.4889191570961141	0.8900087384669388	0.44678930292510016	0.47991782200019095	0.33540907372361606	0.13447413978879347	0.4272902014322866	0.5820412990954489	0.39208652667384714	0.325227189548115	0.5819473019247399	0.7312566072716062	0.7295177217292358	0.5479535550646206	0.7990291853494568	0.6516830067322766	0.6618782437727976	0.5424014275243177	0.40177476337515255	0.3747441529575152	0.5473649547197084	0.3038886207022493	0.3824319482959652	0.38772248716562174	0.5309435078095368	0.5916151175090971	0.3063467818272167	0.3561303401853495	0.5661011090143532	0.4979052685608199	0.6995438924551285	0.6511957312240724	0.7040860638059582	0.3896458867423237	0.43579067266360755	0.7639615902700169	0.644850919073566	0.6608230580898767	0.5078761369726519	0.32080846724856027	0.30718334507729	0.7469720018881262	0.46591524981058163	0.6616916485904583	0.5523931722806011	0.6275128588615404	0.49812768568392135	0.329136248273689	0.47254444809877094	0.6733229704315877	0.7345117752200115	0.4439172674659529	0.3289501155622302	0.5074904779040987	0.5832943839141149	0.44627748656887567	0.5638121991514222	0.5222385880375111	0.2557047898242724	0.4651869404115567	0.3640538713385214	0.5130839276393417	0.5660406261221521	0.7273287016794502	0.2965095180811645	0.5233425466714788	0.9999999999999999	0.2244933767588681	0.5647700638669598	0.5757525282705442	0.5152319735479245	0.4933462570666789	0.6201725903771219	0.6119051585357224	0.7922483696453775	0.4080538475357136	0.39410591753660973	0.5842746063713299	0.29678625198167113	0.3510855239414464	0.10820881398524979	0.7398353890880327	0.46199162954083706	0.5008357517438851	0.3239544088445622	0.5835086844784019	0.4335522732947796	0.398804769577409	0.44346806887215057	0.3957025418808892	0.25893305521769894	0.46943583397954797	0.12450959945551845	0.6123488997090938	0.19457635255222044	0.4872015541241833	0.5221485469580192	0.37359743689979663	0.2169937211910772	0.25532754878636876	0.6229294769363878	0.2992108358889043	0.4378722911435531	0.38946115500542555	0.6566265274140893	0.4889486772896031	0.5768066008669205	0.6118364962885592	0.684249340355787	0.39425973170442863	0.17393701321215077	0.708368249458573	0.5277395599393687	0.12707805967761598	0.467468251657785	0.4254732751602804	0.5433174044367979	0.15090444290109983	0.6298220648407923	0.31990276169004295	0.1386735271808996	0.04621009750631555	0.5907400042492741	0.26251548900431765	0.21526348097530418	0.5505634147364291	0.3978749766582983	0.8506912385269894	0.1793188927210348	0.6425139408232703	0.4362783392064241	0.2698729788459582	0.3272223351618133	0.5709166296153577	0.4722452601478702	0.15961601790708985	0.8403280122628365	0.17616111217762076	0.6354881602782364	0.9095738479833284	0.40894967596024717	0.45660791228672565	0.2516771365976046	0.5989369849245673	0.20242130077288653	0.5036057751863308	0.397829190293	0.2911961980963098	0.6226806316944034	0.0804065263209498	0.47019349738575106	0.5939529295736377	0.6002754897122967	0.3146265829923425	0.28607087957361055	0.4231163089673014	0.7811563686604034	0.6235837878915909	0.3344897126287151	0.4030895457910707	0.3354269222589607	0.4725126481518534	0.7185947408263782	0.8120614069137079	0.22081176380219897	0.4988244904453787	0.804331566317874	0.9633579647978521	0.6903933316910232	0.6628466003101764	0.19717725143390602	0.512719843050232	0.6581451641583618	0.31158682700731394	0.22948822311009653	0.6498791760854543	0.34335479065791763	0.4765172312895014	0.6850795344383313	0.6875759248988271	0.6443989065511557	0.5520171819146271	0.6579657179008167	0.5809591742096867	0.45358685900631146	0.6459846558923145	0.4097910230319129	0.19589969028363552	0.5124491729930128	0.6440842388616351	0.6409259345065113	0.6689140107897569	0.3521897468159221	0.45952910365669264	0.640744341964829	0.6332416491379149	0.3784653887787448	0.482320432864166	0.5737799597445623	0.5707226930155385	0.5321638594603606	0.4111250398210292	0.25719967776127906	0.6805927870662534	0.48238903771970887	0.5260173862159074	0.6056627889576064	0.5706144840894308	0.9827352554861487	0.38374090985913134	0.3325357130465302	0.7263714939919317	0.4558637706728272	0.9007716740294267	0.4443452636118588	0.40988772579952015	0.36580603819121327	0.24227675473779495	0.516434691919637	0.501036088616566	0.559812726918294	0.4537672413042657	0.3989888436121318	0.4986530299666645	0.8263266241616308	0.9481195482693467	0.623217832035982	0.5873837263075058	0.7187944124765515	0.8856222274478427	0.5075323330759993	0.6921396769466266	0.12157473472091554	0.6486589706224717	0.7260417985178821	0.27881590259220046	0.5156560036409181	0.5752209943288628	0.6294817797723604	0.5426898152673306	0.7040754311549899	0.44798337805040717	0.5038279410479894	0.5181364218999338	0.2892489159500043	0.626511332624343	0.5580287297890065	0.610311424900972	0.21584955240029008	0.42884685046572085	0.3400190645002685	0.7599877237257933	0.5615915744260477	0.6495569713989751	0.5760514660173148	0.22104267162258734	0.37552353815119294	0.10343464855109047	0.28825820964761406	0.4241079916086574	0.3303667316956494	0.4623215274527025	0.4299912872900045	0.6908686170849547	0.3546466382581671	0.38263925682115174	0.09693517507848282	0.20986932002803993	0.6462239294632398	0.6583370529222065	0.5288194237427188	0.6384537828904997	0.7907097473688743	0.30089117466085913	0.6786913029338781	0.7099362783376535	0.19493887832833048	0.6156381487723379	0.2560216964214004	0.5021850955430276	0.6706373658663405	0.6844408417499626	0.6167101002896382	0.34647826985344576	0.534936417923414	0.9135035563272	0.48414041855899376	0.7610818390209251	0.4424018415068113	0.30850413334462945	0.7871213933956134	0.6366797688550044	0.43184328986569853	0.6345214153502771	0.4777664440173287	0.40811309981325694	0.28616833169178163	0.45931808055604134	0.3541313129601457
chicken	0.4041515199970217	0.5568583619075405	0.5020498736965922	0.6761510597946785	0.3667650688779181	0.6173110007907465	0.36441483523134555	0.5647726106954785	0.5820281629659916	0.33898205039546836	0.7312733995689964	0.49845675759454905	0.7199896700481372	0.3515078896120953	0.583109459507102	0.5757157934337747	0.7617492169058124	0.4282758635005023	0.5866249228623017	0.44418546963556055	0.3582351048272131	0.43431533426479996	0.42205297835294575	0.2918718800320301	0.38524696457394453	0.46102834912791457	0.41000273753849376	0.39703963757427374	0.49565854616411087	0.6300273029701634	0.7682047652402204	0.24952918392998819	0.8161587166080562	0.7431507331065956	0.6894237859576486	0.695430136564429	0.2278333399690265	0.5395675327764262	0.34882051960008276	0.34379077229048716	0.7805759254075625	0.6710883253475755	0.6132737068406905	0.5531347721554059	0.26091121926490535	0.33369268842924665	0.46030732107056493	0.3046432838135255	0.5509395810743427	0.30798522128927014	0.5082013065316872	0.1393541159341637	0.4713388127427025	0.4492444833902613	0.4572279971679722	0.3430707744253628	0.39597220659891313	0.1253294380840516	0.2184164290034588	0.7503020643685534	0.5525651625585493	0.7507239058907644	0.6799275666343607	0.7562588460215378	0.6298885907971409	0.40239503245840946	0.39566842739224045	0.6328997740735449	0.42604380168228606	0.5664413009110663	0.6318855583373374	0.8387235693933484	0.34256654353636196	0.47747507292684616	0.32631459073207203	0.5321725335750903	0.5507371274801869	0.6279699823077428	0.6211462984056974	0.5335015972680033	0.342280309193137	0.3472107960354428	0.4917481554735055	0.5780170512630071	0.363010148281049	0.33018035791333855	0.37458858526113964	0.6288309493587936	0.5392346512268267	0.7686820971587612	0.20231794000902453	0.21639886344043244	0.4447963862543244	0.4732201650309022	0.2687117487850349	0.6802405391527012	0.3004057042267679	0.5089739001752254	0.590336952512404	0.39162240235185547	0.4876457180920219	0.4079816523664133	0.7438037057157633	0.7032853569912054	0.761797469811085	0.36433999999309696	0.2973279054392668	0.4386491353380586	0.2643701763840052	0.7230225106130597	0.6659429704422967	0.45170966691260345	0.7073494472454649	0.669837619592389	0.8446723267363653	0.6334921141430767	0.365196819269668	0.35484042736488103	0.5326366592590369	0.5593555629056313	0.5132998490447376	0.46668269490858955	0.42142986181444886	0.4973398662892331	0.4243193477529822	0.3612145539831519	0.5407875397614955	0.23454084662615804	0.4510806147295651	0.4290003099810332	0.7304538920234269	0.21472291140027594	0.8125092583947842	0.46051516283928096	0.537872209822583	0.6084748144037215	0.5102809738106469	0.32607518440249134	0.6438629130476115	0.5521437943108709	0.7362839661133862	0.30248424781542604	0.48187944755712236	0.42046363524687214	0.2719800468414283	0.44095144106074646	0.17770161796785577	0.5891528128318744	0.41322958974767127	0.7124556412918199	0.47613668046490737	0.30647683388006414	0.6786356448820727	0.4739522552115889	0.4813613749243935	0.6370247150877358	0.6587595651348289	0.7129116983326287	0.5310219070255842	0.7287013725105924	0.19151860357480932	0.7384114631008423	0.6701042885995038	0.4929435905675501	0.5713215359659594	0.22446691424559712	0.5509012299076381	0.5898162387224701	0.4839525070391049	0.33422909260991573	0.5055780311941563	0.6473819229685398	0.24244110478361386	0.7147217929214709	0.7634897468185351	0.5526447955968172	0.5806846823899773	0.6556205375497853	0.4807460962877177	0.3578543874641612	0.4573969488691396	0.14464614763197553	0.547566545807818	0.44636801459007625	0.5228104331339187	0.26377808015178944	0.3660841739360601	0.12560272414305157	0.5339262612921949	0.5856467803255252	0.5313646244923722	0.31626029926881966	0.4366837156149835	0.3547592972511872	0.849062784294174	0.4234922216026659	0.6489845832780317	0.023599205759965436	0.2718685523729855	0.41558484232491505	0.3034719538856688	0.6989181308961558	0.6961476689750892	0.4240093802332922	0.17311210278786743	0.49277911340299496	0.4730075131396462	0.7294559463977688	0.5433107649510633	0.3185685473525978	0.43696711473894234	0.20576963640189055	0.5870022120685551	0.5379182736250547	0.046362993224639104	0.33570872698107157	0.41455763898714326	0.3987201442125241	0.29324620312080946	0.6242402610764816	0.17813115319189982	0.15657161780169787	0.33277067217559253	0.7989620814599816	0.4949507153203291	0.7153667740746412	0.24723689108004043	0.3681802467913838	0.7851870891139486	0.45881709525704006	0.35003999829180227	0.35260469260317906	0.36797730007659446	0.728268114551667	0.682055854621712	0.43185201916530924	0.710110664236653	0.19692631866890375	0.2513592975548541	0.37261961421473216	0.856078735881024	0.404408598858522	0.5151482776095172	0.4498700555481874	0.8608763429374229	0.40183571208190677	0.4312968955669519	0.3321379038170167	0.5115470315976358	0.5956302278416548	0.43120566619605427	0.6449623543988036	0.5302281543078187	0.7577062258722636	0.5215627958146152	0.5034592676794294	0.3492313942251138	0.742703589492685	0.6481915133261367	0.5335214293503758	0.332782628664123	0.38304021653776504	0.47071024892980995	0.7793824943743286	0.5554443052828233	0.33412132805977046	0.4395807223504814	0.46627211062912166	0.7871989669508856	0.7563880705738049	0.435953187108748	0.11589095091228169	0.6388375307368133	0.5130265591891273	0.5366490357408906	0.3868484728142642	0.814615510299162	0.5806929064902563	0.4320373461843752	0.6139411540076579	0.7083637380332036	0.423877921075238	0.7309952380729822	0.40452384167124905	0.2800271779807393	0.42704661462361415	0.7545960620342582	0.7238134790174899	0.40666208136154847	0.485209902219468	0.6101739853339699	0.44383597345456827	0.6971876556390166	0.6922619822861298	0.38332547322408095	0.36994703777539667	0.4302021761196772	0.3254996943248293	0.6248081177020921	0.5261874321774402	0.47185514247404997	0.5222732698015	0.7578822826505646	0.4138126093240033	0.39887755012049386	0.3732792284195248	0.5930585496207335	0.5396189656955646	0.18115313120961463	0.5142829758460342	0.44277992914287795	0.7311440728079027	0.659296532100762	0.6525519427178685	0.5000300522193907	0.5309630710658971	0.24608914693374123	0.5322916624038884	0.38778963737546923	0.5150007681315754	0.3407830051429601	0.3903893575402342	0.1470073562560002	0.6803898049773974	0.5348191191846836	0.6171763293592969	0.6304480138544456	0.7337764296710734	0.6330888314157509	0.4149751564390735	0.8132346377819821	0.6418040386709208	0.6200317698156698	0.6675849513962641	0.6858493004815507	0.5886158529002714	0.3956838426699468	0.6011119977507864	0.7172247987931049	0.6058366907660334	0.4959771163272666	0.4847898927115901	0.6812410691273317	0.34020520588803976	0.2757627466147736	0.3498924220857967	0.37961822638782433	0.5828885190700502	0.8258758846153162	0.49795141255170455	0.1949521993356898	0.35366074144302184	0.4662249970307869	0.5054940122927796	0.7689508637902474	0.5372247564895116	0.22513994266632292	0.854433115093501	0.4020588490430841	0.38242552455159984	0.3982770892768466	0.5247260750724896	0.7906093733613104	0.6735410703579813	0.7441724181444886	0.3458466220351394	0.5508216913240017	0.40780859610975073	0.1425222941107121	0.5042558920315895	0.4842134760268701	0.32740798329767407	0.5394773873936822	0.5515727622231869	0.47307903222197145	0.4517008428598195	0.601005575663416	0.5616139334243753	0.9437709924884784	0.2889289790244951	0.43064266350296365	0.7487952280167383	0.6078964179434518	0.6496332885833024	0.3371862631587233	0.6015264966918151	0.6943880182213311	0.5648015126136022	0.5380885599815229	0.39782486826094987	0.30216103124041427	0.6263203593406375	0.5761835995253076	0.44929585734855365	0.33165437466858455	0.4264795400965524	0.8348422091145338	0.4058275797141344	0.4076392186980525	0.031796045872582
chimpanzee	0.6797891050621854	0.9195415545884926	0.8504505065095063	0.6056171482497157	0.7083026615105938	0.7057584826310594	0.4126249317657952	0.32073989124748564	0.37808722875629697	0.030873838109442553	0.36251682712948596	0.7349946676391025	0.35062549571845864	0.6419445247390906	0.6607365214883968	0.5141525601318546	0.1851824213306878	0.5303567063407787	0.47725609463642377	0.5307487979176106	0.4459714028109968	0.698906818511345	0.6446100940886875	0.3036471885950635	0.36515640881433514	0.41297926624781944	0.41101859593270595	0.2639664099427461	0.5065536596741983	0.859257823013116	0.7759689680394537	0.2701305463134693	0.632262795179887	0.8588092176089263	0.42661233465696174	0.5473003430547916	0.641297193993477	0.5781042467046811	0.5381040930175243	0.2785596090620217	0.6007671658715478	0.2929420947947872	0.5152131899600496	0.44475469739446266	0.23895494489393737	0.5187752075127581	0.3671805253118027	0.7351943670686765	0.5338573875266481	0.47109232646037025	0.1356444624411431	0.3769023381661909	0.29878176834755077	0.3218216646264862	0.6616226281962847	0.8004256993893577	0.3886757259887616	0.2591524776737314	0.3693244115936759	0.5486135298348869	0.3804449889567207	0.5528829254334227	0.3415374533181241	0.4538929265044077	0.45776009541990054	0.4479958373033183	0.49715508041544887	0.6171760655187285	0.7743724979862476	0.8825553818924419	0.6781919836123267	0.5753507726621886	0.5215320122384847	0.7440875827700912	0.3342045791251893	0.4836852816537325	0.0	0.5582339798644613	0.7855538550305553	0.31491032700174126	0.6551837830607614	0.7233838585937465	0.7353695771938518	0.2893425912094291	0.46294688199598927	0.7717338256698527	0.5596328648235172	0.4142275685570876	0.6642558276070601	0.26519135407947014	0.48896307735273353	0.21581790257222064	0.4791385674707811	0.5319294254681788	0.5763951956344613	0.6203133849833463	0.31902416562805447	0.4931885104185754	0.4679758390192496	0.43840202462166544	0.6477246399595079	0.40528114917855695	0.4150327376928985	0.5809930830530486	0.3142435126075625	0.8697670246546265	0.3636318274784728	0.37223378028617715	0.30141243784972355	0.1434150088109366	0.8081453249493962	0.6881038751901696	0.35391822359311853	0.6207274868973893	0.5628471209073872	0.4954070896903707	0.5596747160198928	0.4836936856761901	0.24136064213228525	0.6563607037310647	0.5619288589455032	0.5803059655476965	0.5619336131384662	0.4150672255607486	0.03957048813215358	0.622230165893351	0.6762631961804145	0.32856138315663	0.7625683633025646	0.5714180537230894	0.4183759913365989	0.5052613936072753	0.837404809998194	0.5537500409182263	0.6495425060675305	0.801107009024987	0.29334135896523955	0.46178076075726954	0.3717612606060143	0.4542774045854386	0.4874314262999612	0.4132933397412438	0.41269667255587245	0.0916482043033634	0.33539618196234255	0.4512512229468368	0.14410727882982705	0.4531881042734597	0.11429261807306168	0.2502393637314046	0.31737669137678537	0.56005388229467	0.46855573807299333	0.32963393991546497	0.3055885707205221	0.5423348340526603	0.7500203652992697	0.4165242411630576	0.33365100163579453	0.5263790662960193	0.752551229662291	0.4388152431844344	0.7458192793569925	0.6125177580383034	0.08236463517085851	0.5098868155369475	0.39466794437808983	0.5338333099292916	0.262613191059181	0.18377715564206487	0.6483698191291648	0.6828328144036285	0.45176986800109614	0.771196783071783	0.8657349895633193	0.2751697712251001	0.321307871737027	0.6436078465443896	0.42441445299682035	0.6924020191167081	0.6435510318065671	0.44724164065916866	0.28525033589750126	0.6595573796238202	0.23515663850319016	0.18924700541292916	0.46552784580652523	0.3799200020981691	0.5607330801680348	0.4688674877198506	0.600912059704268	0.39539442038323447	0.39925452438865844	0.507469936751552	0.4667120322006488	0.6987997866630922	0.8180369746320939	0.44669171020849585	0.5629698647369569	0.4597682131240181	0.6824755908146639	0.5745039097783524	0.8720279254232242	0.5801325378044289	0.3849153473846934	0.7805182801750324	0.5396526589831943	0.7233881972390932	0.5019152840775529	0.46819398691394254	0.7502923394791956	0.44182216635195387	0.5538730594225301	0.4068432327719037	0.7204154353892418	0.48821222387872587	0.6793855342994968	0.4202396483489115	0.4359196994059455	0.4891206534506119	0.28743812843179056	0.4719045279500889	0.5473062623159152	0.7548103947730795	0.4177191267449604	0.5323277573780523	0.4463199705744779	0.3688822643761993	0.3833001644651041	0.730035268832386	0.5895914387320236	0.8744497212356479	0.5403853316545835	0.47447901514661117	0.8436484961919565	0.343739357530167	0.4207552047110963	0.4686230832276355	0.760769847808261	0.23465507814593684	0.7196988503317159	0.5828699315407646	0.6148203428760698	0.38134254275511004	0.8710694343295664	0.5169541842803342	0.5281772255021899	0.22108848678445076	0.7590574861117306	0.0	0.5320568462847147	0.599023206750986	0.610305127245802	0.5165235733658113	0.5393936673115276	0.5012528182206905	0.27551485159683464	0.8608080356395319	0.606919691274152	0.4595232666308491	0.5659439261340076	0.27795670906720216	0.49409153531696975	0.1804229484052215	0.2727165063879007	0.5837659613988376	0.5155499010767388	0.4998934846293986	0.5345288303769203	0.49931399812627586	0.26613396755134267	0.3841363451540085	0.69332682560979	0.7207059874986566	0.4887810879304354	0.18445175825996302	0.4466159731694954	0.35572324094317553	0.5978753388855675	0.8434495076954782	0.499306035049184	0.39924891015894576	0.28469269624878174	0.4241366845260214	0.7518727602113802	0.54639013648037	0.5559805022783206	0.2143763819158265	0.44376593826524546	0.31108544892683976	0.43414621219470495	0.4604851915498261	0.44615246866963076	0.7035241371491543	0.5064650848252767	0.6805644073211614	0.37842608033742153	0.6318755705577821	0.47367615396804186	0.36137010697486915	0.38681691106495875	0.9818407043022324	0.7985910859364445	0.3758653026165828	0.5665903744541626	0.3933508452062343	0.8098628203755913	0.46179170584307777	0.2536336954892875	0.5789588507997265	0.6773871065082184	0.7676264321426366	0.5143199560101951	0.406912145584283	0.6883354742738539	0.5245347399326077	0.30343746553447676	0.2808757960512032	0.5301948781261463	0.8331587442741417	0.35973364007817255	0.27580510202513314	0.46584851171744057	0.1015274473390319	0.5686137938483953	0.3091826692351332	0.6432935476744533	0.3035064481451567	0.21683491920082	0.5722839868792398	0.6984645699210991	0.3596256066792405	0.6385457070146051	0.2785132499051214	0.3629255817804682	0.5634328076519985	0.77468631505653	0.520035266759086	0.3924859906871049	0.8272328080489153	0.5255281098457275	0.7093599116463282	0.677367775162279	0.10415282094971073	0.5151193150942325	0.4839787303054168	0.3333261977369029	0.7508490235036094	0.6714356142520135	0.6548708216400634	0.4518292938402839	0.17196053589355842	0.47437481227436634	0.4602658399957119	0.17405705781775788	0.6861051562359505	0.6665426064534438	0.42450143615890634	0.383083523550609	0.5279199822237013	0.2923338594169676	0.310321265058847	0.6210158877863031	0.4089882753306807	0.41833963427130355	0.4100451553324602	0.44175498815386116	0.5024378746116146	0.45895708834169363	0.4937356785577347	0.5632287985504237	0.36356474714729375	0.7502125132111193	0.261959679031447	0.4611769947923552	0.2593015449684687	0.6859775738634398	0.4389935575595001	0.4057784382466286	0.47652720874193255	0.66855829990297	0.3323714555314908	0.7590567463399556	0.5557461802917866	0.11077587952053025	0.23959442473804576	0.23974155506863304	0.6276189213527521	0.29072120334634244	0.496472834892609	0.45687635265521087	0.27541781822557054	0.5825660037187906	0.5767118743982815	0.5673948601542609	0.6437534874940913	0.592659115016707	0.6515720790458107	0.17540541126338094	0.40825384585495506
chipmunk	0.49866357341278494	0.4456682296404971	0.4657197319533316	0.5059888617302629	0.5003787445007445	0.691445884727667	0.9502406924510264	0.4559665672705304	0.5522670013929537	0.5838648778042994	0.6229296998909083	0.5878178295172237	0.6041093750572568	0.5843449247677519	0.40557041247114733	0.5363177002374087	0.2611024170529036	0.5508673478566887	0.21337127867015798	0.37350069459226676	0.40734634524785174	0.5252303743834356	0.23724002749042195	0.45472128619851004	0.41324052655907123	0.5944766125367499	0.5355136497010509	0.5921770057594224	0.3927521118965839	0.7693063785023828	0.6195102294724619	0.4415942500253994	0.7077125079391651	0.573125377559871	0.560933077473978	0.4123255971846834	0.4651948004258136	0.48852088474010247	0.452444637960209	0.38497349974418293	0.5490046986791147	0.5500638783833165	0.6089399793482	0.6165068952842772	0.4898151528919664	0.5777000421542062	0.3797778208660615	0.4607029777367947	0.5816203338623777	0.1286767745953924	0.557835686459819	0.42250405837603755	0.47240175131544065	0.9739634050969219	0.4441804799169344	0.34738282499538853	0.23022376267945033	0.6227565568044326	0.5913994182044207	0.7987822776737598	0.6799952172443482	0.7775932136412913	0.3143247385504947	0.40017515079397004	0.7673448631405271	0.34003839456645274	0.5848754064629477	0.3908438329744697	0.30769879490219787	0.5800303404705369	0.6530533075486581	0.6233302027258875	0.41140730535427916	0.6721171768909125	0.34612515153939494	0.7809021069677493	0.28546979249212173	0.2913313840370054	0.5940596807092345	0.34717802532456926	0.5866633763959191	0.3827773836712411	0.26344230366153853	0.2832182999881851	0.48382240419356437	0.22331932576895402	0.43544352470384995	0.27666110171318303	0.7224546909094498	0.520272507513656	0.37238023403380777	0.5145023641740082	0.40698339512874127	0.6037385104302977	0.23424726537635068	0.25196095408506675	0.4028325273997517	0.7113778422354837	0.7088849499553523	0.37658376925042947	0.7187883411761408	0.6884910223374783	0.6303177100621374	0.48319559345877666	0.8024678914100261	0.4489717194083949	0.5414457960837884	0.3309786865848569	0.542658964664918	1.0	0.6646034573386457	0.3753922991392897	0.5180267197640913	0.5683178666390408	0.4399790064293711	0.5527339585501657	0.3127727500912257	0.6706894530473926	0.5103771640576097	0.5953740785859819	0.44621380626036516	0.5208387153282964	0.21393020832009324	0.7018360695668698	0.5032546544626193	0.7807533430763707	0.4573063726168046	0.26870047450037166	0.5175117354211018	0.5925046665718855	0.6474134723886216	0.37614270225391855	0.6667503438052176	0.4819885820105677	0.5631353948610629	0.6966578835924716	0.44960876171841024	0.4236988311677726	0.6621147953704372	0.7206909121999325	0.5492151764729037	0.37343663793260184	0.627707628276178	0.40431442294809383	0.2740602801207685	0.3364513510227505	0.4256453758332523	0.5747454712927057	0.34427740218192504	0.33306780929078883	0.31453011728887725	0.2988293721323365	0.6447960815925312	0.4547843947740948	0.24005027910207094	0.49895224798468724	0.695791476191228	0.6834527477156961	0.9234834827659109	0.6544683065412121	0.12933889106598168	0.7923988079362961	0.7263778758753555	0.4953606380970368	0.08112863942571896	0.3138492018145479	0.8285643549394557	0.7176750537426079	0.5104959543670398	0.5136522689812953	0.36881031267296893	0.3745564634503254	0.21408253420680812	0.5047145706745968	0.6842363647856523	0.37344279092959465	0.43011849982227734	0.4980031638337735	0.5208733209650742	0.46084050982469066	0.639168456462113	0.13674305572767775	0.5056166390442212	0.4404411652272492	0.43407182590778576	0.5461614788257632	0.4383925329008214	0.1870266781495317	0.7560960005424383	0.681993352344066	0.5672325598030528	0.1664158819469228	0.3765491825455686	0.3768077039468598	0.7374702004250523	0.43040212544225437	0.39836090568220395	0.422167281493416	0.10589493516307935	0.45798636013811206	0.23573282333366735	0.533058750942478	0.8015106420842866	0.6007195696885584	0.3183925809108555	0.3919685071536176	0.6711558283476803	0.3282885297506589	0.46791921400772307	0.4834052754402893	0.5617315365471752	0.17661719972184464	0.5932887608691922	0.4491266244949865	0.7210657392738041	0.4347990209193124	0.5297559244462622	0.41362901792965634	0.4711546870626395	0.35690136770456127	0.32871164439659784	0.5668498124009007	0.3989124406352717	0.42069864657746914	0.0	0.5633870325806134	0.6475078072861156	0.5088794444448189	0.8570060042567285	0.4272302357744388	0.2071280919868671	0.47809429842304507	0.49774234153164965	0.2765325031127369	1.0	0.49574276424997554	0.8237617511810096	0.4461410697436039	0.41079671862493905	0.2629156633097788	0.8070891503995679	0.27096179771799733	0.38322814002559297	0.6797451945712445	0.5655722632379693	0.10547020649778882	0.7415879251184954	0.39516461555430293	0.34826923677722965	0.5065330913901003	0.5571305268450788	0.49687365546733836	0.3749314897145856	0.5572637401448092	0.4729374940250517	0.25288909963101064	0.39139178405441133	0.5047714553401031	0.6934823747719339	0.5252609913070665	0.8930394945896225	0.5567122361017941	0.45462718490311815	0.17271189051504676	0.3282013619876014	0.508520873641088	0.20320784791928692	0.6541801637098416	0.5531419589171672	0.44768567711197826	0.42839887077535754	0.4802857635161945	0.3362315579175634	0.3987165098473701	0.6075996262905907	0.23658616724854503	0.28997876284558555	0.7576621628987121	0.0	0.6281649133421459	0.9608639555977181	0.22528635699147456	0.49779455480877	0.5035894398666199	0.30821106904743995	0.4045621855704128	0.6619310231876478	0.44628567291258264	0.5702069279191299	0.5167631596073368	0.44637666661784997	0.7598143715218384	0.5444822715797997	0.307772774644286	0.606187646778501	0.36885507999888767	0.6699027663671004	0.4895208084061171	0.6419273199206704	0.6526141910997038	0.3956740859535379	0.875761247559927	0.6348622451564476	0.6570703394081441	0.4592717533133248	0.4707530422366302	0.5291109396183239	0.43811259858018753	0.5811166291830463	0.5892981500453947	0.21547919940731922	0.5254456849238364	0.5324185270540194	0.770549108219552	0.31941791894548255	0.5099075917527189	0.48963912328097603	0.07002111930591015	0.2322890893400453	0.6903764341082987	0.30961223263714865	0.5818021269939295	0.5503602599073542	0.7886244778884561	0.3990864808395469	0.5113400896518521	0.5636905892521011	0.37041802462729584	0.42244071687257223	0.5077930107644539	0.4847257194750923	0.6154185826858668	0.6327747470556544	0.8105820602599616	0.7216168715136958	0.4496739264393752	0.7030483701030031	0.3340749053950007	0.6682878790970547	0.5875104159031773	0.2625547903423775	0.5060166340587601	0.8424311242577347	0.5661653529240339	0.4200457028654348	0.5156539691920157	0.6938343225403039	0.41696578807786355	0.6007984137665558	0.5953776250442715	0.2509298453493045	0.41268026784015266	0.35911743937448226	0.3401535157978047	0.4739373664938212	0.23778700320598922	0.33172041345194064	0.6461684006143633	0.3743506171236125	0.9445284300519019	0.24498892029976738	0.5590131252046084	0.8805609969019332	0.5199407436016855	0.5884937344483401	0.16262846591225708	0.5216594880517161	0.3730348332581085	0.4210093788359116	0.43712671234226785	0.3014804366651235	0.6777751852007443	0.40645103101519064	0.3997370834515608	0.5263460659480155	0.7424199220033	0.6413182472716145	0.5360270629383405	0.6272094056640093	0.44516095509261033	0.3665990954554188	0.7913173577965891	0.769594194594011	0.49568346228215876	0.44790657795846944	0.5458948201707926	0.8099815559959043	0.4759749195655785	0.39383965283352157	0.48014961968760983	0.5290251730787188	0.6612098460441556	0.4563648335031653	0.6302044142908202	0.7511645618337569	0.6613266516583405	0.6377870840164703	0.44126353974854854	0.27897308899167894	0.0006178361576110181
clown_fish	0.33221375594146585	0.16517224156178295	0.6536245886206798	0.31859665414056254	0.5536021837053213	0.3679293511696063	0.4798079640080748	0.38790727392455426	0.6943257269552039	0.5984396938697584	0.47750756320542836	0.8462909558764147	0.7238610824328172	0.40109559783164506	0.5430696934916035	0.6991712626178785	0.5952796551548613	0.7569662162697068	0.705345443232437	0.5226065081453476	0.5127498919467941	0.3725151891738999	0.25592562636442834	0.6123175528977014	0.4150011421772016	0.5034798499539924	0.6985408416129641	0.8825990837961945	0.508932964083712	0.6811376514159162	0.6456986764843368	0.3562482142848851	0.45799415353886613	0.421082686700387	0.24256682916306616	0.528284624001127	0.8263861113259185	0.4703602754739922	0.6590937372030169	0.690372279965993	0.6508156626062715	0.5458046732023182	0.36291845218612534	0.6083381952143061	0.3506466762287506	0.592610069828597	0.2468513005590255	0.49745533625497906	0.7297486388660182	0.2564935687690279	0.4952150511974204	0.4930836382135421	0.2988447916161487	0.5606583853016082	1.0	0.48316044631470384	0.7641541267871973	0.540563625195295	0.660276471846331	0.3366427748744263	0.5325515997758146	0.8679197277067414	0.7635978863558934	0.6246981314055192	0.3502916758463019	0.38060305298173613	0.49724635644983434	0.5532983135314612	0.6583258583388212	0.6329762721750212	0.4347451857168206	0.35716225749273744	0.4898389773032326	0.3812783652183501	0.17486119998484267	0.5720048582269848	0.6685192536994528	0.432024448337036	0.6239485814634737	0.03499768435079231	0.4118912809248227	0.4003733800565187	0.5323417619692451	0.22823286269066956	0.3767051675406317	0.5963779069293405	0.35850281794933686	0.9266547944392238	0.6782436237527069	0.3199581352914874	0.0	0.19532322714466266	0.34359124296244026	0.7689123668660842	0.15743087573562092	0.4934801727113089	0.5603928526532012	0.44931785961478043	0.33203448112485245	0.00526925682354229	0.5133071580430493	0.6068993460665286	0.33752252061060484	0.282667422480577	0.7783218452044549	0.34552645677391597	0.398168305653825	0.5063083371739151	0.3119863412982534	0.6345324182903705	0.7632439607989321	0.739452283052719	0.6716904215292531	0.7659062323024801	0.5718437305547143	0.753411566334538	0.3063657539219507	0.6590179761918586	0.4617447519932871	0.3706232270852008	0.5986666662411421	0.40267766975317365	0.6859443947581813	0.12812780287527753	0.3257397555125312	0.22849659619525575	0.49605090368719484	0.35904288959680786	0.7688715480441283	0.28601198896628094	0.3078180638129399	0.35231147923418754	0.44416339597522364	0.722249235948663	0.6011138123160852	0.24546614775885756	0.543537565432292	0.43301791221814456	0.7539923460676614	0.6503959136968667	0.4893629200334606	0.3662499779884855	0.4706595159357727	0.6635490116125059	0.17322469040030392	0.0	0.6956818001444891	0.39387148395927446	0.7721597907229742	0.359262348243531	0.4353884148261217	0.6396263801031319	0.554648526265328	0.5010545964624051	0.4483626320398543	0.674615451244669	0.727559911113608	0.6746168051210161	0.2271551839581306	0.38843480713403655	0.2090986947111878	0.46785130966868926	0.9968075243855681	0.4242477200515684	0.33438621791703516	0.28917386164383424	0.4229321869124202	0.5655165721683215	0.5367942225037377	0.3075637000885692	0.9186166563920599	0.48436974568273367	0.2977526200828714	0.3391506936082933	0.5470315440713008	0.5959839650822769	0.41791706913024135	0.4014099924656376	0.7110902641099405	0.5753511826726287	0.6440633442475712	0.24889056592184114	0.5419743646319289	0.006860524669147772	0.5068137430645343	0.5791528123262102	0.5283620298915153	0.4315042431016815	0.41877067109464117	0.514456428891736	0.633121643276116	0.3810233902044212	0.7342176186742637	0.5983514487596855	0.6528498192602543	0.5720021341712364	0.9391132601496319	0.33834786223915125	0.33194885657247447	0.35071745877771576	0.4082092594708264	0.4359615403823748	0.3992164045907026	0.05738060557921154	0.750351853159613	0.4994931716352138	0.34989032864301384	0.5926661409813417	0.401615001744979	0.27036735392754996	0.6265693712647724	0.29269106693349534	0.5289561567353227	0.40863887897128653	0.6315241006514223	0.3598694334026009	0.4988575250537736	0.3371695531724841	0.661833008499723	0.5240780242603533	0.40197753835166916	0.4740848077352695	0.0	0.5244486878690198	0.6722685436355027	0.27787184145152366	0.38147802585273105	0.4189713678609698	0.7408337419171909	0.7528867979216434	0.12550413290510593	0.17399731134808638	0.5245704885671909	0.6108188785745549	0.4409640914860502	0.7725930981518037	0.5518763274032359	0.7012919497223455	0.7223415668582667	0.711996991291612	0.2093234564803938	0.3630449775485285	0.23673211814671669	0.5272920929661822	0.856178863823307	0.21407909529951769	0.4084456879557187	0.6778482483675544	0.1659420898705764	0.5001770201666493	0.14775256551717847	0.28300898105870764	0.3564592160837063	0.9595613748769487	0.1866397211683064	0.38480655334499503	0.9902618826478387	0.6033630805189064	0.6630499234359137	0.6983690707604917	0.6086932807348061	0.6861297483504588	0.5567014459328637	0.6101855969187879	0.40989274562843214	0.9404150598563862	0.3182656430114709	0.6781893789436523	0.4720317980954827	0.7684471118978944	0.7073761008059125	0.5900323269834702	0.3795152303904351	0.620201656343998	0.3143268028020986	0.8119813317573261	0.8697798013208043	0.632369960384719	0.6369870462319825	0.42522149873946463	0.40826370415025004	0.5588925457774673	0.9735675329068445	0.6166158635329533	0.34212370353067373	0.2896951706742214	0.6016571692161686	0.39903305810703893	0.5585562655138834	0.7891328033072147	0.4796451013149244	0.5447579492293665	0.5574306269833434	0.3051109577114523	0.4297380237480304	0.5448434763305195	0.7055479157034779	0.5177661622558253	0.4588998057852415	0.49728803839650504	0.03591222164394775	0.1494928025557274	0.46646776257870814	0.606772871778437	0.5523314296108305	0.26449647886596706	0.5406256364302293	0.35677683871717975	0.5494348530087079	0.5054667790887113	0.7002218473253627	0.5854818519741979	0.5040560901834931	0.7489768405305304	0.437949540986585	0.3504629115424099	0.6921197008506237	0.532083507470387	0.33041891402107293	0.7932979279901204	0.4201683954322684	0.5417695672064848	0.4374909056451949	0.5604198819680103	0.37770468513073563	0.58670686343049	0.5255921481391429	0.5155818572204215	0.3817980608762393	0.70625791204289	0.3836703062828871	0.6531534083931856	0.31450061312680844	0.9247004620062111	0.3392331375210901	0.4932311921496021	0.6392723908475908	0.8379918301289837	0.5222467390959615	0.39326913049263934	0.4419917024375047	0.461786134679672	0.6118773629799464	0.2438529395774754	0.49505562350071053	0.5167301787989693	0.11957016121794828	0.5157919863299597	0.8078077110311158	0.2547080735532169	0.33428804190835015	0.37428505416001223	0.5697500144447031	0.512069477247656	0.48513311651256524	0.3645381145419073	0.41222166930295057	0.32851126023888766	0.2395608366320595	0.49376936469810867	0.7921000700401003	0.33589571101506643	0.5646231544431993	0.6017932584105393	0.23442137596813195	0.5509030135046357	0.4498968805733462	0.761969413048933	0.24430068672047878	0.7526060266775686	0.5955145673381277	0.506155767391769	0.3266754964672085	0.5224287313033306	0.8116370665200205	0.5886385639669538	0.390103889997643	0.5893103935393436	0.523453464020763	0.5935555664431228	0.23207592236051933	0.5336076107074862	0.6243421192415389	0.3341219396966802	0.7171458945568951	0.7668891487456186	0.35915002082382713	0.5530544894791196	0.3459072078518959	0.2679174956049646	0.40044686650263195	0.6097869896924953	0.4315276288519263	0.39962490434879516	0.358109317383967	0.46706585320619715	0.4384224488105862	0.26433485551793945	0.5045766075181647	0.5243507476415575
cockroach	0.4186033268265116	0.6245924774128527	0.15622256705315507	0.7836197762220999	0.5245951279298987	0.6851065090235473	0.5505051818073324	0.3090419340592885	0.5701923160866753	0.9628494586398906	0.883455668104876	0.45878721725174887	0.42991862008504955	0.433324753965158	0.5332360229472541	0.7958414477905416	0.6351293142194545	0.4926356660588612	0.3988886148569257	0.6981199246708073	0.6756208690192805	0.6805150604679884	0.14575140747826754	0.7957596664518111	0.6210311954297123	0.42583281055597083	0.588633184387177	0.606977304866206	0.6303129748404507	0.4832964200476424	0.3096519289883214	0.14799715977714667	0.5173288850156956	0.5106481366090012	0.4914487063516423	0.591845106783907	0.6647560415074073	0.3241767424399126	0.7227479212489033	0.26912258459760136	0.7274682620295532	0.5965220927218973	0.6736219644895444	0.18659697258203456	0.4996784075291353	0.7773299291979434	0.13081786243822896	0.7251664595431535	0.43034885703910875	0.4652635330898277	0.0821825366322868	0.1739839946681066	0.7355675520445731	0.37887333054828953	0.4847405391577775	0.48200865543265925	0.7559455297929321	0.6597467123133623	0.6750864144145837	0.4413456972659119	0.5182822744956388	0.400949970022842	0.8659897667436233	0.4022876333059983	0.7516495351708736	0.6623126258776996	0.5006186730718515	0.7553982901111843	0.4463026600967144	0.5723783680240436	0.8712307114431898	0.2432079849648554	0.34208211664610844	0.46069457601176683	0.2659381320078081	0.19744002881150255	0.4374029618361565	0.7432807081028676	0.5889634425035394	0.3899261937471516	0.031152749016260084	0.3712818554210314	0.2928088342513364	0.3211919600305572	0.5707323775560288	0.1842365954424532	0.4832188619947834	0.496574108132355	0.5648527301904422	0.44199202068794907	0.7194984502371512	0.7076805842120152	0.9663112029445242	0.4074459296514095	0.7247297439579536	0.4259388848797128	0.4504830138132432	0.38920091260419887	0.3320375861863694	0.5349476651653858	0.6137198152884927	0.7108598471945003	0.7621825900749133	0.26945961737642604	0.6116096595470494	0.47515294981433187	0.4180691424164018	0.5295204977788381	0.3973134308336824	0.48066828093988767	0.17053223605555795	0.15734781553237395	0.2662459249983555	0.37587182350689025	0.39607492919722137	0.3485673585182566	0.7059525574229986	0.5625513449394659	0.5594005664253558	0.41500775410801144	0.3417507167445166	0.7452590927970423	0.23760459555356683	0.7209856461675006	0.48142663325926016	0.6718514450812796	0.6390126825300162	0.6165349766713313	0.3699671738624671	0.45458173911120425	0.5313268400965546	0.46224436271034636	0.4357990793412793	0.37871339771288437	0.31056919026402646	0.4120914617919264	0.5813169758344732	0.505620600168649	0.7682714938075254	0.31722467828725004	0.4203910856260901	0.5357701690453013	0.6772890543612241	0.8490222898932573	0.34870509721803145	0.37923337076036623	0.361964207631939	0.21478703971622642	0.786926861751619	0.3249903671733984	0.2991892452740024	0.6212700217113473	0.3463268861332588	0.4799775440010493	0.7046058428140195	0.6820153175555856	0.610202739563459	0.5925728107096553	0.7585509991195079	0.3971825061630111	0.4667888335120926	0.09357101157530265	0.6783600894798463	0.4258618743621063	0.4657306749136959	0.5917225792798197	0.2701626474852956	0.4420423868128504	0.3502575053540734	0.3172086141979805	0.2851498495459926	0.5798546267600603	0.5511199422542574	0.6098453025881031	0.3951237505794427	0.20610348324931138	0.6693455381134072	0.8469168692978037	0.6986382603044083	0.2832489633912695	0.6655222673029443	0.39209527891574425	0.45358190118153086	0.434713722392686	0.3000268964234374	0.3687013892577444	0.3248339072981055	0.3254658752444248	0.6358671550264658	0.33428077248450705	0.642943858672903	0.5986430891146155	0.4792504430641156	0.3078300878668012	0.23176405181139315	0.3532550410632489	0.4766862413100727	0.6340784959524987	0.2783673690198721	0.4309487065734806	0.5317497484829127	0.5377556099245527	0.7950095582758127	0.6815718826343038	0.8116317818405543	0.8639088586911847	0.8976047506543765	0.6708035526886496	0.3012895510638779	0.6370433354275894	0.1723852999206102	0.7222740095446293	0.5203053226210376	0.8219226028806494	0.7991305690981129	0.5058694002604573	0.4601917971866636	0.2324570343696446	0.7360230932875145	0.4972960593245803	0.5967858406473031	0.42100766598296896	0.5860370202731382	0.5909615386209237	0.3205405157092526	0.6396219813423935	0.12180457153720575	0.5125401614979399	0.34602908713444297	0.6582898052976256	0.11794596819245018	0.8113765345274194	0.5208301955693984	0.6325779826444754	0.28925851967958066	0.4841764504989512	0.531091001749137	0.5796276984448698	0.6130042609207067	0.4681238929120354	0.46061620678144066	0.7250976420230264	0.5487240137457963	0.44991496448286283	0.6120563461363824	0.04985985306945728	0.6072569428326643	0.3262317078231152	0.4000369108973335	0.8819344707386034	0.2662170604256462	0.5077099341211276	0.41629896735267813	0.3660156413223634	0.2704115050508306	0.8332808404430936	0.24425696985531048	0.8414403649139728	0.3850540012813008	0.5527200365109822	0.4415059378215377	0.9956098930203807	0.3606334940523014	0.30517243894576884	0.40774630714235577	0.7083392408779453	0.4096306055647626	0.7439660828003943	0.214678842203261	0.5061899877415911	0.6538366133024502	0.6728215957810335	0.49974101342938926	0.7217152848790691	0.3338918284998581	0.6636772547961294	0.46155891736392995	0.3707086645533221	0.5408148130867227	0.6539503696352649	0.4536483481542324	0.27197395736260155	0.21077136022711945	0.6498407607914829	0.47383446354691683	0.4561541521924317	0.71975177491719	0.31711679168959267	0.5072364188764892	0.16300537008760563	0.21527840889461386	0.52415795987475	0.21725006714775086	0.6862604994322931	0.5412482473254083	0.8714781761128356	0.5948099976782905	0.5606325929826785	0.2763326857115925	0.3998880549384942	0.5569528978996711	0.5949938151847893	0.43180335650491986	0.5768447608862819	0.23626293795670167	0.6761876895121812	0.36848895804189347	0.09957303457946454	0.4670966998109193	0.2331044245428447	0.6197642929594789	0.3139563633041117	0.6885577446503846	0.21941001868673032	0.47027688726612277	0.6041146922652287	0.318020900012692	0.32133367345550023	0.4250078656542831	0.07548362258586888	0.5599965294213566	0.874181837018966	0.4702079212153155	0.4425447962096861	0.6299832806602718	0.38409124689246	0.31003490883721274	0.8142884966769686	0.49317787505819577	0.37339636329357295	0.5973426526053546	0.7456425591014676	0.6005757665098959	0.1945610298808292	0.24386725292292877	0.24139587576448668	0.8515158560802669	0.4628746327984896	0.626434402686093	0.38851760963940535	0.5388784116589652	0.7245492890245934	0.34685807548374403	0.5820793832070348	0.36334675745012796	0.29637026078264855	1.0	0.24673034327756538	0.4456245406474033	0.5226373506247447	0.5266625675986943	0.7581891258870753	0.625338243253497	0.30336935845584473	1.0	0.9084985122017354	0.5622207125304649	0.7363932864033735	0.07279311063474692	0.18089424401583565	0.5790174861027676	0.5746922604385953	0.5049309949633815	0.6090170775164407	0.5220112382322891	0.44287300195996093	0.614880713344213	0.6057380352425524	0.2049492641728259	0.6179223320266618	0.38720270113997945	0.08608129698374078	0.4595789214046531	0.7358206550618727	0.8825976120601887	0.3965167486514204	0.28690093950730633	0.5278698732623736	0.8000086644368534	0.11340252743463447	0.6170397412310864	0.5718383137324663	0.684529991302688	0.29098067260889754	0.33554977214721604	0.6085695453128763	0.48875993480463054	0.45429662308299534	0.4932655241038918	0.33484883464569315	0.11681620311425245	0.6673137865967192	0.5965988173994192	0.3345468723068521	0.019425483748796157	0.6868342085321014	0.8467305299525318	0.25949591206776423	0.3114463666174597	0.4329711413751177
cod	0.3706095837713339	0.6224725152019237	0.625697531631824	0.5773259497261123	0.5716558659539058	0.9165593226798625	0.5788631570683156	0.6080571688977483	0.879433841581239	0.5435433447831096	0.3943676177927898	0.7334948206204353	0.6698164767306696	0.33609569349719415	0.7136916352386142	0.4082618330650245	0.3611160369833546	0.7955511217291541	0.2565680212618252	0.2374069707664347	0.42100409272769473	0.6024954801957871	0.37786702172821357	0.4283523463049964	0.4491144864756186	0.5586572319932765	0.5431196552416273	0.29646209970967147	0.43562932739421084	0.6031305909158261	0.5803834437395864	0.5032396589307158	0.540224698728684	0.5998890885494846	0.6083675901448127	0.6417812143737873	0.4053516179381859	0.5983592136544803	0.6813938096203243	0.3984225353758392	0.7657526376264512	0.5826965471860268	0.30624332821388994	0.740419435448542	0.21242405496928163	0.7703463331988327	0.7018458921411631	0.8856855008886079	0.35126453500616006	0.3664761311658727	0.5065169750306147	0.13814482281071272	0.373987715031343	0.4594680237680104	0.2020050050101907	0.5506967149163101	0.2725504133882515	0.43429093964460935	0.5233558210837373	0.5688045669465792	0.5018816625407335	0.5188105416316017	0.42783610911830583	0.7602269824993433	0.5598382095540492	0.3707467655455843	0.5262614709889926	0.6020251588606119	0.6464213326421688	0.45191820967119345	0.7531074787989673	0.3152448468697145	0.4629223809313844	0.14124507925399118	0.7199899428052512	0.6649047005268571	0.6279544994609202	0.6123609441157127	0.5578754095648487	0.27820236605737264	0.5883068755084186	0.4421841666093329	0.20004616941996012	0.3380129608788079	0.7517324458779012	0.4523067297198332	0.4711187214178903	0.2655227028987135	0.37343264219515304	0.5764854303607618	0.5898411156999838	0.1406550095824664	0.6391406182754233	0.6085603993200631	0.20367850874324242	0.3079233817863485	0.1942137811419331	0.31854104793655513	0.48592655869572265	0.3251760874860135	0.6001636883445561	0.19658688999026136	0.755082531314049	0.5688010002187777	0.19294974901146955	0.6439208431649208	0.4889592539449259	0.4570764089022659	0.25558155116833037	0.7262565027847581	0.7938856630544702	0.7219707075051812	0.42540608435351923	0.6196252347292629	0.5494439499399516	0.487051508745707	0.6790841481459619	0.3827582503107155	0.6467139494689573	0.6404763447307993	0.7615775966752552	0.6157008385663149	0.3086822487172154	0.5181769642023484	0.3281249515690198	0.8158778885782724	0.7089618474640074	0.5023463310761116	0.4244529832378904	0.5860764101025108	0.6728880680973401	0.5074018093500945	0.3840589132380455	0.6911066220580642	0.30734048891850474	0.39345792308800664	0.7937963848689075	0.33151343687068896	0.8845949878420933	0.46743281361868216	0.7022832942979209	0.5914661428904658	0.7290747900501844	0.8531399150355925	0.5585875540665308	0.3181369965234706	0.5313417042778035	0.41994453880700444	0.5916085873485272	0.5867584199577027	0.6615664913286229	0.3831843912499908	0.6027414540537588	0.6052249206110081	0.5715443624772585	0.4451592907566473	0.5350946796608647	0.39582999426542564	0.7372629095380827	0.6029340699418211	0.17456893033410825	0.48354351706630516	0.5079579683717032	0.532687548762837	0.18277594703137767	0.14028109610272965	0.5229468963086823	0.7321862587455673	0.42482442974644263	0.4693888079713409	0.5895205102681733	0.5986714930138255	0.26009314165118247	0.9213352733121223	0.6775406271816661	0.4103521134502599	0.5360668136741851	0.7028507361618493	0.31648604340620645	0.27732971408098367	0.5102476554252706	0.1300308249066539	0.8115850899872137	0.421599590739182	0.5380820918967903	0.39574764673739626	0.3374145933056415	0.4526673106809492	0.4090866754353525	0.8669104567322929	0.7012166548678627	0.4624257178390151	0.5475063648682776	0.48978279228763566	0.5230134112850175	0.515216549838287	0.5658551619509333	0.6073507119606405	0.2935537550135862	0.44206876296787845	0.5959616416924616	0.654498963458154	0.5227549052232137	0.7526946144963315	0.26885866569631683	0.6480228330004335	0.2546526494390347	0.3811486141018748	0.641554907588375	0.30684734466743435	0.3440840553190305	0.0819479203505109	0.5028468899672176	0.2687691792636886	0.3482760039078486	0.3661016232001151	0.29059205531826626	0.48511562952767595	0.5187508370075944	0.39108162790786305	0.44148946771023995	0.48484899520573527	0.2873920918761703	0.44047856571906047	0.7347751296904079	0.6295626570232609	0.42728179024491064	0.22025395257323255	0.4750876328555852	0.45592618573085036	0.48364129448661414	0.3662677422893929	0.6640762484865255	0.6180643450752078	0.4499983660036989	0.37886208959691137	0.42163970962272557	0.5137527466329961	0.44112665827701353	0.12481232201569376	0.515755516368174	0.25856761524259375	0.2582670431750888	0.41600563448347094	0.8992105531310545	0.44855392681572753	0.4838545645070287	0.43071934601013495	0.71399093587531	0.48332885670453046	0.5612817215768668	0.5395997316015787	0.5496714772236654	0.7197657211439118	0.331074670746096	0.6174708697145269	0.580003152467603	0.6289167401531077	0.8691871471563148	0.45679433498124183	0.44466425085613676	0.24014343935112475	0.6357237531010285	0.2166133167273676	0.2136865730272762	0.38846210376150725	0.45243594636708584	0.6564943606356369	0.1753906638201203	0.5907439809423558	0.5361202887436988	0.6215500952785382	0.5358222672422265	0.33182804720308534	0.5477743835136767	0.3244378988370893	0.4058442445827902	0.7608751665901815	0.5505893568820968	0.6288889281553098	0.5705605778899905	0.225478252362418	0.4886429843014861	0.34987626619563755	0.36357558470466667	0.19216645431724877	0.4886111725581169	0.39923765388943994	0.3079996860550889	0.46412512267636413	0.4604620734538297	0.7118222185439979	0.5087064759261459	0.588389023310035	0.4374853037236523	0.4942386647313753	0.5572185376264367	0.7095003432108172	0.6309730679521819	0.6109117339486679	0.28197680097798306	0.6383479209351158	0.6377278462128587	0.31366707395793314	0.25614260941552475	0.3613569599331865	0.45928449134455207	0.27194460425009404	0.3008876500534233	0.5847729757519676	0.5750701180789444	0.2604623788327798	0.38917976404036425	0.6865853858216706	0.7548981073638674	0.31108454155421406	0.18872998055938228	0.3213546022855188	0.4618681096129744	0.40462248831147724	0.40756569022657624	0.7955471424177716	0.27244543058431103	0.3906081537475281	0.4338510540041965	0.4254714000562108	0.7100108829182656	0.5506661904353474	0.4270639920299172	0.4130188842222712	0.7146031301603052	0.7354618945616996	0.5845191424848484	1.0	0.5680359159238576	0.8820349647253227	0.7659932501626802	0.27317737114835655	0.08768723190446515	0.47622132301791403	0.3135172294313324	0.7405409592176538	0.6484837172352649	0.4325594914761364	0.7341914291304783	0.4092502071598024	0.5977080877117602	0.4894103768575733	0.7066667735200761	0.46199628052575115	0.2510461130574919	0.5701849538583091	0.46429789845670644	0.543132777465059	0.5318379085704374	0.5810780806390458	0.42306082608430473	0.4601573951482996	0.552291573895168	0.9449267834142907	0.4755948854020628	0.40696732841825733	0.6360283622255448	0.44289898398817823	0.630739348386341	0.3652292282223461	0.08448499209171106	0.6049197474882869	0.3097047787802934	0.5413824199529594	0.19746533225897633	0.664822233064259	0.42883788546195273	0.5324231821309895	0.7615095411552139	0.9035498052343596	0.6034606893053677	0.5016410607619685	0.6256579366489716	0.488754902649939	0.7419499541874448	0.6526283861449134	0.6759114165358829	0.32903154117105604	0.34522296814665887	0.271083457557486	0.6656594728502179	0.6392511423012526	0.5268043840395715	0.30704863716706676	0.27453955184444745	0.17359043497848342	0.40876605010011635	0.48719541161194485	0.5423608266443051	0.5806304915362317	0.5150431000783742	0.1320811206281602	0.3617661434661596	0.6203929634590835
constrictor_snake	0.3450887604431735	0.14660896324142952	0.511238703477624	0.5105966882870784	0.6019348208072766	0.3847528130402823	0.36744770032257057	0.6146314014012386	0.4425087156736418	0.753039357657513	0.36210465249381757	0.7124368713957289	0.5321348478676824	0.5229987661844052	0.601086079025873	0.9072423464178574	0.9752081823693999	0.6843223008507539	0.6051824084018093	0.5172596268569237	0.6873681729923369	0.5212707395221859	0.4077929161639487	0.7184094446851964	0.32713182027512044	0.6695241437350367	0.7559818905500494	0.4577220826414041	0.6768456612323374	0.6232326617056855	0.7591826016386225	0.2338498915037566	0.2752774003849928	0.42277177182959724	0.4263110589383835	0.465920131579624	0.8159022136816438	0.5264853173381158	0.7660716577510525	0.4355114049881064	0.6536440778281858	0.8269611367307059	0.27930549796361503	0.653877651871886	0.5568018080903296	0.5920876782025234	0.2371613642797262	0.5332754326288937	0.8007398728284925	0.5200480694781855	0.6072620595740574	0.6086345338264763	0.48307686127728716	0.42735620605578095	0.7035313708918086	0.4929711132584296	0.8283548708607493	0.47986921370212143	0.6807584558297992	0.6791289659554898	0.6492554246456164	0.7891396314869128	0.6469405017423568	0.3877440629833936	0.4881663375143344	0.49078328225154694	0.7592395147596569	0.46361995024512204	0.5257292435495133	0.5267712877319709	0.8073999298541485	0.2705365097879649	0.6448093205140742	0.378829179376893	0.38070776377206544	0.8571311564896771	0.7032762400903351	0.23692345758812652	0.40472818216107287	0.2331641703473315	0.2941139875670865	0.5734950541930378	0.41812174537929137	0.4405317472546545	0.13248124490339308	0.3877207338610795	0.354821819315499	0.3658299333283475	0.6790338257275754	0.35320038568816936	0.22997469072898385	0.3008513469936036	0.28098527143396346	0.9420800981824795	0.4804344259351315	0.1352287022624189	0.511813397064218	0.5667214602987432	0.5480920773567408	0.3414547883153507	0.45926102549866327	0.6475296199148626	0.44646125775651246	0.38743018060980056	0.17000917984314778	0.21051004929562833	0.41192734593741465	0.6584793771147242	0.6872408629581461	0.5961801999920151	0.6373910120165229	0.6605174478326752	0.18063596492473827	0.7281020477002961	0.5311402034946425	0.9341604634371472	0.538756062597996	0.1950365321405733	0.2533699174279449	0.3441806098841742	0.1584549598766518	0.2920585739312999	0.38574644044453127	0.619256579327804	0.38559610760888574	0.5635531447794838	0.2739934535835842	0.31926784789952667	0.7641858903445551	0.4287911943337971	0.13387075914497248	0.5191913904891302	0.3711959103303827	0.4765292785653387	0.6250231364737364	0.4794888781244496	0.7654763929212023	0.32608819168656067	0.515476669912634	0.2635836882528307	0.3880898278455818	0.49771919292703476	0.5077619703281232	0.570968455960572	0.6808260883514046	0.21070582250780323	0.6992825646756939	0.19179804692504637	0.6658412063283987	0.5880368465656218	0.5923756805418465	0.7754538124707302	0.4698644408948081	0.6568571558734506	0.4894800180029387	0.6298661868653078	0.5244531669633818	0.44908025340750984	0.38836986890341046	0.456968441815616	0.38364114065469945	0.516166394185865	0.4240519141597221	0.6698748174591342	0.3802137911166598	0.41780242721459165	0.4959076077408344	0.6941511703042355	0.28044044932366685	0.9467172989630952	0.52082642227205	0.6299070997370619	0.23693935805489685	0.6872619454733866	0.6612213501997977	0.7564619465989757	0.2698438493614181	0.5258698653648107	0.7698180212342505	0.4706084424792789	0.4841300252198154	0.42879077819509276	0.4973279046308696	0.364053475044777	0.47438985689762314	0.4739873670488962	0.36909835400492397	0.3953108244282969	0.6733047666149021	0.43586390108796713	0.20814563440014405	0.5491881670341381	0.7571237127912667	0.5700246774271626	0.5812145553091606	0.28684830357099256	0.6716338009022913	0.13756917094497867	0.44570603379827667	0.614949678883357	0.37576936469261313	0.42864898116149336	0.4047714178830799	0.38550365056400093	0.32357073366850664	0.5607783257708903	0.6217707940614386	0.388691387357487	0.504520626156717	0.7967178392990796	0.498679796524346	0.6006587384704118	0.4727862380627594	0.49905605507730977	0.1695703152140663	0.31650525955818093	0.5563098049848275	0.6996203238677982	0.6942785588917333	0.8483334612396817	0.7265303816452113	0.13858584004023672	0.39614019959474256	0.35451530886463584	0.52233285938033	0.4743059383086213	0.3121255759722744	0.4160226760130922	0.31013239273507365	0.5463506075885336	0.46551928185714375	0.35059476399459005	0.4414149162871477	0.6275924488314237	0.36852069562024176	0.6364255639337482	0.7750336741177453	0.7164024449264668	0.868909016085412	0.39847621902534347	0.1363496102892927	0.43081788893404865	0.5225068315083674	0.36580099847774183	0.28387840677771103	0.35871168546364435	0.44532978919715305	0.5704773391711748	0.4099893786923866	0.5334118529172478	0.4037684710961711	0.15976125436955474	0.4576922044554741	0.768561674402269	0.2239780152287944	0.6006644136435039	0.6259898853042132	0.4774464704665412	0.3615425086204545	0.3855073668598884	0.7939239522077662	0.6120083646661711	0.4818934893977983	0.6561275492368304	0.5708746757597822	1.0	0.9531114354351722	0.33231823495035934	0.5019577289857915	0.3365928423302861	0.6197886305983319	0.4835937798204819	0.7317944295084728	0.3069198133375665	0.5532002350255778	0.30469230408002557	0.7414721403494425	0.21667543428869263	0.7029134073549951	0.49770307214190695	0.29081346025126403	0.7129447766461376	0.5150527393964799	0.3825887770206486	0.21535540439512385	0.48879461171180755	0.4925336712875032	0.3874731815089867	0.49207368647516503	0.5929312572846503	0.21250537097613736	0.5673223559070864	0.5906615721651293	0.19139112261343572	0.497294123336275	0.6376251081482286	0.45517669727030335	0.47540013891888455	0.37681312246685006	0.6961247443247037	0.2816467071585618	0.5422471761147062	0.4143634914017111	0.5625161007086535	0.15449153988122455	0.5836415673505464	0.21142475355404616	0.30902598275412796	0.770106382515688	0.5511638044605379	0.3948097356603579	0.2386967489649215	0.49197013173076887	0.2961108358789543	0.21371596593200853	0.5962556648414093	0.4594311888950612	0.5858244356246786	0.4337692702905193	0.5984421711351853	0.6209161462031353	0.3761513014233905	0.5499254109530288	0.5256660218698841	0.5826749444195396	0.6502846182655345	0.6413850452193153	0.33729970266671766	0.6210330070419718	0.4710316377851156	0.05148740218432846	0.6374997281813717	0.5887491441709133	0.5383257992375348	0.04933780558892864	0.23690657046904323	0.5335201131717129	0.8247931324551561	0.5756880785079517	0.41201808828614916	0.5611400011103777	0.5028343968991541	0.46507542891524645	0.32832982714618403	0.6078514025202884	0.22130341161345854	0.4542391503475851	0.5369707204247565	0.46818378362780455	0.7535706450538686	0.38972691722678354	0.23902579586213724	0.460324119959	0.3343267962615432	0.7160560804167081	0.5322329161099991	0.41967851109772303	0.1663298177756482	0.2829272313834522	0.2610125111596777	0.5595186563582214	0.5702170204688014	0.42211242404892896	0.6351363543180782	0.4116383752380499	0.735963401455195	0.5196124189738938	0.807506717054657	0.45237530346136967	0.8812633452374268	0.40197486295912427	0.36742482051992786	0.6057829096653982	0.9786644091340015	1.0	0.6203333761899816	0.8201091252428766	0.7720557371311612	0.6153236380422583	0.14954828681413967	0.6587366271916903	0.3916831344194239	0.5693360586557078	0.08570678205303073	0.49031685718971035	0.44971239272433483	0.5456835894661272	0.48634729280350036	0.5026181498967099	0.10566355166386798	0.3734703210543646	0.46282150326474386	0.36342870006620914	0.5565958516690249	0.35686432751034547	0.4681964281936306	0.2481111486222996	0.26530246535996715	0.4108615912657937	0.389232047411889
copperhead	0.3135544337177087	0.4273327570884985	0.6251331598550087	0.697539448896214	0.4905724079736324	0.4657107943146953	0.4486083419534203	0.6882087011009571	0.5629561637338892	0.6226867463569963	0.4000208138688618	0.5099107537378952	0.7473063567668725	0.548041332248532	0.43773506118226324	0.3070571505442565	0.6227315760961855	0.5034861374038473	0.4829126310708974	0.12515546465852279	0.48256253223010714	0.5724735569663666	0.6470140451697224	0.42342361286261965	0.4544679022970257	0.38754282605212836	0.5592400259414807	0.482177841444215	0.4769713372998253	0.6435210456999194	0.603070180243016	0.39180734125827726	0.6692804138719894	0.9195626540217596	0.5285289197343912	0.681467510461262	0.31699092917247007	0.4551897951204092	0.3835100296022105	0.5745588751103115	0.7217209658962637	0.22520112436319828	0.6777509516958513	0.47273127802220705	0.6410672622229494	0.554416168376119	0.5777160175046193	0.6496759681671355	0.4401702755074921	0.5249705571935386	0.24338445945429651	0.21532111259950237	0.23374560185767418	0.09823892943922186	0.5124099281297265	0.3484716819737992	0.5317066703493614	0.48150256824156845	0.4353990960261016	0.6127189773221802	0.7066431828175495	0.7103512697634913	0.8206037532578294	0.5064224915621202	0.6322069599859194	0.512050468424069	0.3347124469691957	0.49671303400473943	0.6102253292534539	0.7155751382380318	0.39478079952111716	0.6378987111734978	0.6298181344598124	0.6848127279117484	0.5980247232449624	0.7320210156977311	0.7638479817896742	0.5321790358805311	0.5966360369397189	0.41161517858853586	0.5288148046392421	0.33643680680016097	0.37183981935949745	0.3167778766204577	0.9051280731493136	0.3671795427920607	0.8732756036777012	0.4027997673732046	0.8551775208941018	0.5507791187041369	0.29993224068881597	0.371256143151584	0.2629786545596734	0.5243648961349928	0.30889861067560764	0.5795819206643037	0.32181020125431303	0.6423489759703989	0.2965592373505269	0.3974204396736388	0.40584399595350995	0.3663242957251831	0.45597226094313015	0.39470622864711385	0.4573203397247304	0.6236694038150687	0.4984120277310546	0.5946617558419962	0.37438127396865895	0.3309110079701817	0.2199022506874141	0.6119186403201079	0.45175197913587817	0.6508278124115726	0.5927359637230485	0.4478662180012929	0.43186145962175737	0.29392356738513314	0.3570140266832613	0.646314866773105	0.5675638940216101	0.2659016973258688	0.34340339763821986	0.4686950934931446	0.2786672533441519	0.5136963613577175	0.22758057943232685	0.16986987539337406	0.4350145190908784	0.8605943571496975	0.5649699723941995	0.5850717112189184	0.16584996449928602	0.5328658846095657	0.4192049521396538	0.36855097240073204	0.6229143396678141	0.29112128347958993	0.6106623744972092	0.5333828432168836	0.6285960046370356	0.262914593468434	0.5395022032611364	0.43711270809184716	0.553992541892612	0.4850198248496703	0.5174791524115607	0.7226091083666366	0.6736800143111319	0.5260077653434841	0.5062665367912134	0.7294598548705454	0.28970622044779754	0.19622617308805762	0.19058002592541917	0.5433069166094688	0.6120736846711916	0.5728032451686598	0.5376022086504731	0.5890487537335237	0.7453117847929785	0.23202117765590594	0.2624316365319485	0.4845096283933533	0.5412745271343918	0.10094045634927001	0.5819226521057697	0.6631445993668527	0.4639188566903705	0.38168440900075307	0.39796306332660925	0.6790818347434446	0.45401587107881125	0.6956851036822514	0.8108934295215784	0.4375908417450386	0.39831915251082667	0.5663056530173836	0.416222352235137	0.7423462471669448	0.25965269094929666	0.27901499473872154	0.6557473006035219	0.4930296357361171	0.6436155147051142	0.5004287597201407	0.4282270195926728	0.5913335485332399	0.155128016285616	0.697080049730253	0.4645253001939327	0.6335781065199791	0.450083574381451	0.2830189032428683	0.6206284933648406	0.5650564181634403	0.7206146351786098	0.8333859313294298	0.49829619692814786	0.45356662550588145	0.2470709322913936	0.4457170883899108	0.6326674950178155	0.5747837958687967	0.8842161617232273	0.5595373905184238	0.6670295130338723	0.43968150162548214	0.427350444556304	0.8615386011243182	0.7960241916558747	0.7775986819010271	0.5757321465977815	0.3122562023174071	0.4516565484516924	0.5885795167018756	0.27112982644491057	0.685583632799392	0.7408505778554035	0.5065079666617234	0.6450420170341683	0.3722346304729128	0.36399718764204814	0.8794680536983559	0.21621053657589923	0.17972448922388123	0.4605000860524398	0.5132917468846997	0.9191126666363707	0.4460408377336521	0.557724748244396	0.4435938571425751	0.6571661197607648	0.41697695086087144	0.4649300591814604	0.4528599007687719	0.13893910321953806	0.6049062011027584	0.7507956355878143	0.1985039776480784	0.8571722175794672	0.6686777219696352	0.44735129205435864	0.19900019189389256	0.5669099724028871	0.6361175447497552	0.6902666217847735	0.4678154156512726	0.4963037009376006	0.6278867934174339	0.6721141498694083	0.48016365637384095	0.7103690747662639	0.5030681567243188	0.7101899052043803	0.4339302688717774	0.42185228721710893	0.33486499060641933	0.051581679877065245	0.6466212739153616	0.26906912579663395	0.3201684858956433	0.46654374100811985	0.5919379321545524	0.6169266790126792	0.6732685991324597	0.3559059398126509	0.4504830832398488	0.6515932234003943	0.5747728339352315	0.2978993971884781	0.4775657330376839	0.41662087905298567	0.546778378227514	0.30055675701652296	0.4076478030332709	0.7004475579020824	0.6790354543486602	0.4938611009790522	0.6458639970401516	0.46655496421516673	0.536853045995702	0.2607825896231116	0.35102000850385673	0.7444959605223659	0.27536077470256387	0.4895899838967429	0.3394606940115995	0.3707146139681836	0.1089439313061662	0.5435575121629058	0.4276749870337037	0.41672832011773353	0.5023134340212075	0.5850597972827113	0.26799673641347843	0.5002020676498009	0.5507370795880635	0.646268638774383	0.39176350680937205	0.5955452362218029	0.3987453083996326	0.589419481588853	0.5991144126522556	0.5713974323770151	0.32399160129667404	0.41237475838675997	0.1987932537316333	0.23222051116592668	0.5982016329991526	0.5318931485486273	0.5064101099278419	0.49507573430862883	0.628267566320691	0.5509330673847539	0.34568413367759654	0.755268140700648	0.27083070893337574	0.3899548457253448	0.3047580297956063	0.6171357961060623	0.4713595047810629	0.5726756392620088	0.33416682970956885	0.2574010794364946	0.443332302898352	0.3180404563800411	0.5424299722635141	0.5575169850019883	0.4734852161390817	0.39241242465077586	0.469094080708617	0.598491713347215	0.44037590900102036	0.5806419836802545	0.8680631585698765	0.5721891165279636	0.10922809149698631	0.6708849242279178	0.4315336406365358	0.33441316377277264	0.5148879632528671	0.39169644375191326	0.7251068831831909	0.7734544513710818	0.7043603470909723	0.4919089702515953	0.39928080064202975	0.38675565469219175	0.18617100484059157	0.5701076013459508	0.48878756180439276	0.5927929507154871	0.6375994076156564	0.6791444764194371	0.38625459099848153	0.28571071629998573	0.5921629976175096	0.35007824864951503	0.6693707312862073	0.3415598320012755	0.3483934961158587	0.6264428019751771	0.5823761828071794	0.4939983543117414	0.7694470490375905	0.4317844723446983	0.5183368725261507	0.6183710372309988	0.6614554926055759	0.447045431612789	0.5130243272734857	0.7616130235332108	0.2397295308812003	0.38961414794814936	0.22349768293282102	1.0	0.15271842805898728	0.6276496663297959	0.20330429239791786	0.2211047285753231	0.5265270341184635	0.5807620459460262	0.1888954463253159	0.3511594820869207	0.8714804689744099	0.8803269145273475	0.5445668722242079	0.393227883568164	0.22221680536296123	0.36643981455172137	0.2479436204459713	0.4232351923754206	0.47507103750758733	0.5339521381862378	0.6342953346616642	0.484063221949323	0.5137444841931151	0.5164878562529656	0.4466511411023456
coral_snake	0.4794730476632675	0.35732000064812935	0.47885507534529737	0.5454529138688169	0.5641011431065085	0.41622918826784766	0.19446852171948464	0.2492801505270738	0.5785448688437539	0.6701827406112779	0.7354903930121799	0.47582853317009816	0.8146676966878523	0.5444924204815346	0.4248334114901909	0.9830331742740321	0.2519803844354289	0.7517835021702137	0.45536921521683826	0.5627209283982229	0.3941681978528435	0.39583824311992477	0.3073523392453461	0.4222712831378479	0.6752346372093565	0.6857541026191424	0.7285617637224862	0.6569270109019537	0.5522014937092502	0.6138053396793255	0.17791204858589693	0.15952643184013443	0.374429828470223	0.4740802249265632	0.6150869927808825	0.37858891951940155	0.43109190135432435	0.44180687497644433	0.6446701622849378	0.39287357439147014	0.5619574882556105	0.7105446144240978	0.45082656066206817	0.4555406933649995	0.7734415373269617	0.8639221691286527	0.0370286966944714	0.5741621323776119	0.3640149793586692	0.40415219772820005	0.512652965293886	1.0	0.49033345167475906	0.6418278352126074	0.5280604293831419	0.4864872392091626	0.8260515647641689	0.3421254018371773	0.7473977902441573	0.9550283802284738	0.47793296266658203	0.759886165455931	0.3797971127892909	0.5022751471066143	0.4446339981755455	0.5541286449715869	0.42645876173684766	0.47593080520204667	0.7399810734017949	0.5220970576711041	0.7821364276011828	0.44014395004111556	0.443398093418388	0.580867299534104	0.42344731102174704	0.40725754440433065	0.6185660053364068	0.5626638597461646	0.8728598517773943	0.6886434459398212	0.21039071479744897	0.4799156549140306	0.4339370760908649	0.5564789493856147	0.3378563487528998	0.5669073595292529	0.45695036436948444	0.004129410213488116	0.4988428568273803	0.12267043951403406	0.39243284194845157	0.48637063785309403	0.8149988916836695	0.5829195128199143	0.8123724473533398	0.7483464169524101	0.414765636307063	0.4799253596846848	0.3525002770735958	0.33670122428223953	0.6238138010042327	0.5022607155452091	0.7132424156661917	0.44505316240858883	0.5915110288883073	0.23402021003525686	0.4908231573355351	0.42188581061497543	0.30118725102801575	0.589598400168293	0.28905650483474515	0.1424886319527037	0.44720795318869017	0.08608611938406313	0.4099678917839694	0.6334659365087328	0.6142281958893776	0.7431076460477983	0.6720448646986216	0.5263705345077757	0.5492800209105786	0.6557989213667336	0.6903180324955143	0.727833978417709	0.6298511916234789	0.8161293112290635	0.7878113110833158	0.6082094333280482	0.5243529285457612	0.6432273419288435	0.8227743432812502	0.4658381300713029	0.375494827249265	0.2954282874874106	0.37509599044874886	0.5480276980185429	0.5657598806338969	0.5792381384431239	0.4126870233719152	0.39876444985480836	0.6919420410198797	0.39130285609983984	0.5802549471150293	0.7309075956804219	0.365556634295323	0.3143849900018957	0.27258785685868864	0.06869266317757128	0.30784250597405927	0.3955942273324859	0.23707616788034647	0.4745616592933014	0.2487567674788897	0.4813658262206523	0.45966126833761456	0.7117796736168154	0.5920151083955267	0.4027504808249215	0.7520471921975056	0.05475037659504706	0.3154071561651081	0.44978774315225545	0.8753562725780171	0.39641616118132383	0.49071287545107833	0.29937172165388587	0.26731360142825034	0.6339949133361009	0.34822085307966355	0.21489060674245888	0.6620442495496832	0.49078492086116354	0.5331866841846424	0.3468735736116429	0.363119688366525	0.4789377200647429	0.429322074882588	0.7829755428993512	0.5738289013657522	0.37145858545074095	0.6842923153475203	0.41610708068202806	0.593334606458155	0.2891314720848247	0.6393876411120282	0.20209311717150047	0.4822265622392168	0.0996036448883505	0.4627049067650064	0.6955155412597142	0.6375026251082567	0.717019578334932	0.42382034262420104	0.17468926972972082	0.43489218395427487	0.5533592964597	0.559482768661096	0.812568840726077	0.2726851721574955	0.29127932896409836	0.2860668882133893	0.623899379442615	0.5116351337427838	0.7336813898111925	0.8219774951329275	0.7744188220894719	0.6978557021820518	0.14805854133585755	0.4327588281416077	0.5045620024021447	0.4481453131502074	0.5342177084264712	0.45096620660885145	0.7754615894578515	0.6457351650371289	0.4441355668441958	0.5499355541079293	0.5729231033895361	0.8420413638953647	0.4281071867282771	0.39826384383632696	0.6353925977016216	0.35182703381350966	0.5070889174427216	0.5231025162015583	0.7368602312924888	0.35087153016961203	0.6734602816972687	0.403054307164355	0.4738248806973514	0.0	0.8523178673511578	0.45169788564536373	0.5687027365957285	0.11577258846439276	0.3672533018554383	0.8545519421473919	0.7137410126543975	0.6645442697748667	0.2576220265881505	0.3785214884420945	0.47395782907318557	0.5541003622560956	0.6184005221767894	0.23267929412041397	0.1943640670442215	0.5282311939660609	0.16250740382132828	0.4558126665479115	0.918460465772146	0.1789004355438685	0.6273854978610565	0.33359496118603993	0.4545099133625551	0.6736114211357447	0.6709242198521944	0.5247575364719973	0.7300669355961998	0.28244370033509514	0.7264014592135937	0.6166738490995383	1.0	0.37890412678393953	0.35724060411768865	0.3152350117882625	0.4622272673770236	0.19546194578888137	0.8242236535563253	0.0	0.5764054560426427	0.2044395375902638	0.6444124238210066	0.5296618948635032	0.44457995788196203	0.8636103178177288	0.4708723746345959	0.32367938023012927	0.4354752463359402	0.6973313977585115	0.7843317805480458	0.004846713942942837	0.5115406204155724	0.4705694363721721	0.3948115926092097	0.5816008269386144	0.5082367605454488	0.4790096908569517	0.5292145399145881	0.786107217409028	0.31874142343493994	0.24952575472676114	0.3710045272454394	0.6554954343330752	0.45653037836933547	0.6069360640911334	0.9848579012753561	0.4185015573383525	0.49305120027710103	0.2948023703221496	0.3996947491434898	0.46641735577032045	0.7492990112696565	0.7007727911182442	0.6835781057965667	0.12502804973213055	0.43532393063718544	0.38626658823194215	0.4309968763128602	0.4664647826565637	0.2860224258772938	0.8188487971026317	0.3950900680330005	0.37076752858985995	0.23568977151741116	0.0750345547807112	0.39878460859709675	0.3740557588238273	0.5481754243392934	0.3711065266040664	0.7850754094711498	0.4616881475396159	0.4479564213446436	0.5084652346992027	0.3586765081878858	0.6327494131876613	0.15785493208486623	0.6131318564602668	0.4454540854231386	0.4766921229177464	0.3561803772132933	0.8399104819955919	0.6755788644698573	0.21068755314482246	0.3023265776198991	0.017048641422657163	0.21156776501422858	0.8936346431432618	0.6374837450125942	0.37399913448582833	0.4374063135784028	0.4508525648195645	0.61219965066227	0.4024605062531932	0.56537625798211	0.4639924184286387	0.334844469799595	0.7796560549844096	0.37826591143614524	0.5537370819760392	0.30500888060418874	0.6215512072678834	0.4319854230214548	0.5144672301841153	0.6303914447546827	0.41174187556781267	0.6051425927374263	0.8612359980604289	0.5932797255082075	0.39755481558612854	0.5511758552952871	0.3723425285602823	0.4779793029660512	0.5420690270623566	0.5034988324606159	0.39351905697746686	0.6835052494879121	0.6228534648598243	0.497385888914811	0.45878441143970283	0.5278990209809177	0.45313611608767634	0.27775958512034915	0.328699266796159	1.0	0.1268242995510166	0.3477944365196319	0.46398044942057126	0.42147529024304325	0.4017007811268094	0.41963720270979754	0.4993007688796635	0.49021732624829834	0.7779035679751869	0.6701906158402385	0.6850366975395704	0.8086156206051685	0.7458809301217522	0.1794133274029416	0.3278254570712823	0.44921149481226097	0.2678571082725766	0.8970874049463521	0.44387261670351985	0.5078575510060473	0.7852585278191803	0.3774732052366757	0.14955361663169453	0.3022177381023074	0.45001894945330667	0.7477439199724433
cottonmouth	0.38272581113424015	0.5381130230822856	0.476189041258521	0.6982168491268108	0.7398570219434653	0.8174290326175573	0.5165191012393283	0.3749746412063487	0.6300083063710533	0.47685894219667607	0.5870907686000648	0.42600218644269705	0.6837920767205617	0.7343787542553074	0.492643213436735	0.7245431449495651	0.31129196329115394	0.6076113926875663	0.32419665722267516	0.39083602218055224	0.393437765158646	0.4543504707398435	0.5047396013555572	0.8329153503808776	0.4043969550431732	0.6984185545006516	0.24161143824305759	0.25235945231222273	0.34712929644448887	0.5161081676316938	0.6316462567959457	0.5090874729549759	0.41940380922578085	0.4743417825167662	0.6632301868262293	0.16405573244834076	0.6182929310731464	0.6049149313965478	0.7258426334268471	0.3828345546778377	0.653366232032256	0.8804026115277936	0.44605449548332887	0.6845661143373343	0.19725123755121188	0.6075983686148176	0.4792623909581497	0.25422842146994046	0.4928244300360758	0.722041888507222	0.4535491374179612	0.6184337617033847	0.9113158880156027	0.6596993584896074	0.6908948579694241	0.25534112252989827	0.5157922385278018	0.4952522438607515	0.577888033525974	0.6536654393203492	1.0	0.8082778143649069	0.007400547916623645	0.7852113031027983	0.3416432994868255	0.305894186911108	0.4180712955587955	0.5821060733923805	0.500676882956417	0.4316261521972995	0.5916188429450704	0.6000330828036576	0.5188301077595237	0.26401389309374634	0.635209705609233	0.2883166062031996	0.6762494062044807	0.24351902103708778	0.7474031756645398	0.25769991307562584	0.6335817104558503	0.5812372879478913	0.3556297196301219	0.2987564040589342	0.2769058445348754	0.4202941504407672	0.49930066083897984	0.8344000668826166	0.5941243497140186	0.4948470796123308	0.6941366119213207	0.4607731040381093	0.5297341099281517	0.34563452913795656	0.29596045745787525	0.35669988358453203	0.4901289117953827	0.5597408488840626	0.5847646717069013	0.2814396766691261	0.7553695990796458	0.5612464257078107	0.7231785527504707	0.625850145238376	0.6238573260386185	0.6183550832449476	0.5054682452345056	0.1649965752658838	0.7298587918901142	0.6289050264380285	0.781563882477347	0.2449748457242219	0.6605087920536332	0.320107605465486	0.35095284905999363	0.2575856137264032	0.4151940926043507	0.584630068037675	0.6885738212268847	0.873234939029315	0.7314820664283179	0.41189154537716577	0.40033541908088366	0.5364271545227053	0.7349898783088087	0.43582960727189657	0.4908146988114037	0.6634719658093493	0.5355124250659196	0.3980879968222749	0.5062453715153392	0.25022698098815727	0.587884482382181	0.09100202326252688	0.12026721811820246	0.678352213040214	0.4628433524976673	0.4349039007065538	0.7727916538617189	0.48567256001401615	0.38942565787509326	0.3785888733896512	0.5510482935821421	0.6071351719996123	0.579996352543229	0.3350751499632386	0.2934631585408718	0.10453568879779909	0.3607894679826631	0.5402207925697388	0.5767939527290844	0.43736104156588895	0.3453441398072973	0.24609351878121666	0.3817609983420936	0.548872907555425	0.5410008432209347	0.17334002846854973	0.9827929159045574	0.3662765166184203	0.6302936071095737	0.23633557392714646	0.7120789766862665	0.27387843770510845	0.7749908111618138	0.5442239803082765	0.3621380777890517	0.28871139668255497	0.3765540463835489	0.0636138623102408	0.3586737368293842	0.6699449240525132	0.6452970714546694	0.5308367428619792	0.02256251953046512	0.23768948306238158	0.6680215550363249	0.392226601705291	0.4483922580680765	0.8377675002140158	0.685069244026404	0.33286627278811476	0.10557301526360391	0.2201382933085964	0.5869717091159369	0.36637954009063367	0.356677192351023	0.5163508678885541	0.4133876099643121	0.7307400723575093	0.7624757891118104	0.5297580369523067	0.25063006391884474	0.144996255526058	0.43721164547960323	0.4928876347264383	0.31093234842958783	0.4736173678929033	0.43609769610125815	0.6221174431611171	0.6738483998212657	0.5731768242825358	0.6355820683841893	0.8390701611819568	0.2568990440335087	0.5317555865022416	0.14206024133514733	0.5163385251542999	0.6440786939739831	0.4170062554071205	0.4085722158174144	0.21252000772046187	0.4503659376344778	0.6318237191770749	0.40412665092116695	0.23611804971487965	0.1260749873102946	0.6183835784208586	0.7002540061424921	0.4105783238432498	0.23725045205854206	1.0	0.37367292589421375	0.5315586926622466	0.641147083294127	0.5269787055205022	0.4237260885201082	0.743493666905422	0.6661663774842073	0.5411526028840054	0.3751027689079638	0.5258337289373176	0.6468904838648968	0.48979209866903034	0.6482569815079342	0.7985275085871005	0.6395086016491786	0.21791419826132058	0.3327772527079499	0.2998676648194434	0.4957442945066651	0.33067141124030214	0.5676079269474607	0.3749947415114836	0.44304949592325404	0.5180925703574031	0.6650301163579151	0.5564107105477119	0.7097745269877183	0.7744575713849229	0.6829555273862844	0.5289002504829917	0.5273710145469561	0.8357815212874738	0.6892941131038691	0.0	0.5379861826755662	0.8805757612917973	0.6002010582507206	0.6967535377913517	0.5072277862623726	0.614405881650043	0.09502528842263802	0.3222890731507474	0.19773886032698873	0.6266371263725489	0.4619314565074895	0.6215180591658671	0.6640299370713062	0.4726593607008177	0.5814039145323955	0.8253743077775706	0.154694703186381	0.5480225323581287	0.386347209314366	0.689935829708588	0.31352153115492953	0.5241071891746015	0.43194553323044305	0.5098888823414178	0.33926518515683385	0.4298196766188329	0.8203568379059221	0.43560603338320625	0.5415502333697402	0.9702367233599296	0.6659294773190191	0.5845867040863438	0.4414791309968329	0.6616527704358499	0.4356491864282203	0.4901493325524905	0.41991894552189235	0.483595469088818	0.46806574114402943	0.7589546574556948	0.5293777108550075	0.4480957336709246	0.7117801017895156	0.48253603325272043	0.3391235645286542	0.9800305108069418	0.43236564168702607	0.6125348069180052	0.4505182312671516	0.4386011955684608	0.3514627376579821	0.5376643970814081	0.330646991288968	0.2954243755915779	0.10148753733886073	0.3862641753357273	0.41870219813706616	0.4324766830002749	0.11405945544036605	0.42432937345309163	0.5194006637303762	0.6171661242601097	0.5268616252860119	0.8252267075440137	0.8818496821829194	0.667597868647265	0.4125091202680343	0.4561549537641046	0.5664854532955867	0.264471513638614	0.6902232476807378	0.6396185007313384	0.5504199552611617	0.6104024152294525	0.2633132059482842	0.5439385110873227	0.31674171460469414	0.8405792527444036	0.4402681428933828	0.46629962462754165	0.7156715899698367	0.34623102413884554	0.25253627334016815	0.3761090612693928	0.7393976094395802	0.23419638547250882	0.24823197297240956	0.11330474875444108	0.5766501551399028	0.5564587834719331	0.687077263912498	0.47576159714903404	0.3247604962896863	0.29882868969531917	0.43250291969269994	0.5945488175330467	0.28419627369997985	0.5183058868568671	0.29730212116133026	0.461586225492985	0.4335034092615803	0.37619018245452723	0.8160793315104979	0.6453964753496502	0.527959696550967	0.6640434495601896	0.7146884199134603	0.38372745879469083	0.5303548566537343	0.22453726840947266	0.30632561838975475	0.7248364121471917	0.7193223765783119	0.5212788146685886	0.2654051443706092	0.7330002062015955	0.4194974241578275	0.6030644854297338	0.656741413387907	0.34239641550953787	0.3035466732866333	0.6589011948357553	0.36000157860911264	0.5472192207241174	0.4005059531531734	0.5522427686587926	0.6170353477929079	0.8050352148710436	0.5884825243375664	0.380322997848595	0.06620864022001643	0.26456265288574743	0.43485984429833346	0.3443132976683638	0.9168629581449206	0.4029128221296132	0.47660184001038014	0.576689701542848	0.33511592628122294	0.4838841402113473	0.2386057238343613	0.2893171600842577	0.5423922465404007	0.2969356831723388
cow	0.16736080311898638	0.5383343667223219	0.5635448700139719	0.605004053541284	0.629910069168264	0.7192904112932907	0.53572354509736	0.3384309850751455	0.7650460020425458	0.42901117556053114	0.7199400522473437	0.7546250659774094	0.6914515531686722	0.738619055623952	0.32073751824999047	0.6060866327189844	0.6727197075648286	0.6257029363912648	0.36517756755377295	0.4281150097857735	0.4412199072371895	0.2711371876650921	0.24769679754792542	0.5294340151631154	0.3306774725981022	0.6537869451878493	0.29966743623298625	0.591737109231337	0.5599423056575219	0.863976447625227	0.41636492986443263	0.2521052101727852	0.35489062364215573	0.4934221014239609	0.5769336495741059	0.2499643448153394	0.3374784892071432	0.4557108997895175	0.34841412415989303	0.6952268531842983	0.5004952547694719	0.7208103732923097	0.5352556494904609	0.3098485877541403	0.410370776624475	0.24169355334619258	0.2608743184272403	0.680911713355234	0.9999999999999999	0.6227004783620745	0.33490427207033135	0.13063668866123135	0.3070089203821054	0.7048371400821493	0.4394575086384167	0.6063010415460385	0.6794018484965875	0.19809219756543114	0.6314574032674002	0.707088846896627	0.4471176122464981	0.7733170465989627	0.46469610957709756	0.6292114121543525	0.7332794248411454	0.49357303048845586	0.6954624449019028	0.44452701321352667	0.0	0.8219990840888531	0.5319128620823174	0.44686443860883873	0.36105129204716174	0.6391339674337466	0.22626657435135117	0.41388544026278473	0.67994868707069	0.6195508831981864	0.5373417344533022	0.43068953660505177	0.6022719422195161	0.5621739396688821	0.3544137850191073	0.34321278346947576	0.25102230733780606	0.385515005024908	0.5565973352037169	0.21470940603004676	0.6770757092155311	0.36064963207412193	0.0936068291715818	0.6364573982754111	0.813961894852961	0.6580980626498286	0.5073068371665242	0.4235718675340945	0.3142519762640956	0.670684925056327	0.5623682940272352	0.23374901266216128	0.1696478880892498	0.6676689986868686	0.38256341924867615	0.5716096420789633	0.847535119496698	0.5257014903208406	0.1212832078787916	0.491339907879881	0.33369818579073096	0.22349962335723936	0.5007760567586104	0.5697849220531911	0.5883466872619686	0.5832851635663445	0.4108646904575449	0.40501502198832284	0.4956426099899007	0.8471397563336835	0.34734253686557726	0.4050611289759761	0.6424711565834151	0.39194370006543117	0.6251988539405157	0.6226320057287658	0.21313248878236202	0.19227056708603607	0.618862082774756	0.6784306263708931	0.614448947076382	0.43584189537507523	0.7410393517959674	0.46446130311824085	0.013890200298691369	0.4864922116044535	0.2715932886161221	0.2653851193032206	0.5158943447387858	0.5368191799424404	0.5302206602135068	0.47815393736683703	0.3744632089377429	0.3523672079057511	0.6196351818733039	0.00707568331760744	0.6454581814767115	0.5361813201428764	0.2373323396591868	0.6681145335018053	0.554951223745177	0.5145595060709064	0.5130338237073372	0.5792312798319011	0.510089502913045	0.7248498923330453	0.3090218571649892	0.7004057486241193	0.7285690901218902	0.38188222096111657	0.850370618699883	0.41834384000395897	0.4312448874734377	0.2104524655207684	0.7251067548921267	0.5411447299428046	0.3000444666422865	0.6273542788361588	0.593089674126211	0.6539273815439118	0.46262333196383754	0.2940419062836539	0.5211591910128691	0.3911860285855758	0.24063330247709502	0.405328109614696	0.6195940280661661	0.42320422862745544	0.4060097132493153	0.6172216303457029	0.48235820710594735	0.6144536503762529	0.6564501553928137	0.44605287943956207	0.4773961028083143	0.6422301043362569	0.520313246562355	0.30136163069312305	0.43509342434153997	0.2275209524690569	0.4004087422469139	0.8212254238911361	0.6418988067441822	0.27953508885408024	0.4315264403148157	0.13702064580477025	0.21860768293192734	0.8180445384047477	0.5768829338298898	0.48938897885454186	0.3148220721322276	0.8231666231762851	0.6330741401359632	0.5623133047488307	0.5862753831539743	0.5193881626917308	0.4670865039845802	0.6938743064100549	0.7937615872707056	0.5631848802204997	0.4385493899841165	0.6156344208001082	0.7583981431999991	0.6386978323774053	0.5577039432372904	0.743910627573381	0.7927711586416107	0.20214648912496014	0.7181309376722687	0.5961804147063501	0.5647905582097198	0.3559609630630417	0.37065483559485246	0.5973936460537732	0.6698509640712196	0.755472841133458	0.44836756993088034	0.7489562153298941	0.47807811705727105	0.4124653197203283	0.4974938163701581	0.7361773885987514	0.6019166511908605	0.8247035984671628	0.5300633509213799	0.5311613853770492	0.8745690736663672	0.44541686925704516	0.7109599847938606	0.6474029566459002	0.38347000503330725	0.45712043487973236	0.637916440934918	0.3870979209877108	0.7767968246312624	0.3730690434582179	0.4934749408429795	0.7487300542558051	0.6322520228659572	0.20081978341459839	0.5351388601393088	0.6274425882914836	0.4160464402411156	0.47113191445848	0.6453350747366584	0.6053350679353988	0.7089887648258708	0.37319036368283937	0.4409458733004982	0.7271741398131059	0.6879465755144814	0.19994316392908212	0.6099485055666063	0.4353195122489615	0.4352361407367308	0.4956093135075411	0.368428917222971	0.5392413227352375	0.41888400529782316	0.6397966701246574	0.6362860962535241	0.55245187165501	0.4463245464948553	0.26275112571105413	0.5991690634331379	0.5707901262679436	0.5791610857879791	0.5384019030794198	0.5275788380269308	0.31087078476720964	0.39230439639256703	0.2113931740658685	0.46268718905732475	0.40300730845848864	0.6623897714182171	0.4451435947167194	0.2935846347694406	0.35814748238795746	0.7176230339731468	0.4402382647125485	0.32862393923612865	0.3367889071859884	0.06205898231198703	0.5006657851043952	0.4435973401880985	0.5846829014251604	0.44376599336319666	0.322743773659836	0.5096123576122755	0.5394902385481047	0.4716345830662723	0.43232007637818604	0.41583075243754253	0.5930384140554436	0.6197577776573907	0.6598574279985531	0.48792584355311297	0.624035117416772	0.5137269960852451	0.5800215732827781	0.5253199237420034	0.6536462698826662	0.6498870158175301	0.5840176238733723	0.19732355716295752	0.6134062274830853	0.5052512589881787	0.6939090983827395	0.27912950682424115	0.21084929540305553	0.6326876239340204	0.6029354441482749	0.49996253195080187	0.36925857833151277	0.18811711979002504	0.6381815434811471	0.31275660436504715	0.5376645314563149	0.28294634190609513	0.614220851543389	0.5085045017954947	0.40128673222564637	0.3787751249850768	0.29004240575396273	0.5026927409373116	0.8526064907795621	0.29835942163742146	0.36113699135730254	0.8093272409999679	0.5767678021450572	0.3777784927286057	0.3845750628983259	0.8112070896793273	0.41376221394126317	0.3125205172219484	0.19225812340890355	0.346197880929346	0.43814666359871834	0.45585915235687047	0.3067225852115361	0.5534211307257049	0.2339862899304867	0.39100721185144494	0.16763013614301725	0.7159379552046957	0.32123249372766355	0.4871765000534311	0.28807817777472555	0.6312658342609379	0.3913295437989295	0.6767658290656746	0.40351373539566643	0.5156414963429964	0.17249322187796595	0.47653651664490604	0.18593369324187003	0.3535374730287839	0.5519412697055968	0.8112063890221882	0.2617249202417046	0.5064424386681465	0.44381114744235095	0.3873813362580248	0.5265504286283289	0.9999999999999999	0.575657852791508	0.3146577978559929	0.34016209858813395	0.5134214111611441	0.3572059164128108	0.6071475555330658	0.507302082910107	0.713344700280894	0.6850996130148662	0.5549588462142279	0.6600632092181521	0.5714893553318902	0.6074299010286128	0.5539964945713811	0.417625625896263	0.48926065197794055	0.5048378991026219	0.6713370391471385	0.6804825769224272	0.49827530276183196	0.5072642692904091	0.6211177777727876	0.5364333241705852	0.3466895745450519	0.3949031374531409	0.24041101316330524	0.5663742353642833
coyote	0.2679131201042533	0.1252493983002192	0.2899092652893594	0.5801941869567517	0.6450157840670986	0.06492675484889643	0.49714129204161933	0.2509276728252007	0.5779768256694802	0.6636032228266673	0.7102606167179768	0.5190912384480685	0.908718210296238	0.21282594181030637	0.4868841756473716	0.8109075418766967	0.8930833125012911	0.8517645784821333	0.6532744422628017	0.45014404711881423	0.592125253144946	0.31438560814885147	0.5086604071777197	0.5432024379454785	0.34592176682623327	0.5695152499851224	0.5935263314824502	0.6138249542617458	0.6998423656844521	0.6727024296138276	0.47410989474726184	0.5252089673677637	0.4297316882189009	0.687006532530696	0.28047491965481525	0.5863509556468472	0.6391514033475014	0.301523491835095	0.5547908978248086	0.5837555698653388	0.7276371247316247	0.4148862287896735	0.46888265239640514	0.520765268651699	0.5540448800971987	0.7627652926996917	0.33055025208821376	0.42605661786160337	0.5277491365468857	0.32438911427386247	0.3331792091593107	0.45741596047543415	0.5831536185546456	0.6225626641925103	0.2521044618074906	0.46545778698605467	0.8834403965402158	0.3811018261570245	0.41127100758169244	0.6395281028214295	0.6398246938566068	0.595606774784163	0.972884960974284	0.39598276174664876	0.3211117024983232	0.3769183285367466	0.6404377525650082	0.42063593198926696	0.38390912721971016	0.4861300448761373	0.4507185220929946	0.1741094595126943	0.609264186731719	0.19602876654581425	0.3227100463915503	0.829196853507182	0.6376476269687985	0.4654051221616031	0.5539487133185651	0.39672246447613035	0.8675526121979342	0.4902932361546996	0.4477631037520893	0.5759942446881849	0.9141808733062172	0.0	0.2545386970432267	0.38790991596141966	0.5338520494921142	0.5971504848805008	0.3819695219928414	0.5178561663244379	0.21633646338560447	0.4969333085825075	0.5973142716935593	0.6727378485611274	0.3020752593268181	0.4908990107620895	0.5546637399782723	0.0785143709568697	0.368891084224771	0.652284814824752	0.7093765110637781	0.432517445606375	0.4461166270767844	0.6715138453842127	0.5446408383808536	0.6226997211933073	0.3833948115957903	0.6151596444841441	0.45829841409924	0.7088063262096461	0.6951215473403415	0.41589213530281244	0.971805735681851	0.48589133657475675	0.06184477361026952	0.5953065083587218	0.020045582997790357	0.46809962225035584	0.4709111405609937	0.18034955568220645	0.48439583858787333	0.5487255716339471	0.5946294451370916	0.39153101916817395	0.40368619168705017	0.15960555816606203	0.6716022596289444	0.5592114673252401	0.6909576498626313	0.45546086212603504	0.14354748956005592	0.36767020334823525	0.024012454439591324	0.22893469590209892	0.48245430365561803	0.46550141568496617	0.8022128521081193	0.596002266888014	0.30074357639067717	0.4793487704180187	0.5784782174920805	0.4605992190472963	0.501232802781858	0.6385072757497547	0.4205877403104697	0.6076801195771692	0.47755939431549443	0.3760313181610995	0.5933191762292344	0.6486870086329164	0.07187808835585818	0.7067571442221805	0.5091415275132303	0.6450025652236872	0.8341987681849956	0.16463500223785005	0.4549618261254855	0.350914542998026	0.5655919695786649	0.3160335484469164	0.41452275850227777	0.3849242871607547	0.5016063593214783	0.14899592840987652	0.44868226128272404	0.9037084764758081	0.29076336009880227	0.501349984883292	0.6461362336706405	0.6827728721070558	0.5264228853029475	0.40308135550282836	0.25581984730389895	0.6798812937819376	0.35652052446618687	0.31798297543329535	0.8667904459206996	0.5818617447740692	0.6470311204420935	0.36307329159572965	0.5728254021852214	0.41224590099856623	0.6118467506592671	0.44197137469580283	0.560531060895138	0.3826379220427794	0.47519338655380156	0.3243883699655853	0.3593630682474451	0.46499178865730406	0.6529004943157612	0.5014750689695272	0.5183948197139352	0.33331517086653784	0.7792211470766908	0.7876318752415294	0.3321101231133356	0.2999027223708636	0.43241416444855907	0.5808135624080489	0.5682302791656859	0.6250708840331698	0.6012141214885038	0.526741657965548	0.6780016820096975	0.3352477407428502	0.39839692743519683	0.7624173842720052	0.5658320261759953	0.38834885013133	0.3750166985268434	0.7631033027339024	0.7915513698043771	0.47632729346248415	0.579367495150576	0.41457520630031236	0.5216318057481293	0.39303654057750803	0.23073629937194534	0.3527240731434703	0.4458098950898527	0.4278656283658864	0.2830963106812111	0.23627670322119182	0.47463629301780114	0.5882116151208838	0.37710410439952435	0.41819057741056204	0.4888085817192126	0.7178962161380152	0.608430978285929	0.6563023237945386	0.354692261741028	0.45184262757545035	0.7342482020602394	0.5958216760224886	0.8600844367002558	0.5947417479324569	0.3217933075132151	0.518821392915827	0.3330199883854606	0.5856518889058262	0.537046761991328	0.6787862748954353	0.5501569621532644	0.583901422315622	0.6328465398592267	0.5091536678627036	0.08276786448261425	0.3864351415984666	0.49820832380707847	0.5552527595114866	0.2370874260511187	0.576359174509203	0.6035294109575557	0.7688901490692769	0.5635950576295724	0.3714161861979027	0.4411721676085899	0.6307787429600978	0.41517552674082564	0.3165799349716463	0.6791535482908154	0.37752812151540815	0.469569981947219	0.7684160062618138	0.679931880519498	0.49125822903806643	0.5360818685672544	0.5640113378374388	0.368346919074404	0.28416314763404793	0.6228962785119834	0.1880352077100202	0.5829400396963046	0.734136282582665	0.4257551498334694	0.33825214781583657	0.7234858170955535	0.7094542642136814	0.3248996989907405	0.4427923638075122	0.39967081962311723	0.5435565528800119	0.5600015592116036	0.30834536719858674	0.39157870404334466	0.45459454174283864	0.8077517636104355	0.2673628314359458	0.4085910658435642	0.23744796573082366	0.4042363793285496	0.6188597698892431	0.5823291217469255	0.5275632839023487	0.6006562399335788	0.5551551175131576	0.05988251496458891	0.6525662691788761	0.19151845683675078	0.9753797276984866	0.5179541035444777	0.3944343719478406	0.009702687527048726	0.18170967660475756	0.7550362578688706	0.7444537337811563	0.18361999151010075	0.5203128900598017	0.30625124997401987	0.5441053825655002	0.2327952749940569	0.6586252297678566	0.5835271426568704	0.6275994662907609	0.28364836372939045	0.7337170899779586	0.3391140182296818	0.556041821224644	0.4633145666999455	0.24100504969506703	0.40172064988946515	0.7813979824526457	0.4379353537516959	0.4097413038231315	0.6137385597908251	0.6938964915366953	0.29665993821601483	0.4776356740209845	0.6172280888522953	0.8628838790257674	0.2863677278193612	0.1706517735900122	0.8380063695621607	0.8066267045882487	0.6785763729374992	0.14908165600865209	0.46366925600703224	0.8303720817836717	0.3707791198772964	0.6248681597842191	0.5039902343601839	0.5739102562338291	0.5241491118532108	0.5407689128762785	0.6467839983282326	0.26834678570222015	0.5403972184695837	0.3792156427969072	0.7383327634000127	0.5518539950602224	0.7317058942755801	0.11596050454431023	0.4052738710621044	0.3146205038568719	0.09145364903424569	0.5168746878786344	0.4837407924408229	0.3053476130578772	0.6094083430319698	0.7031737601677639	0.37131986226613023	0.763063942334029	0.4939742569287971	0.5626055079749774	0.4900385495701155	0.585884141669208	0.9128187237788199	0.4308612542027346	0.7321891210375766	0.9326977968570624	0.3040408353007328	0.2520737197283226	0.6057721335046483	0.585172947645261	0.8586229421860969	0.2474439868218486	0.35981699129357314	0.8169497953063429	0.6819883936171062	0.40881170736249905	0.48936285490993103	0.582605477685949	0.5875103651323679	0.40388321374832703	0.3453321160340633	0.3497573065353875	0.5887785434183792	0.6495489913442233	0.5833469552641033	0.46435237633500304	0.5316828656145078	0.5422639116664966	0.35685477293838136	0.39472118713408916	0.3760813140621285	0.17759968800399445
crab	0.1159567734489777	0.4217947922966265	0.7425569063162148	0.5730922957096857	0.5903124980009552	0.9118099939188906	0.4326644237088102	0.865940136252519	0.39633020315753886	0.6012732339967979	0.3418583832659883	0.8536042833688906	0.3037269200414548	0.4316356263714167	0.5407202182617743	0.5939924749215849	0.3673540270664284	0.5560853753905147	0.23731155058428932	0.291038517110765	0.4809912696630839	0.715721548034411	0.2939530851049208	0.4435888917123447	0.24893686229883843	0.6219170273130944	0.32538573415552174	0.46058987984909444	0.4687355654078324	0.2846510871471586	0.8352963888760268	0.3012832563758237	0.7188409845862964	0.7888324020161941	0.5750346282398218	0.4857222201986816	0.466947238563429	0.35213650684045134	0.7082998878393787	0.33192800353522683	0.8546772121426691	0.49111366477523066	0.6943369434268365	0.366747142681478	0.4575761786676924	0.6812621682681852	0.6588732816246464	0.9888971745326534	0.46757719292587263	0.39247454476399657	0.3603485976442019	0.5089135323248415	0.16203756640841022	0.5615982216867571	0.5046617883370679	0.5119164680524976	0.3296914859917218	0.3646823053106864	0.07808697155875127	0.7023724862313938	0.5412833797542707	0.46150149598167767	0.49339212188869785	0.576912956360547	0.49331451473047966	0.41378789318064224	0.5344726598166274	0.6288153686100472	0.7548257278335955	0.8308633655126292	0.6982484700481607	0.5209630701580069	0.5292461315502623	0.6308673915186391	0.8478458522022785	0.6266598449756291	0.6312446727358666	0.7432015775204011	0.5629783499240555	0.46111293182415797	0.4294373210248325	0.6064309652060593	0.5495760447723693	0.4050761196959894	0.45945916833214795	0.8596855372557657	0.9709960173126713	0.42484976975722766	0.6474231202438845	0.2999380147404467	0.408116664819947	0.6111380551335175	0.2913432959556344	0.414497925825318	0.3551191720643614	0.3592889096857983	0.10450151326245477	0.30532866753847887	0.4049886343179334	0.542566261651821	0.5332235611415898	0.42043637916044224	0.35627511431645087	0.38995594990624344	0.45505805485490414	0.6067090525216727	0.6980765484981206	0.5433265313968962	0.4462315429755534	0.49807394626472773	0.6374882495360792	0.5229920540365245	0.5129887200857859	0.34226581769822984	0.6220077164772212	0.30443761249705537	0.7340703775612684	0.43879492118784297	0.6212850674816415	0.6254934122707018	0.38452070705610947	0.38703903842502385	0.4628384677320663	0.4215742550921899	0.29820052803223235	0.596588620258949	0.3497401558765941	0.41869822233436704	0.7003101677249948	0.6447381665461586	0.6133065237227	0.6528910425458131	0.6405113466191508	0.9389981319728167	0.5356517541011796	0.632482713085234	0.315966965129966	0.4610780178247794	0.94723981999953	0.48082655319395745	0.5572424094812358	0.5656342919875692	0.547615970781975	0.2772598476163154	0.6057719423037686	0.650675623116163	0.20819587920074176	0.46648542294183204	0.675842312589088	0.3946045798242225	0.5269636407079472	0.40533545865264986	0.37740361323231925	0.4070025728945152	0.4049659227304412	0.31996989628321293	0.5386788544941371	0.45588285175963855	0.35831253133785457	0.609512503907629	0.536969801846302	0.45921495705135584	0.3594697595671173	0.49159737807826304	0.5032586452604282	0.4399454160522447	0.4972944414455853	0.4620502894226561	0.4753458759215068	0.3395466264951932	0.5132468068296856	0.5840944259376502	0.5727446937915871	0.7221064365309866	0.5479117132312289	0.38027712458235197	0.1957175766091824	0.5663396475234527	0.47223280111235766	0.4075024238200091	0.3999811722761896	0.532694828243786	0.8687481126656524	0.49764581965456195	0.3408477394628652	0.04626497888771686	0.562141959462375	0.6804101016388368	0.7820133788438067	0.5067806589191994	0.2681001228915538	0.32400214570508257	0.49635122795645553	0.49964726198248877	0.46138238572540785	0.31688060025708586	0.6589688237084876	0.40797318566420016	0.3733584213133384	0.41429717325820414	0.3466967606752123	0.49693021852983055	0.7152366210396255	0.6491295964348004	0.6156032760226366	0.5494584090951071	0.6852496563008074	0.6966368350482814	0.7109241867484641	0.49227863422588175	0.3087803332636379	0.12195893904909083	0.7363895932489095	0.35809659426304424	0.16645026514005978	0.5225507381916443	0.19274807807569833	0.5805652524013328	0.62004646891995	0.5202538900829162	0.21048393761359097	0.3256711756988845	0.7219715429914931	0.6893221532077749	0.43209608702159663	0.6068941585816038	0.5777626261060204	0.0	0.4563241744293402	0.3581449038019162	0.5103902896800123	0.39472354408606697	0.4461039698197629	0.4771851492960698	0.718301119980377	0.6793039609792052	0.22260172631219008	0.45644613353461067	0.8719201104012195	0.3321079128457931	0.643839548922156	0.2232449667560754	0.5243960285184498	0.18542573490782815	0.7538862540575904	0.9230849538327381	0.7968531341245373	0.10837875781114503	0.5164008810254761	0.2397815227444477	0.2763412306525364	0.6333506684806712	0.461395465876546	0.7821972634829772	0.38182904508797133	0.6873940671077923	0.46888606663642907	0.5117960508707662	0.546486488821496	0.44119964335381207	0.12859744369857773	0.23991362065739136	0.2941477859088881	0.5170150008050904	0.6097820513935062	0.3905022625723217	0.49983093702261316	0.5091618473875769	0.4727835760601082	0.5871181705980053	0.37769687571766075	0.6253296499422889	0.3894549090426055	0.4245424003689695	0.4004609594121486	0.5677560946073562	0.46450474900456507	0.7561117637005126	0.7438496650388695	0.9218799260398034	0.5195235387661047	0.5916502476551645	0.8381687969797844	0.3373464250616142	0.7067817887759666	0.37573559073609253	0.36969383655134164	0.36622552069519365	0.3599028708208809	0.3353167691299093	0.7157563412795452	0.4174401248179732	0.3828471047233196	0.8253637526955556	0.49736799883825983	0.5497848823280089	0.2203370161023603	0.6467338967963657	0.46513500717133427	0.23426697625316978	0.6623073787840246	0.8446221798254	0.4624696216541171	0.6885672667922262	0.3464696302851616	0.06241448883392969	0.5503648248149462	0.41611405266363233	0.2543103543391455	0.5849654318664084	0.37719421723081814	0.5837908681207562	0.6470737735828948	0.36222957897029506	0.6370741419533199	0.5185467508358745	0.6379962273502833	0.4853209113498743	0.655820242993605	0.4331644639669643	0.04740950204975125	0.4841364013065116	0.5991532953532215	0.20707310491833594	0.6766438397872133	0.4521226154633265	0.6612185008732456	0.31326692747506146	0.7067532449066822	0.49777548916994263	0.6537727274167234	0.4305089359622257	0.524480116701927	0.231353560436223	0.5511001906543217	0.5527661387188024	0.5269651807538737	0.18617132855327867	0.6427285597467196	0.23335187699051202	0.5492548001155737	0.44672560507191905	0.3093584189651759	0.19936948532617155	0.7016581239535047	0.4474900475165807	0.6771127375818247	0.5490042539148156	0.5917391590434621	0.5544581251262142	0.34759323727583	0.5829401062693613	0.5505772042894781	0.45770691131136965	0.36613980733973106	0.5356869234686501	0.4964575570987636	0.41915641762311606	0.4408843972855966	0.8602150132933681	0.3943151342883233	0.508576699506055	0.650125860692369	0.4711540013027167	0.5049565184592594	0.6469452155982129	0.3999093019277281	0.3436460610729374	0.2687898945310013	0.7630894671498881	0.5480911298048045	0.5895527392404479	0.8990374587064693	0.5260071155495211	0.21411037803570748	0.4239433472913987	0.6300474156664577	0.21615276458393476	0.5772616314512787	0.5298767530254392	0.3545249134393974	0.7057180074026141	0.694509371255796	0.5358420800600414	0.4152745826659842	0.59833154717137	0.45027375270010084	0.4856616446957582	0.3352121895406312	0.26449440019201836	0.49502228223066586	0.12143805609345454	0.4606005687583036	0.6858063983665648	0.24326347923302172	0.5378124074754848	0.8596224371738901	0.40400300289266045	0.18526153048438596	0.4647218891968029
crocodile	0.45074211866036096	0.6321136766048792	0.6018925253809231	0.37340023238635855	0.6103878255828148	0.5478721717236243	0.3991687327847683	0.3866000011265547	0.7763918301595258	0.5678527125921367	0.7165596536879223	0.7186390597180594	0.6084650406028174	0.8863137538838646	0.47849110538268863	0.34746583581708596	0.7908688861664687	0.40764654567630265	0.2392299848542318	0.5899529189118652	0.31591579873091397	0.5184330390877678	0.4886900110936882	0.2953468639004515	0.6090985597034277	0.5399709704424054	0.28366410080688653	0.37111988847769894	0.562147186710722	0.8513650909477579	0.6620533177504687	0.4818436555418464	0.610314487680955	0.6633762574635576	0.9112224771332789	0.2913999926094738	0.43638231859988547	0.3876549420308413	0.34844867250777345	0.7241403392701331	0.531136715672688	0.19028836583116976	0.7096420355286096	0.701454421394038	0.7226570247164418	0.19898777318381933	0.3811472911613342	0.6507105138678378	0.5942829760477246	0.5315842427935609	0.24647179939694683	0.5104577444633369	0.6481147364670369	0.2388260516832773	0.5200289651848993	0.5604301822385398	0.6779955504714839	0.487045231780403	0.1806018077921434	0.58519801372304	0.32467595963548357	0.7900879955634857	0.4170231696418457	0.6018100799177648	0.5320283887734262	0.5819120804779772	0.5190841188199922	0.6590986942343181	0.6792052854239848	0.6541684282171906	0.41438445751190306	0.44437832121794124	0.4533291128423153	0.48717159046874203	0.32164569648968744	0.6599084964703268	0.5507595643918594	0.036745443676121314	0.4814773370859744	0.6494461067617818	0.43671379682882216	0.31121950113322233	0.15444169144469938	0.401703882096657	0.7358171262956027	0.42785175654944607	0.5086514295516922	0.5561374700530823	0.7629729711651854	0.33043373387098973	0.6159564327209903	0.48546527776435033	0.6398527401498831	0.48870463308528284	0.4866975208396953	0.16334337284415162	0.5165013709596287	0.651860729568136	0.5415755922057636	0.4471088037394201	0.46219406763936927	0.17552810838137495	0.5917266719361703	0.38816072937094054	0.9343241656799866	0.6695840627384324	0.3056820158001981	0.46588175562330825	0.4210907238332794	0.3608255785835519	0.7059992240960961	0.6420372101308917	0.18655278187982982	0.700223696067795	0.3807385551118719	0.5572125000442396	0.7870767172224955	0.13591535397446375	0.3313285013161324	0.76845506534705	0.7748131462129677	0.588529024227575	0.4863636965768298	0.45805861147786336	0.6974310483950119	0.2096947835757867	0.5913520503059159	0.4390789614686854	0.7786897533296937	0.6683864856556481	0.5645872463727406	0.6179877598612752	0.3073699403819233	0.6677154211643225	0.4543903906974375	0.45156561412710156	0.4179675088979477	0.32116102267943514	0.48267241579907005	0.7471825504108155	0.05142103956093619	0.4865210898864136	0.8171753684098015	0.20032287454546757	0.4737491121195459	0.5057256159236255	0.5593547423237133	0.6547403064855672	0.289092078003609	0.35403928430045445	1.0000000000000002	0.6978138543814243	0.17029334279642694	0.3931695672393566	0.48511345127072997	0.6046819915548659	0.6828713888449959	0.42416766036912806	0.7650723352412192	0.32285082332147064	0.8136046309972216	0.5039583783888907	0.42367113335011525	0.44152370389520984	0.6942679912401184	0.4486021729629909	0.8363030710165628	0.657639155686949	0.44655780795178673	0.6004484578825184	0.6636191840618243	0.30081678687640917	0.31872734250379386	0.6325162415859966	0.8974255700692162	0.28777313698909185	0.5781822463785122	0.29413916804785345	0.5035445599918539	0.4816948253602832	0.3365504906838961	0.3595221611460789	0.3940103231320705	0.6158208437167377	0.6591167722580145	0.33797100222303583	0.5115970914267449	0.7899679396566979	0.5962725820583368	0.9145559447429538	0.5418691104358309	0.4262763528042335	0.22457351301912437	0.5649837130638469	0.4647493668424146	0.6273941504198594	0.6858489642528101	0.875781589020265	0.545695012125327	0.2454478020416406	0.4133820685338936	0.4085501018372494	0.5543376072693061	0.5201735066515183	0.7449764359970075	0.4103935216670926	0.7047780931368816	0.0	0.6630389755891396	0.652595171113957	0.35386965610436905	0.6381673536011427	0.4445027395529238	0.2871045119335927	0.7269840056531699	0.8903776291522802	0.20720321842988976	0.6842870034891831	0.28398913047239527	0.668504242650517	0.7674174776606926	0.4196498529439278	0.5859113041770241	0.09221076226560126	0.28441982737568017	0.42052808157203736	0.5091487339018	0.33092455883451644	0.46633500579957726	0.3900270217825431	0.5856588717897087	0.7196419761199	0.3878319028694366	0.5645147408495523	0.6472143608272953	0.0656010930100206	0.17446950381142723	0.35932491842193015	0.6763009080078015	0.45092326736695576	0.4667864473143352	0.43020346477175403	0.4475189642824477	0.5290339626856801	0.8058321068116603	0.8285746327787906	0.5564974617524444	0.1345921535131343	0.7606651675422037	0.43903296011740905	0.2550711992648065	0.8965517239321502	0.48506666949726396	0.5168436805252958	0.8565522684346619	0.47222629518638515	0.20840852416345862	0.5841826472634871	0.3406712655058986	0.6326160112407095	0.5316205693346233	0.22433080629489238	0.8303821966272464	0.4700908917696364	0.642992295942793	0.44656562424735424	0.2813638906998715	0.8218078965107816	0.8665141568881163	0.48419623366392683	0.5005801870635631	0.430219322002274	0.4509387635293494	0.39887188160916054	0.43142338712171074	0.4901924622470577	0.7232804717158718	0.546590499722238	0.48206753234469457	0.6945160009260127	0.5352991587859817	0.5023279801196715	0.13707595486118945	0.48443563090248093	0.7327974738365266	0.8154605362451368	0.354396943202666	0.1001173517182003	0.5823450001584606	0.5831912686593301	0.3627267767240879	0.5410405031892479	0.5040454442714836	0.34860582584785393	0.44245146797316404	0.3134532806208188	0.36710269976021176	0.6869134747796756	0.34616188283113936	0.1936373498786963	0.4301501022455124	0.7356071135310447	0.8829208015204217	0.3569991815657487	0.5151621064028643	0.3218659911319016	0.4756564607327435	0.47618309093911493	0.5419132425509824	0.0	0.7794533296131402	0.6024056679236688	0.36795164135181757	0.560789776354924	0.85563741641187	0.46942170919076287	0.6439610575058929	0.4235165988565902	0.5545782806708798	0.5274526827896879	0.5706982947783175	0.283127976595792	0.5301562413680794	0.6324103298151356	0.4271231555889557	0.3714016041544431	0.3956753055476333	0.22711155038110978	0.21763026678544495	0.554919187476688	0.8206973058580093	0.3425799023789432	0.49418577629101706	0.5074512862862046	0.6831126789406929	0.5387883998632852	0.3825013084426666	0.8292363501765118	0.4468537437404767	0.5283713327234736	0.43861294469359613	0.126115115299268	0.667996456470479	0.29380015266137016	0.5326213878903945	0.37872735339714014	0.31038942763659094	0.20063093242490032	0.6734551384736212	0.37838168379362935	0.6494359933797762	0.22048362538030236	0.1834828015068155	0.40624266219041183	0.2637266989409143	0.7636208570129981	0.5893643742922682	0.46193416437503415	0.33153375960030307	0.6735216180582118	0.4217873041321437	0.4904679196145249	0.49073685610160644	0.42200634893587563	0.28879913235416865	0.46530817537533803	0.5472767671954543	0.4563170225654642	0.34166330905338765	0.5669230677529944	0.4450457253002247	0.3196776201582306	0.37391957096925293	0.4573099215925186	0.2270213053164325	0.3246096624138593	0.5224781915751117	0.08919878419202687	0.13506446326526345	0.3756133895194882	0.5304517007023662	0.6224718176096837	0.44730799892551054	0.6208953506635245	0.383211157148703	0.41680152648983904	0.707100832993351	0.5904503566155254	0.33226743087876964	0.3860879677311133	0.21463436204743658	0.05141951568355785	0.6398979800480439	0.36462004330378417	0.6685891520937728	0.6525660237944575	0.4054637015949842	0.23771244784914247	0.5457241139360418	0.4438166827705931
crow	0.4518881748264058	0.37776364361756676	0.3818231221111409	0.7007535896334195	0.3854823783369513	0.7881083124616488	0.6765968320770178	0.6710082339310955	0.473780167099485	0.4695445063942369	0.6643728460010688	0.5948327195891369	0.49502104444866996	0.39452408970330144	0.39454832782895755	0.2272411173718274	0.7212365308635196	0.4953383739718487	0.21718046502350158	0.18584986011878035	0.29564987918273056	0.10257753602187303	0.56509196210985	0.36387883598038495	0.4448780022307394	0.9394735070828824	0.46344519947238955	0.32187270671508916	0.2437734753692447	0.6741298563405687	0.6813719444244171	0.49790056579093267	0.6711081969477786	0.5060774343597564	0.40140490114530486	0.41516274660239155	0.7366253377096238	0.40904411089521164	0.48671002833800076	0.5411083695486648	0.8052368892429898	0.527622116977167	0.5349147852071148	0.626673417638063	0.757463880927022	0.5861571178263414	0.7817329270732722	0.6990402984643391	0.7548974714687472	0.44670935625579344	0.4091045668007424	0.41820390824106896	0.2961069400220039	0.3157297091407488	0.14436765848810712	0.4578680201141647	0.6797415916950327	0.47644628213896645	0.4395476796970184	0.2557301205565855	0.5729648164879712	0.6365760412300178	0.31913107383704853	0.7519168071911582	0.3441825304415728	0.7682076793130056	0.5505943226011035	0.7181533950665386	0.6086115060906944	0.7650284549258427	0.7545295157885252	0.6427162283634309	0.4881923907524275	0.677444248126265	0.6457660388856776	0.43663940295176074	0.514432388685148	0.26965527814113843	0.5229762635815446	0.3610561432281553	0.47131427449564367	0.3697363629495548	0.7018225593023848	0.3919876835285184	0.6703086024926718	0.702857608026773	0.605760362530956	0.0960595577881248	0.8258579570542858	0.5893634642404173	0.5761521748342947	0.6202587831720446	0.2485008292466176	0.42762065893299356	0.6148926344395037	0.14711488143426799	0.3439849953837757	0.6068469759021216	0.12198140293176307	0.49473433793113863	0.44179944189695686	0.2200341035222541	0.5323637876940197	0.4142329898716389	0.6165710902879658	0.5274130905821933	0.45071010726132094	0.5654442764083534	0.47640027338968405	0.1600607845713682	0.7509634275446156	0.7642778634106713	0.29345911276550796	0.4670975596947542	0.19419302675442734	0.4032042778060168	0.9380880570487027	0.518801686992325	0.37273216123001285	0.77941787812864	0.5031667784551602	0.586708441065513	0.5756632356686442	0.5125906748020754	0.3888172102661813	0.4564627692880632	0.4124964442267932	0.5167733819040868	0.7042704845159928	0.7516774024174784	0.8251268926248663	0.471112713139227	0.36978611603082945	0.7085026355353019	0.39172658780153335	0.4305723962462538	0.5224588142342639	0.4462285104929651	0.6828868928921654	0.45972357584098567	0.19088348902038255	0.41945486837749985	0.5628483057462136	0.27597902248920764	0.06754579888016904	0.6849427705218337	0.4319537973556819	0.4911302664028716	0.34944064253253115	0.24793446896626564	0.4485603036003124	0.8055811611944163	0.6378689528874258	0.6635840432413571	0.308617548877354	0.8063720607816284	0.7639990378220811	0.5892079657300603	0.6152643976258843	0.3549995709988571	0.219110277505297	0.3595785463414712	0.658137338986121	0.7384458583106995	0.2527000812459239	0.7296915438612372	0.8349965808565545	0.480442404946883	0.560116079658633	0.2272756258900962	0.3479289195038923	0.3123961443208654	0.47412400955807804	0.5551168700332723	0.6640116870075263	0.6681437301526061	0.26823402514143385	0.3022177505244462	0.5628908110540642	0.06042245168632082	0.6888183640616593	0.2262764147906929	0.19074823319575537	0.45546320016819264	0.25480754496481883	0.3972263583805772	0.2916933345666176	0.2803171867992959	0.4979341675972284	0.7977741789644126	0.3937727327939299	0.514706295828321	0.8907014800143794	0.4968384703587231	0.38469608860238186	0.654763818888455	0.6290051195415083	0.7178661668151258	0.6401392103096006	0.7009300359863411	0.5411134544842855	0.7907976714983904	0.6049614492803057	0.30785994601502364	0.6912970072969309	0.15422894993468955	0.7280262584381081	0.2728001999796744	0.5572816004836239	0.4858517451091929	0.30296799976693456	0.42361385422075337	0.6266936406993608	0.6910582665631414	0.9021351745011184	0.2616746659777509	0.579465263131031	0.47085098271485576	0.5034715849068959	0.24730104736544167	0.06319161661042128	0.34987411239089417	0.5286376898579336	0.5022896356548081	0.5167097452851794	0.560567795105541	0.2945760589872608	0.29972532232221677	0.6712767956337982	0.48016216929866934	0.5993985796025221	0.8144052278550538	0.1489066778223901	0.6409282289904046	0.5278853535137044	0.5407775287382651	0.43428950913161635	0.8844794137784875	0.5780716929178318	0.7734105984793755	0.6373812774129861	0.5309095623931495	0.4124329277115578	0.18724424175944954	0.5635859846943836	0.6619559660707088	0.4453874354128994	0.3816841585206281	0.6822455310724612	0.41624190601126587	0.4176864632280679	0.70556221448939	0.36721163536510076	0.38243070805409407	0.5496760911858177	0.1931329605241534	0.9999999999999999	0.4409261156952814	0.7285328867048382	0.17448966283227546	0.12495593262314608	0.4304881821855768	0.5773547446094085	0.4761361026785367	0.5356918383309908	0.6265790327996997	0.5776457967872134	0.3120374447512644	0.8085853349649331	0.4957968849659719	0.6436876711356027	0.4509460494090959	0.582500355012009	0.23547443847189434	0.45208430986975623	0.24576165924960508	0.559869200958514	0.4263778095491413	0.704156943960085	0.7537802089919206	0.8686262499935316	0.35183514774236935	0.3964367823066144	0.5435422086809841	0.8590783875113759	0.4259517447535275	0.6618381098279934	0.24113480894447079	0.8400213811740584	0.5320772735279279	0.39116203939067173	0.5219605102479612	0.5040628594344075	0.9348932408380226	0.08458794742367004	0.45431780662644944	0.7070224427555962	0.5403733441715934	0.547113901563824	0.49703476427884696	0.5880039549911305	0.5735008216953238	0.7578099322117704	0.3654510685465327	0.4572858352056727	0.24409437767592357	0.7405580956276725	0.43629935063745123	0.5438622831075928	0.44906098983368054	0.3487615604860288	0.543021723154546	0.467808067708939	0.48515482914693925	0.5303142655033024	0.7775811897858653	0.33747531357276506	0.17208750246619953	0.6911970550927273	0.30378091682574404	0.5143535640815323	0.29383158038531154	0.3857892955484217	0.364870440174048	0.23894520383252094	0.19215596157393927	0.5684693667589568	0.14636457284238166	0.457240333794184	0.41772416882157254	0.8579737618871852	0.7193359602435812	0.5103077847494936	0.37448635021760324	0.5851137456599762	0.496076002660342	0.49789157677986157	0.2485208873434352	0.4260890242924875	0.41836784535462457	0.31537258253742007	0.5325697588847359	0.3842489617545589	0.334585333226008	0.6610068662923692	0.5951195399154063	0.45412576126494975	0.3441227320735213	0.5909469306498002	0.4229979705353617	0.35669700096262913	0.34131688565092505	0.2132632048945992	0.35271006367125757	0.4009670859773563	0.5853359921962686	0.41731166559988997	0.6843635531539065	0.3900037006724478	0.6462960039414882	1.0	0.40665317109441446	0.8610450828396121	0.5840294964672924	0.4566695194348324	0.738170012328703	0.6658943333382256	0.150308847431606	0.3765593119007573	0.6836560878952047	0.46921898753119157	0.5027311060574273	0.6194259109094981	0.8374352535359457	0.5916325294050194	0.09160625440197984	0.7651311269586201	0.5034675879362779	0.43041970263518564	0.4178198682822911	0.3643385558617269	0.7243471355954668	0.48506876145117284	0.3826921418285083	0.3427238871567328	0.5311013153641986	0.27730062329314203	0.468540402307359	0.2755487692792088	0.15184346462212828	0.4828688939649091	0.24308904703843912	0.9263708314498382	0.6158227880204088	0.3585425508306138	0.47992989256924656	0.5330093115351188	0.48636674505420946	0.13507547643834095	0.44177707194127647
cuckoo	0.501942693613154	0.6085785809087788	0.3905055875193685	0.3857569744551206	0.5275293304058579	0.3309701866974602	0.3948142262612263	0.7079370308609761	0.5352744866522415	0.2416709066961476	0.6180680421660636	0.14905021232521862	0.3775977836610066	0.30647792673830343	0.7746007533006044	0.5280230877817101	0.378801354712386	0.6245245062688879	0.33887106300517345	0.49497089154294416	0.4880510971887002	0.6726127938894424	0.5537815968204135	0.3512697962854986	0.23606580906001826	0.38006612131840456	0.8505072274311076	0.861009768484414	0.3351880279018325	0.5349168427484647	0.561219127324455	0.566424374781479	0.8060636623015025	0.6123413755250717	0.440833857269676	0.5207336032719531	0.2627245216303575	0.42349781875271	0.21818962701564265	0.7765922904145637	0.3721621450030568	0.52705166069741	0.46698437341523613	0.5194243615479532	0.2745400930314122	0.5549686591122565	0.8585302210193383	0.2668732851932584	0.3982981837174464	0.35306175625304415	0.5472170751127965	0.36543531453738387	0.23129906506404546	0.6915167752980605	0.6227159296246161	0.4447412970711062	0.434598209656318	0.5984530869340561	0.10505585739869405	0.39161503907085926	0.3145046738278503	0.46589659017913293	0.551142525621603	0.5278166877535831	0.5228929286935097	0.29085085014668843	0.19503139926891827	0.5060359294336921	0.49690884559270415	0.486406404953576	0.6739298340496668	0.4671819036290135	0.5970151490762141	0.2649807370453767	0.223849297319262	0.42032511028081404	0.5984248175426248	0.4492214709528413	0.3823994408530924	0.3932135560540152	0.40106865256215213	0.3852188620741457	0.6583295472005919	0.5895407604977766	0.9999999999999999	0.8260167915218293	0.39790852976476976	0.2791893092255443	0.6010522316855514	0.5961303405269212	0.30880544753548045	0.46061065588195577	0.4636694273877885	0.47259295042160476	0.3481508876433681	0.6542583602853282	0.41492229623243726	0.7022868082456603	0.5890439568619457	0.4043587129673901	0.6187920391550988	0.2708121482711774	0.7899184115660187	0.36108556543469333	0.6845957814219888	0.519655001717369	0.8060238760184841	0.5876041154696938	0.5866054140279228	0.8278082176126489	0.6905267492615509	0.42963501699855916	0.3792014436182153	0.5089293855484764	0.27321449953779675	0.6081106499396198	0.6009246897794256	0.5013281729556129	0.26954379441035403	0.3547639983333833	0.39152503312437575	0.3031664906195278	0.3596927146428669	0.49740079660306113	0.8047459630849145	0.5676112983353261	0.7427856001049695	0.3234236557565316	0.3722686967616855	0.4060566500976732	0.5985416401981917	0.43122654058859705	0.7785137148540233	0.8989657025107176	0.6095816776031341	0.8228783591228652	0.46865179850745686	0.5539110559489598	0.6962441244700383	0.4794759984400989	0.4939875259558066	0.4745128224700727	0.601859885196354	0.8010823437427426	0.3730661128118454	0.07253806150054942	0.5681101531846864	0.19484773845771888	0.5007689828529331	0.30536418483549854	0.3951444657344086	0.6837009351395614	0.7170248633500631	0.36057804960711526	0.16236118601840105	0.48379231532246	0.3036199478941031	0.6023171899651958	0.694045085921236	0.6473324951409547	0.531307623728184	0.5873825214530087	0.5674469905594356	0.4981564028865391	0.455053925418294	0.35089566453619636	0.6180299293963081	0.5906644931989213	0.600590452499717	0.38921060335679153	0.5032815432468026	1.0	0.4684824047529393	0.8092011204222058	0.5075427312440695	0.4284106279006302	0.25042426614292157	0.6703995631250975	0.5460198811468218	0.5058240831369282	0.6085851910906178	0.5615951606696763	0.6882790251146154	0.23686096368798215	0.43310962368269995	0.5524710263329043	0.6349885814385061	0.4278831415618017	0.8522739321145367	0.4417512666059761	0.23338346934911894	0.2862739491498873	0.4193306025954938	0.30354554555861823	0.6896015294855862	0.5053062092563628	0.38778363402181093	0.47183572358368897	0.230354811598665	0.10978810303801523	0.45072981361647557	0.2711326961927178	0.30290648437999435	0.37906014189804804	0.3927187453079283	0.7786059548657931	0.3514532928071576	0.4861369467851233	0.5478651968521481	0.4336851503248991	0.5035569033388889	0.1145847171884265	0.453122737822024	0.5047726435196304	0.2832483677356397	0.4793055140107791	0.4725655339504773	0.4175849663766532	0.6223833262239755	0.39113713967985764	0.5497394250190691	0.24979244094138686	0.35374081877729324	0.7904733091890114	0.2869843494455536	0.12758553262597638	0.41771954472305783	0.6310689913610965	0.2620302706009535	0.45868673840438834	0.35302804191608994	0.26097583525683016	0.5524647144976919	0.5729099512336325	0.7501337586458938	0.5014643032958623	0.4877072430802564	0.36112056884391125	0.3099907932657034	0.7552055865016087	0.6303773451977787	0.15436736501141318	0.6156109344781715	0.6100961960898705	0.8890768808005518	0.20617478618302398	0.4512672170170112	0.38770349064997	0.6108804017353389	0.7864767322106485	0.5415710543679051	0.4819517665279832	0.3818076932481143	0.5108592706116866	0.26478789920426954	0.43025612255088536	0.6907029464010115	0.19066653983819049	0.4017796200831997	0.7590117572334831	0.5437485864379523	0.5045840732300638	0.454969855482268	0.5407839243012866	0.6031282570170917	0.7006897115911079	0.5186114525365743	0.3658826189409542	0.4075517896100431	0.6856019340155597	0.4287846387464803	0.6654233263545698	0.5396046674744932	0.642801365127929	0.5277835324907336	0.5350130322702957	0.5683685933021233	0.6352093355565078	0.5403346794743875	0.1847512192475939	0.747158472758928	0.40217707181540896	0.7237533054108909	0.6266075736676779	0.0	0.38246995372980186	0.7255463489687893	0.33713054509957685	0.5341461394280951	0.4259340480908345	0.5213082531763431	0.5064353626829796	0.5927643758593671	0.8336703534544321	0.48838504615260525	0.27822552114331045	0.6343390673656578	0.4444696212986083	0.5015682805219533	0.6962777452885656	0.7356250621880879	0.25379591612809665	0.6658848446415134	0.35440578163629066	0.3590541801458513	0.6609095427478517	0.6956707101610846	0.8526481398575672	0.3264670985528524	0.5815407482995416	0.36985818013948535	0.6263574603039305	0.456819003815256	0.491862873509502	0.5080843935576058	0.4923510838958994	0.5258274642819853	0.5623974631786453	0.8038963709874951	0.2427745303220214	0.28670299756674006	0.4100248429896307	0.31208520853537974	0.3511355464670301	0.553800437276354	0.8264413299038187	0.5529018955205494	0.806075864709461	0.31883118200093724	0.6239735049190019	0.8518190003170398	0.12877259510646416	0.5252410678109101	0.6207769187213745	0.6517965897681844	0.3402933571248515	0.4223822410667523	0.6281171096418253	0.614871565120488	0.8561665130936258	0.25405014774114903	0.3070976945641358	0.6061166310589166	0.697797711658251	0.38246850436851676	0.7262223657948514	0.22180476650514763	0.8170772976856864	0.4012279309876173	0.6478606924854566	0.5394373119241952	0.8505402270939526	0.10879218679524394	0.4559748032472911	0.5150249442646669	0.4811619805982908	0.23931525506137424	0.5143853256492107	0.9552632537460413	0.42575117645089317	0.3249120127623061	0.4888182734888092	0.6810211326141962	0.3269106292597465	0.37535309240687836	0.6240247823172964	0.6762730096487791	0.6890343789150077	0.21925389239118812	0.6593615345462474	0.6921345980731067	0.2403986014925677	0.35772042726351544	0.6044019281737835	0.6537986416054381	0.676437073616178	0.28876324764774575	0.2759640966451732	0.437242466015724	0.5550274372325502	0.19101768193629015	0.7936484798988696	0.36614854091922894	0.6618721770588772	0.8406972691216961	0.6862461433834315	0.9173705545974004	0.529219678997348	0.5066938683275015	0.6603609143181128	0.45939058120674997	0.33265217494186494	0.5965075352753967	0.547376941133132	0.5041123753258095	0.24683862708034232	0.7522041920905838	0.2886739594502565	0.3761964409825847	0.29519467557703466
cuttlefish	0.3924639224548557	0.2484336611366741	0.5102080160540368	0.6013643815853311	0.6114805432416363	0.36449569959969236	0.48330935408210146	0.5061375859290733	0.5095239334762567	0.5463938898999454	0.20836471029819686	0.4932989565232515	0.5412771417423234	0.6305825829927625	0.6658517381137607	0.7873843704798393	0.6617217798053163	0.583219844625193	0.4042061206514054	0.4734912447499555	0.41828394217529163	0.6959451094603005	0.699149554474314	0.2551388651709401	0.6200868488864902	0.6999188616222705	0.49171351613018854	0.6087169613532124	0.3133728137401619	0.6710811507763725	0.43198861207889633	0.4660070897243538	0.34314434443627706	0.6153770074031404	0.44387022429558937	0.7116774051095904	0.708195263780079	0.7087016320043428	0.9095683517597706	0.711875380747529	0.5857782318041617	0.7375202469243597	0.13919624187051105	0.4537283813774113	0.4628651041989722	0.672262969605527	0.4151604144298696	0.3926119779600197	0.388586035227571	0.3690596536424727	0.15176787443428152	0.4292569320193772	0.5484208598685909	0.4834160107787115	0.3504209139459312	0.44584617911879776	0.3014795745860053	0.4150125830260406	0.21473193024704393	0.43810690277759995	0.48463700978954244	0.5818518524237184	0.20477241080921135	0.4809329145632297	0.4198742356837354	0.2211540593003868	0.3624949147144045	0.6723867709435888	0.6103934608111783	0.6902614141318374	0.8492858344002263	0.198480879089457	0.6730398617907756	0.2049352345851336	0.38023898164135256	0.6939192979052574	0.9818848704021137	0.2878864972931696	0.2379163107577899	0.5427119743288416	0.20968063889596492	0.6746685968376696	0.6471418534927367	0.34978670167969383	0.7658338374207307	0.5983435104341199	0.2487934922845607	0.6092748846501498	0.8985847394762565	0.4766902189834487	0.29793629038839886	0.607048328826171	0.23262348218904616	0.8638905421311568	0.511132442657128	0.534382888555219	0.6642565936730072	0.3379329559239802	0.24221445105761027	0.5875841042647172	0.6045676271093918	0.3538840164098863	0.40050750702032784	0.4507467116867082	0.0	0.42085123998780694	0.8688887728590129	0.4347997069202465	0.4123524485080583	0.7642659642948073	0.510120450839691	0.3921638475760939	0.3499226591919099	0.591184375893081	0.4600653541122775	0.2942228552894276	0.7572752179187785	0.0	0.3629857312572792	0.9089507341115032	0.5301519071803152	0.2939637316843285	0.31760034001213244	0.24127216645861702	0.3506927713409541	0.6950531670001896	0.20764267048569035	0.5170037583019328	0.5014311832363507	0.3528821148516259	0.3084091434693003	0.7473480185749122	0.5170794223664944	0.3917659395674451	0.4980288724896931	0.5340458888405867	0.37060733046022054	0.2514481535229542	0.6676283651357492	0.48642851512950175	0.5153953305076404	0.7143870419128371	0.6702628463113136	0.4420344777332793	0.6036279761091708	0.5307376714685286	0.8400599131693995	0.38692203071458053	0.8156514624585232	0.33801669496569925	0.42015920836339504	0.5527136241708628	0.29118931347495985	0.2756695740952523	0.4700445815758057	0.38294616764172384	0.35597169976496085	0.6024717338956683	0.2669803175471319	0.5298955712790854	0.6923743074181374	0.2789691018311628	0.3272941151641552	0.4912529461405896	0.2966604207419474	0.280571636335637	0.6072620742500898	0.7821460718018334	0.464266014919671	0.6000881846596404	0.7626955188442861	0.4488493252818851	0.4443868168134022	0.6970362920034398	0.5204235962333479	0.41919281319182566	0.2748843580506405	0.5682515229017773	0.5768147890208946	0.3713632466527739	0.35113610808546697	0.5751625800183808	0.37062188195515766	0.6227585994474525	0.9312712698089932	0.5618346496269337	0.60423870313024	0.6467653020498426	0.0	0.26029843092691307	0.2963723717599299	0.34741512405864244	0.4749362337170085	0.8540808251690954	0.37925129991523476	0.4140342117816206	0.3916886489856398	0.6547652035484424	0.6069545767342959	0.7626786272273229	0.29069378234948023	0.05896811718471304	0.6767480009760437	0.30018597921552803	0.3740119535189939	0.716622130433242	0.46062238182964466	0.32405109378980806	0.6434091403718758	0.43754881432474246	0.6540690127976424	0.405794597693753	0.24225363777832457	0.5025599343365648	0.3536894176380688	0.4206478732672565	0.4423857624089737	0.5647239774817515	0.7753044752094851	0.3363926822539138	0.8136475902179066	0.4983126680477412	0.5070760761397967	0.4302307936122941	0.579108886755201	0.21198085997669053	0.20510553198869008	0.3931665790798898	0.4991352011132348	0.54982526731443	0.3199370742233093	0.44866485950122204	0.5200501309496618	0.2720901687996296	0.47950814476957854	0.610535625536035	0.43265915041201763	0.7348325347822757	0.5088764835737636	0.7307066269371303	0.2768899141925973	0.35640886740205735	0.5978917753337304	0.4710866920311174	0.6135629717484629	0.7514934768994395	0.4177924901317934	0.35617061412329715	0.5968972355537507	0.8756399990079846	0.5798970838367461	0.5020589660326488	0.4515188522694664	0.7676399474383895	0.553142752363642	0.5157237123990545	0.28221333104931867	0.34991354301706656	0.4580053130245474	0.7510312670248407	0.21425620801170236	0.3653034203437072	0.6026216793403476	0.5708551013177592	0.2893267944700438	0.7743458457655564	0.35092133789308033	0.6942779727890708	0.506051459303058	0.3703071079365843	0.4718852366548477	0.6908062542902395	0.6532719825005165	0.6006628031043035	0.26234606017999007	0.5905473756466154	0.7237967239960182	0.6219420605755244	0.4506688029441801	0.5214877002106436	0.2276207814007105	0.5372262879184686	0.8505917917598699	0.16305807168689468	0.3715539225173297	0.5415400828234808	0.43613358130257135	0.43207361320249726	0.5103754166362175	0.57168407257288	0.6945175953301566	0.6376107994808384	0.6000412999659946	0.38632568896605235	0.03403151664458892	0.49022914133797396	0.3512670954472186	0.7472585969822534	0.9451255059564176	0.2959280483673188	0.2805386733799709	0.5846843398469728	0.7719826631809601	0.42608747773422795	0.5287333475667331	0.3322378172848558	0.21026354516390344	0.4730257320219742	0.6333534355595027	0.6331230794922171	0.23100993346140192	0.6639992342974821	0.4812486965847016	0.48477549825978267	0.39704335770623317	0.562374889962667	0.6529192419442034	0.3881141502799748	0.8767007897495713	0.6161524059947225	0.5771784096018981	0.5048464457669606	0.7969602541700758	0.5563688705723951	0.558424817383959	0.20336237939639001	0.40249163687606115	0.9047029469112252	0.32566893579319905	0.5739628221411311	0.2542935152263004	0.4216610607708415	0.27373592513874057	0.5469991561624401	0.48676338658606044	0.5403701346356473	0.796260070512992	0.40668572378311973	0.7274279331885019	0.41819686261840167	0.5502225734934891	1.0	0.6397969763032839	0.1438813164869993	0.6639875942557221	0.5389105621265258	0.011110262242228774	0.27985400687246614	0.20006807361958162	0.8158765298118482	0.6764512673546597	0.7221205962976857	0.7419516932771679	0.22030557746515192	0.41176390224187676	0.6932874832279623	0.5259759124612449	0.21980510737017847	0.7957518259540428	0.44699789017854485	0.5059667423707641	0.7119983801547402	0.6324898344756682	0.6034880833635596	0.3350626450094719	0.4867896174206936	0.6210608456815584	0.6621538260793379	0.3080389380552924	0.4816750843282611	0.4499417375745639	0.5000463555384835	0.6479756052999757	0.30322620142531337	0.8773930867990174	0.7843086531788062	0.7165271478610842	0.14183354918850977	0.6445912496640805	0.22786167687265763	0.6816368489795647	0.8377484834035291	0.3823597527486199	0.45553225661538815	0.3077580634385001	0.8105794133656241	0.503726296185776	0.39921602544886775	0.2702238232801736	0.3251450563105525	0.18795446372031754	0.353817945763453	0.3345794238853835	0.5797484715293582	0.6090624119442731	0.35861438490308173	0.522190057089032	0.24354430578907973	1.0	0.43285672544005255
dachshund	0.6213210146282729	0.27164727486627466	0.5505903857785056	0.34237103338439323	0.7648031839082664	0.8001628946474447	0.6869472143970896	0.3429213088103186	0.8670267666024235	0.442281208613555	0.809030962372387	0.6319837590705223	0.9160867479712801	0.2626779262087123	0.49081166881996185	0.3798451999375757	0.23154886888813542	0.7109391487788286	0.4479844420339685	0.6623457787135307	0.6069550514914448	0.4702455067961126	0.5200897046888022	1.0	0.6474019038297631	0.9999999999999999	0.3313643978188072	0.32297104373522845	0.4424695811916598	0.4612118704949499	0.6871784552371916	0.4029051181662031	0.6370802914498737	0.441539079777921	0.46149874475579467	0.7735144693764273	0.4461516956829433	0.40228621802377956	0.6463999895748326	0.6955727145426172	0.9072882203423238	0.1735414798289742	0.7567350450969541	0.14882487764143892	0.37669659337257233	0.33788666835122966	0.7513095109589898	0.5700669104561794	0.35066384432396347	0.6250866878510887	0.25481718750727916	0.5403857076935082	0.43858750973757044	0.455523223543807	0.4990227106718268	0.4763564965715562	0.7718512289535193	0.1859101676363897	0.653078903020595	0.720117591066032	0.44485384201773265	0.42342035494515723	0.3443701686897282	0.5689868312596637	0.5732216665684765	0.7927919547035445	0.5585374391518076	0.4038232686492703	0.4255750288375122	0.7435578494885388	0.5258509784542599	0.39849600261366336	0.6090199714824295	0.31335619045857954	0.2501147408965909	0.3552728953244242	0.5812101618791776	0.8981530703427801	0.7062803344912144	0.6361703025878076	0.35923164130795177	0.3639644231358861	0.4820949249243839	0.26166329572559627	0.5197389346801491	0.5583556863643038	0.6521259647450184	0.30227140257416785	0.42410378865403464	0.4802417114597544	0.36416915695455465	0.5507564345453502	0.6494496659875207	0.5121979082779012	0.6789804173023182	0.20623556041170776	0.33263553012476454	0.42602339831512526	0.4470402418835172	0.37240764885055455	0.45248029136512913	0.5103502789124855	0.6375350609050037	0.6274563071460773	0.4885034467011963	0.5144638082652266	0.09147346992574007	0.4002078222983289	0.2264844649124685	0.6289318725294251	0.8573688295054014	0.574018328806657	0.4452785528913376	0.3072671677054827	0.37675323928796106	0.48665487015515174	0.5684052489075135	0.6265835737903523	0.3940464310515894	0.5893042547779003	0.3296424008179665	0.6616464168914845	0.4407023879602747	0.5493902099913381	0.33289132005729005	0.61001817516536	0.3833624234646344	0.30391184509993724	0.5227182541088138	0.6044299937766678	0.46023344387680465	0.5580111933916775	0.26832891182333074	0.3975563253183114	0.39826023136590144	0.0	0.7067608240992895	0.5120411070214744	0.6657425818783151	0.6009418458040716	0.5280066794072865	0.38621042541978373	0.6593893042537925	0.542596460223964	0.7987829277982194	0.33683279349622297	0.3055797957566516	0.6710737554834096	0.6009973226134421	0.590073673444776	0.3485673433616835	0.560500784747508	0.5392152940628887	0.4311009968561777	0.45805023588572646	0.6767473851108826	0.5385408370555917	0.3225322721195078	0.671100317414488	0.4959453067763058	0.6127765567220586	0.5148182691064829	0.6533175485638568	0.6731345888542992	0.36282708367974403	0.3453683691879881	0.8060546920706766	0.7661091896705667	0.49217341252640967	0.325869254346392	0.301636869181865	0.6822863600019942	0.48035627937946146	0.6246677287080132	0.6646243516441592	0.4807733292261116	0.6140016773032804	0.5842778712277034	0.32777401753258956	0.5940282295431908	0.5257566347699747	0.29565996691872753	0.6310066707417499	0.4490349857468625	0.46544556164947165	0.3593072570321953	0.45749728607214457	0.22688515942012183	0.3537650694394465	1.0	0.12187403197181534	0.39324363425600134	0.4987562074671594	0.25873207925535685	0.5381704433666629	0.3906810131004586	0.6750251542118036	0.5609642406596425	0.23912904984514344	0.3379370129480683	0.7130935080061322	0.5355750743408859	0.603402611162112	0.49016807638097465	0.5485934333141518	0.8825880843470628	0.42610471490778334	0.6235186119495674	0.6542962896580539	0.49212408326075285	0.3858089235161093	0.5289479075152848	0.39706397500688906	0.5729828133404924	0.7820043108871054	0.7724702703355799	0.6874288095259053	0.799724884875671	0.37219941038262017	0.33449407674822235	0.6197745017557439	0.16706994063130454	0.4153031994861491	0.5118509035229589	0.4139857497820398	0.7647059979849147	0.5900619212267745	0.4830942055029343	0.7554177480582048	0.6506710390743305	0.37938374214156056	0.2778051297693043	0.30940637017753336	0.6319774219404649	0.4100500052209411	0.4834736573721939	0.5158045664884107	0.48497091721198476	0.31146567632076433	0.1173303599763153	1.0	0.28841464414724427	0.4135464788115122	0.35985313868622026	0.729150750068013	0.8071004542845257	0.4866980769744617	0.3761212947277103	0.6928547507497584	0.5683424065863093	0.49378833577192405	0.5843409076767101	0.547610867241773	0.9429018651217431	0.3908510649066512	0.18123155263979387	0.4432262041537554	0.7606501180064262	0.6492813566397921	0.38964049781367993	0.14471341862354492	0.538502220859068	0.17242769454504428	0.392077066236144	0.6048166936837946	0.0	0.9008152356361481	0.8085827463257379	0.31439026730795855	0.695901539033611	0.1989572929252092	0.21758269792519236	0.43699926135466816	0.496933016725807	0.43593004303468297	0.6733942670248507	0.5546384517908448	0.49216582783456003	0.5725785942896375	0.3204050715166977	0.3046599560345121	0.4018411992871017	0.5966600332217085	0.5751208365342924	0.8163528526708053	0.19501535275910198	0.6721157728930894	0.66629037267274	0.23014318026680242	0.26550796435807283	0.4844404492938083	0.6864652034172376	0.6921715895736269	0.4958449918624566	0.28216940091902853	0.7031435798662886	0.7689833607349394	0.276174288246965	0.5093785891302574	0.9999999999999999	0.36328760471856647	0.5244010165190894	0.7340564497788602	0.3734953227633825	0.4041435206258136	0.47431552890343825	0.37188669848037603	0.4970126581340808	0.49794651375665855	0.739394242593783	0.19050446290520748	0.6853292583869368	0.3717656230005042	0.6671075547379117	0.7815259455586889	0.4638802223974381	0.5026643688035516	0.36031613723620004	0.33859740983859477	0.1935487180833046	0.41223701142456853	0.5911216532181611	0.2530587228405882	0.5503271236814659	0.23864302273397414	0.2639268610923777	0.5869570485046947	0.6993930080821755	0.30587694802248167	0.34314279785501467	0.8348302452267121	0.7167460553218534	0.6325501458027719	0.3820858271030268	0.4945193398577716	0.550201732685859	0.5409508411180718	0.41954843360583477	0.5675268761507242	0.4824237894358891	0.046679074548367505	0.6640265616473072	0.3327661216066519	0.5551669332534227	0.38110070158472703	0.3515361130839436	0.8298394736483491	0.8223460363774067	0.5315563447726204	0.2344639149324122	0.35862109589576063	0.3943048777650777	0.5058137122281903	0.2848968063235051	0.38036780685291477	0.6804343770984601	0.38412103063145275	0.6848784407371338	0.41989718786785946	0.315973269008224	0.40273798957229967	0.1633297359584563	0.6640122932480919	0.4742401695597538	0.7654060648294889	0.3572826286386266	0.21073949657388757	0.6127652306213769	0.4489897843485494	0.35854710762849645	0.1907667283318511	0.2812967931390041	0.6608828452371214	0.6701541136139956	0.0	0.5712238209002874	0.540655985449408	0.538450423811401	0.6792696009659125	0.6556996368302133	0.5468279781457654	0.4551511007923414	0.8123083425049615	0.29729561729123954	0.021462938966662626	0.5082127937996688	0.6866726866294903	0.12500878168149687	0.1913424663213344	0.2818267254927471	0.36464717367371813	0.6761744348900423	0.454922480510149	0.449305402275196	0.5060800610696903	0.6035502183367814	0.6018684580730533	0.31654969575279057	0.1752727023771419	0.23535934265862957
deer	0.4287255881030962	0.4219756019131086	0.25065277180788814	0.7170987542670858	0.5392348952542413	0.5649317913802474	0.7385723936760538	0.6524180968657107	0.27324845583107354	0.3999522020604973	0.4081852271180263	0.6097939700155952	0.6976254311986674	0.2916451980641148	0.7561439904986386	0.7565003245960511	0.6429836119121652	0.5627903239461951	0.22987881623611944	0.6121540035563152	0.2586168473226059	0.3314350518291415	0.3509066633515156	0.5419412790746481	0.21106916862181396	0.7082605276003295	0.6691549208091	0.5551175659592027	0.7378137254114767	0.6015681891936607	0.8229007009537976	0.3320875280027693	0.3214061647808988	0.5763014115665204	0.2646763187062284	0.40714542857239067	0.45624963624062453	0.46002090533878504	0.4459730176614201	0.5171897154463322	0.7965400034114304	0.9999999999999999	0.46043577372757916	0.4345447395172858	0.5832804893235765	0.6387050212708478	0.4711971366189215	0.46092452396689065	0.4099121246606203	0.7674119013103211	0.36913634969819636	0.22499114034696466	0.6494312487342109	0.379308553441281	0.5784401304526594	0.478941053441985	0.575351350521223	0.27075175813985364	0.6223342488840704	0.919248578015401	0.40375794897748185	0.5169866270949923	0.3566460585478546	0.8326082749357471	0.7202096313413827	0.2962360641812274	0.5404342632332816	0.9999999999999999	0.43525804232041193	0.4887436212086457	0.8893533861597578	0.22588638363197155	0.691106510290704	0.755260605463824	0.6598730035101477	0.40112727498879674	0.8391234777557509	0.06633978278971958	0.24824665567806214	0.19417069981499968	0.4402718323062425	0.37412110748166755	0.5313516228643751	0.41162899477894854	0.7364735795482162	0.5492280709126135	0.6518467869003408	0.42961048965725745	0.6342383133752502	0.3567515862949064	0.4715634256534168	0.3398761111678329	0.36447729567240805	0.37039065254120407	0.3150925100603094	0.42913400604991997	0.21258297263956144	0.745141812786865	0.38917580460171364	0.4269457837920194	0.5667212080957985	0.4224911358668133	0.6002800528833585	0.46443856981394127	0.4151887948644377	0.5845486590502273	0.539909583463498	0.5622949115288228	0.2989616192129275	0.7355971327256277	0.46837061648886136	0.3852825015902539	0.3367481345656068	0.6739010308513459	0.37810602077828126	0.82448689089494	0.7513765446173547	0.4004057811293575	0.26342366009530627	0.2696607670864179	0.4977955079554679	0.6532240274875347	0.36334266500828727	0.07541365822877755	0.5967024337080923	0.6817384304423328	0.39886009997157057	0.48419230222190934	0.6385810414565469	0.41096029736947026	0.27919924197676366	0.6791108597150628	0.5446800294323567	0.45820878801833526	0.33177887499738584	0.5621151471455715	0.5037005420992371	0.40420433927638166	0.7119795696834573	0.35561160703160516	0.727296976977128	0.34165500567842233	0.5608612753215145	0.550672350217146	0.3835344173981616	0.2714619927178089	0.3544699508878037	0.4555383073940179	0.5162004253715193	0.6292959108920053	0.4172867272257803	0.3972099701341424	0.5217538054618158	0.21432770270015816	0.31203707628891986	0.43609259502151654	0.8183665466633079	0.3890985370014255	0.7036110208434393	0.6643636178947342	0.08574691282046809	0.5200510491807047	0.7179284247330641	0.6689155725797313	0.21048542927161717	0.5661945314898909	0.722499793519958	0.6489275850925778	0.5054149172301305	0.45431403187145186	0.841602910343243	0.39024620670365673	0.8228958445958223	0.723525005026156	0.6811772868077339	0.4414942274083606	0.7706527815871345	0.5981102454271277	0.7308842584787456	0.41582743365984054	0.4899569567058462	0.49490081301050914	0.40680595689269755	0.39401400533368525	0.8244908825883219	0.7514419725372941	0.38581124130198285	0.4203586582330048	0.4885360688306013	0.22121221305529537	0.19835922590722735	0.5087571420038376	0.6438552359884915	0.558577345222063	0.4425542037610906	0.34287861705303135	0.6446259187286079	0.3761205784734469	0.505999649638831	0.9871784330026974	0.7528965754882384	0.029404772662205925	0.3535757645877622	0.4100339703629966	0.6559508424972226	0.6284291744130447	0.4747660505675931	0.29116412527874286	0.408881666394147	0.5336887575481637	0.5152404944497941	0.20975225369714906	0.5555507374372738	0.6112236472406615	0.4908836260934418	0.3932197074346713	0.42940377920253614	0.5848097659938916	0.32937203777142565	0.46347339608872284	0.20630000895338224	0.08706425307605048	0.461589999605202	0.6108721117800416	0.2721448116097655	0.5368185955809063	0.2601143013019859	0.4517825434557459	0.3913338039280074	0.7798416911043358	0.269677917838456	0.45073904364061745	0.30816559221508816	0.7354109925350545	0.3980204963194264	0.577473280038603	0.18680931788433985	0.48971935351436124	0.6971608660367381	0.38499792273848715	0.6564895877385514	0.5336034510185887	0.6124580791416533	0.8463477712999049	0.3082631151736057	0.5098921665691654	0.3980536758743177	0.1798237550203905	0.6324575462634312	0.5231594791941354	0.3801589980601153	0.5341868600174932	0.5340646960715749	0.4755635102732657	0.28870284062541346	0.7166836893072404	0.5455628235427105	0.5720022439089647	0.39045437595051175	0.35809530746994	0.5799276649843924	0.4244016001984491	0.6598728069911788	0.5519215670554858	0.40094666552632235	0.7781894828103046	0.7687293653082724	0.8552536105820677	0.6515428164312798	0.6502722537021535	0.3131331375228647	0.4791036161632027	0.5562165838263364	0.4337255315880767	0.2756229392346765	0.4414621228627055	0.9456908997606166	0.5065717844630947	0.3013347734373074	0.47008476424096024	0.4489373367368116	0.5123287777071872	0.6490924725606743	0.31025580890875193	0.5563801987270965	0.5770556525298244	0.4946729106075807	0.4414888945164426	0.2742347882205549	0.5760357539392829	0.26492424520330415	0.5165264643101994	0.7518449024179217	0.42171227837558595	0.326331701183722	0.3920377303519969	0.5614413793524499	0.6894990679381634	0.874073080528526	0.5943762495952678	0.3063785199723962	0.7349586640184075	0.8771960106699377	0.5615802161010508	0.6904517075933753	0.6310335671391769	0.2000534171651659	0.2991866935724242	0.8893014503711876	0.5801522146881583	0.5121350076721369	0.5082697124268819	0.46506622235427575	0.2949355493898287	0.5707857334277188	0.8639614339227132	0.37074733451757036	0.38689070987616286	0.5388710150779769	0.49581775706148945	0.4457080017517042	0.33451863872507864	0.4810261237073482	0.7044807473932584	0.38678756837545303	0.29858585800267157	0.2716037090691872	0.7236056072352326	0.5359083741058666	0.34657182251987595	0.0964435250174625	0.3379387995625886	0.40212969393324016	0.2951281738458438	0.33092676414963396	0.7558345484820387	0.8230796398334165	0.4961476599643753	0.7763368271228155	0.22032845386888322	0.8624024295439459	0.7165056631312984	0.39332742102622004	0.46495027059308813	0.23407604247321145	0.24170601467219072	0.6079766264666051	0.14671762566451957	0.3917351099974302	0.7018895331237359	0.56198095840711	0.36051307835678253	0.958591214770699	0.35251546077970813	0.6057209312003035	0.4718103470160333	0.30260632290564876	0.26020745307823334	0.8398996146372786	0.23439799581931875	0.5533353805210112	0.3980677378798333	0.565206217590992	0.7133018262168336	0.40657862613144635	0.6616337352123303	0.5342674514806732	0.230358871331796	0.13521440053933598	0.878274691988984	0.49945772154529766	0.3014007345930041	0.2578622139216047	0.7108130930607035	0.5971233014674736	0.5335955064489315	0.412348584399688	0.580365816539259	0.4915066584604579	0.3336294537804265	0.7543393670423202	0.440286950049611	0.5103743069642639	0.3930159574846656	0.31585121172008046	0.5210499647419006	0.35993463076624066	0.3962263057789826	0.38181138624523175	0.44802559060770974	0.03410278567559244	1.0	0.5882101780934144	0.39157568627437317	0.3603179753827129	0.4186713114306695	0.8142460712596037	0.2549535609641087	0.7484207968645209	0.2452423445328189
diamondback_rattlesnake	0.5269185550926611	0.47754376062841464	0.7966496661495084	0.30400591617847794	0.6627062651617637	0.38205378142053975	0.7307160942298683	0.6310225856629781	0.37331287480306197	0.7114673703804395	0.1921253777496692	0.3943467214718754	0.5646190282347151	0.73975773385134	0.62799906194973	0.8448353502356905	0.7015810610590856	0.7241226193975849	0.25110011885085864	0.61168629700938	0.48597552997177046	0.5074856582376055	0.5487711087916813	0.5731976148013986	0.5127430314285489	0.3465279318956199	0.6447303685212059	0.6126849918419925	0.5326676789820073	0.7376017069836944	0.4649028751055132	0.6338386984731823	0.26529699351123515	0.5886600184020185	0.5677755395315256	0.4809500912191919	0.7904613065894677	0.7974201123722124	0.708011230002812	0.5846782594781978	0.5186762075950696	0.8033323468041628	0.03965103872767667	0.2883989643455071	0.35215201808489766	0.7874399555213094	0.6727036909196084	0.42006337251203296	0.5968253395370645	0.6170252034929156	0.39268707208986015	0.19709903581331345	0.19447567874885957	0.34383145222136163	0.6027300890113101	0.30670712483574225	0.37193348159311906	0.5167470571666039	0.6071866168573058	0.48590373739915776	0.4884451935252939	0.5198806772209753	0.371177304511032	0.48058001084558777	0.08759546295298215	0.378784465504003	0.5066471912748444	0.797923525711876	0.6201983919729765	0.41872309593757445	0.8541196997276681	0.16115713775022417	0.7404426855328037	0.019530049617374673	0.27583376922777114	0.5761741346227092	0.8028607128832259	0.36639187909358684	0.5778558646349371	0.41185895514250437	0.3597495613156865	0.4383083593134901	0.5057373209639701	0.35760645190454066	0.7721063139787635	0.10149374157100577	0.3856151924191756	0.6639464759909917	0.5998286180068333	0.4655556771854202	0.41812040104276693	0.4913695547570891	0.019167110333572657	0.7339479025358434	0.620053213885471	0.6366946187931104	0.7090286139043231	0.3683742947714929	0.45346833418397253	0.36824605790092263	0.6926922193968443	0.4605856972476566	0.6529250183118892	0.0	0.5026395797140041	0.8013661546379895	0.6324437385173013	0.32732485367759406	0.7708289987383048	0.7168566003214818	0.0	0.4958192011160554	0.3114984298249588	0.603613755453649	0.7114642940520515	0.5465715586409736	0.5567655138793469	0.30125875287109327	0.4658893059809496	0.5720280028447926	0.6999751497359334	0.4326610769492247	0.5453472946221126	0.24238776311648494	0.6921153327467946	0.5157240493006071	0.479953039748508	0.5159135455416736	0.5139584625025773	0.46122186527678033	0.06080157925224794	0.5219194511878088	0.33269744963874803	0.7072759100224555	0.6078609392968352	0.5467796915674866	0.33137758078146096	0.6890000332033885	0.9293891645420997	0.4149662378471425	0.5758660597489255	0.5253865865457331	0.8354862270539236	0.3885790347224761	0.630462770383968	0.5410778721181049	0.6209560969467101	0.5097666130566492	0.6375926237557408	0.4062171207132853	0.6086845902960943	0.41062803657297986	0.29757043445999476	0.1490645578932197	0.318343528385014	0.6481033891584602	0.3402432089623627	0.6898752554704484	0.5172984823869157	0.5671292122464399	0.8998343395049084	0.4712115141767149	0.5008085006083833	0.3708763845354681	0.5670588068198664	0.34761755342823253	0.7258208776631212	0.5847285199551667	0.2586132037822255	0.7563731151364149	0.5447029303582133	0.6835736968417913	0.5870177661831664	0.646060743697173	0.7610621627916827	0.5511366926646041	0.6588886483017725	0.6074719006015896	0.4843076437176894	0.9999999999999999	0.10267050541208211	0.458375810105946	0.3266153002081115	0.4807534182197484	0.4486333202898785	0.6889076002215011	0.5505031652358581	0.5484573521432314	0.1530386281651973	0.1695305898631715	0.3603064585872719	0.47979606025675103	0.5419649599219712	0.6604096891579649	0.3602911782172562	0.3899150636829311	0.6745057880655334	0.32055719779396497	0.6562983957406865	0.26214821010438716	0.29873990707911857	0.11843268643191046	0.5904328968404248	0.6138899728518142	0.38918063611644954	0.7603623957964222	0.5478922771728967	0.7519482175755734	0.7248396913997046	0.40271621371684263	0.5573815890152022	0.403157864464167	0.5671165816959126	0.07858209248600823	0.2686365298198835	0.6905206549670425	0.19436289947398938	0.538969999851433	0.8540900408495653	0.5016476302395484	0.6608224203986739	0.30973405245015057	0.3271273664593688	0.27635315152074325	0.3746864953810213	0.1897751730103724	0.20901852179487718	0.26092685132077215	0.4754591759459344	0.5607806433471724	0.5764883358549255	0.21920356652732625	0.740303632045697	0.22640150106071993	0.4076852937935726	0.616932804606265	0.34830223320441106	0.5450185025886379	0.8075558670910608	0.6533147198289079	0.30376211095449884	0.4864872215405603	1.0000000000000002	0.609516607229118	0.8348200314979091	0.6604625536372518	0.4783455268568052	0.6390446610102456	0.6182291565936945	0.8179369565094348	0.5282613730675163	0.3429866695159353	0.2614373729024311	0.5363803983896017	0.31379823259106293	0.4636195430868638	0.3652252888381836	0.3390570657561391	0.22481559306479834	0.49050125615963147	0.43031117547945075	0.4549225974334421	0.2738102211645046	0.46064750468598276	0.2747766948748687	0.5003127793717572	0.34855738703267974	0.3665095939495957	0.780066325866902	0.464452900084142	0.5432033668976616	0.6136632524578464	0.5049752772248877	0.16264844609458406	0.46103657818055027	0.7064141910543067	0.5335730709556923	0.6651002578672474	0.5200182675896082	0.3864340809008763	0.12723632755218872	0.4868813423704833	0.6535906956726227	0.2463206757567781	0.46149733437117546	0.7504468297870062	0.469520822103889	0.23889331539448452	0.2781457496608315	0.7263747054596881	0.6261820590991924	0.3571497360493846	0.2492480127438561	0.41504340528902794	0.42769019947758036	0.3482341522507339	0.5972639203232951	0.4979235626322748	0.7422524831331935	0.48206977286888486	0.2801193384606131	0.7134530750224032	0.334261220187521	0.6227458530629038	0.4511998877033475	0.4252139355269586	0.13527993375480318	0.5284630506300176	0.5770137024502336	0.22702083536439277	0.6129455470895029	0.29705023026884675	0.8522967218590466	0.19733601136165174	0.26921001469153044	0.5433334944227212	0.6276376307804832	0.47995398400329947	0.7109544743844125	0.7777920668383889	0.826867559430208	0.6732776400667854	0.6431699465697631	0.7320968053274637	0.5783866865184341	0.6351795445296716	0.6289413504341844	0.746613689377827	0.34416211506441097	0.6218594334183922	0.3172845661513048	0.20164562806511865	0.27258915482038754	0.3808652023284016	0.5947524222241904	0.6374647132907122	0.6608209785040676	0.6223900665040395	0.7355418871187167	0.5155990691951741	0.3829221470945395	0.5840883708128218	0.5605006016664558	0.10243861829107381	0.4581033763860181	0.31381476564325894	0.26219214103694777	0.557831223138545	0.4394665667190182	0.4399904701742914	0.7470848313115366	0.5805466226018484	0.5999677576478137	0.498439330410197	0.23488545898432356	0.5849110658834064	0.5526651897450183	0.2286251288575475	0.708809031511321	0.5502904140889857	0.4208027564955392	0.41157968024303493	0.8363240149456397	0.6573548786855697	0.45495631966256317	0.42486622325726386	0.5866505022311238	0.7368500990432983	0.46289186347363415	0.5811384863997897	0.3965019465882742	0.3569307403694948	0.43545988663542895	0.4180565061324414	0.8434354117809241	0.22848725072151682	0.5457784046316551	0.40839661541946415	0.41454112114783337	0.5551375431751857	0.7463088613098456	0.5732891540443591	0.23057917490531976	0.3124788571585836	0.5373810845507658	0.7349833277655073	0.503730582344555	0.386618894099237	0.010703647335375877	0.5076020286137605	0.4557986705790567	0.13655373872360277	0.3445123021181283	0.5693653443193242	0.4773479755555576	0.5613690874439029	0.5205586221650986	0.253252112055109	0.600022786475872	0.30447044310536514
dingo	0.37362906601030454	0.7379700192529492	0.47019843558050534	0.16511884255475812	0.41728327148569394	0.33731421838456926	0.8176841632964532	0.4958048404271933	0.6287944341934347	0.3691139172684886	0.6948015965584625	0.663508478252415	0.6066703999487522	0.557248994085104	0.18280938451794465	0.6069481279382577	0.734098807876087	0.42298478197439915	0.41750607816481444	0.3333933685365882	0.36933845118997866	0.44439342561689155	0.6113508201504709	0.665271028459242	0.5162825246695861	0.1306987669520746	0.3007291340270085	0.4484752226638163	0.5143213549134326	0.5684511501348577	0.5457460167099504	0.4836853571144287	0.47781038128582887	0.5140148306659622	0.3537485084900178	0.26706659570043456	0.6270631906434507	0.19135206424111237	0.46478675122317975	0.6189450656865877	0.5238294372124548	0.6641579338597835	0.44219491546175244	0.8150900207432579	0.47779037254177315	0.560441037757053	0.28752120146422155	0.7068194689114488	0.3007828945807733	0.515912305714824	0.0973986723316621	0.37881203486638976	0.7843191501441109	0.6825499406545703	0.7956159631342792	0.47627126903051964	0.8956621220643557	0.3271164359379611	0.6204380469503052	0.7134464965252564	0.4872523537741739	0.6471831221727076	0.211122173801096	0.7835181955191599	0.6780091981422696	0.6822486692333635	0.5421107760078641	0.3195293051816007	0.5235315585997116	0.8306627192092478	0.4785460553803231	0.210432923362731	0.13767231161847038	0.6156274121537582	0.5860231719751838	0.7204411723724662	0.4054144888091064	0.3893154111846303	0.754574395436474	0.5424185646523395	0.25085208849664	0.19220124918828896	0.33713663799674143	0.30283152456974083	0.7452635090918703	0.4803578622443861	0.7539246343348889	0.2653435185031808	0.5994510992441793	0.30597708976276927	0.6373617874993485	0.6181781373830253	0.3945329014155885	0.8389775784838183	0.6927135158965463	0.3849083917936212	0.16242788165150118	0.577816340393762	0.42273197402161594	0.23264068835382595	0.3896505728591677	0.7580613295822056	0.7169426589986643	0.47319796013314497	0.4630927617463722	0.5144510292942011	0.49284463157892405	0.2724426029608406	0.6507930023324474	0.6101802518201609	0.5864163799533538	0.7813113950076145	0.34642997387202756	0.8711638621102074	0.39399105328739004	0.42033339210408255	0.7160934905933772	0.48626632406223447	0.4990513514919509	0.5981053934886812	0.9370587191252886	0.33300557174369516	0.3662459676032651	0.548669959686938	0.5607967960029127	0.047525214569815954	0.5588427501401054	0.33595445529966367	0.39383158317018474	0.7568624232797084	0.3314574222219757	0.30682976183731014	0.4425149759779845	0.23055762076849218	0.3690218221532625	0.31659362865363694	0.46074246789885354	0.5526213127634576	0.3538309092368135	1.0	0.22167656569065386	0.28106686098779143	0.692581721154137	0.2850873743596217	0.632846181342228	0.35412648990198237	0.4643450418904245	0.2494157272480867	0.584813983869052	0.44348016497383946	0.5054505551731631	0.683855949284157	0.4991830667188689	0.44705009092047576	0.5380778138015405	0.4909448567755348	0.7810335003340951	0.23344302640515063	0.9556589029249485	0.6937543229161262	0.4838314251583362	0.110250959660805	0.576586943238073	0.2893289089698042	0.48147405209078425	0.3292445661959305	0.679876984418323	0.5809645489676876	0.5241770685074928	0.37654685430464163	0.5120060901397462	0.8403258061876797	0.5864801763282609	0.4704060755409334	0.3477194209437346	0.46127815178376813	0.5943950889058149	0.39514525371258635	0.6396065981938137	0.4726012916256819	0.5468093152816054	0.038412870075547	0.4138659072601092	0.6396182831442626	0.984175758112251	0.4394081856346741	0.29006106557349454	0.2742566138269015	0.49970711970445425	0.6513812742013648	0.5986130063036038	0.5268734713154896	0.3345166424412857	0.5924006041427081	1.0	0.8069177149809028	0.5252770204691212	0.45916210655755146	0.6189177692223893	0.45331631878348433	0.5121888900272078	0.40038577120998187	0.2748812873129246	0.6039024294152227	0.7612900561466645	0.43881735954565265	0.8245148304272101	0.24778584207546667	0.6904553710730429	0.4757140192722186	0.8488097523803205	0.6673197859177654	0.4072689132938024	0.6985362535019891	0.9828239204730533	0.2967452424735822	0.2868698552799334	0.437306869896118	0.43254800692497014	0.3581080640708448	0.3504646732943652	0.1918121854029209	0.5440277893568382	0.6700394292041412	0.443808319849883	0.5972554983982086	0.6298176346608173	0.4327236271069031	0.47123858855497003	0.2813434253906267	0.6266303129614044	0.553243862417483	0.38632509850092384	0.28194448931529603	0.24279306984163693	0.4780939989317058	0.4835413034042081	0.3927435750223339	0.7454230473449744	0.6156262110435066	0.6427347883347819	0.2330134616523188	0.25181496654781277	0.279929971099602	0.6405168863927232	0.6096663081232726	0.7826916827845822	0.5054488927601677	0.24169940411066654	0.8641087722738958	0.4843176268872831	0.5606881035140843	0.49811903579668426	0.7373651059461948	0.326294133299452	0.2354598208131375	0.5192434766598218	0.29628441366260844	0.3938190910752585	0.47466748550046434	0.6104200710308263	0.5003052870031183	0.6255466317201959	0.9210061045028305	0.40265037820244853	0.9638691544128255	0.41875536950827075	0.5788525313772559	0.7225896650616864	0.4445712651321915	0.6519877556819994	0.48193521170599085	0.23957777406127911	0.10507105783908527	0.3344374890681341	0.6256220464585931	1.0	0.5199301355281448	0.28096829199545414	0.623275548008606	0.5105035680006361	0.37195876985728654	0.6483550870571231	0.47171241030760763	0.39140434548781416	0.5714165317773354	0.8536355761571668	0.3975434962913176	0.8438497764450033	0.5095774639719107	0.40140335412838035	0.38434933230318397	0.5010898524260651	0.5541667853455866	0.5908367034721643	0.37848744848384175	0.6374943709499545	0.7207671739369124	0.17037691750462253	0.34198572720569265	0.4022399651590639	0.4741697039249152	0.5452176393070403	0.48774263980258264	0.36192264863448614	0.5423760126327591	0.4691874469219619	0.2847522316851986	0.5613326866061853	0.7340958137779916	0.5993978550934779	0.5772223756197155	0.46976616337229204	0.3470654535015687	0.4128707893278981	0.47820338400629375	0.41907962859835	0.2740677335252137	0.4076842931601356	0.5820833708403127	0.6030472664298792	0.4691180608647184	0.5234345982424176	0.36872150716454366	0.3836095794973797	0.6221358099194635	0.37754681326384093	0.5343102081371887	0.36150227382051536	0.3945164660725897	0.37802070731942317	0.9515092930523154	0.16611691562335634	0.6366103244612809	0.536935206104269	0.7306213573089773	0.38383750674794703	0.5455193826532444	0.42250406655563855	0.38808239376613807	0.34279432455334163	0.25871767751138186	0.37403325636021234	0.08285064051803837	0.648093493108366	0.34485565907853954	0.2199310619416941	0.7444979086586019	0.38390093938778064	0.5558548610612327	0.36673179095858593	0.2729612576643271	0.5778719535685375	0.31689910953863715	0.5686465910374587	0.7477531979660004	0.3800634755963771	0.5875274431903132	0.6668749796800046	0.22953521462204918	0.3482815873220029	0.39500666871041545	0.5435924580374447	0.39909126663984557	0.6551148983236735	0.3505378079614234	0.36069522577603885	0.45866562382676906	0.6530686388371423	0.6924790382895167	0.5574478773364729	0.2990059916070881	0.6889442991745276	0.507355894495449	0.5947072507228134	0.27549419866317526	0.6761540663100878	0.6679076838147737	0.6714693970024285	0.37596742255704985	0.06289689561495354	0.8551186846361717	0.5530779453574544	0.7666788302056038	0.447452833439502	0.1534258885940163	0.4493123314387235	0.5187663945140483	0.4835840488547583	0.3476465971261339	0.4281913141034576	0.8258685550086953	0.4848914095298312	0.20309245984609348	0.68572263467786	0.8083091895081755	0.7031583528956522	0.1446003806412371	0.6575690317043773	0.3236663040219674
dog	0.6706161490759706	0.45180502216758744	0.6305053141432755	0.38237836767321837	0.599003592619961	0.4613575245566063	0.2768367804292834	0.3481401634531514	0.7313105137714598	0.47466318845766065	0.3837922089910851	0.11679490064635412	0.3235725952376714	0.6395597350299087	0.6796742607117631	0.426181177504497	0.7633482681665507	0.38891252411466104	0.5994726762891368	0.5509539024805968	0.5788590837676577	0.5261336580637332	0.7229820607243871	0.5218814552464336	0.36471568521119274	0.8622526882733603	0.5329123889220517	0.6793426481704233	0.6197707639535528	0.624024898170785	0.6675282782176374	0.42208309091054674	0.35465071854508695	0.5216394261544445	0.2832483475040457	0.696884780728553	0.326166358053527	0.5050359723192173	0.5714589623437196	0.6152137760634429	0.2307770349855796	0.44645078466995514	0.11156904796239286	0.5995961822053808	0.17738814920512835	0.6071633419854368	0.7458276910208792	0.5761604326595323	0.5935079119232293	0.7817434222102033	0.46767812104875295	0.6176413205795224	0.36586520953716173	0.311362716356892	0.45678503077000093	0.45634733252958104	0.3870845157385103	0.6407969557883479	0.1582129125844095	0.2510973509643092	0.49627391871408455	0.7595039682356086	0.32457009564112776	0.8709928472722517	0.212305995864132	0.14802143545385377	0.2943261158494214	0.5557735687264078	0.47553542306289126	0.6593779698517169	0.12202143462690884	0.3355295533002327	0.22626078014052897	0.3869622482807502	0.26911227299061535	0.43935878496687153	0.7948369170068735	0.45755682530265185	0.3852231013444869	1.0	0.5914455126132694	0.6383177721578568	0.8037743505362377	0.8267658778001009	0.7292816721074856	0.685566536070969	0.26419468179285555	0.3175051469474036	0.5653504079226294	0.7774181399468405	0.833057925131095	0.3987683602976907	0.3519686430330612	0.33535465792935304	0.3835818773989865	0.6126562010926264	0.2975679819450342	0.7237096063699893	0.6369190862009882	0.4510770474611454	0.8188944935026601	0.5043322949362943	0.6326063643365523	0.49727040184874377	0.5347672287587668	0.3449206105918341	0.5782769154829646	0.3314654365524242	0.9261251482438521	0.5754653353961717	0.41213292484863084	0.2514675476649594	0.22045689577113037	0.5809076974508548	0.5282234350947187	0.6733542908546998	0.8347281469231019	0.5253175331316424	0.41898444623698305	0.14638491237072287	0.0764246449965082	0.28376462172288075	0.29746856336116234	0.5919794322005584	0.679599472554619	0.401892215151735	0.8428093181315933	0.31814072297741636	0.3443898095792618	0.5407401178981284	0.5348639618286504	0.3441455689387882	0.3853286703632154	0.9959598776925749	0.9077920540654176	0.5737668285504832	0.6358578189220409	0.6348491888806986	0.4442981791708134	0.4460206854683343	0.5358647607642332	0.7096875827626077	0.5045931513919255	0.5114319250171692	0.5606310222021176	0.3062757819411618	0.5634368033955839	0.5657015757132522	0.41784334093028797	0.38688670996988034	0.6143726776360281	0.4260355196087249	0.6189555903415789	0.042660151809320423	0.4876898025930474	0.37935836962796077	0.4502887487304852	0.5379247183328224	0.7264837129709447	0.5943207542111203	0.652941255754184	0.7739184246573996	0.5736708565259396	0.15581111073417137	0.44850131356628703	0.41790705177649806	0.7258644367811854	0.2546821855203994	0.5279343129707534	0.7247985139514774	0.5014065942938617	0.7981320092983484	0.4462659883558783	0.3650304778182685	0.6142652200336591	0.7777554631479853	0.03651864447993336	0.7380737073631873	0.6324002302487997	0.5164343135097885	0.7474884401703702	0.5610874886913091	0.7649864359258016	0.23494959368228757	0.3761589377871377	0.613865315392599	0.5760753175953817	0.4284056279661276	0.4385192508686597	0.44992247369893645	0.28323744591885747	0.3260482588307782	0.6025336388791063	0.39684191951208536	0.680045852032326	0.5002447637833098	0.41895209289793833	0.751136988039615	0.24313613340689177	0.3800866311240197	0.6495770466136893	0.4567460497412159	0.4317076612757508	0.45785946286047624	0.647949231039114	0.6993577972639049	0.3448693082902947	0.3279748062280663	0.4373071873335981	0.29380186922801377	0.24763965673067273	0.3145487190145448	0.3381547012046477	0.4552125701043902	0.480796132415633	0.06107572691659857	0.4550536734043026	0.568363837152878	0.6587368431109866	0.3566527766852575	0.5133833111496557	0.33787350332651056	0.38772289945519856	0.3762060762216079	0.4641074386790213	0.5002627539357019	0.3224043613606773	0.5751331405066749	0.4467313673403112	0.10594829595256083	0.7467885084855339	0.5001482896406972	0.5960713392747636	0.539617595012238	0.5590499009231646	0.5473928351944832	0.3586356505872255	0.584866240145998	0.6422231867709546	0.30287590068156406	0.34450777475754957	0.4076243472150294	0.8049956507972644	0.24878544845955883	0.8377327794836511	0.41057151894216015	0.3465460751498862	0.6479325494922411	0.6626642218539638	0.6852821953909034	0.3613619983382569	0.23830272992753215	0.44363885521833385	0.600894845559092	0.20622083318412177	0.3279262718961788	0.5041434638058973	0.464102228748962	0.2961005541712376	0.6413355424253395	0.7608127104330225	0.40070240326947526	0.4803085347211827	0.48867441942533535	0.3756425259661134	0.6604961216936249	0.5518982201528154	0.3717905434143174	0.5979493531098728	0.29575115155667975	0.6675388875117879	0.6338353672704709	0.5269379818873904	0.48036946375609746	0.10243169904810256	0.6450752543477853	0.4185388338401407	0.43684247223855577	0.5523509404563389	0.5987168300371488	0.41736264815649127	0.2903834105709233	0.8685681369947866	0.807728655949905	0.47051233949149385	0.810263558144066	0.5986021968440911	0.44547505487131095	0.6025026569111511	0.358841128204699	0.4637925111383075	0.3762927358472941	0.7426923981526371	0.250288166383181	0.344021667578445	0.43783228663632967	0.3930612017901384	0.5276465297044172	0.6541557264428965	0.5531116146281856	0.7410118013332019	0.25958810785297454	0.5425052269025574	0.481659476638867	0.29405161023892157	0.6544700506442439	0.6496213828826308	0.3753206072326552	0.3384498970982529	0.7405665786998374	0.18069733535755458	0.34525426625493133	0.3771024521651648	0.11544441572786085	0.5202832609429435	0.8799171348985294	0.32856081067692827	0.2023777154465134	0.70549827223852	0.6476395335829292	0.28786344155091925	0.574208944676937	0.4992210767448166	0.5410869954160908	0.7388512507587324	0.8299399245179825	0.749511294693028	1.0	0.7242905347960478	0.5596219380681585	0.783206080903649	0.12978656984633002	0.5825101024038953	0.2595890598258921	0.7644339030908378	0.1012399449146118	0.7212667151144262	0.7935298253531053	0.693724884204338	0.8255379334733235	0.5109593272460086	0.07689851518077578	0.8950130984284104	0.20075122192532877	0.6102467489105556	0.8344579776076024	0.4912449163369412	0.6116225904110635	0.6096859876462766	0.4165995171417265	0.48385481538920533	0.5532785465085369	0.4808276146131768	0.42701023415467243	0.5858407814411717	0.4837448585993671	0.3893888989242603	0.6043727599823745	0.24480669355061382	0.6189921116725714	0.5600832888796167	0.48974986543047927	0.4679592594190739	0.5999253757590883	0.39215693092067216	0.40512704482446626	0.6525723440246608	0.7544653897578866	0.5493989414595966	0.7499076558223143	0.12079911765164958	0.37880669734463246	0.2722923431170404	0.356854496874781	0.7352444578059476	0.35444801263254544	0.2608326099475874	0.3846992444734165	0.18318788082968984	0.5473226154485255	0.17955481244054455	0.6659084092744819	0.10557251314789706	0.9174270975178667	0.8193938328625168	0.21092994979988036	0.47984556098272574	0.6018264068034236	0.6304575518968929	0.2045410217862405	0.5781537927088817	0.36757613150714974	0.48361649147313435	0.47734090228550785	0.3831859470935011	0.2771912305125398	0.4497003799613214	0.33074540195973123	0.6305072542843632	0.15916932776905807
dolphin	0.4226489100983328	0.39378777585760294	0.3648378687932604	0.22331723356872035	0.7625689199517567	0.712993462700023	0.47300127929059965	0.46737019722921236	0.49561898204511756	0.6411566222835142	0.7021699588417647	0.4058158511635488	0.7004710372699212	0.6142376180560966	0.33811243601556584	0.7391215429132785	0.5118104437599165	0.1938342720927803	0.17163573352501799	0.4940742947634789	0.1357535319651748	0.31758346596410325	0.44662350773128734	0.6375018581312807	0.8089548687899537	0.5245458258158725	0.7634496618398107	0.44759286346475124	0.08638070621262584	0.7036823655036218	0.9924643526085051	0.49086330348503493	0.44578178665484686	0.9410445495917363	0.5687347085192165	0.3401914104616336	0.9327725933618688	0.3597738131300844	0.394572903256914	0.3298202419918276	0.5608983687953786	0.3304775601704343	0.3679598130137748	0.9114877533517288	0.7943042935906831	0.6925000266533722	0.9999999999999999	0.4608466162539945	0.6156789794860845	0.4189789858531882	0.4803272861517842	0.6455788927978923	0.6153316367575156	0.41882385214374224	0.5895915758149003	0.6306996381890473	0.5199788170350665	0.5243586737476921	0.9640177412981401	0.588141379900551	0.6760022809051984	0.7209774651487064	0.501015255933774	0.5038094470573368	0.3590908260475492	0.26096631384011226	0.5208718974401756	0.47098444971402376	0.4708690626847308	0.7646329753262257	0.31800332866305825	0.716198151185782	0.6231142900388412	0.42410303418878	0.129633871571382	0.531259777556123	0.6790188076672639	0.23152183834518186	0.7057280499493827	0.5875525489964335	0.7020851078809245	0.4834987288332464	0.10591400607069218	0.2258220183696304	0.20904422458944605	0.3562919048947254	0.28507669918490774	0.08153078323672786	0.46002393985001055	0.6873649847785728	0.48917426826803195	0.4414777025782424	0.06198027220619223	0.4302382855709993	0.2385364031210281	0.19068758835513333	0.31696319164057135	0.8576122133400561	0.8430538598715263	0.27312839748202644	0.7224396652204523	0.3587646125726247	0.5285630459651581	0.42301510345890947	0.34816949920763574	0.355542757169477	0.4145767236322381	0.3554847297035082	0.7136822138276762	0.7652199467690668	0.48142994087443725	0.5539725644385743	0.5932644462382164	0.6947410546939098	0.21199794010253548	0.7443933999306604	0.5723421111555888	0.8176627983974818	0.5640055026094254	0.44546616491979746	0.8638489939266709	0.40840278071886227	0.8148036547413617	0.13576497556643524	0.6431030474036039	0.3232605393659289	0.665718010412033	0.8401396772348269	0.5004897522262532	0.6649230738682725	0.5977196466321882	0.47865697096322024	0.44210191263338566	0.6226009483419948	0.619902149032909	0.35718782797482995	0.43701720988402226	0.7721971087418411	0.46136214074519133	0.7052157281755385	0.2880345072030954	0.23481615056738367	0.6937462421958553	0.44266094410924656	0.6309739133092385	0.46438458537604455	0.30551868967912066	0.5036979325240274	0.2737709845951986	0.20148970411669934	0.649670400409476	0.4813621668935399	0.5911544621543632	0.740057741090959	0.4292844082029591	0.5015437611537725	0.5408721937558925	0.6607301461904067	0.8529200478212395	0.20117211275169894	0.5836432214378979	0.6195827318534913	0.5454807634040667	0.21864082545887853	0.24002130519316067	0.5510379391395932	0.37692793488602194	0.45239896925248263	0.4549306725552273	0.6496785598289685	0.3239188159325426	0.532038523882297	0.6242996351084974	0.5041846908104668	0.572584490969387	0.3153962742175732	0.6447837940778931	0.6084961982481114	0.550899137512593	0.5114716180053743	0.6545858408012695	0.16881275836269355	0.46094642790663126	0.3328667062425654	0.2782164163469899	0.6783110739544326	0.49810674595452603	0.29758521173089614	0.682935337725668	0.5684062782887165	0.3706334892011155	0.34497164731690244	0.691219046818555	0.5070657689322848	0.38441642067576526	0.5737199874280364	0.5557271787004648	0.4012642147159732	0.2634054645200982	0.5236596199139408	0.28717328649346036	0.538087925686892	0.4806442016916631	0.9731445439095603	0.25917527337498875	0.5663017200133775	0.6476599130206161	0.6698613773030536	0.39629438668156314	0.7314168757365807	0.4746301910233317	0.04455851551009232	0.38765508324434256	0.49131875776075823	0.5329700479144338	0.39472391102443516	0.1684283853883522	0.45080196818571916	0.5622089110263639	0.414239647440751	0.7410465505962032	0.6231175441953773	0.3038999080738965	0.32954505575545734	0.7314320948849864	0.4034472809297486	0.5723819925464378	0.4769290029079438	0.6442503976399572	0.47351563514679296	0.4439383688830242	0.493272777029707	0.5551700910783139	0.450791717141955	0.3763656290441272	0.3228666284863224	0.4272826466024896	0.8059138602929496	0.4362048511787746	0.34492553438781365	0.539124858131448	0.34997057566407097	0.3887309026889877	0.5893670919095529	0.6622379402019316	0.44245747524896106	0.8750338438166376	0.2529775498528824	0.4204701795752305	0.5338309620002046	0.39219377430510377	0.5678156235359858	0.31579455453794253	0.504184725165753	0.15023402841482847	0.2769474567409036	0.3942267195870791	0.42130053546861435	0.8744430584977402	0.5308261512509289	0.9999999999999999	0.32834920615548624	0.6088878098229088	0.33814162032761147	0.38779644489940024	0.4144317693113429	0.19140973887780105	0.3579072133657826	0.4748458465350077	0.2087922056732026	0.5799125018940607	0.7123068484972119	0.419521656304567	0.3137717016331095	0.2980477318399143	0.38338851202190666	0.2152842057144589	0.5665160898329429	0.21040488215154474	0.6967906838919007	0.5964676232866339	0.14072475322009004	0.6128057286064584	0.5239775252492892	0.5504134521942257	0.5693089739282815	0.7311084819365743	0.1794409709382525	0.5910535539078813	0.35608534215238563	0.4281050229063895	0.8141344032491514	0.45792055170927143	0.2088675760290747	0.3881081119634101	0.2707062648862411	0.40037094094306525	0.3419595659085872	0.4638168223587436	0.5619224032261005	0.3800449045903914	0.807362897322738	0.6119810827395762	0.5437799968753794	0.371956737235984	0.5317986265529705	0.5636967394663821	0.18468347997420131	0.20812050513661412	0.4303777201930248	0.479542063454928	0.14492106836359842	0.6947538257843657	0.5058905595598143	0.46815775315519215	0.3158780009579277	0.5602316776828772	0.4082128453059309	0.6348907339115053	0.9834630068638989	0.4909958883462149	0.559291118532197	0.45458743313388755	0.7621276373578199	0.4058061949644505	0.4574445506102359	0.4473882574993432	0.4260322970777622	0.3858237770402056	0.40902980834417424	0.516300185291821	0.5729078996178358	0.5859819130217664	0.6284399733887913	0.5900356902638444	0.7200926035380514	0.7823271236591265	0.7379018332391947	0.719495927821789	0.6656702805971899	0.7653464024466712	0.2725058186561111	0.4330337133322757	0.502837226849354	0.2522985076580607	0.4287755772707773	0.7738984610503379	0.3800532256403076	0.5679998125395679	0.5797923991825057	0.4835981271075887	0.41290052086102025	0.4362448646381318	0.585218772203904	0.4046018355658041	0.609858786092244	0.28581518072143164	0.36801714185373047	0.45876306843147024	0.9881075365866652	0.44124076595064676	0.7018328984324539	0.5434200960316853	0.3777437970903948	0.4073924039246257	0.2533674506503597	0.7792741656194873	0.5242484683119901	0.7021048561386143	0.3891197125949837	0.30902730965422404	0.32494652693739523	0.20556873080474508	0.5731873617065495	0.8900371586455	0.10216808032273306	0.5238785061846996	0.3284552082810155	0.5083153166464968	0.3980626720890199	0.3615692769132454	0.3905198192167546	0.9435731791592412	0.6629612803855363	0.4296185377507725	0.5302459798429918	0.7724509473831225	0.4912973296156719	0.3731362748476882	0.4827210860155095	0.6614112022304639	0.707021416107788	0.40815448407849203	0.43565200477702687	0.9562526770803064	0.5392645564075955	0.5963214126676746	0.47697695970799897	0.546655542958838	0.21693284213409258
donkey	0.32630607529652106	0.3584265472199965	0.6775921727214722	0.5483341160985056	0.6285562691412124	0.5836056010977704	0.4422308813605685	0.7448445492029141	0.461254632108716	0.4384834658670229	0.3954107060462335	0.8181057236037553	0.9518109379206129	0.0	0.5159867408236853	0.8030504893041568	0.4002644179611758	0.33631626647803187	0.3051328514965409	0.2280549957871042	0.6167586768739575	0.7915642549734809	0.8947734258245216	0.4697139567426233	0.1015287657031192	0.5684307835934489	0.2923613921352313	0.7771235892597772	0.3459675823190534	0.2927921854961151	0.7616068243259779	0.47627518506954525	0.3879061624148741	0.6460860161128389	0.6447684859284168	0.37544114294706094	0.24614496829034588	0.4408779000971259	0.23776354596256255	0.382317854589994	0.869795563286755	0.8553713992483469	0.5684694561719358	0.6022096655400615	0.4254795390670962	0.502219023008112	0.6772853514199338	0.771990651214139	0.1046529994151264	0.3404963847948966	0.2996849693505398	0.4004369699374948	0.2491909639692525	0.3938169699413133	0.4071167733544069	0.2005411400063786	0.5597820971655645	0.2828774524620836	0.7256731002041986	0.7152239749571238	0.4556810840688916	0.5180414834830392	0.6291346661317494	0.3670148021249682	0.5427114429024238	0.2878934064849214	0.42337831605596327	0.6452275194164749	0.6799257552901476	0.5894837721511228	0.7639467398355733	0.520019205550077	0.37567919069125977	0.6296245028138989	0.8066437585744877	0.34700138661172325	0.6492296145468784	0.6659681012882681	0.4739704896779782	0.6146662352538419	0.2400038049281586	0.3875864947924227	0.5460416773146473	0.4818341064177658	0.4309818154550024	0.41745364415871966	0.8680766156563036	0.506908857917699	0.5703512670847898	0.5378152208764445	0.42984107804807736	0.46360711382949077	0.47810301307990777	0.6682676059055148	0.45467285875125724	0.27227632935372026	0.4334465179413094	0.4792196026041138	0.5522244295637007	0.16607601091805052	0.30469421723439893	0.16420870541675808	0.6385561745859375	0.48600440539031886	0.5697264602923536	0.9435822269532186	0.4103187951151352	0.7089895392648051	0.49211399752335394	0.1751068786913466	0.4838832755631975	0.770145638670843	0.5875503351270616	0.7393588292841338	0.5189774500278612	0.5678722661024644	0.6692899239754947	0.5375498593448196	0.5548433800307824	0.8314953652923514	0.3494819370792857	0.3214946237222639	0.7526235765562281	0.5373523750072542	0.4209443003979115	0.36373475483288004	0.33140562218955794	0.2780109568565703	0.5738945179043006	0.6137708485914228	0.3487394355606964	0.5235724057285771	0.5211902048663127	0.8050935251370656	0.5901279838682009	0.35590495305116143	0.3470178964118063	0.3107773770177207	0.8902484321625302	0.5798524445747851	0.5155815588869775	0.45141010129948456	0.46818130262357766	0.5485179867848146	0.45981304594658584	0.3197189275609644	0.3053205327227621	0.520827943401652	0.5896318854606777	0.6669334664983124	0.6475557310975097	0.6151441057701613	0.18567313872269695	0.5857299953868271	0.24370574148517038	0.6291800646324073	0.9079393262715814	0.35519747829173487	0.2882360919944128	0.4810649491875377	0.586306903169281	0.4605731302058642	0.5273865557265067	0.5124604211531937	0.5303623403223319	0.345877098159171	0.34599368075814674	0.40634026615561175	0.6024476433604385	0.5054161103514092	0.6205628536582514	0.5126647556267852	0.21253550253520137	0.8724683141812338	0.45508574878286406	0.48969356231311434	0.3221407585592607	0.6823769204695734	0.5151302765333581	0.44014941549088255	0.23243558415120097	0.21429536998096405	0.6585692239231737	0.4939357675543765	0.7981905446318835	0.41762085690461326	0.4054827029699403	0.525273751261167	0.7195128568497722	0.5849108501810333	0.44216839436075756	0.4980084936161937	0.3980459033706759	0.4330581190783752	0.7019552701106822	0.36338453041778473	0.26216523243354095	0.5436193988569542	0.5149812386135468	0.5931966437090572	0.22390190135719873	0.6430824465250322	0.5700450635926203	0.4382726092413475	0.34604863081205217	0.5618542774043606	0.4383281945696551	0.2518168909733155	0.6795398871006966	0.6453939599498547	0.5553081583934516	0.41184893608970224	0.5563864161729628	0.24072585579304023	0.4970068428876375	0.4769040982548709	0.5481976719694784	0.46764527278289647	0.44956393879459433	0.797170164972806	0.48720629358397793	0.495897679513184	0.551632177527495	0.7725536357057605	0.18081068360353758	0.5710633986432471	0.3754544778736697	0.35412401494457996	0.5463522775250431	0.45382430366344073	0.5089578658183722	0.4528330613718758	0.4941483306145421	0.18587529913270795	0.4968850136630872	0.5604625840463475	0.650635297273838	0.503061185651135	0.5614003285929029	0.5481985306828246	0.6268586389132612	0.5219176698786417	0.6315358541614815	0.3274217085807263	0.9030607869124181	0.6354779493422453	0.5526212554100998	0.2142759827547574	0.39484396375551145	0.47727281352347917	0.42848885640175177	0.49459662319258085	0.6844769085035879	0.7091253133513207	0.5033814295272598	0.8034128245805782	0.5888096011443404	0.42229223267290916	0.39940270418552276	0.3886366674536712	0.12057425095840124	0.336095713776162	0.47277312094129864	0.3170610038570891	0.5072590451536342	0.3772816460663907	0.5027949868550317	0.62584021374898	0.5451989583834391	0.7926482469443358	0.5740207641994388	0.38671953278663407	0.5844859718006591	0.5540830891192323	0.41025803588431936	0.5573444679784783	0.5250095616044894	0.7518133566097712	0.5564647402824658	0.36562514475615276	0.5201635590761039	0.504666321276074	0.3925734541168291	0.22164781936972378	0.320973467377472	0.14684349245770761	0.539542819274586	0.40612930405719544	0.4482557739366693	0.31947788489522644	0.7234798563939511	0.6259412879519108	0.6540634669251949	0.5095563007065216	0.49168325388111045	0.5853231923662094	0.39723794778486055	0.4733755792994735	0.5480292258650042	0.23813585743546553	0.5028900120328802	0.8877841472851499	0.6005058072382053	0.21836574523083535	0.6573689150258462	0.22694419377908095	0.5148734682927222	0.33749683292083815	0.3332114108454083	0.5878157003578257	0.5350964612899113	0.6120458057917236	0.7987425306488886	1.0	0.49118142294318784	0.3619626507580835	0.47839826694653625	0.31213419070622433	0.5067241731907738	0.4759515758331391	0.548379984937421	0.5608445486057867	0.4712886522941851	0.8336032345100612	0.41166193241481447	0.5279662719772906	0.4541425748057394	0.41274376847107763	0.6125804820467178	0.45828011358189935	0.49671960819704564	0.928821511166636	0.438071387920794	0.36209441536731246	0.5255278626753098	0.8397086510938491	0.3684774268551888	0.5278705182653753	0.3538767619151981	0.5175010758799479	0.31480035792288275	0.5027618280024566	0.2799246093697602	0.6077630199074107	0.40141966406481355	0.4132984259850041	0.7147223962487328	0.44096090527325327	0.5067244960658825	0.18538105066313787	0.24426738680525606	0.44658431088749106	0.5151042564150599	0.5489048750869451	0.7103115661247341	0.5506658258261354	0.3821714557124146	0.4794971741918645	0.5084969787798849	0.546211854558349	0.6316915072597888	0.3647119624051831	0.598701721958421	0.3836725682947018	0.4836721540058274	0.47594234800932345	0.06668273329269303	0.25920742425676346	0.48953618255431797	0.6601927243422869	0.5100651779393127	0.6954502332764328	0.9118413987828481	0.639888380020105	0.5425877985401096	0.4998945091379139	0.6542288798705528	0.12471456794584268	0.6443960448921329	0.48181903749496946	0.31126530840630795	0.5331252094786468	0.5201900660957084	0.24782812946259553	0.4848994934670095	0.5154371193712368	0.5755747637845612	0.4715322965909793	0.33158706333918614	0.25506889617421413	0.5296381455035387	0.3480690142106271	0.6154481283975213	0.20962253157541544	0.3583205501685034	0.5726094039516223	0.8620327822328143	0.5425253458728637	0.4461499632053792	0.45622949800678414
dove	0.4377778476032921	0.30631275316546935	0.6174158772894117	0.43213463623532655	0.6604742914799484	0.2471374020760459	0.5650072655622744	0.5209605976379774	0.5350998862842674	0.7373226893644323	0.6529498373160546	0.6836450974903455	0.7312669701557215	0.5366562006068587	0.40021947099318367	0.39156816429157637	0.5694085904943953	0.3960508641119389	0.3794372318806063	0.36790168350452124	0.37445603219961415	0.39920002458774917	1.0	0.4521471072426811	0.468645071572795	0.6330102663496843	0.8025243086592855	0.6245595372372832	0.36844552549702586	0.39897324950331337	0.4820319909578879	0.529496558630524	0.7885806753110365	0.5871683423259072	0.7354247050643044	0.6245199631753163	0.29434259972324506	0.2964941594165961	0.02059938735248834	0.6549031504064149	0.756893922237976	0.5259804498864286	0.8156141093458562	0.5068248828771325	0.4881193320857341	0.278659221282116	0.6412779273929132	0.5863145769122757	0.5887616197241614	0.915801742753995	0.4261329083047308	0.7064012379470239	0.08461789045937707	0.5905597759824617	0.5401800885258682	0.3537856099667519	0.39973585151614216	0.5063101436927551	0.5604647313822848	0.4174957107623455	0.5626647666527916	0.6377322766988924	0.5834021493357721	0.6954934586111622	0.3708186068046586	0.5004944274825648	0.05179987875370262	0.40752491677008823	0.5181308984766445	0.47118271425911185	0.6163247334806721	0.46453702275430253	0.5875580125935616	0.5705930107922523	0.6692116000879602	0.2916457136072494	0.9134330948346681	0.4866579717127776	0.41047989906246796	0.6890315910267685	0.4565280814549612	0.5293365812300194	0.5035270186823957	0.3777796634596481	0.5745956407843887	0.7802661291374031	0.5696066296234473	0.2804949293060255	0.7568313725654514	0.4917856399448852	0.5361539824213428	0.5168162181311812	0.4368839866681294	0.35372118344252196	0.5645571328975756	0.6522343726127834	0.3221176697520415	0.5848714040245228	0.5128857386751472	0.08934254348224929	0.5039744651108268	0.3937634836832222	0.6464931421204717	0.3636553376876303	0.5389446433515022	0.21833098434443565	0.4876649149654321	0.5587343859876213	0.6457443166238634	0.5867223878608561	0.5809419650623481	0.5934449602193864	0.3091813007096823	0.47539577059760957	0.7321843976665487	0.35155992068600744	0.5626406963637547	0.4687535315043534	0.3416473793626536	0.33988022315115696	0.5876502338930125	0.1933740496652444	0.5247964661272781	0.41387132013048467	0.4500961896937252	0.33721824799409056	0.9561961465611313	0.46271008116218654	0.6416305005235752	0.6559044851735208	0.9219458311643318	0.44162310485778744	0.40664584685126587	0.7347801576024547	0.6645300815071634	0.41464837146395617	0.9781102424987066	0.1555811298125368	0.5973205343359357	0.6317001339367666	0.3172815821771897	0.3482401895738183	0.7034048111316462	0.48202129969990704	0.5286168124471535	0.2656917489316169	0.4410464590989876	0.59931115267826	0.4555863347057397	0.3810393235107582	0.4939557843546022	0.7082966508840789	0.3242327441072953	0.3759662653400185	0.38391707308518924	0.5688171829593396	0.22590901120566403	0.5628815888122458	0.8520304182596827	0.4124602587314735	0.45970483853912	0.4613806286475609	0.5754360947194361	0.5783879540119	0.5677968052719427	0.5221231326261421	0.19518036314512893	0.5204184688300248	0.5001887641045881	0.5081516926943563	0.3819215822078703	0.6803340903244259	0.5491359217029248	0.6252896077423808	0.7399351746812433	0.639487685543862	0.37656131591183695	0.35443936837422974	0.5541193519642245	0.3581499857449134	0.6413222732204171	0.4935985253466113	0.5990700715322004	0.7250619534036439	0.26532449357448656	0.4938032306894453	0.42642566447742886	0.6478695794326526	0.8573361761610536	0.37825250853483744	0.1832748187072044	0.4845100067586083	0.5598730442297495	0.23334677850141416	0.5330679117073892	0.3669682898449551	0.7965881565658373	0.7000076127444466	0.2476517601976076	0.56634536057007	0.5625531887781344	0.0202444305012508	0.48125415266221483	0.9863998612252254	0.7022694570006569	0.45450767501782735	0.5162958366714746	0.0627163867040702	0.6641150816863587	0.3703701329213469	0.5359007042349866	0.5086159625803778	0.5541283637875591	0.6206781744276693	0.4189366678181456	0.5510299391974823	0.31550600888140434	0.6598313571647718	0.8036891776871765	0.3676600996663399	0.7375285229399904	0.2958287534345665	0.37628163655221314	0.45412673168556034	0.3647142038368606	0.2952326465353383	0.39466502370440226	0.4043508418503252	0.7358805513349302	0.3381535636254228	0.6096760372118137	0.45933802464497436	0.572382979851479	0.385456406933277	0.547368366642827	0.5634938806693788	0.2092513134861567	0.6292412878137287	0.8335794945006492	0.615119240709587	0.4634773159276162	0.7214876559558838	0.35374201449350406	0.5401002766054163	0.694902939424038	0.12536696941221384	0.30800547838543046	0.1731315108025268	0.6040918404635759	0.2840298835907701	0.4290419994913673	0.656999007365392	0.428779211127435	0.632624644953934	0.543827085517776	0.598874129513015	0.46499782864071676	0.2632158015826525	0.26458539908413714	0.2211283452760694	0.38416157612516855	0.35308372922968745	0.44539488003507355	0.4611401276614491	0.7110008852577125	0.6095906029793919	0.3958739712478174	0.4724855812132795	0.39060877174186215	0.1837499451846334	0.5221707014683236	0.6792216716777265	0.527143506329344	0.24704421726047496	0.35371268361417946	0.46289416157052865	0.46354153101635664	0.48773680216936055	0.7083840366084689	0.621606429844581	0.6100379824542522	0.38613206010081697	0.6764820178525566	0.6173037682137552	0.7419819265372304	0.4295364464227437	0.38080776467611527	0.13045004160898427	0.2744737566858443	0.3434375302644189	0.7594790820406605	0.5268265024129319	0.6934608097358979	0.5916800226675529	0.369994410347357	0.260334894272589	0.46400055608249874	0.6011973572902991	0.619512730666836	0.5432203811662021	0.667881849056512	0.507736918409726	0.32367778729516306	0.3328349530145488	0.6548793870826299	0.49246915196065844	0.500520747770481	0.7150153852049721	0.32703012542056464	0.46818704840290454	0.18038478726063903	0.009136539388819531	0.5808778551781865	0.7084343438578948	0.416902116966622	0.4506975141996341	0.2274950219487482	0.0806081726285518	0.6287941279036462	0.38993938380965754	0.5252850343047228	0.4994362878525914	0.6408753461055051	0.41434518100220924	0.5102356840377544	0.103357622986327	0.5101498915369057	0.4864314625888914	0.33391940490516636	0.4561704323264924	0.8416020192052897	0.3628152949695054	0.7308201255982798	0.5020006635295613	0.6089187612351932	0.34553748674021056	0.17883491446013944	0.6704066587976502	0.7129951496019882	0.5857026213062849	0.21377746596297414	0.49751221172114446	0.6351207463190003	0.3211692001915387	0.7126767816349249	0.4038416439161124	0.6199193247948043	0.4302737961929395	0.6623825951267198	0.4410104856033669	0.6895204084345794	0.5374895853766255	0.41662279321348084	0.5879347770674922	0.42288623912764695	0.49844964493130123	0.6637731799018154	0.804061515680109	0.5201853591422497	0.819891066137618	0.6518887324764703	0.05960316502970042	0.6025331684956621	0.699094617249512	0.5158929593199447	0.514981087558052	0.3491431214612871	0.3570066830261027	0.2952376363930725	0.8126847224715014	0.3912461449279128	0.5274555246773398	0.5433473076827959	0.4836182064666039	0.8327020557050643	0.28084501708198756	0.6741035660210634	0.37656455887939017	0.35618464184114335	0.4161485781462555	0.29543939920032336	0.7161037588519351	0.6030481434140623	0.2724692279963526	0.4109400407713686	0.36797459256928916	0.3990671353769849	0.6696270678573646	0.3666726524524058	0.38035371578025123	0.8132587073151784	0.3575788651201587	0.6772045682746146	0.7302729339151818	0.3167383115355663	0.5428035781775468	0.5116450884373088	0.25221731658569413	0.39882549212894297	0.11882283979659647
dragonfly	0.8334789864152534	0.6808429790306729	0.5544947325448606	0.7321613547928433	0.8925705556816752	0.5483107176635325	0.331353949785472	0.46178461716380337	0.6637677041385512	0.5747886030816156	0.5630901726537995	0.5992842350498192	0.48462438863402235	0.2987235974467309	0.7127675184726157	0.7619400151255487	0.67769120555015	0.782297009135414	0.23844745367057874	0.3863468769327625	0.8047477558699114	0.633188366265605	0.7721349047836208	0.5164218154210526	0.4577160605951182	0.6224993241974577	0.6563384777864346	0.47452604641786444	1.0	0.5269752835981251	0.48525605371633224	0.2581333546286033	1.0	0.7213344352301925	0.5663486610973175	0.6316551007827608	0.5143868626165011	0.5429825689965565	0.7390224485867711	0.3835838574855585	0.5901110586324938	0.3756540555504137	0.7525322993688623	0.5640351688635863	0.6518208346706325	0.5214925922016846	0.6313448979175048	0.4397189669266381	0.3596714340483943	0.37035968382490636	0.2805224003245549	0.4403951638744797	0.5754124159107812	0.6364517829341446	0.5452227365297597	0.44566955434314753	0.2512786634620396	0.6773712232851972	0.41374886683585305	0.38275336850957437	0.8263621421973144	0.47107503370562254	0.4957380590105739	0.5059987794417021	0.2525464947919869	0.32134531137990574	0.4288793311217726	0.16343454862257245	0.5713523290933531	0.6049894686813583	0.37244319012801713	0.4249965339095579	0.9518434962249676	0.26345713836432666	0.43203793500979343	0.4141299289064847	0.7600746918517001	0.39854975968739625	1.0	0.12688680757747933	0.5213134511861428	0.6475405456844074	0.4492523484764555	0.6094328786009228	0.48483701169384724	0.6076283806000282	0.3438157955300644	0.7345559587402082	0.5062425950029357	0.45769217815177055	0.6874293727573593	0.4866923939033886	0.2966564714811659	0.6123165820914618	0.2667839431057543	0.28093054335732076	0.7292007185063476	0.47503679621089356	0.652740963155428	0.763412013117799	0.5275277870357776	0.38656853761407106	0.16332920966496717	0.5908520747885546	0.550863219080142	0.4095302611275669	0.6310913333518291	0.42573620896954945	0.5658771683622592	0.4395164582489533	0.39414228501143445	0.6822432395322564	0.3613067771701676	0.7378758736490504	0.32617548726983625	0.5432380659414129	0.13393014600388853	0.17970376134486815	0.5785235970572116	0.8027465423255429	0.3473602390734337	0.1617849643504221	0.5810645343757908	0.05195302735863211	0.4857611275861716	0.6200678925424696	0.5655964069104722	0.33080159675120324	0.7408517180941685	0.5593113192493058	0.2364679068031239	0.7664625774026901	0.23147572465476424	0.6126931284759674	0.6063591586643472	0.2958807248640719	0.686211302433603	0.2485539681465299	0.8698568392802577	0.5624140242237136	0.7752572219039555	0.5469847545766824	0.5612919805437828	0.5723575138260897	0.808274574636046	0.3435466711092026	0.4916870358726035	0.3747523137400043	0.7390159383856277	0.5806685027368156	0.702359504621169	0.6624908319068258	0.5902110168275296	0.13932806161341377	0.7275255507187175	0.6583923956404525	0.506326324664196	0.5469165541832002	0.2784908440348919	0.1379470798662638	0.8519036946520072	0.4307763979826338	0.5745529617363327	0.4412184023045845	0.26549688782324493	0.29278955983461263	0.43879965156985135	0.587169780342848	0.3334057151828217	0.31776680512136407	0.42566954697263215	0.581457949714968	0.4646751017104522	0.5097217974129359	0.34959519516463655	0.5304450585553935	0.4705847143110937	0.8725635205564488	0.18083066227657685	0.8456532875387497	0.517194428453398	0.36124123667015956	0.530540694034216	0.6457532734489804	0.6457755199707871	0.2836495970868193	0.61414891842208	0.4393951383232639	0.08044472032393646	0.6151573962227903	0.4537862399001051	0.39180005508943827	0.5726952997101411	0.588145622512618	0.6314600328316907	0.4637423858090596	0.5833996184017463	0.702030241085145	0.5741868881527356	0.5022652511234231	0.48862311114244716	0.46225895778162174	0.5066561083334223	0.6434807196609398	0.3902434946474344	0.7869262837702411	0.23419936634454513	0.1732517956229537	0.5747255491942501	0.6362382750079885	0.45004160380167096	0.14248295440782355	0.22522991409769516	0.4097526959071249	0.39209887639694607	0.5874352558698311	0.18557245485390989	0.7255852270721193	0.7467579390707655	0.29604851584758735	1.0	0.12433925911018823	0.16627737110774238	0.657114199723164	0.551302115691303	0.6204341569290656	0.5887841223978151	0.3816543057560625	0.7037615655821331	0.36436551265205197	0.550608878540334	0.7030133169231093	0.6382397741949011	0.4289004317465059	0.3581100866826442	0.4889087539821345	0.4964144183715287	0.6879114515231816	0.3188334905329956	0.42093188875086057	0.5706807617652526	0.29194662507861924	0.7114775771059658	0.23598985711042775	0.7337217969008385	0.5486247461591367	0.3755160077255778	0.2061561109174509	0.3977410044545375	0.8179130220179595	0.48992070740060245	0.47964750383904275	0.34711677322974216	0.8362090435493101	0.5517879402429935	0.1858389077925776	0.3198036580963283	0.5361895156413178	0.5150941486387288	0.601061706221446	0.5606984138673168	0.4486884961813943	0.30763487155044883	0.2602982392687147	0.08622029417542643	0.6689264405680452	0.6009516124413895	0.5072804159824901	0.5914936258266951	0.5633690627219461	0.3766021792507913	0.8425234628867673	0.46748258654524855	0.5692911041224821	0.09045876289809412	0.682470617505196	0.4007410528572307	0.4091692930320624	0.3608130389473933	0.13787014832563382	0.41778833390579706	0.4351958064819362	0.7223039121431359	0.5840349047663945	0.5066686562017378	0.5474997025951669	0.5436481253438461	0.4479632037884768	0.430112064473154	0.5297346504911913	0.7995866718666272	0.8017930868819141	0.5299459028221112	0.47929270348131553	0.7918047463442437	0.5894535694501339	0.15638043253982417	0.588904138794695	0.38958318376374945	0.3922017029373143	0.2923806172056188	0.3708304026656969	0.7412847542681054	0.552566382023882	0.4613407142697906	0.3254611436635317	0.3148769630415615	0.6359942518156516	0.3166338630125846	0.22374680687358767	0.0832159614802655	0.3955759651399027	0.7672125130260344	0.7322761608967312	0.4020104264333954	0.23745971769231333	0.21764454138480988	0.415613812589628	0.48799051240465513	0.6334482160742704	0.6867046255942995	0.6972696923405866	0.7267096938818306	0.7847651389764023	0.39026485923016185	0.5455294580131564	0.24658346268690512	0.28354947261676944	0.3245126324653991	0.4627509501834652	0.5138564165779974	0.3766719285350712	0.4317010702100296	0.5922792315526195	0.5475844066047381	0.7591642135196646	0.6365319520755391	0.2996768963341205	0.2030420192682403	0.3274331641540359	0.280426826063103	0.49206636660262193	0.11816131856376466	0.5502407161281518	0.5665486767347631	0.5871435837703647	0.36893795892642733	0.4257720450997903	0.10811509530834146	0.4063416700970649	0.49519673482434234	0.7978176842673043	0.7422558351674218	0.6442958918420743	0.41696626035883244	0.5755426313041621	0.6688338508214523	0.3795895946247342	0.39207880451615307	0.8545483259704643	0.6070011388692821	0.21754975371477936	0.8670735689985691	0.3622599694214973	0.6220551239563833	0.25482637591823587	0.11258131111424996	0.4643970620289689	0.5642402517912906	0.2269106701449719	0.4396759871679766	0.29784463840350456	0.6199206156512602	0.1628923492799188	0.6957432197322708	0.7323811672982832	0.5030322664518332	0.06653185968635461	0.43883844355605295	0.629770622991612	0.4257924275944445	0.5439314119351447	0.6426846218888103	0.3433671948383408	0.019756014205199568	0.278813395036302	0.5909447308329718	0.52034536674636	0.04536068000796256	0.2945481803836707	0.6569202541011088	0.4521998568890437	0.4373819323404207	0.6710023056273202	0.4581659195444611	0.6327586408223203	0.16529823761499957	0.4084193513474716	0.4389668613582102	0.6258816647461347
duck	0.6895339862602511	0.7230564039354881	0.6637256080380178	0.2988680999604342	0.4069941651862244	0.794511896643521	0.08761755395630727	0.4053376291539099	0.3773016556012246	0.37515226075132724	0.49451028637182076	0.5943839481034544	0.39188515819782654	0.7620885058832392	0.19962206892989576	0.4352756821890873	0.0	0.3933379266752016	0.061783496269921634	0.5330186243980166	0.6338049486002274	0.46674422765865686	0.21147553341793007	0.33656985565439124	0.5702075253505254	0.66784670820918	0.5770913823217884	0.5379269299540546	0.6092401841929046	0.7054635543969968	1.0	0.5068820862243724	0.5012301791011907	0.6516153564534345	0.516249445493054	0.40482858681916223	0.8230232044775775	0.6334390359737119	0.3738221933125129	0.6071695787267061	0.7981588178590572	0.8388375816078601	0.008847238339466379	0.7500822071130941	0.8060785860811968	0.5055206156567789	0.5109469852156825	0.9269161219275439	0.7459812489357107	0.4196649419433372	0.4357029310093791	0.5227687443435801	0.5636746371661049	0.4700192184612343	0.27788942299846586	0.7511829814041235	0.7958204114674803	0.3018270534291066	0.22150467930099066	0.288412013587251	0.4430761257031661	0.6214637505484335	0.48269758498576076	0.5212151816897467	0.3941648411447396	0.33327633071236945	0.5870380642333661	0.6699267227673774	0.5271784348804315	0.5478323438873514	0.45935525598312954	0.6490037988934041	0.2586157788536294	0.5971233831407384	0.08933133430589724	0.517812236032463	0.7300617354760037	0.3590230944042094	0.48157218652690015	0.5851142138073664	0.589444449037833	0.41672346276055877	0.1567829280860693	0.24842200092307742	0.40215794575489866	0.4737999430541254	0.20822557491050386	0.5272617415649428	0.3833774867456804	0.49237876741355385	0.6201620404794915	0.38628089403331967	0.2144948757485738	0.0	0.6426655937340241	0.11751525195222806	0.5102325081911179	0.28190974445824724	0.40794626996597205	0.3212032096308494	0.6739153240750809	0.4503067240777016	0.3140248803507904	0.6487688050619832	0.949489734189713	0.3247896258261544	0.5957286528125889	0.7337677812105686	0.1962662311161833	0.0047359818225014005	0.3844101212983467	0.5077815845321701	0.45453399289679874	0.6841577490111665	0.09922198243842101	0.5497758911317293	0.5234461591746551	0.4719442326731622	0.5921273830124468	0.384391565472704	0.06645975734759807	0.5808944479348679	0.20893466181938297	0.4020433469006323	0.4092408838376634	0.529827218524882	0.28807696724239623	0.36110322147453655	0.5843392909537002	0.48053287907915154	0.8492717471198132	0.5769595954681057	0.6689246451608749	0.7303580016605711	0.30289952820311433	0.6900675776920653	0.2229241163584832	0.5370495118328601	0.6513644200521265	0.6442610640785985	0.7278658217773085	0.9092298442584753	0.705395751873881	0.41951833987911546	0.6334903660632571	0.7245417270199968	0.32250602288090663	0.6940578883290824	0.2872386554733208	0.0	0.7964973211297676	0.4747618310423475	0.0	0.6825090967799676	0.3458582109836024	0.6932129105306927	0.8123280754289806	0.3847280761231815	0.46859341260918097	0.37642075113942147	0.6383290978758144	0.02774592477141316	0.7026532227038914	0.4518228261397577	0.39892309392831676	0.830954779764684	0.6492726651033738	0.36991173104571456	0.407070225621216	0.27772610890658556	0.46824348995860987	0.3577543260658853	0.4404302309716501	0.5268808245605671	0.5652902093966399	0.1262959458914562	0.3378938589534858	0.5272713541317424	0.7090366361050612	0.5198431299366224	0.5015750123180036	0.3277311243124164	0.5205501487997433	0.08621258684557032	0.20420642936078875	0.37005122823741576	0.4107573407941988	0.2774858477855513	0.63025416856183	0.653020822569638	0.8507443807101137	0.2414617130430683	0.7642359733498469	0.41272033850739576	0.7713508637169676	0.495907487874974	0.6607456525563756	0.7838218934198904	0.6217681375961561	0.6008000536664211	0.37628940668580646	0.3745758628895276	0.9442009845517896	0.6123456991200648	0.4895303764125887	0.5011950385106423	0.713339994140075	0.6737808012416145	0.5263597105026135	0.3451664784220085	0.5475433512384551	0.335626092009888	0.8518076348682793	0.3958129358742144	0.7970905905981175	0.3196500587759369	0.8825116364427417	0.1787238513286286	0.38804788179980243	0.5329966271854578	0.610571583843628	0.6792624493277911	0.7978496488153715	0.5803167150149543	0.8761881247190848	0.8830957457602872	0.3070579969478216	0.556325613881995	1.0	0.7187582573868234	0.6572548622923648	0.7363655395982274	0.39456201689275644	1.0	0.6013309454930155	0.7313358408989081	0.3511153914433837	0.4381109474760134	0.24614211771948694	0.5544942875335648	0.6663416875242136	0.2955722483570937	0.33770232406761375	0.32586726724613935	0.6846610878471597	0.16097984982097355	0.7582231189868957	0.33776237607257886	0.22177690720794324	0.44214415030662585	0.8245995126981507	0.7576567264440913	0.23171922782538676	0.6217702720010917	0.5147286799429217	0.27166471513816914	0.28637580278746305	0.643756625816657	0.9208132500850903	0.27859261755137726	0.5559577226499738	0.4331322675257334	0.5554847500314104	0.5236845036152982	0.4377305820584242	0.6721574954269068	0.7984506961541117	0.34159664768799086	0.7904505082426183	0.5189407348979557	0.21453579030585235	0.5768901823498889	0.6930708527084204	0.588605935881414	0.662682546540916	0.47050401202948533	0.19495659751138605	0.08634377393589288	0.5674416153236734	0.6798665124861334	0.463549494112094	0.6359274285447509	0.7840720456400412	0.5581787994503138	0.45860811188644723	0.5413585884835634	0.49360192347644083	0.5542088064033365	0.4306344700746074	0.38640768445846596	0.2707056999395794	0.5373060832399401	0.5492356500466687	0.7399062713274767	0.3571479733225388	0.4562320692425882	0.10097241648267524	0.6225906534983096	0.5061311137579035	0.654578351286173	0.5108572843662086	0.6492649599291096	0.552070032399866	0.549228691464621	0.4311355814690391	0.6211512561128405	0.8693714101387771	0.552850686749661	0.7188182660400038	0.7471851274322988	0.5294884236543618	0.5495239208430291	0.24516587210853164	0.44816859845862594	0.141430384734354	0.48128449215269475	0.4813761543207185	0.22976350618722796	0.7972589739590561	0.531273161357752	0.16187063698515441	0.2513247084938922	0.7234836808718641	0.02272567476788301	0.42459941998968054	0.5563055339339328	0.6220348489264245	0.27854012313026943	0.4180364580055122	0.5731722267132313	0.37357039217982463	0.4512037071845659	0.5638644148025218	0.03275227751758947	0.5688049267874133	0.6272145969673831	0.7820925948104518	0.7149119172346431	0.26811945705773244	0.5866253696094424	0.5762303098992813	0.4945631463226475	0.04742142926200493	0.2855973356239244	0.5363645891140687	0.38055162484878946	0.3702814445531188	0.6312564855405687	0.31233276717918823	0.30661464490836343	0.591308023559319	0.5370420368134615	0.3815475798018123	0.2216891865890495	0.45938554523675457	0.4689440129028982	0.8614844091090272	0.6737005337749626	0.3144478695727976	0.5770815359756788	0.7798097359649172	0.36695273662100275	0.46698974385490843	0.2653031862451641	0.7616336460110559	0.2801132143707704	0.3125609636400278	0.5073462081250754	0.4813691750107979	0.3757672575244676	0.5180926429890407	0.5685088740330949	0.36768075821539037	0.2442571664322054	0.5057427495378453	0.2805200628662331	0.5111826365313388	0.4357574986815036	0.5960393042916816	0.5667091577871527	0.7770422219586494	0.3683212302579062	0.6872544310344871	0.2721604682583072	0.5313173253750193	0.6420793992373546	0.03519440859967066	0.42655681243954974	0.034075567566533904	0.4232880679359744	0.5475832578962756	0.7423834561610838	0.4420646178394372	0.5700673021033745	0.6233555675657111	0.7495875824914446	0.7532370121206876	0.3228450909445901	0.48793144108825337	0.045835142997284084
eagle	0.6592405625794331	0.6940951504401403	0.7121210867273315	0.315023499066149	0.4195847131628497	0.5555623103206956	0.15958634484945278	0.6090814355771079	0.4059759269720223	0.27133251395187036	0.47858680385915797	0.5342939617914919	0.6008616189037955	0.5739339469400759	1.0	0.6780926013564889	0.5041279934272607	0.7024490209829738	0.195608033314768	0.31737472950595	0.3744538218966067	0.5567329757425112	0.41524635175167435	0.04044290537058726	0.48070086134646683	0.6023804942992259	0.668296017906501	0.7149057031812495	0.7386285884055604	0.6246428704722471	0.2831475772020998	0.6486221503376506	0.4571190289176179	0.41670821751014997	0.2671976100647224	0.34922229113280673	0.2962026164417239	0.5522374019721397	0.6598500373706968	0.6194225474068591	0.3537564483840292	0.4827453536453655	0.5827049922866252	0.5510688269423213	0.2670161378643173	0.5026523566857963	0.3003634679278089	0.23972487252649533	0.36954668576639776	0.7703083354820638	0.44393588393817734	0.3297401993703353	0.3890300253136527	0.7269721422027894	0.5401730514164358	0.4251201126338466	0.2897257895444573	0.6174802846940317	0.3531428530483505	0.5737913684460214	0.2777682176127542	0.7549885228688451	0.7942038649509147	0.7220320044583537	0.3676602729479006	0.15167395107402587	0.2769894805989681	0.5300159904273647	0.39311916845908323	0.36994788170452975	0.7088738417484112	0.49669207568598117	0.437143769534863	0.4407616305352092	0.31774838308637443	0.31598622344677724	0.5006120332852873	0.5814514521824585	0.3906790684046483	0.3341925707865702	0.5659681494763523	0.7106084812343016	0.6092535653632668	0.5351301959910716	0.7274970844494117	0.5408622954904283	0.3344119444274451	0.303506206047631	0.6657199799752183	0.491142777785017	0.46788443109313993	0.5371018735573594	0.3029011829729783	0.2859359687135112	0.4527090275483537	0.5983363997739355	0.3590613955764167	0.8386849213453275	0.6288095604225169	0.4481563513561891	0.5965453138726597	0.39159965270187913	0.42000373659996715	0.5207094792535456	0.5544827957310998	0.311831378475808	0.5132909969515193	0.5182530936355901	0.5474216126375664	0.4827143391022583	0.7813324382496203	0.4784452101244079	0.4633176397352322	0.4732749094714752	0.4179702381866725	0.5788150320688471	0.42145935019736	0.5771042586819608	0.289763407663957	0.17454117818256143	0.21033983838126097	0.482656811391553	0.42620010200322805	0.7015515194089912	0.942915383344088	0.637433934780514	0.9019136494492762	0.34206578261530485	0.4357273973881359	0.5324603460178868	0.4992435799211152	0.4332706668619656	0.5260732911763477	0.7028604396440761	0.6728809756822335	0.8532720983463487	0.6011491401602408	0.5548177787201706	0.5462709795480943	0.3738248890311602	0.3550502312434602	0.5425654345635531	0.6253344485049631	0.4875736510830052	0.5018184537139465	0.46835232592276205	0.43121020751965533	0.668914508931882	0.27774204570335553	0.1572644797897752	0.3833924224902717	0.7626469902536204	0.5805463459625588	0.4997683779792378	0.1904913352149003	0.4842527969516738	0.39000586193391074	0.9691914354626749	0.6633234005209239	0.6216546169101673	0.6070258620126288	0.6729210850139279	0.5715191835588664	0.33162900971627907	0.5579403550183166	0.3786000598766514	0.5600992983211586	0.6711953794100732	0.414687643960361	0.3371601583877454	0.5767827742852779	0.8321228522880431	0.4434350024943088	0.5633470554947695	0.3664333069256607	0.6578216955068172	0.2842900648596091	0.5531114253341	0.4963353136929759	0.3629769952874536	0.7129871754753673	0.4750649121125258	0.9060815225456176	0.49670398235070556	0.6711374802335109	0.5804021091893853	0.3654162135861466	0.39443004635637047	0.8198957147177184	0.5999277152851181	0.07262575900602591	0.26122357450485206	0.41911203920718015	0.3747690291583351	0.9289230652410307	0.5587412895852204	0.39430209775564884	0.5628583499081724	0.2384376067728322	0.19113284387759819	0.5682532679453586	0.33815815751662726	0.49179457190524567	0.3797582030442537	0.35429588393567835	0.4633385123310564	0.3911771598736267	0.48706376016122344	0.6141131321886141	0.36131798386406977	0.4882657309485462	0.39023695277007475	0.49742726129850556	0.6444112452968206	0.5827190879079306	0.14905090137318278	0.570253119473829	0.5030189976033766	0.4167131824539801	0.3299623396617528	0.31620779377493174	0.31612836428682584	0.7562152208848444	0.7031834483734998	0.4831245373390996	0.350017857308124	0.3876652301994792	0.5517701074561278	0.4815919056313887	0.4921384341553156	0.534653840308264	0.28239684467882076	0.5605326912764587	0.6203263792129551	0.6155676611160168	0.36755763767198213	0.3315553144007747	0.5125966169901791	0.4377590430418958	0.634446109610489	0.20125798929834265	0.11844925462345646	0.44409072377635656	0.3839198400302158	0.4114270642350156	0.3696560165490638	0.34245695136797794	0.5856976855014954	0.5356897599779951	0.6335597535238764	0.4064672641953661	0.6741897296900721	0.3266894249650509	0.6775510410085775	0.5367189299383295	0.02509405024419048	0.5613847132356257	0.5387051001195986	0.5840364485274366	0.49461614604064963	0.49770359300582434	0.3380771457764338	0.6523209306827331	0.5787978338518428	0.3720134241575603	0.5745099977929851	0.24361018395000428	0.0	0.687200710747489	0.6076846576689033	0.5578410963371959	0.5845467420009743	0.7747034056983484	0.45423742624443036	0.23698617593463503	0.35839469664322193	0.5845525188049725	0.39787820313387584	0.45840492273975164	0.4505951810725779	0.6888772334339334	0.4279553280262237	0.5120760469326617	0.7404753183359483	0.23369608479389042	0.4780656838288049	0.776939614020633	0.46327460802496395	0.6659295313216228	0.4891982923150653	0.591516234013668	0.05658015454383569	0.6730712236394432	0.7006857084245381	0.7042097217228881	0.2220634790048663	0.5010669940567742	0.44989984100297753	0.9566271566318991	0.4351707524850632	0.6749609799029319	0.5062182542069461	0.7218519530621992	0.46421191812545504	0.4868799639969962	0.33281914266383433	0.6327636202698285	0.5062481231194222	0.46566472668624725	0.40587051145849484	0.31244476699150103	0.4449277108382895	0.5501520808766156	0.3170044914298217	0.43178097685811656	0.43028774989523244	0.14605237387586134	0.4046477890198897	0.6068327750459795	0.3945641163288632	0.5361037508250295	0.26665196862645874	0.31068591446121274	0.5221989643931753	0.6039774581499251	0.6363939698294593	0.6583366688809211	0.7477893487059044	0.5039627306508857	0.43420902318698607	0.9944690426816125	0.5106824798628338	0.7425289535577297	0.36837083025519296	0.5706382700750253	0.4238972476135928	0.588718501244978	0.7948758869286491	0.4878262147384741	0.7534039332307858	0.1199328680688781	0.49729411390472517	0.6851743191001037	0.29200890245413424	0.4814099926027797	0.7038049053917447	0.4780294325641844	0.618253823989856	0.6847261748755131	0.42788337348401717	0.4914547703976675	0.5852137169598561	0.5368962832852996	0.6295811759506147	0.6795024245931225	0.5401432674965847	0.0	0.6776511297878359	0.489691627385785	0.661780553463998	0.38314121779385923	0.47116235947610763	0.8306489264149326	0.6605599194760287	0.6276187102272058	0.5878674949992224	0.4293529996563298	0.5325945789350365	0.20463054668862313	0.8137883239309781	0.4713857962225344	0.20973044677788782	0.2623730397621545	0.385534038213282	0.7360351610708227	0.592510978009001	0.340258769155631	0.7185836315241378	0.7158201813852841	0.6714944605549846	0.44371182736936315	0.8884087255486331	0.3191272106160407	0.9100879767661725	0.6036782931881383	0.3545631886116459	0.6352240790909711	0.7193924420480886	0.19526841477414875	0.2954144624044816	0.4157454128276668	0.5236711977162211	0.7073360809051576	0.5456971387800278	0.39187181891475165	0.26331240482740953	0.6799734087990251	0.5261620174522539	0.29978478444644135	0.20631195444037503
earthworm	0.6451083394243475	0.3433115535306143	0.47602250744050423	0.3775363666770507	0.6663622395107307	0.38807242940653647	0.5470054174837362	0.3237443727718809	0.7557115526910128	0.76815359447857	0.2681449572091965	0.48989790986326154	0.7996470924387782	0.7874938642265643	0.4111585759294785	0.5131320672972176	0.3721813254522287	0.4333760075733205	0.38293352639467604	0.44120797451864197	0.1049554390269738	0.7023255095513945	0.7213138812921057	0.8840186751238838	0.4889758397606919	0.682578949906044	0.6295604047048151	0.5180543277806863	0.37954564441626437	0.3948304224919263	0.5446565506483816	0.4669339390763307	0.6168537363710179	0.6544969148319869	0.7582284668386978	0.5549103614198571	0.31990932604607947	0.3366759565404509	0.27863450202579887	0.43020754795652477	0.6455478325989134	0.22226355132277373	0.6406314821063428	0.5568785802044991	0.4717416110020456	0.4514618115753282	0.7854151584568465	0.877977409212765	0.5493958602326257	0.8296063403289007	0.2452478165277602	0.5264326789402857	0.4071519121692373	0.5078672217762918	0.5132737460541574	0.17521892757258223	0.6286643000223193	0.3067518398299591	0.34546212089284895	0.08381659747285986	0.5238946913338107	0.6410143940678087	0.7983426274692659	0.7231385355297661	0.3608079149437481	0.4498613302448101	0.23201945415000377	0.5316394072119259	0.5131288186857139	0.5313615872596305	0.6310358154288656	0.33835789397564553	0.47192801906351284	0.4242154858641505	0.6378851544646643	0.4355118358855629	0.8002419448979037	0.4649898451004723	0.13034755358576317	0.9968298939525511	0.5435043407461234	0.7487699087524404	0.396142901347187	0.41197687258767235	0.4461685883205456	0.6170843822784047	0.6297687011229635	0.23658157808049027	0.756010782008983	0.526479988377124	0.6662952406746465	0.29190795764963684	0.31001361632848967	0.5591437006194984	0.5006416443541978	0.4235318330512982	0.4750170493998123	0.5009175771289269	0.6430881692847543	0.4645948426381418	0.6486831704526062	0.3365054184370222	0.4766719562975713	0.5303816214872938	0.3587614232221369	0.20681209243415172	0.5427137276819725	0.7549667413040118	0.659237348423773	0.6757729738626967	0.6002242376381208	0.11476539932825824	0.12017954067158856	0.4163647037969738	0.8365132890871753	0.4846314874620869	0.5602169681668978	0.258843219184111	0.2975568221194426	0.4844189199035582	0.6539498486328954	0.09824971286312922	0.4514771308317959	0.2962922450419102	0.40151883775953545	0.39615745842004874	0.7246934715181101	0.40658455091358026	0.5522962282024435	0.5729096846775525	0.48090948262457756	0.4581462850591988	0.5851020860367528	0.5018318234831615	0.7038207390925881	0.5217254463968015	0.9581656081277368	0.09269400502089076	0.5275411215243114	0.6778269983184834	0.2487828081994659	0.48117133242203014	0.6495230410345462	0.4424445361790744	0.7289862084212038	0.22985926629704329	0.38166903235145067	0.25853940833176564	0.2835959093962102	0.3460598062663043	0.4524558796362868	0.6467659368796194	0.44019936404068205	0.30912713629066946	0.27305219319288143	0.28526741875434436	0.10582863069106019	0.6402813115589934	0.6379711879219925	0.43758150018599745	0.45209285156166956	0.6356155551997411	0.45964439614187436	0.5826843747775043	0.5775538595014532	0.36656819342067054	0.29007030576863724	0.5420100638207898	0.3500629734107874	0.6094900013696458	0.4757894260411358	0.6526645940282483	0.6637751683535297	0.5925181261051718	0.7740293678386269	0.8470336748743619	0.31219321841065234	0.726128684089681	0.6352726353609313	0.37098695595982417	0.6557932876425989	0.5244355480749533	0.5796664065657016	0.7141585846858067	0.30858990366931016	0.4218955327754395	0.46842392263458277	0.48605317056621516	0.9338917248816122	0.3185309908055364	0.2369794813666231	0.422562575424769	0.5762065858338797	0.465602591269332	0.5972705440717061	0.6022455602097874	0.6874353193594694	0.6213369367054429	0.2896662331572327	0.38461708981828535	0.7656776121317925	0.3372360609218942	0.523811800447658	0.761690207541649	0.3330197332863375	0.64814756071786	0.30146826968791035	0.12727481667272061	0.7462835079492212	0.3556338256776882	0.6026856380625646	0.5075683134467638	0.445097436417459	0.27858844495205104	0.4647369464630645	0.31476035457909735	0.2453681650161858	0.7059390029986728	0.6287061994979871	0.46943646297311903	0.7574506802720156	0.4971315265570637	0.43163472417491655	0.39097914866671757	0.5992140476221631	0.5363288605854217	0.44090138365342746	0.362185604662175	0.31740727496169185	0.4519013165732968	0.6279198438164058	0.5656617221405531	0.627875910148135	0.5363667947101429	0.3111799637958271	0.366428426499637	0.3833868776765871	0.9501213882225303	0.7568250863969034	0.37532938276484584	0.36684640460696616	0.6500479626966558	0.5034933820171045	0.5058622469531253	0.6934788242097298	0.3390983422093865	0.2665074563571143	0.21038566813317144	0.3265613733610555	0.32710337103117304	0.3120140288017268	0.506217103835927	0.536094703596806	0.6711881910640988	0.47906308304993783	0.37982654463321747	0.670636277129455	0.5278137656291219	0.2682711450988652	0.5024021130185291	0.44274638398307764	0.0852631633408491	0.3321968182261335	0.5680213246225255	0.6801292419948651	0.6525689723755901	0.341530947868853	0.1181963256565946	0.6080542817470753	0.3074159543656654	0.8296983075754152	0.6886080055372171	0.6264115894598223	0.2600428347751178	0.3057865956525432	0.7023930787046492	0.3562298969152978	0.44233540714837366	0.6803669680671964	0.7364124212835137	0.5186445014044347	0.5332258982664644	0.9706111019721805	0.4879058832955965	0.454065992307894	0.7634124436018451	0.44013943898437324	0.26033205480988764	0.4494229154320362	0.36737568987402397	0.7031683657586294	0.4665012406623845	0.66427919785383	0.6063808222146356	0.46312596969577724	0.51029340441139	0.10667996749587905	0.5727776179673155	0.7250285850627946	0.40851255085087435	0.8965495099781029	0.6912973561476342	0.43147028975176377	0.3249201487644475	0.3521119946232271	0.3456553366715858	0.42531539446268785	0.5668710604028979	0.28523369774451757	0.5200171691254528	0.22222646669855767	0.20868775059940903	0.4371179209894916	0.5009028460945345	0.536000280264318	0.40328960639099865	0.6456789110839428	0.29799572372492095	0.6499167168629889	0.6202658919726041	0.66609260881655	0.48672412420162675	1.0000000000000002	0.3536519557020935	0.7143622352000116	0.44580885590525754	0.6799499077203571	0.5282491182764057	0.4424915109979231	0.5090174748702355	0.8123123001948795	0.06044549704618474	0.6170624042841356	0.2283791865224184	0.43743956108059306	0.26140909104373977	0.3210609864718326	0.74779448596796	0.6947326820354858	0.7489474706378116	0.22981219576612932	0.5843156449540228	0.8540752055724858	0.45912319312709327	0.6494258548577762	0.45861505083627385	0.5398452667279856	0.41512971697591294	0.46598605985363334	0.5384357108220775	0.6897011066711657	0.7856108955439522	0.519473895591143	0.7584946356991396	0.43547110961748653	0.9041007536476777	0.6610988238963278	0.5783842399572345	0.41659487797812844	0.5185859284815246	0.4166867762045229	0.1926391742054271	0.7559695057133516	0.7382757806245859	0.5405726392813565	0.3916065195545537	0.32570304760234103	0.39409006383631306	0.5094158981416859	0.8137119469500363	0.3885118428666521	0.4719255267202251	0.4878984144675463	0.4010064315718179	0.7639504478713965	0.27565784423389617	0.5093413020304653	0.3188719829871165	0.16610247205258283	0.5924438770334347	0.1176923023596726	0.6197420339079714	0.4045660013286295	0.28544311499423003	0.5934669406300229	0.25310005485142406	0.23012638166056995	0.7069210932786495	0.20647266645319892	0.5306439725626948	0.8444696629145365	0.34833584567874354	0.6808010290869559	0.8452712913201328	0.21403808277234537	0.46207632082452904	0.4703092814807785	0.39710788354211424	0.4174742358024154	0.17749405520937128
eel	0.6145165862903339	0.29161322264760403	0.2775090227572121	0.4931189743884096	0.7062290923711045	0.2744902514194138	0.18095038861081897	0.7632712540525561	0.482906298973292	0.672871900342206	0.5121228590968605	0.5606565621009221	0.5966653464181295	0.27803200516758586	0.4816064975818649	0.6072336759084105	0.6032125754823662	0.5403218572279448	0.506324071768703	0.35721473670280557	0.4654805876284539	0.622889557829634	0.6106193715503593	0.6072596399373787	0.4100095297019539	0.48607906613871193	0.6579934296745142	0.4834999855136586	0.2779985010552529	0.19692756495214525	0.5567612687741481	0.4591285567959621	0.6164269585620568	0.7291648618898887	0.6995308058988651	0.5550611532750729	0.6221801193897287	0.4698092722007716	0.17445659517484563	0.2955878479812151	0.7829366835516092	0.5364666904529376	0.5727013130249675	0.5329258372029085	0.5869555583864944	0.49407967721588403	0.6633577252389417	0.8262818821571569	0.6204021388034477	0.799590776311245	0.34141275326292186	0.7645773482833151	0.5577868745457494	0.4424186913556957	0.4046707116178567	0.10944373678571334	0.48380846219170454	0.27274395994907696	0.46198826216633715	0.44676893339298573	0.46725219535668794	0.6138331385118602	0.8044171965064033	0.6483975102046324	0.3168210000486209	0.1912513977592225	0.23453449302360274	0.5619688383034015	0.5893262458528379	0.4211433276095157	0.5326104079496242	0.4564673565614622	0.5364502936502766	0.3307612598924933	0.60813719889652	0.5228682420180897	0.6660992911528275	0.5340452843199688	0.20460768843642085	0.7855664050047111	0.4274924161059634	0.6665640048150071	0.46696728462354536	0.5228382314432612	0.438988034720308	0.7976851909854652	0.40901535393163246	0.0	0.6327431854023029	0.5510473834944006	0.7102504444084329	0.4046799221416056	0.23705711917676336	0.49987496246784485	0.4654052707100212	0.45347280583186045	0.38136628345171836	0.6580009327504952	0.5886050962806131	0.41790428277632297	0.6458300203820169	0.35985674286878844	0.6065396218859831	0.5666732605375768	0.4599464465040158	0.2802697782123589	0.6242239422996975	0.5226135537205198	0.48992435277174784	0.3823642706792256	0.8468596376938698	0.5132663703129499	0.3484666482009214	0.5408233665074463	0.8926647104364372	0.563986940864996	0.698616393621461	0.2819575916369547	0.5884621904793924	0.31906326504801164	0.4204330998434377	0.14919866452689	0.38591195155782954	0.4301776418627191	0.5172696861486467	0.23198405839018277	0.7136439246610726	0.5747948433268617	0.5651872294626361	0.5228824012531338	0.6392416548261555	0.46919289748572746	0.46066351978421427	0.6792546508117	1.0	0.6925742335268982	0.6595854546459988	0.0	0.6499606947492066	0.4534978998987349	0.4017100401031729	0.45053765862721207	0.538153993487324	0.4277057682534396	0.43362306026627007	0.351188973562714	0.42838319823129917	0.40179235584325784	0.36865464821906374	0.4848638645769786	0.7423436480022376	0.5641289608771713	0.39687713274350495	0.24771654558022135	0.42048688453210953	0.22425454650602555	0.10408925509571987	0.3707270105352295	0.5834557592595725	0.4295199006752973	0.22432470812846422	0.41002552676466386	0.3293135501677302	0.6919085283763629	0.5867120388929521	0.458055543170654	0.4628724459988624	0.4048393771451654	0.4443082973064265	0.4070287372574549	0.4019052468640128	0.7048956034000562	0.45715925039577004	0.6449273905822199	0.6681935504567793	0.9802329432877808	0.1837707861988109	0.6208472390837017	0.4663030596899712	0.11976143531235212	0.4249564117206416	0.6690349765537686	0.7446445451048875	0.7252198799056881	0.24695743542205664	0.31014897528981145	0.5349053123491172	0.27387875605637724	0.937888314505368	0.6490599626147439	0.0	0.5144877569953141	0.6948394512514813	0.49168601289268643	0.6207733500943474	0.37798049664122546	0.7844321963699763	0.80341653765532	0.2649174343606353	0.39713874190215726	0.8541227602638422	0.43691007856625796	0.7002436465151126	0.6307788830602855	0.2720916160274295	0.5455905103644637	0.23544184811867575	0.06390066419611246	0.5576289534401312	0.3976794214274742	0.592716288909853	0.39026141722951707	0.43975049217086576	0.39964067374263207	0.2868730717046874	0.4631687154478527	0.34187279162242457	0.9103637870252915	0.6457175103475121	0.4979072114717258	0.39220742620218607	0.010515560121399037	0.3707630324221268	0.7531392332238629	0.5327645093842255	0.48504269625037366	0.516881353440062	0.430294247711777	0.600182374294765	0.44120474425622747	0.4666859630364941	0.5676302428253774	0.6204187817404013	0.4848475140463169	0.7027889835474193	0.38342527775667884	0.6881468263645543	0.8225533646139522	0.7233312766222041	0.4120401569261462	0.3701270669640128	0.5459257663157843	0.394955421423022	0.42634028045472083	0.727761173240707	0.33743573824705697	0.3590886522105473	0.5085394419140993	0.5089325588396888	0.45279688885070757	0.43235687893781366	0.6284850723170102	0.5380935364804001	0.567954938245195	0.5265350993788768	0.383565494336905	0.6669603248998706	0.28856269481872426	0.3413226224401835	0.2633088713553016	0.5164923971708262	0.4734803269031226	0.3729346787289521	0.4750681588221896	0.7839616682612502	0.5917224313123257	0.5609045796927772	0.32058055021161286	0.4182887858403052	0.20863106859532832	0.6190905210698839	0.3877520055384803	0.6998242452913161	0.2971860114697701	0.5908754337859574	0.5227120379765949	0.24738703697656272	0.5448141508690306	0.6990750224289524	0.7473557917111596	0.5674235237872126	0.494146611394903	0.6612968009785427	0.6821854161125975	0.38793629345811836	0.6960399513298156	0.42484887491747136	0.2158504394397552	0.5575787259610979	0.5172848206954955	0.5686193697498342	0.3890854792788532	0.5984062058306474	0.6611044273545368	0.5096444920215514	0.38324422384957846	0.0	0.46891747508270054	0.6985751310727111	0.5577870855594749	0.6500465304290853	0.6912643669183949	0.4080240265501139	0.07295881285642636	0.5006813922680166	0.37465186830865604	0.3781010426468085	0.4273867949079295	0.3763316874430963	0.6075461400269189	0.07568059262491567	0.22009416745864785	0.7219227462995153	0.7301358722981612	0.4534169677103974	0.5432833604719127	0.3535891180588083	0.3996943060806989	0.7782486538965193	0.506552600142641	0.5192438431297974	0.25688120887433585	0.7994317715616039	0.35386932453388265	0.7274882915658524	0.39934050583571157	0.5806483465745631	0.1766826921235715	0.4420107479948851	0.3074347612390263	0.9999999999999999	0.4494216653264743	0.7127752644104497	0.3079436977698944	0.5073987536066822	0.557019873266078	0.18924763126836974	0.5014599855643412	1.0	0.5476462496447748	0.16348791431084908	0.7189576035205143	0.7581051514619312	0.44829102680226274	0.8475615451296782	0.48541356946372033	0.6805802071075238	0.46862639961745634	0.5396253497015762	0.4278673047606851	0.4589932136883243	0.6411354782401054	0.5253312082033842	0.6692471931466262	0.7063821356951052	0.47198306007015484	0.33842098577736945	0.8913016367349016	0.4418739003590142	0.7509668325027912	0.3001287335864242	0.4578790865255995	0.5880623020934093	0.5879860666551634	0.6400244026025641	0.40072731320418087	0.5180927963230375	0.5639231937500396	0.32568079767451924	0.8985821088342754	0.5325653826621178	0.5947417666926635	0.6351019277419969	0.8277070794809951	0.5021583914928038	0.30218739678463535	0.5036646429286723	0.29186509356613277	0.4562708752168201	0.6431128672438928	0.14044062052172723	0.6088231276268931	0.2999419592721817	0.03827785680254059	0.3596138487657121	0.12548710827457402	0.5645021952021161	0.7957149267436011	0.5960567352380989	0.5600603937301492	0.7198620791622974	0.3519542602123713	0.7176083331571991	0.627436886436492	0.29541185558875055	0.35775830091416483	0.5086092137442217	0.4472235033138158	0.29675770539184004	0.2915755125005119
elephant	0.5118690549402038	0.539157715628506	0.6711764673811937	0.941426737761083	0.5636326608702462	0.2700966118738209	0.4165080380504803	0.37574382350642815	0.6436897331567236	0.3461086492892167	0.5807361803137728	0.567261467386944	0.7030109691379609	0.4083743107642742	0.7420441625390657	0.5346338656930085	0.6246009585131718	0.3789248455591128	0.5229999458305385	0.3224041853321303	0.3855875315788807	0.46843223970109577	0.5045644270070387	0.06282765895397491	0.3762560880332197	0.5681037400568173	0.522782630768947	0.5024879436763174	0.7260613590627729	0.7683459696961387	0.8580114418557008	0.47344933488900576	0.39923579917093727	0.5145649729259403	0.7636329985263339	0.43808520690839725	0.5885260567967603	0.3916936599219357	0.45606374670126315	0.5952639340502915	0.5190700439528356	0.23094265717864004	0.7116390624166715	0.5535463120034843	0.6380919507898178	0.39278272516637525	0.33224456133012154	0.6381202167760702	0.7486208779362449	0.6000430087376998	0.4063879398057557	0.6735396322579196	0.5267765415896905	0.6409827512168144	0.49077258605525115	0.6723358235049599	0.6860472190510408	0.2795645002684146	0.5538109714455512	0.7062750118228867	0.6585960700448874	0.3662502773280188	0.5720084926554676	0.5391491623377307	0.5401172801679159	0.27947947603215734	0.22865657142205026	0.38178921813336664	0.5822377208887759	0.5913086869765198	0.5492116353550422	0.36915261175976943	0.6034610705227474	0.8710884562380785	0.4094052592938557	0.4054421410408346	0.6090809635990476	0.7141349017274528	0.597009681268273	0.7056538955158058	0.5704526971136766	0.6924630800966975	0.4304201211144919	0.18188082630527802	0.3562713022181869	0.3363085278993278	0.48358191723653987	0.36993001997278013	0.6599127801413666	0.22929582994612324	0.3970666937980265	0.45848219502614496	0.4478917199849355	0.6613736734935611	0.5261859343322944	0.4624828400648996	0.13678690781409758	0.6139520192751996	0.5777223344358914	0.0	0.4166142914291362	0.5706418933800345	0.6331358401060763	0.6249189095019544	0.5164009193353654	0.29773187559135117	0.4079379019720862	0.34483098802563283	0.36808038428665996	0.3695747313759481	0.7078281276845572	0.622866080925689	0.46020907151224866	0.6744005082918325	0.32487541954732424	0.45472296066691287	0.37768134118645763	0.19384539901984504	0.25190416798834947	0.5688887445977588	0.6319381405194971	0.24582384062867874	0.5936716207635361	0.3926579957561046	0.16824969653783045	0.5185962989808357	0.621723147335251	0.05376055217601827	0.7663281771815241	0.9264678730011209	0.6962671624948176	0.423743074959157	0.1872378941774766	0.6945805722883287	0.15886259724853485	0.5407521777865929	0.7040687597087615	0.44790093208130655	0.7545611174253374	0.6032542982459549	0.5228085925920061	0.6221742435955511	0.6239324638303219	0.28642180629766134	0.39772096334050905	0.4150721291573782	0.7397824479935697	0.3149159408707038	0.6360297581615082	0.11315744159238839	0.8751049933927775	0.5073842672794919	0.15351721118574868	0.633886603129438	0.21485599760889218	0.628727079160279	0.7758233901983674	0.6449464845854183	0.4915147334312449	0.23571009950621047	0.7670628000697746	0.4547326937364523	0.6100474223372933	0.14528886628197646	0.18762235247748948	0.6697573897110003	0.9450861174362502	0.4331316957512702	0.44723822428429505	0.39450566557044103	0.14701894977311758	0.11827498102311246	0.3347199233190795	0.6802348107766945	0.798373011921512	0.3248802373807242	0.3423827175360694	0.27985676421504474	0.4490269889634405	0.46823143538308887	0.5564943443543329	0.35217263593743964	0.2779803138177468	0.653245206161864	0.5796428071025181	0.19609675575589502	0.6142664478127766	0.2776347187993975	0.5666591334205796	0.8240407538678844	0.41221099157812413	0.37979852629943345	0.40320991211436574	0.4392040816573345	0.4248562538263857	0.7252033423374895	0.43177822472518246	0.5525943523727757	0.6471382503783473	0.6622675633680933	0.44951532041608966	0.41865052071199643	0.3721787028579811	0.6700389781001272	0.8890976000204106	0.5835542571452547	0.42157076963078843	0.4819771300126662	0.7909354416505091	0.6825204565500017	0.8519818423963508	0.3593949025219429	0.39911170412589814	0.505649368609523	0.7226361181383905	0.48565090743931977	0.3741039026951989	0.26154804421886707	0.3608168396039	0.2475336212714696	0.5361956710023834	0.31200609486734177	0.4553692913171322	0.42784061348541486	0.6318588192540878	0.43472497365942453	0.510726792309419	0.4756364461294743	0.7375497622329439	0.7664983730168801	0.9096240636054054	0.3159745249696654	0.4940764132430476	0.8265563314706146	0.35245305220406253	0.5584536484905595	0.1798205974693236	0.5085283305370127	0.5829793899294878	0.4550541370777929	0.40023963385291594	0.5400118963144313	0.7164186229479839	0.3640620974041845	0.48849407427734387	0.8222095349695595	0.4018621968741083	0.19661014227029439	0.5053116563929352	0.3006858578789291	0.8022758432358835	0.6020756594650469	0.46692944311016404	0.7950096817880371	0.22030103460767494	0.5353455833597475	0.451787586505474	0.5374045640018386	0.4209532595549427	0.23855419166452674	0.7869466493522655	0.27903470714056466	0.4477140299802285	0.40926019061811214	0.24170124766176151	0.8520968503490788	0.5796064568162593	0.6489422309466266	0.7301711543785594	0.6744303027823364	0.20490663717593438	0.0	0.5533672247816224	0.24801500409476812	0.6394725098087332	0.6609501965931959	0.4430274351581305	0.9569552639143186	0.763955520163991	0.2328672672203589	0.4226127502205654	0.5226406419430034	0.8417687611234261	0.39121790948757773	0.6160773384060496	0.4972810569242583	0.462286653296615	0.2652119210908602	0.5994116772141661	0.397172647648251	0.40516710738787026	0.519140040848633	0.7086970941048707	0.9564618503204592	0.46471123241804846	0.7739171071756491	0.5569008001452052	0.609452384100483	0.166453330786896	0.35082983315899036	0.4830241273311132	0.3732649409837724	0.6400743690014273	0.5692916984297725	0.7915551633896873	0.2734430280009927	0.637193935931967	0.16734915365049563	0.27276815132777166	0.564178464066882	0.7384455493760147	0.5981402427173275	0.5806650435122097	0.6537249980741338	0.6535610412573365	0.32454175506874006	0.42172168164054813	0.36138443575311463	0.6297126069748057	0.9201509999427057	0.46522893984697294	0.15082685178342947	0.3811511444901836	0.38048280264588474	0.31290829211538096	0.5866779032671542	0.6824656645597151	0.0	0.4620000074194222	0.44941131730098394	0.6124018618482242	0.0	0.5545116098971821	0.35178830841666786	0.5977105106596406	0.7369053658040551	0.6031669077063128	0.4634843565780825	0.44194253003521156	0.6992365589357303	0.532797130751723	0.6368756072291482	0.6378683532966656	0.3363390384931202	0.7860094360855077	0.6294068769803325	0.0	0.5942351412922917	0.3418709590950924	0.4259863254262996	0.40114476445661695	0.12797106428911675	0.3208199594726366	0.6864113421763498	0.6212806178503377	0.4451030316208615	0.663350967909017	0.3996545630924092	0.35474259377670975	0.007660550171107672	0.38016818697829863	0.48353619553158805	0.7187327330504116	0.44267360456021154	0.6310675736131992	0.5927081166588031	0.5007668279554328	0.4734690972683942	0.5171909993232285	0.4679078153550887	0.5319587053657524	0.45109427834772564	0.575446507814936	0.41446953891508487	0.5207298496913491	0.45695483923818364	0.9034147118946958	0.38353337163635626	0.4233798406890358	0.45107503319616116	0.4098605967850834	0.30747522336099475	0.6280675877150379	0.5306782189339363	0.378080103723699	0.3514079422118667	0.33058466225367	0.5323660984562859	0.3954417507675455	0.26756536191129143	0.4533944325646121	0.5631397944089294	0.591187074711937	0.7310544683276929	0.6004262851508704	0.553939202467634	0.4210656231681935	0.16336079331763548	0.5132634931546864	0.3691263035692644
elk	0.49787834825688404	0.6882352137353301	0.3814608062705622	0.542386982324462	0.8784048500076179	0.5231297430921202	0.4287019279702964	0.4609997620807079	0.6217626919516347	0.721567688573281	0.44668744191274184	0.48869348710228	0.500904158807787	0.5483410633638297	0.4860908698196851	0.7578100351239234	0.3736442100062893	0.6391385066832292	0.5380551166443642	0.5456210322736057	0.41340786275411096	0.3667479000278193	0.4499722105088201	0.36073261844133186	0.29033797014821405	0.7629743101248971	0.6576792583175629	0.5201987754254844	0.6256931223609478	0.5673642413478783	0.5326181286009222	0.46722582752963077	0.5315996352096574	0.5177008332043788	0.37886789826157447	0.8433862816318779	0.2581074245053105	0.4913351044878192	0.44896253054710467	0.6788466679037721	0.6477031082560344	0.7282971423558997	0.48157271324395456	0.6011778501830694	0.7608436061541379	0.6065539577302219	0.4906671716151655	0.6095730120272262	0.32846041869651044	0.6229054684581748	0.4141897598577234	0.403695873567788	0.44917694586215784	0.5061674016356577	0.5560305885918612	0.42585241052332856	0.781043425956093	0.7050125466447767	0.4490753972484723	0.7809247946275182	0.7246764838892266	0.5834325949652749	0.2946416624434801	0.5000869456397619	0.5382207399077794	0.24740216685726438	0.45999813235823195	0.533785738755795	0.9520193217278845	0.756039455764385	0.5632613316481192	0.3134145933909493	0.49995558206762963	0.4483551087031195	0.0979696552693527	0.42025777868168096	0.7289320894988532	0.4969325704798383	0.3573430149331325	0.5601982044233794	0.13830400454088437	0.38958864686157657	0.6681578181257466	0.3558907542716445	0.2181433352362902	0.6923250431087045	0.6078607001186225	0.2384863432173201	0.5864439393732562	0.10806572334526598	0.6262110299554359	0.2634628312528096	0.45577667512377706	0.6582094954193096	0.4440612398098635	0.3014085595057484	0.4284301655237893	0.47613618185580164	0.4263480922030494	0.6302683965181446	0.700603106815449	0.5291813739222376	0.9520250847567939	0.4658068829339199	0.30740989046505457	0.38760872544548747	0.5133232449293569	0.15148030429470466	0.6668191437384877	0.48821113674921285	0.22803637715889014	0.410143722247222	0.28109416017592953	0.7403114595144982	0.27911523445619435	0.8366003720764019	0.6711797522874061	0.7788915945776879	0.6513511179664406	0.5344389620263748	0.45981463606751477	0.6618461219944022	0.36875397681046534	0.30641551712176607	0.540429107163332	0.5263226962914767	0.9999999999999999	0.3016681490152978	0.3819162538425548	0.7738901183861034	0.33663473117025555	0.5792846125425996	0.32393423381593023	0.07974350499560817	0.1518989418194247	0.3800497283565031	0.40184320402834817	0.4961318563796075	0.2205411103287116	0.42955822125596066	0.6851977883008399	0.0	0.6582036152975033	0.5057678370687831	0.6247814677525141	0.3885749331591011	0.3550860668077694	0.7207673249797428	0.4846767575329086	0.6064242730978893	0.40811436978951543	0.48955927624056716	0.3128779054999088	0.4928452122128591	0.6426761849249282	0.6548199264658762	0.6498904369187809	0.38115888937298903	0.7803346201167399	0.003399269505665825	0.5694767707639861	0.3277883852158509	0.6244238535809288	0.2190828909729851	0.6314650694987739	0.12287210451725394	0.35093120009915973	0.6629409078458297	0.35053779947514524	0.4033763538574808	0.5759107306732341	0.4049606784494049	0.8380603177029475	0.501896775367765	0.09380032703526098	0.7162684435772415	0.5129714073239287	0.0861681257614102	0.48902908174331317	0.402261438781509	0.7033370066351912	0.2612092143327451	0.8426223938901946	0.49835408912879875	0.8797576256411808	0.5244582701661445	0.3427518633321187	0.16033763318922561	0.2845192255221091	0.7148576727094142	0.7661331486358213	0.419023217134874	0.5379137612027611	0.6535576226044921	0.5417563590632499	0.348462801343455	0.7101061135772684	0.5653143322226536	0.4555109748096799	0.5465868994570057	0.15553600229604453	0.5322279873906126	0.663084806350319	0.6838731231095746	0.7203429601153504	0.6581167333784048	0.40228951100741545	0.3674150744040827	0.5274853462188723	0.49839913196209373	0.4859319678770135	0.4541916221603541	0.3951657010954441	0.4280638414509873	0.328741922089793	0.48123070695508385	0.3783453733985872	0.7364893909911645	0.6134082800059166	0.7600339880972027	0.3910139857892775	0.6057119354342853	0.33683297937776213	0.43920485138763554	0.7651806823120755	0.6993722458736502	0.6317825734251046	0.5782193492474069	0.3533347080512885	0.3614444234631079	0.05801918127031164	0.6041420038786681	0.5633414572488524	0.4359554892982573	0.009278461177587238	0.4116180582928539	0.46605899182999566	0.45745707848076683	0.8370625846732178	0.32978073804213476	0.2816772714659635	0.5224288962392134	0.7686865038541494	0.48599992388156055	0.47848989666948366	0.7094264994262023	0.4444825181735375	0.26192360530944925	0.5404169311147758	0.9894020675666544	0.40769810195925105	0.40807729718819447	0.4753061859575119	0.5064875922345782	0.3976864895618263	0.43031509834112114	0.6941511205053419	0.785646986575693	0.2826981499793927	0.5669173860089408	0.7764428298514733	0.6119716285130755	0.4003809619676637	0.5712553199846414	0.08084982756868009	0.18196262897070303	0.7643047163372465	0.303040347857375	0.6368063833977945	0.2546825434068958	0.8066120697558219	0.6742775004801242	0.5297540432420638	0.33351017375776637	0.4108328538984906	0.7587943459520722	0.6961190795375249	0.6059887887136345	0.5109135351913755	0.5507943415736105	0.35004992762446274	0.47277403506689	0.26922483589831836	0.5725405653223498	0.3683071909828919	0.653785742967089	0.6272221775706659	0.1702580049658112	0.4267088101730435	0.35587089698116914	0.4514842175802928	0.22795046080449882	0.552764885548387	0.3840788809130867	0.7782064805639333	0.6465699629315976	0.6218930134925424	0.587322259248858	0.5051084147805497	0.41871334847746666	0.3009246284904276	0.681941315563922	0.7019638115863676	0.7133075412061899	0.22170791779129295	0.586441848858072	0.1811359548762787	0.5507517280653836	0.6944508604926563	0.27879262449278236	0.3333379996503594	0.15024894009843065	0.5047942707735358	0.1563062253155345	0.6403187242549346	0.4551287593967486	0.5199682869093835	0.26895825958268615	0.7635830584256603	0.8662356753545674	0.6927307601195519	0.7949710211339052	0.4723273606215928	0.3724911667315745	0.47680483695357967	0.6202962005837727	0.7221175685810923	0.2835101969462795	0.539206527416817	0.30395632176535076	0.5213444107011304	0.58078706871689	0.3675300619111138	0.5354997201292082	0.3641900020311792	0.35040784680046194	0.9710662174219125	0.49746345000762393	0.10136092052397883	0.5264375565001014	0.6063465420785252	0.24429740342034342	0.5202932921740646	0.027800062936819803	0.3256201057670794	0.5065164873684914	0.5637519465511898	0.6440819356199173	0.38135720609136525	0.46005054758525743	0.2957468232035554	0.607623350569137	0.4862211191653336	0.6227033341701264	0.4447150675453698	0.8894297517281754	0.7566691235818939	0.397782328936859	0.3608878483923937	0.2230551725458182	0.49256027922919854	0.6288533873393777	0.689196979519239	0.7316720367485091	0.6727676639262546	0.7529462120624362	0.4445863473838652	0.41483321042839466	0.6177726967184972	0.44155514073513036	0.13463614151857278	0.08453162670868558	0.5081422458522379	0.6890532491018005	0.650201315910141	0.38097842516973945	0.7218525532258402	0.27097788148522345	0.37149775250244615	0.10641541743715593	0.3991329460077434	0.35677727474299414	0.5300180210901808	0.46963406743310093	0.6627956289791156	0.5705484434204529	0.3166786986261143	0.4993620784654138	0.5614034408729198	0.5047563378473996	0.4252861629001113	0.3548645568161686	0.4481611828729247	0.48793375345031703	1.0	0.650589972650346	0.0	0.314578933892235	0.5541774810957155	0.38542435423290533
emu	0.42296121215146976	0.7391638492604942	0.033599143053198915	0.6185263222670343	0.7602900120928696	0.5000619912427214	0.7012498369261071	0.4924768481668248	0.9909617382651168	0.5920716163471812	0.7045227151841958	0.5104815799931341	0.7626717480606116	0.782032993326511	0.3775848375755208	0.45765490379256085	0.18420024844872734	0.37954492479998414	0.49067800597806865	0.23649848107556332	0.8890639681314177	0.5804715739675171	0.7389109782157062	0.4287013615692219	0.8032182397158829	0.16046330479377535	0.43766422515388415	0.4155012953020984	0.5038479868033029	0.6071261582363087	0.18347322395419657	0.32932444486326984	0.9172119358025631	0.8514733582501681	0.3753977310238452	0.7993766916533547	0.6804777105138978	0.39858324977534204	0.3186738650654022	0.0	0.833366836706628	0.7239957342936858	0.495298472657486	0.6297176280203183	0.777370233939355	0.5615623575678208	0.4860876044541335	0.7752852176137079	0.3719086414399629	0.2950257363225288	0.3954927845841817	0.40474219959749697	0.7903770506492724	0.6484191524984856	0.3156583949000899	0.7594450212762256	0.420742110709363	0.6861653050311065	0.9498248531127513	0.6401050276972652	0.5363385001003667	0.4783842098144144	0.6385743550707879	0.5676396171270661	0.4179843565429104	0.5479883513433221	0.24495512476365827	0.5701497233366752	0.5548312988550596	0.7527259429513486	0.710599603032598	0.3274496365617659	0.4996558691066856	0.5091949158393084	0.27055705324857526	0.008149734887761384	0.6935616091973907	0.4480908834138623	0.4334177853261322	0.5474554552077733	0.6427531263044625	0.37051361003809824	0.0	0.6429102600740217	0.6822312996973849	0.3660784740175297	0.5625906105919507	0.09427992985283368	0.8474446637648028	0.3364772827585454	0.6093952726000349	0.8324772929990557	0.3269947353040832	0.16501935124399336	0.37944969185567085	0.5387896046769524	0.3568306597484265	0.5398304858625361	0.4791822392957172	0.3156563478124966	0.7739838326545393	0.48052359183753635	0.4927299061463558	0.7187073402334317	0.2005998812525821	0.652371762504091	0.4179933255048861	0.7765465400377857	0.14068882520196696	0.48318582927175596	0.2096472620015653	0.12891842217156077	0.4802949833658954	0.1639647387102589	0.1095151651891974	0.7958038326957328	0.8892157995612081	0.35041960532437827	0.4611386043771444	0.4981325345312168	0.5804697345426577	0.6442689905001511	0.3790319242819152	0.10970369761487553	0.6107277444639089	0.2576030608695763	0.48328654534634563	0.7759204886546403	0.6963903723201806	0.7732871687283538	0.3653328135563948	0.5654015129500117	0.48117034119855195	0.5632412186338165	0.581888957819713	0.32912145351895983	0.5023797288268335	0.5172203799875736	0.8311748220079165	0.7275061580688317	0.607859286489163	0.5187613187548189	0.5047155766088229	1.0	0.8326342952191366	0.2471334132449285	0.4798792721775683	0.3451384957102784	0.2719843971705088	0.5112247714027518	0.480210743398055	0.5408113493269152	0.19783116842005993	0.6005311465776375	0.6008225800412992	0.6300113646876004	0.6344927758992193	0.5922596532765553	0.4554295978499715	0.4780083144681148	0.35021451041162727	0.25385534120036524	0.5965493939968449	0.5979336243004042	0.44766425355880585	0.7697208688346453	0.6355007756084057	0.5699050552019633	0.6513760002037995	0.3324748719887778	0.4597649268976149	0.5939729877606936	0.7194385113339925	0.3790671829349348	0.6467834334746743	0.182189825526538	0.6968411017594147	0.562091202003544	0.643132975156164	0.43152392743446916	0.7546285362669571	0.5554850738236379	0.548159000465664	0.23525832037556282	0.39134505766622146	0.4070787417830257	0.28437572134618494	0.18282656223991403	0.3373358860388064	0.9005147386078975	0.6260464573218534	0.4141321982101731	0.2869465156108675	0.39381695979953635	0.1983497102777278	0.5425764225368533	0.5111882703617844	0.9394397982898137	0.49771669605960156	0.7020068746074911	0.59986197968956	0.8577334302034592	0.0	0.5884936942499658	0.3844744895942982	0.8431796883352707	0.8074094743494289	0.44191065528889695	0.3163668216726616	0.24381996639546005	0.3818177582010967	0.3429499258046706	0.6826044189248611	0.6497744896700003	0.2595930910147833	0.5736174386513444	0.6049487214200476	0.39873117540515673	0.33664842584727456	0.5746118245999052	0.5695156055815334	0.4556049194924676	0.39218593075295355	0.4874483532177865	0.4616640139752167	0.7943077716433017	0.7734855830703308	0.3283882735372091	0.3952629413718389	0.535973865787452	0.33536513013546965	0.4979403683997406	0.6078989817673333	0.5477903138531628	0.3710573944963843	0.3576610663643125	0.5282243689301678	0.3491504470294732	0.40700463614007365	0.495812789290317	0.4977211597751229	0.3318826423226855	0.3350124617237641	0.5801508913775295	0.6566169042425809	0.21844945857836054	0.007862574126735189	0.7029462223331933	0.6576960563027632	0.5333328187354308	0.5686094874450296	0.22008826419890737	0.33438972268650796	0.49319867434127546	0.36666599967021013	0.743059702297401	0.5603710142797628	0.6289597803920969	0.9956038132450962	0.5605592642718084	0.8660357041223148	0.24986073188933794	0.7620782262750414	0.247161293069461	0.7974783550909612	0.4592300164325742	0.39824978100610253	0.6356133540030358	0.5853781929177468	0.4140260288423616	0.4318572808718631	0.7141406966581746	0.45438743784039215	0.48929048298287986	0.3433958192990598	0.3751220352471472	0.5716437754637674	0.6520167158260028	0.40989066244472183	0.6598082699628888	0.2792505392918144	0.4327289875063676	0.4520590081349152	0.2925349281676277	0.7223170668684463	0.8842950026851027	0.3193451173373042	0.19864955881867405	0.4000365681641146	0.46606876214840154	0.30123971281018125	0.6413051649774153	0.5682037619427038	0.6461733921443575	0.5763718317037527	0.39011457717256254	0.5118381977559304	0.6637376965148042	0.14307585298198255	0.1737001175435947	0.6475382953383291	0.3262316048032081	0.5952945220121832	0.34092890699476197	0.17690218720415113	0.421239362294341	0.005680479563630436	0.29930997824491	0.6182426466958985	0.5389530587302747	0.6456408233689133	0.49532906675386484	0.6623576213792163	0.5683174922167701	0.5247338387269483	0.2462735080379937	0.3115547163241625	0.37176140325766727	0.5019315252313096	0.5342889271189373	0.4350470581981088	0.6671917588141598	0.6201304996910979	0.0	0.47866233649754847	0.6419134093962938	0.801845925823936	0.36812242053285654	0.3677315936125026	0.26224243069202435	0.49586301911371156	0.3253557389502878	0.6936632092627381	0.38566399618017677	0.34162650389451427	0.6483982577286704	0.8941398279668885	0.6332687434738785	0.4695667199413245	0.3121639317324544	0.684244393549792	0.3230575337765763	0.45023139641543014	0.43601033010533186	0.3564887379571824	0.37242947208060884	0.28845316309904084	0.42846032197216044	0.13957436661562195	0.6978080028856394	0.3954832526199644	0.1629050681896812	0.41031647078536887	0.2709148467166208	0.33909667987776343	0.6238704749057759	0.40719143705281524	0.3319930280003268	0.5336171691306056	0.46136321218861165	0.5731668236393984	0.7032323073626129	0.6845303640541309	0.4414608061271781	0.7295880484341717	0.18382241055457874	0.2727864838624061	0.8976879863274317	0.38356617952524047	0.41543687603447443	0.1020257291034542	0.3256757648097902	0.34820925761899285	0.9874015651154404	0.5213486144961416	0.656920543423798	0.7868485461168342	0.21751548508730964	0.13156253649059124	0.5432096203928088	0.4105406423653795	0.3563636713713585	0.5829066668495432	0.5373301651666671	0.43179085302364467	0.7196062322610884	0.41659181640560955	0.4595526030808895	0.37930855029871974	0.6305297077288198	0.3701277971057555	0.5520577848391524	0.3531728940448303	0.44614965958367364	0.779716180690238	0.289577222956041	0.6956951130879782	0.623690327521168	0.38350794433472735	0.36670537593232455
falcon	0.40115467620853584	0.721205596299026	0.3671125055101364	0.4240071214064872	0.47933547373289875	0.3206559653567595	0.515126650806209	0.0	0.45426332113988266	0.5144739182531587	0.8716108816023311	0.28526315962506776	0.6034066095906547	0.2425748802715874	0.38501889757054814	0.7927260871961976	0.4273093967163901	0.49652205534414734	0.48107391589055654	0.6134608911605124	0.46594587615517125	0.5293385306553348	0.18889337664163292	0.6319105207504545	0.5146087161069445	0.6166960122656958	0.6627893518943025	0.6552552722806226	0.7452740968808343	0.3763462693554332	0.8126634385520282	0.40551910261563606	0.7782347266767491	0.4805869464518873	0.3901838983635082	0.6191267442382052	0.5462379034412351	0.26911478191764604	0.5910408572534668	0.8176576169884848	0.895582021264228	0.5865908668724802	0.5740451542344651	0.3795912798853431	0.6784127083882735	0.5743988543647918	0.0173742134163562	0.5429642258370947	0.15609542232369616	0.6653574636263909	0.29037919162029613	0.3372417082577703	0.6377848434511837	0.5904903221341095	0.48623609232997844	0.679871195740879	0.809637571542327	0.41808932590554637	0.07356543120930775	0.47841030273703566	0.5016713683790501	0.3965285296337357	0.5937686877529234	0.5362015096975123	0.502953266339258	0.9999999999999999	0.5993059080066697	0.36825685791648394	0.2497106667280266	0.5545461227743596	0.5711181917675602	0.38354565595201906	0.3430784914208307	0.3102714564096538	0.048504683578440067	0.601560346428927	0.55323884421091	0.6319154635323652	0.6001369940366302	0.23271288327736117	0.20970613871980356	0.13647516781913938	0.5440325436197093	0.5237894301506221	0.35205594312307065	0.5861327012654974	1.0	0.5354152360117219	0.49236077008918916	0.33124663458269266	0.6053164259100433	0.2617899896158654	0.8421060433184702	0.5556691703672761	0.5045849718233387	0.22712452600487987	0.5144632540064584	0.49329420039126826	0.5961992261503123	0.3852141418252664	0.5538750189081869	0.6815359441229796	0.9825081421908968	0.422852026721773	0.33352261498068986	0.6039676990886548	0.16853426798430515	0.44650088225380913	0.3972784056050548	0.768928886867627	0.687338010320802	0.09174274121519643	0.31712949129132695	0.32586171406348236	0.6959104795718534	0.2542796808203465	0.6075015899093901	0.2358994595536619	0.6626895580356554	0.47502951942971916	0.3192120377004291	0.6645622509653055	0.4627577788731891	0.4787495428095777	0.52239196655582	0.3616908557532484	0.7480241394035548	0.38203306384857144	0.48000500826877623	0.4025318877646096	0.4451850907332631	0.3377534007396648	0.2832220498530379	0.4287218112458585	0.5157396682555632	0.5640013403934936	0.3275561839422443	0.395934944142236	0.48056352600034147	0.3320748617282602	0.3708265165058713	0.23418291883947776	0.4803139762441678	0.6536568689450794	0.7342034815231719	0.5940446102987637	0.41923062020234	0.008067085157291431	0.6814797133481413	0.6155297660130219	0.38546516090386346	0.863895873447055	0.06985122114886927	0.21169635369448836	0.4798708981144025	0.5897960465335848	0.5540947615157037	0.543588498190043	0.7841845840468811	0.44223384625228196	0.26155446976119	0.1952632773702225	0.7554142540858056	0.30712301168710804	0.6932658024788416	0.4651441474605751	0.4972719698033928	0.565029961243983	0.5261927985403076	0.6447182437886478	0.5273409513196325	0.7188536714207099	1.0	0.5469978123108499	0.3807135620601787	0.2524807184838913	0.20189622946922128	0.9510859260560482	0.3864479221552177	0.05316319471826547	0.4050891443255623	0.5325091995295894	0.6502609110499336	0.064513422185692	0.773188051968414	0.41825748745051194	0.3289710492481027	0.42627945049134	0.5137220004195758	0.05068018699568433	0.33084240734864884	0.6529140879356965	0.05013671542933745	0.3061766119022037	0.08522218070739623	0.4465756152514126	0.45638176381497975	0.751855888874929	0.5793458495221093	0.6838506945590748	0.5653888516832564	0.2446957870987715	0.5875956779514262	0.6564647974534478	0.527944577282954	0.9240005594234983	0.8567446768351037	0.8638599754893264	0.6055884257793906	0.6408671921064577	0.2796791279087181	1.0	0.5434066180125906	0.8291054213963706	0.8075141968872538	0.5355947272248592	0.7107650825943864	0.7475180938608141	0.724718036941957	0.47551682385116667	0.8627076293374407	0.41367026023427894	0.6537765586500606	0.6164373044018743	0.3353056218793844	0.5798589777075644	0.3173544864643878	0.5477618755922069	0.5902411757238268	0.595164303360612	0.18120237616729098	0.5416735495748497	0.6096342157130086	0.6813382336892323	0.26077413824877327	0.4530675873816987	0.5647305628012318	0.389604729952671	0.547573794705112	0.7580571136206384	0.5149343190565527	0.5223263114383576	0.16603386820931998	0.3890135824518452	0.7062871982618854	0.3984266254355918	0.8341623352727621	0.3140534009917447	0.4308213376248878	0.7936590665504377	0.42485391832982244	0.5196177213653181	0.34177445936866024	0.30945922636299517	0.44394188749754593	0.6575607294255077	0.22716085057733795	0.8510820755547683	0.14898725027645082	0.35717451350955776	0.47429856169335155	0.7033246328007715	0.7402006914740644	0.44945603621244823	0.5225683858566238	0.39664063829769014	0.732173597987226	0.7521919241443118	0.38250860583154545	0.7663053445126511	0.44798404638084605	0.7395236519547277	0.453340658872686	0.6427175189787547	0.17078368249395456	0.6121138625566448	0.4711546490087864	0.30308443360031134	0.5792289794222744	0.32131808178351146	0.4498667916128549	0.43334355230804034	0.38813730235402516	0.6280917680748426	0.493661847930022	0.3422621161417084	0.4167083436961474	0.5253728673988787	0.45565152949899146	0.4264483729535531	0.38057996217431744	0.35054709000045936	0.5439335218679806	0.44720056567424255	0.5640509655408719	0.4405496362153691	0.7858305399109624	0.581223711320747	0.20415998264544757	0.7909636239404148	0.680925610336752	0.35373241886610474	0.3663031946702586	0.7180200094494761	0.14258668699037602	0.7265234706391933	0.7596039396737925	0.4095621748292271	0.4473397849418708	0.7348906768203369	0.35646334040824224	0.5390366012150063	0.4629579727419145	0.2699710407032299	0.6776328347368403	0.2717912748710342	0.5670581529854498	0.32927277150973266	0.22773264882001173	0.6443802083610956	0.29717540028397593	0.5656396519937354	0.35858420592978907	0.5604942103139748	0.6744230759632908	0.13779077909723925	0.33388841660635826	0.7121173375691505	0.47502646742079524	0.5694776300448227	0.9360426985468323	0.49329766473697023	0.29734266587727887	0.6099389739690697	0.4983387731532509	0.6524765662690657	0.30223883888666314	0.5133427020634367	0.4868347357303323	0.0	0.3796488652031799	0.8635888480153091	0.5212167350652896	0.5559771108109337	0.4090016165554946	0.17028623494082382	0.4221592341036873	0.6948415156125545	0.302814296289822	0.4571414772699617	0.42093273637048456	0.5066912074072201	0.32998135472350176	0.27361352779821996	0.7265266515646226	0.4549553743267468	0.8931725337592181	0.6714804698368618	0.4193416523054827	0.7006410358006888	0.6804409788547154	0.46057868694253346	0.63171413031218	0.7886378042268343	0.4643185696416118	0.4225926239779324	0.6095205684888365	0.38974959094923334	0.0	0.5331199233742872	0.34473709114516277	0.5985191632089575	0.5795305546915733	0.6634836559256526	0.7077917474327666	0.6162355489568877	0.44222002566756935	0.17337695937105096	0.533932490573561	0.3582706543766111	0.6271726154273829	0.5040397165544666	0.5292913041516593	0.6317220721315777	0.2943685727832877	0.7676800141210698	0.5574402562592189	0.5505355101737602	0.25588595517069	0.3737417203565383	0.3295749503288038	0.4205710752428995	0.7393928755033414	0.5351540837856748	0.2627434155289578	0.774060318072154	0.37337418116174315	0.42239343955726616	0.4597620734636821	0.47554003399998784
finch	0.6573007322403649	0.3395101566020966	0.5506890718205556	0.4946084416243065	0.8215544492647276	0.3907263138474102	0.3415042265130255	0.512630424087299	0.5237687297267949	0.6069306522973539	0.7238616353463844	0.5180751178774727	1.0	0.08407895686480438	0.27740501375095616	0.9234705179574801	0.35602154438593236	0.6723566430356643	0.5760426354330642	0.7962704594160123	0.5312417388591527	0.35544122784759324	0.443094066280726	0.17671660674486134	0.5542869417362721	0.5173130662763761	0.05272024348985066	0.3406956458239777	0.36720980305012374	0.7929284014255458	0.8442393744643157	0.5170750180262856	0.143556695843702	0.6284475670255213	0.7633150894110908	0.20265862046086158	0.589581327952638	0.4357130027975868	0.39999925827170535	0.21255586927043843	0.7073806939464629	0.3638086533735409	0.331068022305694	0.7362916646970856	0.34892125469093094	0.6807898368299802	0.3182550297489345	0.6407840104800051	0.6152254132696996	0.14712425656963435	0.2162949835801447	0.3206782668059207	0.32872288543569694	0.2614131282185113	0.7366406802250187	0.7317719732439807	0.9108159802717607	0.3472961555204197	0.7112478062589804	0.40063887715090246	0.4616084447991025	0.3409710620379626	0.7506815412311415	0.5972372732908838	0.15423688670049673	0.3573615218305916	0.24495661642917396	0.7586634075253785	0.2513474269440177	0.32186852654343234	0.5723299023903976	0.741400236137479	0.14172826747342754	0.38993786314591483	0.017544359054602054	0.5058495020873479	0.6113554978386365	0.13343628605651892	0.8657491860628189	0.5245288674930488	0.6928404444459093	0.34442708497784874	0.18949789046206256	0.5364963777193127	0.4128098429743319	0.04049818233930935	0.1930941282544427	0.4258852945676187	0.4234766068223806	0.5560251731884406	0.7462972150467447	0.31710508707919893	0.34214017069023633	0.07230757942221111	0.26600642281497044	0.25795101338720333	0.5883999323500266	0.8274440977729546	0.3790929887303605	0.08789588355819655	0.4352966134550389	0.6434784332221054	0.3315442999255702	0.8824108849589726	0.6990975105362631	0.14341016968830322	0.7016854084589765	0.6555196700683124	0.2213660439428888	0.387843515292451	0.34663718475786126	0.5686782621522456	0.4531578381761434	0.721344789668779	0.4085510141439538	0.6247273189642463	0.7656325621614721	0.6283143839278879	0.38833513385687457	0.8084721691714951	0.7915296985972314	0.6831482215968891	0.4307622168808317	0.5656510816020828	0.624836871530563	0.38585179538209174	0.6551956071327902	0.5130201988170147	0.6496618762988733	0.31724075733809376	0.5681580715775946	0.7668489403587596	0.6540684762140571	0.5930889155273535	0.6930762219384206	0.5085562838497963	0.4426019754860941	0.7175083318140208	0.8567883451443052	0.7065297720720822	0.4168791309994749	0.43756671929405466	0.6660183388607512	0.4794720096053927	0.0	0.6526459041912701	0.15959675411792085	0.3932157836877104	0.27650768158330885	0.21127939050692637	0.3438125285273774	0.4905791984580086	0.619154166742816	0.5355120402877985	0.6313186096790804	0.7872346695911373	0.6256340574169647	0.30882579659451004	0.840251811512521	0.5226037412324851	0.421560009683275	0.21871203535191636	0.5383316626907284	0.5610490381268877	0.48502310054173675	0.7673562696520417	0.45415727203483547	0.300215207933058	0.5667374485684535	0.9280522801513831	0.48142365797791353	0.1738221441185826	0.4322741550106997	0.25197047044578064	0.5138064122348481	0.11394677055180702	0.6154313167464767	0.7135197418377408	0.6273884849121907	0.8526920786124297	0.23899072539666694	0.27595028924869697	0.5570474804817396	0.3283144166803082	0.2592968674925719	0.7398880106348202	0.8201706321827866	0.27003845565241313	0.7598720578204181	0.9672485153292578	0.4580539313837785	0.3884958342981363	0.5591443958033491	0.35097072602680257	0.3966599931068513	0.5792608959983444	0.4701151573347835	0.3418493195891239	0.5578182651798176	0.3868419662911189	0.7623017611825395	0.6576141940857876	0.6110327737675976	0.5412800150529493	0.6133206003541126	0.5333739055587386	0.6537079277613489	0.7550427457353952	0.15989488230326554	0.3854600247700354	0.46171649912331814	0.19316559529624594	0.38917763513085724	0.17406191307567392	0.7466486987862564	0.7965831869726643	0.5895409255871852	0.6380438101067345	0.3827572285513868	0.7362180802276656	0.2434304993499557	0.5106372912931673	0.4974007888410268	0.4189531071129639	0.22581688916237058	0.7043432582860903	0.7024035252734679	0.40983715576303537	0.6653168472840922	0.5602396374526479	0.68498492904256	0.594807973012549	0.4588487069266044	0.36072706203598603	0.5300803938167785	0.36804493156315615	0.14643839811562748	0.4983203766904771	0.7851973258904292	0.1936231448213078	0.4008121705643742	0.7501537608947764	0.088933458868107	0.07599267144899272	0.7055294552500547	0.18310290471912938	0.5250743729699677	0.581044313769719	0.21195568605221254	0.6087592034161096	0.5548602796110835	0.4590872184888092	0.41294877872383134	0.5266881415262953	0.0	0.36674624667189837	0.8969863359464307	0.6302905509426636	0.5890645586308918	0.6028628505855232	0.6181492768728595	0.49726614221866877	0.5987316006281316	0.5928290474219114	0.4711799760713806	0.7463997278731291	1.0	0.8316134595835774	0.8865201816523659	0.4553310811931101	0.1728508818355617	0.6647923275715601	0.35491962419254725	0.9106732803936571	0.28641856817129874	0.6971120215885204	0.26794451357195676	0.7953229072260121	0.5691380937085768	0.5597531576400916	0.34489903073713235	0.34927591312249207	0.4661046746770718	0.49326057032835585	0.6789831644631713	0.9958167070522005	0.9097708621248319	0.40601798331143607	0.378865145732479	0.47490837734276997	0.32529466571017995	0.5722904427591833	0.5911752952128376	0.7139295079510979	0.31146224312219317	0.47112438550029856	0.3972719168326818	0.4919561946778733	0.5863012270122882	0.38265132989600464	0.3350077313183606	0.6177256491916706	0.5741232780842258	0.18282028262464628	0.6249568324175465	0.48121821703803863	0.8210739681427555	0.3681486024925275	0.5095093417294823	0.5406323755379165	0.523708484916477	0.5774119736984831	0.5698725212577854	0.5376654198089702	0.4556605389367529	0.6166193591138767	0.4929547729015956	0.5429282361091763	0.22630279932037137	0.22350039093345053	0.5511985579123564	0.2377329029980489	0.18744054865982018	0.7352790857347913	0.6480859576559048	0.7205499988981386	0.6496795671561179	0.33184268656723315	0.4791489125513509	0.6941347829869343	0.940799791829252	0.3833118970070886	0.13544222421729613	0.16567260017198204	0.5593854655391551	0.8490483948107881	0.7628647511570403	0.4036371268083423	0.5784456228825864	0.5043663820980423	0.8146943300788411	0.11847766832071568	0.4506789957675138	0.613505760890123	0.42282465786845014	0.10692162727460089	0.0030430080477126253	0.6702358038590438	0.4905406642684248	0.2904984711791848	0.34193587518905433	0.7727489653058148	0.47849205270742784	0.6812145979045737	0.4991679533757789	0.5531082292059469	0.12891935824575973	0.786795175094374	0.08673978514783776	0.4671550567502922	0.79739649926784	0.9999999999999999	0.4585170852288087	0.28278169296786354	0.6963605634962546	0.22938400746147658	0.7707321838906058	0.5546578119480713	0.6647792391655037	0.4246265202808854	0.5102009557756749	0.24907489299833044	0.2139681762660387	0.8269575080076259	0.3419450535312825	0.43960476482162664	0.18812030332801408	0.6203217961270264	0.7069768678445338	0.39366515991228496	0.3116110323188146	0.2647340999575989	0.7910808957203972	0.7479193735516436	0.7076814295142589	0.6812471751727264	0.10413960561669294	0.04300631418384787	0.35077171325899725	0.49800024762250716	0.5833767582047198	0.46915409520759577	0.37797030623787997	0.580501582815319	0.610407006552341	0.4680490749166589	0.5339049013554594	0.073031071530892	0.5193620639274994	0.36990840350333065
fin_whale	0.18761999851548883	0.3160091733868242	0.9999999999999999	0.5182484789674725	0.5621408108469624	0.5091919386740706	0.6446746315673463	0.44174381175268274	0.394425260211009	0.48705270958742014	0.5304123482407413	0.23985384041454572	0.6730844471524043	0.5644141833994396	0.30834181649092984	0.3221938815039693	0.7540051258393814	0.4211545410978321	0.305889074497415	0.4182316890045292	0.09942406271162552	0.5956301916156104	0.5128904534977761	0.4233637215173811	0.4979075509991808	0.7115596295920263	0.6508420923006606	0.5597451346942608	0.4630677796647681	0.6688322878624997	0.34809703739102404	0.28355103729265263	0.5347699745153013	0.4884248445004811	0.58686266891569	0.5277501881782781	0.4256644049480858	0.4542528834865335	0.5469628672578487	0.4006375071811752	0.6842083899760181	0.5675879336031187	0.7529902753573092	0.36132702922178295	0.23268328130771893	0.27049242883361296	0.4093346876690797	0.2765115206817638	0.5955858761693658	0.3565043308415806	0.3265922117788711	0.3300471429074243	0.2340957809282953	0.4771008938655766	0.7314924380956062	0.0	0.6162254183252773	0.3365798396350525	0.4358805880324532	0.7054231581719582	0.6366463016896458	0.6550189241566663	0.571760530210774	0.5613442635181094	0.7452466359704478	0.33423217304241526	0.20554794207391178	0.4436904509579114	0.20549355349435394	0.4606181796536643	0.5658861605038128	0.8033056467925523	0.30371572217642173	0.49139408928881545	0.33579636508314464	0.37282125053748477	0.49190972565858015	0.41571233328923685	0.9036346556048239	0.2762322883221592	0.26235290579323084	0.627035737075732	0.6631024769181204	0.4766456996523795	0.20853252649895082	0.44633075500051167	0.4043812751362525	0.5892344455222737	0.7433507374889825	0.28853747237403776	0.19101116377926042	0.41933568551026823	0.5407684042568439	0.6291973323641242	0.44595511270875904	0.5176592748884304	0.4327594400910185	0.4315474027337543	0.5612027754048097	0.4278312515430476	0.4906690882714694	0.47604620416065935	0.8216323860332342	0.567355969776503	0.3956326641174641	0.46971187266459224	0.19678520460140764	0.35155586483314616	0.5626577575858185	0.7868727295163982	0.5494734726613427	0.5329075093518909	0.6137579349682526	0.43700005736736464	1.0	0.6259078880991519	0.2461009607494506	0.6476396732666156	0.5764782618703448	0.42712193906371837	0.36605030638855207	0.47179744523375405	0.6025161477322549	0.7015792208522165	0.30006672328287276	0.5207739112862526	0.613020480275201	0.3505172284590912	0.3990980825269166	0.349867605754656	0.7894697000995332	0.4818987304610326	0.19421225506503464	0.4368104934714487	0.43985046369378467	0.26123922315815473	0.42338945219975604	0.4582588175413719	0.6784373334122554	0.4106593319497916	0.7015791960638847	0.16791378215144082	0.4066829822187271	0.5308440296030231	0.6181350695328407	0.45892793812527427	0.4951837534667155	0.7001737126667165	0.7428408077703668	0.37547383557090663	0.6232101590527888	0.5445409424120532	0.4929056929048119	0.4268356125545572	0.7710060082870016	0.8478385245956668	0.45250291271211296	0.6644579297548144	0.5650414701583949	0.733094692469104	0.4680491072764999	0.5692303828924768	0.7909103907790132	0.4108105645139344	0.5695380959975772	0.5577636915021544	0.437764483129985	0.8131493221956126	0.47554226074631545	0.5768827508505766	0.4302775575632192	0.6575311830440841	0.28322638226030683	0.4233150162669628	0.45987868714178876	0.5096959342185111	0.518745617339318	0.664522455106727	0.457880998271569	0.19454859718560508	0.655106732957527	0.07889532674666278	0.6617065135902411	0.42867284494101715	0.7537798933041501	0.4738393288903248	0.511046692687131	0.13378695504077515	0.40926958989318596	0.49845912474873044	0.36504925586388887	0.3525376532773413	0.38153664192161557	0.5065802169686119	0.2617368598647189	0.44040341131704747	0.5327349221326962	0.45051654385465756	0.3018090897452794	0.4868953598943433	0.4039577120185134	0.5545915992146631	0.289954067447458	0.601293379962019	0.5909637808057866	0.6837222597034125	0.5672227947638153	0.5882186215446464	0.651213187661587	0.497414319844559	0.5465793925123024	0.3141155293562127	0.6271765237521711	0.47273911481664244	0.4091088966899432	0.17695255912169294	0.5571198147067503	0.5076113597898626	0.4789033757794654	0.5853596380114836	0.1438251380381338	0.37989980878365687	0.3222184329690088	0.9173949597445461	0.03746389876059647	0.6557719893989579	0.6505138437049198	0.6181284657698723	0.6540909787741442	0.5524960774876196	0.43595305509976157	0.873497169446489	0.40529539107459944	0.8695443504040425	0.7656493048251882	0.460110373224488	0.6508709549634698	0.3090451176233349	0.24444579200210698	0.44335767468076204	0.6993749081020828	0.4737249302374158	0.5324119351252614	0.46454943135692794	0.6732493184445826	0.3343319587183617	0.4825679159796066	0.4292842752381191	0.6048921553675461	0.5626635758274181	0.2351994463847107	0.8492215466004063	0.21712572774638428	0.5715696155498345	0.43741703517799585	0.6407816967341522	0.2935858236476106	0.4716160488954106	0.29040299299841	0.47315903786049457	0.3364142797891011	0.3451957639268697	0.3365693923061573	0.2501562623428293	0.38171588736292855	0.54860677298522	0.5442377664421978	0.5644226751211221	0.8394147314006908	0.8552698161218973	0.4813544882908676	0.2020840345577664	0.5523943308142499	0.5503294060513476	0.1829434725441593	0.5205954289928139	0.6698064920285791	0.6589984408780776	0.4159773063191735	0.724374411964362	0.3955253262521963	0.46635492384406235	0.7364294590176531	0.6479143799662819	0.5361325637196589	0.20866628032492185	0.6755392669472483	0.7382873547209996	0.550676623895493	0.5258590038363533	0.3251411195726307	0.35988511604717566	0.2781663733756709	0.45047127870437387	0.4360340598629901	0.4483795289427	0.520062509995476	0.40702932772140143	0.7547607254157036	0.5428485375357609	0.07116804047314595	0.6291324753057663	0.7687146580715472	0.48821960790716845	0.25375591529059693	0.3679578524617414	0.3160850536506784	0.3674181860837191	0.49773235243909253	0.679343199678635	0.6286075967485254	0.6739499568041387	0.6077396500669907	0.5595074905850991	0.5361414253979169	0.5661695638209787	0.4433257372620568	0.5010205992876127	0.1692713597718553	0.7475265789891893	0.6081372113308009	0.19094536835392065	0.36977264724827086	0.7626564098725068	0.19781318046670388	0.4098451308007067	0.27285770739956355	0.6417745322552929	0.6869690522853569	0.5209623161095577	0.5410197416206297	0.5754068100750427	0.6242266485001773	0.5906233073537758	0.6954445285872402	0.7337092048958813	0.5575855022552225	0.49170668366835507	0.7050945242035276	0.5807393936361844	0.6306370515193238	0.48851468492504635	0.3612688111855311	0.5426528770637273	0.5252040373125125	0.6479258361953608	0.8012567241993558	0.5184844431306013	0.7775654890886563	0.6710446499241021	0.3537526278726947	0.4476847546749596	0.7417662661510641	0.5020261231194758	0.8559038769842994	0.5974471509696759	0.14462447770842257	0.7582902696944802	0.7440624876120199	0.2597696778294704	0.5579357935710897	0.2849562143473188	0.6650942978089428	0.6640544457314999	0.5228161991451309	0.4619154775652627	0.5789233052379761	0.38364389487656947	0.4672867635832666	0.5137418809222936	0.22359193389114213	0.47164212818215406	0.5781652621695312	0.40588884616012444	0.41185012045040603	0.6553091423944865	0.8646488685411515	0.6451603745124943	0.5691480667458702	0.5281255473660116	0.5471044652653044	0.7004780583792771	0.5870344197569128	0.4069007529764762	0.5057032323503359	0.37331550377941813	0.5778797413275049	0.7243238330475581	0.5187581949249832	0.4081516846587812	0.1319593937877197	0.6151162157429142	0.5583586418750807	0.30717546369798543	0.33109933526942553	0.571265729839148	0.7412956570564655	0.42176405400141326	0.34361344684390066	0.36932379905522017
flamingo	0.24087088546112106	0.4292670840118968	0.5296470086283935	0.42392864443820644	0.503692854518335	0.8044196353484196	0.6734885989036892	1.0	0.4970638347775106	0.4667575205734497	0.540830818213815	0.7007867593815755	0.5902428185050304	0.23775705569767844	0.440147737005659	0.4748858654289013	0.1221008962664128	0.2724106938370437	0.22831162014224288	0.2213461105144226	0.2687709255183222	0.6501617629985531	0.28355160532038015	0.44721067280143767	0.5237264565452306	0.8812392070391439	0.3947967634373366	0.4570925231518753	0.39327949484590885	0.4433503213977386	0.8164779352058971	0.500827174268193	0.7286872391962969	0.7570762598907129	0.6326360951796075	0.47368207509980037	0.5232998665402313	0.12144497816748995	0.5340999941711227	0.5212717120670011	0.8404819728527434	0.5398102179363995	0.32123684660530677	0.42711903964762166	0.12104590746672272	0.39991312030444953	0.7871123656562987	0.6309463612216536	0.44842932892490023	0.45153298210430853	0.4213222915269422	0.41892157297021504	0.25582593069553083	0.5147403745888227	0.12144515522658045	0.23508763201858984	0.37583183742014603	0.5292364353259897	0.22029698588803362	0.7529761314841603	0.36412060148634573	0.8415981799100352	0.709077080043442	0.6123719279264591	0.5556417455868625	0.32777502533315295	0.6553485629923816	0.36533281147512175	0.619956714766037	0.7044424932242743	0.5878914127848857	0.45852782874310555	0.4600595032930665	0.6856099872513797	0.8478451114904433	0.44619035455554	0.647043462360034	0.704416023527119	0.5310205958419089	0.15796383376491097	0.5014400275453834	0.6756386809639168	0.7517870225330878	0.4282062752470876	0.6186076730540422	0.37800147117114136	0.5993519591081395	0.6354906984080739	0.6529096758041819	0.2587871137499036	0.42625829802879533	0.5610838003517885	0.1650651605018803	0.5023114611545206	0.3755675301542234	0.40110449266509174	0.47366467135682355	0.5745034920276081	0.35683667367485683	0.5768092034132024	0.5235355938624149	0.28261042216265286	0.6653109973383939	0.5326069390653853	0.47902424397576143	0.6493590097656561	0.625101602901577	0.5099790546615798	0.3854261056859114	0.374242806800609	0.462608238526198	0.5007730752238966	0.5518262822839246	0.5290512328467514	0.8047694585026914	0.2669393017141906	0.4562344200061341	0.4571478928626926	0.5970721893912108	0.8073435547745516	0.4535972209071564	0.4870366392113513	0.391209323506731	0.821656075991702	0.3446791968816413	0.7520557035735809	0.43811536727311207	0.1766508853274439	0.5645241460888163	0.6800942720089527	0.8168770208654144	0.4868040578184747	0.6872832476013979	0.8387773374523675	0.485473263567878	0.583879176405045	0.3822965741962044	0.38435957597596637	0.9805153192811946	0.5216814248289284	0.5210820924945057	0.5820257529094746	0.5732090948426564	0.6638377422335637	0.37570581233737027	0.5393129323204662	0.40153669186402224	0.5212669602276816	0.4998890468110721	0.40107049493602787	0.5376487093724943	0.34921688626930697	0.4113819073169478	0.4659364159948074	0.2691539121097709	0.5189135555841369	0.39223137754530923	0.45880825812422704	0.3701920350738268	0.7134979218920394	0.3595643392156901	0.5396045723490128	0.4824871589401857	0.37944742324997827	0.6527560939754125	0.3150899258894917	0.6861274211577677	0.3530724820035882	0.5534912379839403	0.2793146317869357	0.4877088703132816	0.6456725243744996	0.5410016257730508	0.9256510624089418	0.33364554037725636	0.48843156774898916	0.6228923113667509	0.5474288582986195	0.5025812289781648	0.2934085698181014	0.46835908105752666	0.15130463781066267	0.7051242304877832	0.5207510615647726	0.6419447002365608	0.5083413033837708	0.0	0.3970079368609711	0.3606390077030032	0.40743265061942774	0.5155908201141294	0.7187622277503678	0.8449346685745036	0.3629894371027842	0.21421031213981961	0.7137177097530443	0.614494867550873	0.7649760221124784	0.36254648594479333	0.6782705867070782	0.5800525345321438	0.5269515715550037	0.6145514956935979	0.5788973729321244	0.5904510913381761	0.6278248109751691	0.5888168865647625	0.4325636392541278	0.6975586474590295	0.4007531052659763	0.5683157865119031	0.06804314722218113	0.6911796466749657	0.42154912355200735	0.3946475945000502	0.46506038516792025	0.3404891307157772	0.32781401297740737	0.6064826581647633	0.5440339671391068	0.27964827147676863	0.4932458490090892	0.7183305447781798	0.653123109482024	0.3277548638125965	0.28183374507660147	0.4523981559119109	0.3447080396859863	0.49313179329147816	0.4791646858915247	0.5161464336336842	0.5712583808774374	0.5043709345773578	0.27574834812182447	0.8638388110522435	0.4489731962146124	0.23927663003273875	0.36182931187665224	0.461749900709288	0.6290124630173528	0.47526969520739804	0.2889318588889932	0.4143242197677355	0.8192429736143493	0.706297821662146	0.3742203428238209	0.4278416781655282	0.41854264144037945	0.5567253528022164	0.3842939897205881	0.652448330370797	0.6708912344552278	0.6102513631487883	0.7903833221854271	0.31658309903371173	0.5374617608898622	0.7216720962605325	0.63848318198333	0.489536683616991	0.49448233765614535	0.3046487648659147	0.339504619300261	0.3053099768795569	0.494823909343993	0.4703579323440905	0.37441265114580674	0.6421430708850623	0.48979654350993607	0.6221239949249933	0.8452026466209628	0.3452070536952161	0.3996711382921111	0.4676886947095095	0.7515934355633157	0.2407768388068326	0.5261631727220628	0.31247401725990476	0.7947421803904269	0.6678669077749163	0.6051828402783959	0.5679574358703221	0.40719915979235183	0.42913154124961095	0.38249420760316943	0.4080752675420616	0.22392803276160733	0.3833098249044207	0.3110222087873739	0.3609956813632536	0.540054066933372	0.6487999842253758	0.5887179238564102	0.3597723822269646	0.643776752143365	0.5949086118610555	0.5126822659222203	0.2703301045663293	0.531572388799369	0.39216600323063344	0.2937794833210633	0.418800489863822	0.8944891457448789	0.4334366226692292	0.15520642397378803	0.27723927775333973	0.08393890501129375	0.5164955783362299	0.3859443115522885	0.2106300894693373	0.6547586637103182	0.5815890916907298	0.587187496706402	0.5996119967390939	0.7533156394909561	0.5473196300888299	0.4690622931621034	0.3893625050113343	0.5078897334574581	0.4844970330288959	0.3343275808765684	0.16241840562115523	0.38735875777243817	0.3863910229795438	0.6170254830230779	0.5183285124761606	0.33467789477533344	0.5428535585044659	0.4418059418875138	0.36401928901200425	0.39819740077381116	0.5608178076903585	0.7634662939529058	0.5703943505988969	0.667564054761361	0.4294343442653089	0.62587042455766	0.2710103224589846	0.4233791194679246	0.27235828673060913	0.2906934612681502	0.43736582554950215	0.5490388911744752	0.433389195956176	0.15059662564472906	0.5011474400371859	0.5379251702599428	0.5491328581457141	0.5069675204888233	0.8616657318296869	0.35840353418384685	0.3326137818308459	0.5729601714556888	0.43294717654835807	0.39720716259896727	0.33149378072152647	0.5118660375944315	0.5054691211568202	0.67667873181507	0.8030374872937842	0.5761633211588209	0.4705343055367207	0.44819825106130873	0.7930072910457768	0.6178142030484014	0.9451001004366558	0.5893816569077719	0.34487497664624045	0.6978384535667641	0.28226119111285713	0.727897588679767	0.42438030461130094	0.35874276315166964	0.6917107640353379	0.4278977917352581	0.4533129131682364	0.42628189942197436	0.5913834745350351	0.6367718253652991	0.8773051232527368	0.5850642976513617	0.4782419905071407	0.603568078963181	0.846542146675497	0.5515832448569232	0.2031445130304344	0.6291773046266851	0.5289073556491172	0.6524619705106329	0.549805312319515	0.20362616462223676	0.5168677267946524	0.2029653157910446	0.33188570779332016	0.6667026860092443	0.8069177258831977	0.4128381142992679	0.6780239872893818	0.469947831894493	0.0	0.630067441248541
flea	0.27692808532230473	0.4101229988897692	0.45748682690387	0.2919191647028178	0.4623716178831748	0.43465902213965946	0.30951795913012226	0.42534735341382085	0.5295638937018251	0.6668583031751696	0.683342798972298	0.6643227905531737	0.7710461312439526	0.1773474984484853	0.5687576982527969	0.15724116599949828	0.7492544613825369	0.6149944914692157	0.5839874657214346	0.33948167809568863	0.5246660318985812	0.2951666434912149	0.23478561106701057	0.3228197214380619	0.6727393437072368	0.7357213662595219	0.5132752583441733	0.8496831093593397	0.5156530669393702	0.3657256313259118	0.3569520621855926	0.4886764266787704	0.6676078293229853	0.728863118782928	0.5204641275263503	0.6350150749911888	0.6105958320963294	0.365717300220253	0.43399048031424026	0.85255999873469	0.9420006712790805	0.3583565268687874	0.46411517554339177	0.4063526423913582	0.7190938259482373	0.2395395536245693	0.6395668076690073	0.3978294860129943	0.42325757748691334	0.5694411217216162	0.39232305457955713	0.2767652233613864	0.4072292929815494	0.7464161954213335	0.5036383051533988	0.37514434124942136	0.6139668539280558	0.3928837872553901	0.11956811381331167	0.6912853340845588	0.40660244925687034	0.4067582495654451	0.7355079987562637	0.42262882146150793	0.5850077770450681	0.45554470198185	0.6396228190710955	0.5166502847647809	0.11216640274161377	0.6903861151747133	0.7591504926220976	0.4594296799531769	0.352104682183471	0.3896635453879662	0.5819338529330476	0.6376632716289073	0.7040730560806306	0.5095707515659462	0.19841985489789893	0.4687388112927692	0.5058639390160047	0.4348228650312594	0.5386780935489397	0.3220201764491747	0.25796833239667605	0.6053305203348647	0.6880858558609936	0.46864853954661073	0.4787312443021438	0.5631960862647042	0.6470333108951014	0.504533069725944	0.6696724621524519	0.6909917460704386	0.6507171423131367	0.745280033288636	0.2561158945510632	0.5730442989952562	0.522826487611178	0.47195147108308677	0.43350498826211054	0.45461618197776166	0.5074942544811303	0.5841581826575725	0.4483857187920803	0.3780976061763314	0.14984866651743767	0.5831641423437076	0.42342229345707294	0.4556418374484577	0.6459427659431851	0.49860613056696235	0.3915309785493569	0.5011514764339059	0.4393816062508598	0.5914114462164406	0.7344365389229728	0.6039667714997623	0.5734619147216313	0.5494829122788165	0.4145574204289159	0.257459700444962	0.3729229777470908	0.8305170935866555	0.6397011449484462	0.41218898259673614	0.803254497440537	0.43331971217880666	0.6364854433286251	0.5790560748793842	0.44057425942687045	0.8299858696950287	0.44117587435811234	0.5867815131490716	0.26118571430773746	0.5294699459756138	0.8329993042414521	0.4333591248922218	0.8766219142609805	0.0	0.31458170309405653	0.4064312008244374	0.5968718460265418	0.41338773896504355	0.5155427490569372	0.2832116215518735	0.392222632859812	0.8126701019306555	0.5187845686503985	0.6776088801698696	0.20251105880820203	0.5141103232260485	0.18449832273185926	0.6155792916314444	0.4932768426833156	0.40677929506873534	0.3621721209678197	0.4176614642488569	0.39742653988889975	0.3220123866295378	0.4704332351245478	0.442869305942003	0.31963517740968905	0.6388585579995661	0.7179510285874993	0.4607387688612859	0.545342801115155	0.6436511634329277	0.38282022042754565	0.5466997083836909	0.20245005683854367	0.48715498649073885	0.4022735372173245	0.7418840356882171	0.41142632365332754	0.45516144875437664	0.8198260672466715	0.38016769484021323	0.4962528327118191	0.4658076133767156	0.5959325064828046	0.2171851517985248	0.7155165963605847	0.4836344801176101	0.564216375226815	0.5256270881231966	0.3253875319284496	0.5346389328922245	0.6097160348434076	0.6587039602547805	0.756893601197419	0.5364780141496581	0.347670117938468	0.1712188262198217	0.5500172449033496	0.4839303059250327	0.4075379987182306	0.47798045030595687	0.2659256664119513	0.6206574407897933	0.4976655492260919	0.49401017048159923	0.5754788023223316	0.6504091952219834	0.8871757490186267	0.46363732225947485	0.5264949339856388	0.2574242419949134	0.9648207818338111	0.6517066760056027	0.39608466644963475	0.5119668232289849	0.12620410128579124	0.6090919447950479	0.7517493936501958	0.6752544951509845	0.7803995772046732	0.4060899207274492	0.6739546254823525	0.2853623643017562	0.6615116894240193	0.37984680882109034	0.25270804585009016	0.7748923713442673	0.6543512944949411	0.3176694079754468	0.35359796573234026	0.11272413993703295	0.5509928262415534	0.368927561600759	0.5242778745154301	0.4649911202936944	0.6234686847248941	0.5827079221941498	0.0642021764093022	0.6636410388269122	0.28057615555452986	0.5231118226038887	0.6366121167231644	0.35109315195678126	0.7996559977159114	0.4672224585283803	0.5245937109895339	0.349056220356012	0.36700049166014703	0.6281081516452072	0.6890320903690612	0.26055666735858496	0.43878099584734	0.4334815727415239	0.6318254410882567	0.5989196361997071	0.387541483798305	0.5997188150759212	0.4127910472851942	0.8135982973525486	0.5605423589701911	0.35185169787002735	0.5404705959922511	0.6667221043974807	0.5892639406864482	0.5118265009844457	0.5987765793634232	0.5367657781373	0.3763936012752205	0.6781587011805488	0.5256081157808213	0.6072466269009025	0.7392842538682813	0.7294804203059501	0.47767568659834114	0.7072838921809034	0.32622768637905175	1.0	0.7396832291638158	0.46174154402195794	0.5990492870752054	0.32580933498709774	0.5789357787568762	0.582846014426513	0.42363081581145756	0.3846953307847097	0.6523022622232701	0.4277882014659304	0.7371771642642466	0.0	0.5102790520482252	0.2327951049249065	0.43848850385609756	0.4519957256752523	0.3136428578279645	0.6249346086845295	0.17303072024221933	0.5459088772991559	0.4590752040789691	0.5774789906947942	0.8523318427369543	0.6722348423514575	0.532479257946403	0.509540099650641	0.5517124585316286	0.6148059975838958	0.6114212318839614	0.5875574909007929	0.2907122182756089	0.3964461221263966	0.4462437078838992	0.3571826609296093	0.5149402477040308	0.6520181765262627	0.03357010364478785	0.4878373233408654	0.610353208448735	0.33190183626701375	0.38927606016661	0.20511557513914164	0.6780511968796563	0.4824261135993561	0.4152803054792219	0.2159347948589036	0.1969576184739774	0.372707817535074	0.5390275396420304	0.2955258405956326	0.24877534862301232	0.5235400034449329	0.27035626502746846	0.1676697085302251	0.7838877375603504	0.23993459089052577	0.7714067872054811	0.45701895712063456	0.4037933850692602	0.6951051114395024	0.29775630512932305	0.6040647667103746	0.7176101889917601	0.45182091312356	0.5591732519467469	0.17905793842482542	0.4244064251038053	0.41906254781159535	0.38358822554677535	0.607859852772655	0.7410963551288239	0.5912194079243409	0.4473253698150972	0.5183505379252662	0.630883478431643	0.13488135966363085	0.0	0.41892443729213835	0.5306203820655396	0.3986974449603761	0.6923102921495046	0.7320204491972772	0.5502623665968894	0.7205462215098954	0.4828149177017232	0.6826140881664635	0.6156118863073154	0.48432603896235843	0.7912097727865068	0.7710202592273722	0.734091880233531	0.4020080172688477	0.48564364172655333	0.4078306032044627	0.41762679395324376	0.5830245934097138	0.6250909355332175	0.593141152571535	0.7378054817473493	0.6918021407005237	0.6857658518123901	0.3739530673644612	0.6044082997552591	0.7877243946529504	0.5994074229795999	0.10035661385758715	0.3993386653123771	0.3617197381118248	0.4165586382333899	0.45061855142583185	0.3288457818159478	0.4551154426652123	0.2801175860005648	0.7423910707292465	0.0	0.43952736850401075	0.30238852113828096	0.5565987255282999	0.513254606576649	0.5094567259496404	0.43031877445763783	0.6081303918565507	0.3152864725786521	0.36291491398834136	0.6606690031778161	0.5276536434810337
fly	0.36497407636853807	0.6830318975562343	0.5191287297552026	0.6118603718415753	0.5244164255842687	0.6776474923381328	0.7647142745051403	0.28167786331512146	0.6083253055839694	0.2053591330838877	0.5201049840654364	0.6513596993464589	0.781058007632296	0.41542217294141226	0.4081664353724992	0.7123213730511846	0.5363242499461673	0.7535802702047749	0.29590806136652514	0.3188960365343789	0.2080708544970729	0.49601043059517225	0.45136268467601137	0.33250488783546206	0.3649181468888048	0.5730479472491337	0.2890713789670052	0.7359203618804692	0.4816713620179323	0.6750872831208709	0.5644555699238119	0.2598999669431501	0.534653002558475	0.4162429948187793	0.5493319808165292	0.4218680530247413	0.5199634907728542	0.2217934902049301	0.7719500890430964	0.6259585737449096	0.5876442732911379	0.2583220406553354	0.7749414419350015	0.6290872360795544	0.14829043270302655	0.40984628227782316	0.5344651691885693	0.32597116301850015	0.30933186568184734	0.007255447955827443	0.5503413106805979	0.30923185874640996	0.29128142401651197	0.7365850097355332	0.610770647271524	0.29736114674867353	0.3222439196849183	0.4682934086047401	0.3912030125652027	0.49895056427328066	0.4565464432330552	0.6123566592565298	0.33968999714015796	0.5763350660904893	0.8434811746570857	0.4199430028338794	0.5764809271619125	0.0	0.526037708330348	0.6363489292673297	0.6628587544760423	0.4115641199382801	0.3552716366612271	0.7137766908108272	0.2832478165195439	0.1347989960646803	0.6328903418610317	0.43637362463005225	0.392121267927984	0.025059461882434686	0.5872520206843954	0.5617701629650081	0.5830314604875316	0.6487133020689079	0.43219082438643425	0.29050963527587326	0.39076918255665527	0.6410729699651188	0.8674562173600256	0.47378543436650383	0.4091270836211285	0.7031559802959301	0.5652608248774129	0.614528861894137	0.22721599392250585	0.5783187059981361	0.2550678633420774	0.4814928162629591	0.5106215151457472	0.4584959224604328	0.3375670659738543	0.46745532516290805	0.25970959878311134	0.4893045387989283	0.39488060526909136	0.5640308261437963	0.452917151358767	0.6578930318516997	0.6982921751748283	0.4589501407654349	0.655403614384213	0.5468847810621857	0.697582264020062	0.520248912535256	0.4366033805645256	0.5698260091323343	0.6179186978328458	0.27728643589872715	0.4699957347033098	0.4624690308144831	0.26366233007787193	0.034112579603258864	0.3225794609284909	0.5900481375004162	0.43409069060297273	0.5571076481541337	0.31166612651474856	0.35186733057686204	0.5949890374660105	0.4532393666030071	0.7814636141575257	0.33627506413230557	0.27213620460093385	0.3875054294282954	0.2759216947988907	0.8119487040975072	0.7431684779627769	0.7197325681358173	0.7901426899013113	0.5942619878374245	0.638607781758724	0.20188006177401516	0.535692251429595	0.6092459084188109	0.2598659464672704	0.2896998959688829	0.3064912832461424	0.496951130607027	0.5700058944141095	0.44258308674562885	0.34506031980157953	0.30492243201226804	0.4113929551729315	0.3075836050873577	0.3842374066554014	0.432816740481556	0.4025280766718541	0.6008047356349374	0.6494841717365896	0.5523825399339183	0.3073616343376298	0.7781369572008233	0.40319215160750843	0.67031602538324	0.3958744431241743	0.6512329566472381	0.39380422563213163	0.9175831983968701	0.9999999999999999	0.44428433296108727	0.43288572203644415	0.6502332543479323	0.6353287247650611	0.7651110909896846	0.5369210833213919	0.35789424455214663	0.5594175137036059	0.3123543966759077	0.43687390585152397	0.3821603848671855	0.6082973119168514	0.40810169158756615	0.6346107267499145	0.5247104469180864	0.7393778596537077	0.21491637520997947	0.21827626073812334	0.371438749591068	0.5653316904832717	0.4540784660716658	0.5468694803879689	0.4850025201542806	0.17389320604212088	0.4375378802669247	0.7011536557066245	0.5406045551752873	0.34346246093293165	0.6528272005475309	0.485422011871509	0.459046485843174	0.5295749759630097	0.5270651804374544	0.412085884326465	0.20206988649733593	0.3508626843372554	0.6019901469448854	0.37079101178630464	0.8120342013654457	0.46498732567819573	0.4623264766272868	0.28570746879642445	0.27090331451341687	0.4662564472111777	0.4538830432045757	0.6038969178131514	0.6608122966030844	0.4510832502193226	0.5182831575234438	0.7232731999485407	0.5325982926650957	0.4628945282330901	0.38328236915763986	0.49106502281844067	0.6447271836017914	0.2573997282695242	0.3937057304619596	0.4146527536070612	0.2825959175659603	0.8109716336102091	0.4539335844675254	0.6176080544431983	0.5888368039565427	0.5830508315801268	0.4357881818018562	0.7284340696688947	0.5588007085946263	0.5715098993627042	0.43029555105522516	0.6483635827900721	0.8882316908624278	0.5060230544294011	0.3616241326467544	0.7457086062289981	0.689638174775804	0.6711845528129394	0.44149797685559555	0.6758253044192224	0.010647287358220736	0.3106049882468854	0.7626984676204848	0.4048787181161856	0.5168435675722413	0.28345593245238115	0.45530745382445403	0.6599985247143192	0.16361308979316336	0.5105103230353214	0.5384884212178472	0.23998279389358076	0.34378512682512025	0.4140231176181991	0.3748946868438188	0.4259859899056732	0.6010917123492923	0.3896101476588469	0.7853923005273772	0.18360432862049852	0.6811750535344824	0.5291130392901957	0.7254434475141229	0.6162935659971929	0.6498057477370601	0.6046992718196412	0.5376571849789618	0.45616576254140834	0.2698194651080511	0.46422609037562806	0.5958692032369435	0.5671908345114306	0.6277716342913977	0.6572462446161569	0.4825474272907597	0.2820672202889604	0.4952610186901734	0.6054572952005286	0.41113766415812925	0.5217116171402447	0.46986974523152136	0.22385612955418782	0.7677800661034856	0.4641582966191121	0.356658754020181	0.6069122216580208	0.6687881473382477	0.5019206233227876	0.5991336448244948	0.3339920018960384	0.5829685948540068	0.6921374028299848	0.48939763315954954	0.7615616891102002	0.5580688426699583	0.4080862673619699	0.39801528198095926	0.7157568763953907	0.4839015824888022	0.28565232123633943	0.4708228787079714	0.4805601221977533	0.4827426263347654	0.2183580025197874	0.7529113091199455	0.6695071668778941	0.547058611953032	0.0545643005936996	0.49918306885604363	0.6831761575012573	0.45783659428877616	0.42521345471009353	0.6750457489363216	0.7905276849719445	0.6805121056226513	0.37055456599519226	0.4480007215395426	0.3940747953185446	0.26765553646153317	0.5066039959155402	0.3780336622692534	0.4988713554541441	0.6443054241038482	0.46231589033769904	0.5962579702072073	0.2794425397615815	0.7108290084208291	0.5274115497939167	0.6002330843095106	0.5585363800456267	0.6025709518676837	0.7806279034221643	0.5194903650868551	0.5564168846194311	0.5827468388036258	0.5173341192221148	0.5418714393527778	0.5024027341387828	0.7053191570446211	0.20119733656510114	0.5147962981228642	0.6312949477115964	0.48702765828912536	0.6235864436950603	0.2952670253288144	0.42088304625585793	0.33589647763869096	0.7427659797184525	0.718361027398986	0.648050775478249	0.7445680959684448	0.9644266909717052	0.3145181004642701	0.6503338022302081	0.49487596409096557	0.7066239835252803	0.6065011851893809	0.44196336690047533	0.3295173387131662	0.42567015277916487	0.2941371786874827	0.5070656178032862	0.494456416427111	0.3947471227264949	0.5460900654541152	0.575744439726589	0.7767008885305399	0.43406379066015555	0.4950625684686186	0.42666734851846555	0.31323924746634796	0.8774046718727759	0.23630181855559712	0.24056045666098302	0.5495026289377825	0.6356135338476235	0.7824594208005015	0.29119899787411874	0.44669556914371455	0.7250770086818545	0.6498776720041469	0.27759671704103456	0.4148842956421556	0.19506812150246228	0.5227629421436356	0.7187752225301298	0.44354683870468065	0.8253711350489807	0.3792058192817632	0.5412523096152375	0.3315506417520381	0.6402557037688527	0.5767012192346488
fox	0.46983175886834716	0.12742748196241682	0.48166808773057096	0.3597129938638819	0.586769290164392	0.6726786525567645	0.787793709689804	0.38421036912763357	0.554766718101817	0.7147294006481669	0.36392097761137476	0.6246740396185625	0.6824500882898534	0.257346395972413	0.5084646227233208	0.7142507276865333	0.7359030640364883	0.521556272085647	0.2460648505944411	0.2648365901537144	0.68441844884762	0.6258766891556703	0.6294457516546481	0.3730556426658669	0.6068717478119049	0.6648483900165582	0.49640176658611784	0.41545845143620164	0.47207182206808956	0.3597112621424489	0.5773708789665811	0.370269199648922	0.4490985727482161	0.20477777748479073	0.42138240828097934	0.5329522730355842	1.0	0.18869390270986333	0.4848071114811549	0.5301378496723831	0.49016557861765364	0.48603132151830586	0.3273533937797298	0.5656094469882349	0.41070548169212323	0.5953350572540387	0.5536317994698274	0.5134786591138207	0.748315529119714	0.441352192096539	0.4646960383344269	0.5625047228101256	0.12547686683771897	0.4816112055260344	0.2766891337073287	0.443579028492165	0.455530115747284	0.5904420733672087	0.47964164188217506	0.5204693823889669	0.37826140436587896	0.8331412643932166	0.4629160694383424	0.2926036894941096	0.28565192338328166	0.39277784426641305	0.27712778903826835	0.4624368601671762	0.5029999658056434	0.31347324890936973	0.7655619185100582	0.37176799198438115	0.6549116615225477	0.2930753362593874	0.49331136583833396	0.5416326224282183	0.8456380539014775	0.4769372558770798	0.3800228808010178	0.47804256877072016	0.5928129448861194	0.6494150675842908	0.6256227722141161	0.6184666329338849	0.718745533223699	0.5368697116667646	0.43982180264198234	0.5821342910315747	0.5980638251235264	0.5626919215964669	0.3317583485912501	0.2952730132362718	0.3618617878226213	0.7040766916772097	0.28822050166244945	0.72460474331753	0.38425003763336874	0.7156903990216626	0.9087262376068398	0.6060777053619949	0.862771539774355	0.4970233764198421	0.4614402549565297	0.45033045889187395	0.3876166456869973	0.3237490954841985	0.7020815757496741	0.7752462338603634	0.6217016800036078	0.36250061240380327	0.6379898547041442	0.5135887562519195	0.47673686360602585	0.3145565303910301	0.4995009678798652	0.5902799069478237	0.4388944189326167	0.5012899546882614	0.22770836414243828	0.2628922372681073	0.5162244900625579	0.0	0.47887297658807715	0.25719621386851077	0.691185437893491	0.6455006380981949	0.04938319959341275	0.0037340988038399026	0.5488633003547576	0.5243500263443391	0.30242891722381315	0.36213875580499055	0.1510781663048223	0.26733388195942126	0.6869146751866324	0.5053395406285619	0.5466614301867427	0.36003357371435396	0.6550171497845052	0.3660438493153978	0.4301566066583975	0.5808754072708964	0.6538876699809251	0.5689650396001288	0.3631381341255839	0.4676543868876272	0.4947868869899817	0.4360678939336101	0.4671472393266528	0.49247728869691615	0.11761845408634469	0.7193615111649675	0.3735507952925615	0.44479847718238186	0.39091609147731515	0.5049639199278207	0.6899371660197451	0.7285064609276012	0.6812631921457625	0.7727885555457847	0.6617592874009345	0.4005542924451956	0.5915912658798441	0.6562523512080451	0.5319883795783439	0.2572959887863772	0.2603180294169656	0.5549535482288949	0.3002279542383206	0.3646062937821114	0.43760670624682246	0.8613926897097344	0.5386797054341371	0.7825982381607837	0.5043630948387925	0.7868373860863307	0.6321935816070126	0.537166985934645	0.8288103935269805	0.5839614875161147	0.6391786206133572	0.6063707591153674	0.8169179074311308	0.4565777520315221	0.617118054818941	0.4779381213010563	0.3542908378729722	0.7072674355998835	0.7506152158943906	0.6446342409572243	0.4518387500296834	0.5633036335854811	0.6204643886470093	0.1778912988725712	0.4757516910532149	0.6038713502905905	0.7518585833603381	0.4938822384508681	0.2151942058212195	0.5451186095624173	0.839776962040897	0.16732424645082292	0.09411519577899519	0.48411089565787363	0.22935852814989238	0.6069588166478507	0.2694659168452214	0.13336093345378766	0.650625259442112	0.4562248464626204	0.4068812612309839	0.3097607042397689	0.29106444922627134	0.5878738211511959	0.3642762747274904	0.501645364414549	0.26920159919839537	0.5230169014271249	0.731925526186171	0.6790646265155983	0.5964496113340618	0.14265876720955278	0.5127974279915796	0.665930624165503	0.3151143848936271	0.028987923457237663	0.3999057733429816	0.5125150476240213	0.5657483970734377	0.47076912891972633	0.4149481000517516	0.46151042582836665	0.834062438252448	0.6138134974027931	0.39661561948915597	0.5872229169767536	0.4863509634415806	0.7217294197057653	0.6201378379900506	1.0	0.4042066592329187	0.26593874598293044	0.35158447128613535	0.2253967764844832	0.6217139212917793	0.07039625653040102	0.2622859817475892	0.7612531728892912	0.3502393035146025	0.4855398406563489	0.26508000511003676	0.257997380765437	0.34651050566371433	0.5620423180095702	0.569681207544123	0.8908849517024018	0.5445026662782201	0.45016817899916084	0.2990483779400194	0.48357470868490726	0.654000666227368	0.3345117653620568	0.550086522463547	0.3689353802098646	0.5383415668334429	0.9060503524219601	0.26957572547148856	0.23872884358327862	0.777682752775107	0.3161027717835721	0.2794705636037744	0.16838598087913725	0.507168832102556	0.7377291255163553	0.45637457425549754	0.30959935577135334	0.493145559367686	0.6533416298200342	0.728412954533796	0.1812646531556752	0.7557577466109124	0.6065340894662153	0.3949836266527307	0.41714938756517517	0.35046885143813405	0.3854942505833825	0.5684139421588282	0.25001120519129755	0.5589861989899203	0.5919147795892526	0.38065335270473877	0.31895395489122286	0.3978009363471837	0.6139975888196252	0.6266154158182013	0.12361904696339249	0.6345279656911466	0.403629306971487	0.5195448541197483	0.8687287027560902	0.36862471535478447	0.44333692537606434	0.625648966488787	0.23648581482276332	0.9290109233896493	0.4804969381747995	0.32304914195859047	0.42253864041935885	0.4762568648064547	0.4310427144720455	0.4827616862995316	0.5593159785551763	0.8119274788517473	0.5499029291714819	0.7490856124082491	0.7117099153348353	0.4697160886133322	0.2349469891360012	0.5509729726433517	0.2908693320967518	0.5575595360506062	0.4830361848702806	0.5821620640813832	0.26234243127460843	0.49735709210544826	0.3288261980021839	0.5615808722185525	0.6092250153623248	0.6315068128113027	0.491997860031684	0.6522478729494654	0.27307183186478123	0.5266279379198501	0.24062484608636997	0.44959391935460985	0.32091298061538803	0.29899035837458143	0.7311191619791865	0.899461459038319	0.44573548078617886	0.4846990466809694	0.7776852993748787	0.5897117244707775	0.4630979299840858	0.4636374039738329	0.47737821669370406	0.6331754602520334	0.6987605233035699	0.837841559470144	0.5518450383155263	0.512335038227387	0.7339812183706944	0.7839398221446645	0.48086503405892755	0.7985013261107305	0.3484362647176945	0.1927992955134426	0.3194528471050994	0.696750859262709	0.5574351886598505	0.6133111651307888	0.670572018237575	0.6372604576887401	0.5382221395915747	0.4672601335419345	0.39617037303540537	0.5714061994442503	0.3008263689660438	0.30224169308602683	0.7377411913412546	0.4185913313033375	0.40809234264531813	0.6016913509084408	0.7718014151289059	0.766264557462581	0.5544130235262557	0.5442743418185202	0.65706174035062	0.6580481201560213	0.6240338519961119	0.3959407029308441	0.5747432333941137	0.19430490213070573	0.546559320531876	0.693459032384723	0.5130905981660316	0.6107948391441186	0.5648026371230737	0.40082089613869976	0.3708165272668833	0.36947913782437514	0.2535164905855684	0.5050286221690801	0.5346978023160134	0.3092840600642556	0.2292020841493656	0.9130811090223093	0.6106347860569957	0.11422608598577977	0.40439363355254687
frog	0.6158029196763727	0.4665508853089849	0.6151480979093694	0.5690689632113292	0.6239616059401126	0.30833756080521213	0.4422511386585644	0.8219428026713647	0.5527898933257599	0.7165044944582987	0.336389121057228	0.7127713864702477	0.38290205975498826	0.3616510658387881	0.7157927605780827	0.5744143126890519	0.6468895709521914	0.8929278754236157	0.49854552977798355	0.3610883376797249	0.2831297759691771	0.42361311232763	0.489137383422815	0.4429054555020695	0.2425883310697212	0.837820976594253	0.5917433253346369	0.3866338798431777	0.6366463005579358	0.45500207263411757	0.3064559063761897	0.16611102008438922	0.2796811090944984	0.4371429499898855	0.5816302531162724	0.5925691711869485	0.5924534734769844	0.4870739733022381	0.6116753462157232	0.559122859041745	0.5377311276356269	0.5455364869101509	0.5815531870574897	0.3518519063779256	0.47073306915652824	0.7225469548640866	0.6886845382280051	0.33097164138188717	0.7411130510602972	0.6842729974546797	0.4420058522759271	0.443014275779117	0.3501541045545997	0.7944346584636568	0.6074732789057047	0.4357498137060102	0.3749646373055836	0.5504272915455314	0.35710692277991213	0.7182187401724818	0.6738056015384002	0.7695757391240012	0.5042428243739239	0.445202968261347	0.3114122388412022	0.6656161073586233	0.5820822166997474	0.6626046598831967	0.5067254757676057	0.31597949847805146	0.7306600912516553	0.40050179420738813	0.6064293521559274	0.5614653679442378	0.6265690196684777	0.5239022180941288	0.7360635997572231	0.6488517829205037	0.39103320863639973	0.34342219589961465	0.6184067387154405	0.4136214915947083	0.653531519471028	0.4042442131536382	0.3227106370434888	0.19463374832610109	0.4806338294407151	0.3765882857448799	0.5663210509129781	0.6272972817059875	0.5974989121105145	0.5881068395425515	0.3592233133105915	0.435183290957009	0.6678278958856754	0.5755208983116524	0.22017993164549748	0.49528468685163374	0.6779571657456908	0.28403034295602547	0.37450195248805396	0.30002740277368645	0.0	0.4999008212537733	0.3295353867887917	0.37532165807650275	0.705706639342863	0.8025860897852957	0.5653072725775043	0.44623366841302897	0.5633194448253848	0.6030486800863932	0.41908763229491164	0.462979938021273	0.4918661326539087	0.6589897818805782	0.8115861452867995	0.5027571557756755	0.2749521900563376	0.32298758960811624	0.29114477495444196	0.3114583136116028	0.42887295014530835	0.5140208248657593	0.5897300479097883	0.4397892448300834	0.4316152888587972	0.46120496579085507	0.6517979155692853	0.5110106585342377	0.40771298819427326	0.4116964192998143	0.14037815818035948	0.5441827954840276	0.1278240976462539	0.7448140876844782	0.6161192500617269	0.4055007246740663	0.6581947455571724	0.26587675636266067	0.48535769170098925	0.5846178463090251	0.4780904913234315	0.5207681601281295	0.33204184112964924	0.49005577841711623	0.513155311499632	0.7097209374318776	0.8230204115207512	0.45778508578646715	0.44439800021681214	0.711115045399383	0.3334769945684606	0.1781933010029359	0.42803870764368374	0.2700250522928491	0.26758488786883067	0.546640154966261	0.16934940015284267	0.2482981266718009	0.5452470390729464	0.39537300677531356	0.0	0.7610279399372475	0.32818394792547534	0.4152498546541356	0.6681288510749609	0.4515971093350043	0.582937250050221	0.5237308560663546	0.7181136238538335	0.5763720935317251	0.3107634252198936	0.7253519073426753	0.6591577145568124	0.5217837695683308	0.5393556848470606	0.23854725333407595	0.4147864278062801	0.38549569156555263	0.48396577271431807	0.4867435741169429	0.717214795768224	0.5660745310380975	0.5743593891621046	0.39375876083133365	0.4396678305571142	0.8590925339995805	0.5515576786383012	0.3458413449741206	0.6410480457130108	0.5814870980708249	0.31870861250760296	0.5494889017444946	0.3573452213585865	0.6839403938472592	0.5917323079943138	0.5010341824567454	0.5890796603018078	0.2893162176653883	0.6983010597152884	0.5427921053192175	0.5168511166224121	0.4117910864997645	0.7113219546921241	0.6208633368195119	0.3840126347674019	0.29133733522331673	0.5404198224096348	0.7358464290024505	0.32071618753819164	0.4237738367441484	0.511420273102174	0.43200819139332564	0.31581312065367595	0.6903396783982836	0.36448049827343554	0.5320076799584526	0.6345022694411051	0.6268238127381902	0.25418064082753367	0.0005219016643108199	0.4671152157203753	0.23381610535942313	0.530787998092959	0.3523697442771592	0.28854290228790436	0.15001843590240932	0.48991928014324615	0.36440097697699947	0.6652669938011716	0.4976951459668591	0.5456343856112705	0.4334407888190104	0.2553482873346792	0.4868942054951984	0.3590350739017693	0.5174180283223547	0.995846804265651	0.6327259595199386	0.5246574196899588	0.7191666942455576	0.5863717541340803	0.4852381036353986	0.48965683149276773	0.43076346311223745	0.4945713511496452	0.5088437988676298	0.6586292437681593	0.5398696082385022	0.5476103937064405	0.4488169764417596	0.17976209059106754	0.4930301473506913	0.1547142755847661	0.9999999999999999	0.5221467263145146	0.33458202404496057	0.8756618566990673	0.42220221466864327	0.6274439693337331	0.26325973722083323	0.8874439337292301	0.4221781446865438	0.6104616864152069	0.6526313589759793	0.36098486215950726	0.6802498923071567	0.649596918719541	0.44985650912569664	0.49306997478543874	0.6033010361074479	0.8970976228941081	0.32367764526113496	0.7470518625341136	0.41331780498554915	0.40434891607107926	0.5152345426483401	0.7530710786316263	0.47501159388603553	0.8741883342564318	0.6678592593574295	0.5995903553695979	0.36083662786593285	0.45657957782416936	0.23733104554930495	0.34787944016779504	0.35113651475013413	0.2922922004317019	0.3000487255678752	0.33550133200176335	0.7050520536638258	0.6104098782170897	0.5779888646057019	0.3105757186397209	0.5621742033963288	0.3298016746268122	0.6710185459436109	0.25112154471103065	0.5149063387456014	0.41627514527361387	0.5525543583129195	0.4245119758124204	0.5991228002621585	0.8153946600652677	0.355570675028446	0.1060198076948235	0.16894607055673477	0.6150568847413691	0.4326405947113859	0.3518215377648094	0.5768338659634393	0.4656258626877452	0.617736776629183	0.2874069945606337	0.6135696014550016	0.4742400942828386	0.4147990077281367	0.5032523204112809	0.24633313711656596	0.7515146268493207	0.6410698861253104	0.917605436406514	0.49028496940830313	0.46955896843853084	0.5912153986703047	0.544539479656471	0.4212667044938202	0.87213485982487	0.9306595165561682	0.5356153308902506	0.30018916314280497	0.4867055790622958	0.422776467077824	0.37625279438330017	0.42792084177876255	0.508301128425014	0.7301019878059738	0.6190820213626691	0.30465526026964046	0.24368820670854496	0.7822675468034158	0.4747798460917801	0.5488404857818794	0.5598143849976128	0.6223492938577422	0.2864463741183009	0.6746731322394379	0.5435078910855939	0.6838716727053455	0.33290922875973106	0.6639075289822391	0.337521346512914	0.48792858767043235	0.7659449727085713	0.49383357706181874	0.3811150924854854	0.3259137979791286	0.7058149414516197	0.5670350851357119	0.5457121539589272	0.5066459458478123	0.6197421837625537	0.514976379435082	0.667044639209101	0.49803352031058556	0.7634253403018164	0.23565088498782633	0.4676320938689013	0.7184710936857746	0.3758915797350151	0.3847756798903076	0.40912222667822373	0.6816193772822229	0.5881858876409237	0.6859995726914574	0.6418170575219828	0.8429480722373426	0.4554734766073336	0.3972888371608484	0.19172158643729065	0.1767922492210709	0.15713111867696294	0.3847497677103758	0.519372173578506	0.540207470151052	0.5677218976799657	0.4921765008704516	0.599994105936337	0.3635155206017646	0.05825286891579007	0.4932651910689247	0.4119794315747134	0.5250043804925801	0.3513446608171596	0.7061346063669829	0.2500096463177018	0.2963516161461025	0.45271816371516577	0.22974481098819144
frogspawn	0.16629911705121125	0.4270503572216038	0.41596461945070123	0.0	0.6118060284873161	0.6079087133774963	0.46136797291321163	0.7358373778534868	0.42208707965367365	0.7678991804040967	0.46912534421107854	0.2791365300808609	0.5866628945024683	0.3172079722283691	0.49102419458758984	0.5595884197362293	0.7262571466785945	0.542030149312151	0.4785451550275201	0.3708337976463829	0.5155370956970725	0.5969128345208013	0.5095105030855717	0.01386597339931428	0.5500977816000422	0.7487042366709236	0.5908793261174823	0.7273031461371233	0.589260008112116	0.5594617705185441	0.34282779375757166	0.549733201978265	0.5866040268148722	0.2892175141638419	0.0	0.4881673692077162	0.5046246935527181	0.31093380281367444	0.4223658040165105	0.7244911894660107	0.6907611526177811	0.3102337528748943	0.636553591764397	0.7832127820836717	0.3493461106781395	0.46444812132469776	0.8854698843316791	0.24589569122738408	0.7305697060024627	0.5154637961787542	0.5210607949914455	0.4951504629366166	0.24251943841470197	0.5426959576336667	0.2929166247528648	0.2099310062791524	0.293493380222611	0.7736479364103397	0.3216912174086408	0.27261486435003035	0.5042656807402961	0.6875240862136305	0.699832462222675	0.568977179904079	0.24792511673264586	0.36276182672770113	0.38277648178708146	0.5297646357342642	0.1766559339165958	0.36295133461856954	0.8912435378790216	0.14614198413360407	0.5253726453074891	0.3751328535719749	0.24621383234504815	0.4336624582538562	0.43627598097267184	0.31014149593203216	0.33411093733348163	0.30760228906827647	0.5169242051932695	0.4372742267614508	0.7336094105921218	0.5592360357272239	0.8776239152749431	0.3470484288801201	0.4608322866545027	0.31187358441033763	0.525190236407575	0.41466579384085395	0.3933159957453231	0.68926869104567	0.22474183512746682	0.6779324507704261	0.1308991250794198	0.367569446923238	0.4918549309814557	0.728195817755712	0.7412093209786352	0.2899483005627197	0.5299031399549499	0.15584743672277096	0.7787445566768653	0.6956732612990643	0.5272730378109431	0.48379215536522424	0.657414281940029	0.7279436381741656	0.6968450657979556	0.07667509601650407	0.5337604650896833	0.3902835054222532	0.6875629017594571	0.5064366430054124	0.5609338646574792	0.739475415812008	0.3854489245395199	0.7079076539343363	0.35779017935644264	0.5987973155619	0.11329471358730214	0.17949964830432769	0.4134653711095552	0.5572466911018988	0.673983214917828	0.34017223486863146	0.5986064020057019	0.42050057650018274	0.3500275095705365	0.38606934618370814	0.46215971690630886	0.5050893177869591	0.24860911150748788	0.5777784634934839	0.602639004938168	0.547242393310968	0.7101610554526273	0.4413348241558358	0.6657830330378128	0.5091150288069933	0.6586967545996965	0.5302584353381659	0.5698378981115243	0.3830643328239798	0.5022328475379247	0.4272999144997381	0.3707669385568267	0.24308959616001988	0.42198941152798886	0.3426925490659144	0.2828588629377825	0.5636873604627022	0.48088943521625327	0.3040236161218647	0.40090997385022586	0.43708803714402683	0.5033321573071191	0.6152879739016429	0.5701910802197565	0.622774543128124	0.5783722227581355	0.7191820494349898	0.3231026525234227	0.6788313282419643	0.5247447797198278	0.3671291481644604	0.37684933505278684	0.5553254428986563	0.6179817518178323	0.519587534419033	0.4340338642540372	0.6132617575755104	0.5784888815912378	0.6588076299128603	0.2932920764373059	0.794306437387682	0.5534663421769175	0.4824484976031712	0.6587421781557177	0.3513879281129682	0.5069225494881919	0.3010775526083895	0.8109261765720122	0.5384844646366052	0.19072323339446193	0.8559709506606098	0.32769146410198136	0.6523888128918314	0.5360712452402807	0.3694920079243995	0.21351561176183034	0.4953634719292358	0.4205762047690854	0.33880938622065254	0.4390415024551416	0.5181192112637604	0.511779161176435	0.3961625548432065	0.27345246967269515	0.4731036873097984	0.6972272750244208	0.5018969379408983	0.6334584418093094	0.6823661124322133	0.44343441313619636	0.6337863894872342	0.41560890355257385	0.17698349756248388	0.5690346374514913	0.7239102786541385	0.5763654590793076	0.29803153094789375	0.4760319112947907	0.6352258016930942	0.4101083644325868	0.24262233138237443	0.5744363518103436	0.5757133139123007	0.45520656759970185	0.5943864149974838	0.408404987500065	0.48659469849477327	0.4608908792262606	0.9036863797295405	0.2760359488434262	0.29763398519394046	0.21228361584284278	0.4680521149189434	0.20144666270552603	0.42662625944734	0.47059880702014156	0.2980037667306588	0.5211499305737061	0.5813072921161063	0.689397049424531	0.5289479132736448	0.6171753656092185	0.6286816369660697	0.638460222312252	0.4642222037589127	0.798237795225762	0.5342322984669643	0.3726149493885714	0.5236123959351142	0.4089740784669526	0.3090455885776276	0.42616702717696375	0.6683986861655187	0.40702748742490924	0.6182631495708835	0.5052604662727067	0.5172654474154365	0.44953036970772386	0.2868570544329868	0.38020681917414895	0.4200039252327215	0.5459894980356751	0.4518089054867992	0.423138516900774	0.7852944983889416	0.3773538231079403	0.3723420125932072	0.534678631968233	0.6132781036449759	0.8668046950849378	0.6140841945154875	0.332689681441443	0.6101116865557834	0.5577046914044239	0.4212654118160772	0.6862328207766766	0.436973423619068	0.6957687219053901	0.566269202456436	0.29054143772450614	0.5492010990895707	0.3547822055852278	0.47627353378957593	0.5790398139932819	0.6256417815073753	0.8383225606598743	0.4136647281366327	0.5162011201601865	0.5268278427166454	0.053724372308264545	0.5449478521798895	0.6832961072941179	0.21698937698574433	0.5617252743782011	0.7663038156706712	0.5477139378258751	0.3240506971080109	0.36450613629892525	0.6792875592382076	0.5277668328335589	0.44162949930643985	0.8404330388004158	0.38704504690068664	0.5812707733984107	0.46142967563090587	0.6638877261102307	0.6414572554136988	0.4942195785037572	0.39419431886343864	0.4800362273034892	0.387517192426757	0.5268380439829546	0.5264496964593177	0.6610332408070936	0.5028394529950782	0.5468060159436046	0.07617113990334179	0.36445262881197327	0.5410144772192156	0.5910185718924647	0.5710167867214951	0.32317548146451786	0.650400732980897	0.4433389044402608	0.0	0.3944833061483046	0.4780445035580789	0.4786416605024355	0.6775801519465967	0.5240980673025378	0.5809802533585234	0.4989870722424299	0.47890075932664555	0.3515902646854159	0.23877038005489087	0.8052380789211023	0.5923158342802889	0.6391723698773701	0.724670487145044	0.5543618789329614	0.6898308939069153	0.5591194804551276	0.8602037453635738	0.7472393769755123	0.38541653999741404	0.421115071542721	0.8440406617802332	0.3364301423887373	0.5850596560826996	0.8077182992730639	0.8277518084899079	0.10089010704661502	0.5461569068642053	0.5097926521805819	0.3891446004085663	0.4088455741589319	0.904146384477305	0.5342362752609886	0.45123745531525894	0.6191220519571891	0.3201452801257009	0.5845758659870617	0.555143145169313	0.41126404739591355	0.7111209523956052	0.34213362126574504	0.2092069411147217	0.9001217772429945	0.7313614289784327	0.804825674874041	0.5837978253980708	0.4787082367642332	0.26989012828539377	0.19966540197987273	0.8861802043930564	0.5093652513354342	0.7487181981207727	0.7835067711830818	0.8241146627355109	0.3960588471158613	0.6769675491860303	0.5009763115109066	0.7777502810941755	0.8074141653023006	0.4045781746142805	0.40872068359359726	0.4394609151683468	0.4240939455352809	0.7282212269118292	0.31915646027801625	0.16437815883187504	0.7046604880141905	0.5713630163182817	0.3815898949272737	0.5802242916945064	0.40326261272132047	0.5494952888954634	0.4154587678101507	0.21870421525263908	0.4636510687209472	0.24527468593782803	0.49537046215929065	0.7276449123455141	0.3521404768853077	0.4780346373703412
gadfly	0.3988195548458978	0.038588665321035664	0.35366136897337125	0.5871891090975266	0.6477955530172229	0.40528683459106485	0.7284223688861395	0.3488876745270156	0.6527565739356717	0.5714976321673652	0.5314021079427718	0.6791403530334587	0.3410900488864469	0.4071305482503133	0.47509919718322213	0.4286958542353673	0.5648076819055438	0.6106969069872267	0.6112279143608338	0.6718241302449398	0.7474769568748886	0.5928243301761443	0.46365595411364746	0.822406023810824	0.22503298071372319	0.3376606519430788	0.5987255875701928	0.26176711199512515	0.6771734218296777	0.5171887483908908	0.1874142700555067	0.4544286212839497	0.5893261260818972	0.7581781896422577	0.49429120346337563	0.6307634368434862	0.4726141938646319	0.4602582276868473	0.46612011433497513	0.5219914453480041	0.6684502488303368	0.5271770976138459	0.4723707518273757	0.7243761694069795	0.6316591768183765	0.7421113045269865	0.49145819182649947	0.7166281677556494	0.640483260151927	0.4217531279089919	0.294755757864281	0.6021788270168881	0.3338106755774586	0.4752918524796522	0.7019107081254563	0.40671726904815997	0.20014736287555984	0.6669147850128783	0.6877868531375602	0.9857725159979429	0.3518584802553884	0.5487663032141823	0.1381831592320395	0.5832006023261183	0.36870937999713815	0.4924760550859862	0.11482222476770254	0.6869851756256941	0.2878630531892985	0.7763851013245456	0.547571222426097	0.8406279778334094	0.5732181079995164	0.1445039185754183	0.07409168229684088	0.4119012868224502	0.5203177910518353	0.4060517201618317	0.8416018705770538	0.5873975649121884	0.5526833963724088	1.0	0.8738630767931979	0.6541103860360248	0.6089990051003153	0.3240909514259364	0.47631044230679215	0.4488916917075759	0.37363177943495396	0.4747137096717748	0.2506289634762609	0.47314749024061237	0.3026753201026451	0.3012960641550839	0.2527052856844325	0.6912525446703711	0.602112842010195	0.8917589464539344	0.5020515646066527	0.3290417689584877	0.5743347532352896	0.6395946168128958	0.7559542886994515	0.7710125143711195	0.5545091458365818	0.5000962331570727	0.2986301033813493	0.9464421372549304	0.8257354704147212	0.6131762769408514	0.4037296194650791	0.5543676212703766	0.6921671150002944	0.15039637516736937	0.4167994742940717	0.6850295459791068	0.40699126899094656	0.8766086595675988	0.9999999999999999	0.5538103105194203	0.47735668940061576	0.16417535286064355	0.34770635751015433	0.5342177338336123	0.4481817145285566	0.2549217994264698	0.26857604450177414	0.5820371307002588	0.4739574922608066	0.4526734267478171	0.535983194934052	0.3767661762922779	0.2701555618312678	0.6040238192214897	0.31207839920545744	0.24034082580104318	0.5882833795697742	0.46878807758700686	0.18298655258109892	0.45150984870488986	0.22891667170055752	0.4017958195038164	0.6035681118681213	0.6277800333039131	0.7182166132617644	0.5759458347836258	0.7362443846462661	0.7451927936479922	0.5998105103655496	0.6409324070177338	0.3814146833295853	0.36831129741151414	0.4600553831598629	0.5764781564324688	0.5493172941749012	0.5977356590521472	0.4903017808176386	0.5309666153264032	0.3841496311098891	0.1992680267411877	0.5890305560302723	0.4659371402206871	0.3239627965941139	0.3018112943219893	0.6311725676079095	0.29463657585049186	0.4304725266937178	0.3906007659826934	0.2635179347205825	0.4560197308975251	0.0	0.41663441399559453	0.549571804843307	0.48213364524070657	0.5334361434983459	0.4485561923873183	0.4954248855760931	0.43022914446044147	0.8042714099416249	0.2752286676144342	0.7345457227721409	0.3417210287560885	0.46115203237923463	0.3879088172224281	0.4043882035742508	0.5555059490865757	0.6938773147858068	0.5736095046351716	0.6401191986871785	0.48569272991214163	0.4627609853516172	0.4437767885746484	0.9999999999999999	0.2408111591503751	0.5092661115245107	0.3803511614562634	0.8729685244504726	0.2698373403148725	0.5314083781512379	0.10917865579251829	0.3155826493903298	0.3855545620265645	0.4897245561368559	0.38760222522799365	0.7122657173479661	0.5453752876445109	0.33012240756640626	0.432697619807728	0.0	0.78677163156072	0.4331718175289668	0.3169620960062893	0.2147252904466888	0.5228758747180998	0.26453739764608497	0.755861938720019	0.23081811340410463	0.40796510134566244	0.6530421625586696	0.4448460481004758	0.36377246104691774	0.331279920599987	0.6683423776321822	0.1803570856725003	0.9905469500404919	0.7810062157393003	0.5495312006076818	0.2693578680989438	0.7059518680141368	0.7241683523419238	0.32322832102534677	0.0	0.47319036582105584	0.8185338559762505	0.11885896733116308	0.43303941010585606	0.49776007191967125	0.12295438272208875	0.5435376406582699	0.42865419206427374	0.44973239974535817	0.5090457061298372	0.4642665018542958	0.16097103271445953	0.40232693525322477	0.060922296559243666	0.5470708740641118	0.5158492812342724	0.7942992542828662	0.4690197491833201	0.3054959747918081	0.21936064341099498	0.6147337390749994	0.30997550195005663	0.5899429527880721	0.3505149129908649	0.5232856200059232	0.3678107734002379	0.10155752127934525	0.5383687295483436	0.4530364525955219	0.6034531388085022	0.542242218737516	0.7083060149583542	0.25873177493924426	0.649184258501255	0.4520870628440179	0.1973661116263793	0.47495475368957696	0.42567192288638256	0.7639574138591889	0.33393958249267364	0.5651421922456019	0.2996912022399506	0.5268234693963888	0.45491519932942104	0.3675700437641751	0.4040844358031839	0.795260351040904	0.5756141684121595	0.08703531201140685	0.7520459089353458	0.6646478928783381	0.5390092125971602	0.44348333752954255	0.948547991925328	0.7182700385176182	0.5024790462500635	0.5151805417510917	0.45631017069708957	0.4867763959637864	0.6928971826346284	0.7100385321626632	0.6280689711137689	0.23682900113000765	0.5540186969816028	0.6643527109302446	0.1584771669630976	0.5137249221614795	0.8822773770366219	0.20645669337913575	0.5785858723600384	0.7223940044037911	0.6907010268090616	0.5743166277881327	0.3212660540665693	0.7265578810040662	0.4057222650138833	0.6400492836428371	0.6459940096160403	0.3588728149710977	0.29776678504708415	0.3963873275712993	0.16775873660737894	0.6680248713463284	0.8593253778285463	0.4382405571907091	0.6636622637754078	0.31904605887925913	0.17241210636536636	0.5513482628219799	0.6139768047874938	0.18723733609778626	0.7082893527938915	0.3457581895470209	0.9429807851121945	0.36087383468201906	0.44029025198527816	0.8558412334198351	0.6730900617108928	0.5161287274719186	0.5091336799030832	0.5410748171332251	0.7077036373282455	0.45828655733535045	0.4944050049823573	0.18153273328345365	0.8347162297246693	0.5936551081661687	0.578616026839128	0.6259918811669298	0.0	0.47026583200301564	0.46259015653031155	0.6264168282659474	0.3901999631745143	0.19190947502443345	0.4109366924058597	0.7703858851007432	0.4258482820689848	0.49765675538746357	0.4597944516248458	0.7995090735204249	0.0	0.21897837200215403	0.46390558327086856	0.155963234316161	0.3859236724446446	0.8404736505501578	0.3501310131548217	0.4343304369530961	0.45164686579345603	0.44437140489024707	0.3349282713200499	0.722034607337825	0.3617236176073926	0.59000768176225	0.6481265724020154	0.6571946772796371	0.7010242637816382	0.55843710961807	0.12985270163023394	0.6819529987857045	0.8591189743741481	0.6911152455089112	0.8436847918572009	0.32742921423776444	0.3632281483623074	0.510662864411406	0.6219815518164701	0.5304056435119732	0.7951303456516192	0.8308494477087349	0.5199842908317371	0.11795019229728665	0.2892607857696792	0.5670706775769689	0.24841440013354812	0.14555343282575708	0.32912771293503384	0.5232902003319032	0.9197248886600732	0.48806943010113035	0.5660049631049575	0.6500968979133376	0.8010318737179889	0.4368973251896254	0.33701799086182904	0.45390395922465354	0.40067431407489107
gazelle	0.32049652146637675	0.45609961917660596	0.612384614578159	0.4963833813854911	0.6658881672755235	0.6624216948971337	0.5015105261668131	0.4515983470399494	0.5491640983640861	0.41818675041564035	0.5405815012982562	0.4121730284439564	0.4224306569915941	0.5957648497086929	0.38539437770816387	0.6001998664046225	0.29222304352479694	0.507649300070692	0.5573900700087349	0.4271374591059872	0.45085184446731585	0.0	0.6044270932978495	0.005664786504018138	0.5304601770491271	0.5321085284395887	0.25411506965923786	0.4271974454124329	0.3886782310796493	0.682525604322718	0.63979053638168	0.5322717723534459	0.7183468976493879	0.681373957895205	0.6717142389830717	0.3688528945929112	0.3976022829854428	0.7086151943270835	0.28489631867195747	0.5631459851786116	0.5826766421655127	0.5410851170850259	0.39701326276436993	0.7836116495764422	0.3434726639269844	0.3210618928478632	0.29926130853590155	0.5513839664084984	0.6830151140845805	0.631940098164526	0.2981500889498232	0.3903159221472469	0.43171759935955345	0.26708880042771177	0.9055524181111652	0.906121361674131	0.7383981913423525	0.4344639618124695	0.5168396631826028	0.656756234845889	0.5540462731462372	0.9189322825638941	0.8419322255424333	0.3941308784722821	0.6460934954912507	0.4886256653851233	0.32028707707308357	0.5177403000901668	0.605405100881409	0.9058300197613747	0.4129883984852689	0.44877683272145796	0.21286555290488218	0.7544350166104199	0.1317914050022082	0.3458366251261788	0.4432785292779003	0.4169550672775343	0.5474178436784767	0.46315079149423605	0.42177335166668056	0.4220688937415863	0.4400570627271669	0.5695711933455111	0.5107820150900895	0.22416705618578853	0.4517981494933755	0.3747986108531233	0.5624031766438836	0.47577687963362764	0.23995177017983382	0.5033989337522216	0.15380652945495768	0.45880628364143894	0.39068714996183657	0.3125026449580012	0.4959189279825791	0.5214845051035493	0.16671068605128259	0.557371408365952	0.18960620300601744	0.9147652304985132	0.4792677554584589	0.6252124577604334	0.8079967921288179	0.45258954659514267	0.435541221056778	0.617063318627428	0.5031658899765409	0.7431759283192603	0.3318832691404232	0.2735464746477015	0.46338510913812986	0.522030534636191	0.0	0.7553549301531363	0.5369764041584004	0.6310699106536997	0.46156812448247186	0.5779159065845245	0.8414565388687711	0.7461776290362612	0.7301170605481612	0.4447628907376631	0.21556658432103037	0.21610784184637527	0.47256224683163717	0.6827871473294499	0.5943877487346056	0.6410294396223989	0.6296461543460967	0.4414853252540444	0.5467641730977049	0.7913242541577743	0.4916653904264022	0.6653019777654133	0.23537056049899685	0.4906332040716897	0.4664550849273654	0.5794842940838676	0.718753968631863	0.5700712334621001	0.6617230292775477	0.2023329511037178	0.2583910629794412	0.2286232704182573	0.4924044769842864	0.5210883023423731	0.43232750492898386	0.4052543099514203	0.8885584334403283	0.7624404953265783	0.5403266054591329	0.6280862857352018	0.8787013313050416	0.8679749335674596	0.6224004751295354	0.1990719421327798	0.5470908960960084	0.5464311565528169	0.35613339276428596	0.4503279003591622	0.2985754569742205	0.39313642199521054	0.6489240268639532	0.36504830481799977	0.647861423700243	0.5369992582345284	0.3468502502480259	0.5256119581862867	0.512204545320328	0.35808724549385085	0.4216089836457686	0.5240312077276418	0.7781231809124882	0.7445039781939955	0.18126339200703315	0.31975983429380095	0.3375328399363512	0.6674905213811179	0.4616862973145115	0.16461961863867958	0.3148310095574709	0.0	0.5503546762735367	0.6137014138831546	0.35985045080010913	0.4374991196297772	0.6528895735036473	0.44964289059192764	0.7027462485855129	0.44465106663296816	0.5648681866799296	0.5631470503136049	0.444781742542177	0.5979074524045356	0.4287223492412697	0.34946469220604914	0.44051744212640387	0.40879216291089754	0.3801494900586426	0.5463916402863831	0.6738575302847352	0.5229505761559712	0.5402664226609883	0.7236662576928271	0.452816524851584	0.9091493872523548	0.05775784813114937	0.6100726063537044	0.7331871231887164	0.3810335214580701	0.4694699245774222	0.5222076449672581	0.4126642298559955	0.6658489061689522	0.6195465986540191	0.6172759278758874	0.6771480791064688	0.8180726903904953	0.3207704207219926	0.5249365508137189	0.8098143662655368	0.4628571463873833	0.36042885926780927	0.7220589915850193	0.5002799702337802	0.20244320352146045	0.45388616707626006	0.5223676945058936	0.4396518955976964	0.5859240852204601	0.6322617458546154	0.5993413025684898	0.46363005938668067	0.4983325265402142	0.43807703005794474	0.2874759050070991	0.6398048749760722	0.4405841164943923	0.48272044555826593	0.4785703463820153	0.5358355279923506	0.5145959595726828	0.5545252394486284	0.23039250968885383	0.7195011851394634	0.5241906697382719	0.6307816112477519	0.9414656040949199	0.7039268877123839	0.49313546933915076	0.4986573926394149	0.6771878749892772	0.3328712714595456	0.22097262180134605	0.4511016098487661	0.6113118434045036	0.7038974059176203	0.41165285852648903	0.5697847842320892	0.277573006462002	0.7431241064248613	0.5206465760529944	0.17551334513610828	0.8808145373879688	0.37151944883691856	0.5826248248390141	0.8413024852628961	0.68099967868786	0.415102717036198	0.5327282431036894	0.6910733499015131	0.715888843893852	0.48984565349372516	0.5162084632655488	0.5604573307352002	0.26276693051471417	0.4349010061551835	0.7159119876039901	0.34363644920518965	0.26993955967468075	0.27152611109783287	0.6006506055467471	0.5771603794300673	0.5664968017943122	0.6685029419150019	0.48355929461318736	0.5667945263337045	0.4553945816822714	0.10663125139405932	0.343736659712443	0.4022272098014262	0.4522118556943947	0.40908536026782044	0.5659616785536129	0.5868884799053817	0.5612903358646644	0.3557652126704455	0.4955396961521608	0.5148854531392946	0.5653831565928015	0.4137024932835808	0.5683197108226608	0.5870957671276094	0.2703591931136397	0.5687040059466303	0.47812226018674325	0.33087708706438296	0.3942618501535748	0.7608110735884275	0.5011973892468341	0.42795434396266413	0.4805864980455322	0.5039890616141102	0.6404826617685809	0.3587093339384062	0.6122326874355863	0.4713945409180801	0.25525894022205264	0.3725734738997325	0.3353815045709845	0.21485420867044386	0.6283078837156099	0.42438495912829743	0.4512399056076738	0.5402124354736934	0.4903411456284162	0.49009155945315436	0.35798351502392745	0.6285141404347346	0.28049209964775884	0.4631194513752056	0.835171739129537	0.8431388523032739	0.7602239221858449	0.4493961935319185	0.8311358183087661	0.5601410205000035	0.6027602426046048	0.6374785004698118	0.44069128160217813	0.44913424775315064	0.15408789647607976	0.5392315308834523	0.6480903533119979	0.6446732235638348	0.3740746600492804	0.5813367654672886	0.3886141899659529	0.42881640080216427	0.15561423829762577	0.5211910694150261	0.6349910847540008	0.543857543704231	0.5359070294011494	0.34242301272437975	0.6020524300996728	0.09914040672526342	0.4920168002843651	0.40789375490921964	0.6289515784797024	0.7061942034702262	0.34741658130928205	0.37977870324482	0.30713407125490405	0.714720651295396	0.8841894881335943	0.5338381021313909	0.5908535250067963	0.49354772611178827	0.5399694345089291	0.4788593182213729	0.33287557427382786	0.3845523796837615	0.11737602039070022	0.5949322409870326	0.5445455429640699	0.36320825443047877	0.0	0.17190150510982138	0.323465040865481	0.6468483572165592	0.2547552141103568	0.2171350523447338	0.37176087741977787	0.42649164551941865	0.6623918998437401	0.35759687939953566	0.33285288024936655	0.6925851826024783	0.612084678568351	0.6273950156989365	0.33163976121166705	0.45395016610088146	0.6604307563085173	0.33909863556683917	0.30710796679998614	0.5498573778603445	0.30805076429116157
gecko	0.4033403134710314	0.2876343080804221	0.35338589191668146	0.3271748016446347	0.4027969085183346	0.6957483058436189	0.3060511756042596	0.6353422290702737	0.5932318415346856	0.8651659201965098	0.6540324686953878	0.39110983986456493	0.37972340153510575	0.4169361449124342	0.31954964080777537	0.8609253858520942	0.6633297567584193	0.7902403483372122	0.07507377755084543	0.5357300919757285	0.6239565095555069	0.7957461260239748	0.2524944109833321	0.43672057061207403	0.740620225831129	0.6781657726098153	0.685080942221884	0.9136116095279759	0.3887647393812939	0.32748264188316273	0.3192119537772288	0.4650920360325348	0.711817601837145	0.4396329118047781	0.24305600421737372	0.5299493172177648	0.3740141426729379	0.6136157773486102	0.11355341377477629	0.4718750120648272	0.5857598488253474	0.3141804088431892	0.7854819827747475	0.7008855624052363	0.33235518782300616	0.8561628920341015	0.3310535669043575	0.5173804983200283	0.3896220496474669	0.4589080338213334	0.0698334133199891	0.3857200476073627	0.3151040163933832	0.712296187443092	0.27991072194951494	0.30828777705977345	0.4978285975673029	0.5090511067101832	0.5088893242186128	0.08136620259849564	0.43216907290234546	0.5060424471183632	0.7873799493244404	0.6408920734690653	0.22907130140200868	0.3862624800287895	0.3982240343599911	0.519450138559757	0.00238041109626308	0.33675021802794647	0.5155852249768486	0.17882876427037409	0.6651295503835215	0.17157341804784113	0.4257480750123328	0.6572833746992266	0.61741726081491	0.24586847872911555	0.37739788622187587	0.6999778656277734	0.32945797731147436	0.6814524914140209	0.6609566272110428	0.7279726677636876	0.404974342746447	0.4549561634803987	0.20170140496156758	0.5300854815530693	0.5690292214108068	0.5645677144888559	0.6046135097977107	0.6726720674697324	0.5461011540637608	0.8347304504846895	0.6915909724024212	0.5630970177023373	0.11067746572532577	0.6728479649328583	0.7730828429129947	0.4285878691733463	0.7153056531189769	0.43722075701399793	0.35560471542665334	0.4698472695339657	0.551107952323371	0.45693772805723576	0.909468974729529	0.5036468191449917	0.5559808414163129	0.4597278410467364	0.6184943468028556	0.6044610447065951	0.3948516819197364	0.4744150432616365	0.5530034318451621	0.6163587612714738	0.5297682276757896	0.29042678203918104	0.26735884375462493	0.25938313442990174	0.39640538332688846	0.2916130290121511	0.3920496243813496	0.5670045492912492	0.5367498599268393	0.5194834711710856	0.5536280168609425	0.31979194113148013	0.48405400307477636	0.5695949385033474	0.5379122656992323	0.42794045707963535	0.4648732740311312	0.3891043851822478	0.6839714128482092	0.654871269804282	0.45570135412303137	0.5300422867257248	0.3225498586494349	0.3912724385764926	0.3834484577096441	0.7633717533255885	0.5942596924413353	0.5463737183520301	0.5785126756032545	0.406138915782412	0.44609245145401005	0.202652499264384	0.5886802344071033	0.30908326555611876	0.59761461041995	0.8353128231660389	0.4627579191720481	0.452499891742682	0.25919301069849654	0.3099257979294598	0.5622614201269723	0.7146296365745379	0.5323935335589401	0.556591927486875	0.45857719671702424	0.46430716961589846	0.29643799443816	0.4187910980660168	0.7411766638254784	0.42225796912312086	0.36826064669844605	0.7214679283700394	0.4331293146638105	0.6150444652275883	0.14723891189903776	0.5561202335682504	0.3281299950901825	0.5925837670334506	0.4836768924386149	0.6765519537956118	0.4287237493439371	0.717511195638725	1.0	0.4485735881428237	0.680290297998152	0.4120664910785831	0.5302194193966959	0.5806371228191598	0.4371268020980792	0.3463259430226695	0.5391335960011808	0.5642203433708791	0.5979918232998768	0.3979329543945929	0.4368885445696156	0.565616064146687	0.2197149183238119	0.5709833628138938	0.6716961150681509	0.4879588450379665	0.28657992884122774	0.6153645300207671	0.11207334832534244	0.547312875553149	0.4578347401492556	0.29456025819913095	0.37675423391660234	0.6625578404545659	0.5127753807856718	0.8097326644592923	0.6658598400749761	0.481462891096305	0.5128807575585259	0.6217910361322435	0.45899795735263144	0.47954075447080297	0.5135208017631621	0.8047574783273561	0.8169662040711783	0.19817740646334647	0.7709458047363151	0.6132538235511799	0.4838854115318212	0.4160459414094616	0.7127546519738674	0.2831398418409074	0.3767367339172307	0.9034986605875275	0.44700526640792254	0.45245363171632125	0.25921873400892315	0.38593971345437816	0.2476120262564654	0.5150767767348547	0.49499830447174575	0.6941809775576604	0.5196041597011072	0.338934205828482	0.44350812053406397	0.2882179067508243	0.5812554816818256	0.5336112374298113	0.7032561999558173	0.6719063592783701	0.6830572209826455	0.48602669267065685	0.4347014519676455	0.4310233845746293	0.4258971335846118	0.39361350593177236	0.290476229199093	0.22441799974064208	0.5903537312753744	0.8215664820925173	0.6904829462529356	0.6632743272588129	0.18440630495296267	0.3062635722288478	0.47140120824242193	0.5890164405167096	0.4976208830969338	0.5211253818462881	0.06192475608632653	0.3853859299349827	0.5463493516177854	0.5728274529848427	0.5449776773855372	0.17705142907262955	0.8690572281289414	0.6341650976983415	0.0	0.5980260118801888	0.37797579590927755	0.07983532497143603	0.7513749673441987	0.9983053650060453	0.7939151263840947	0.4047459503991681	0.4014707387288811	0.5152438207840196	0.4211651190955997	0.5474295020012123	0.6236204153807255	0.74632335338089	0.47667346429022805	0.5654851106770918	0.8918358278868932	0.5984519654550764	0.5824482616186865	0.6685963495759201	0.6517023986455398	0.2980366758665708	0.7322632317525888	0.37857033086799596	0.6482800766264802	0.5203008509929573	0.5222616732516527	0.3868352886397668	0.8281391466409292	0.35907318073461386	0.47994572508421224	0.22233861152243384	0.4128196998674552	0.8224221795902298	0.40396781380938374	0.2864232854480423	0.510605046125901	0.7642784185783704	0.2466048272878289	0.6899927407174887	0.41095441580184994	0.4384970122819992	0.6860805653867993	0.35939620653925347	0.3871552463292867	0.4407495860506224	0.36391694777931294	0.32409396823864534	0.3522116231736143	0.5945247512575984	0.4706136079573626	0.28301551345263914	0.7411730284107156	0.4025338158100224	0.5125714200311587	0.5606596258751534	0.5065099981702277	0.43053750706048555	0.6315755192675646	0.35105744066725947	0.37063392761996156	0.4521015926913584	0.6515920685333475	0.5557491144096594	0.5665012721920206	0.2083023884716101	0.617230685003769	0.511278325179893	0.40300147079340753	0.40826286714076254	0.4530826528392732	0.761489679581376	0.7474763274065086	0.4902307711081941	0.4414895710541602	0.588890091749344	0.46241989530174904	0.605827246127041	0.44125024855235245	0.6488546503770756	0.48597311399346765	0.4868349867749205	0.27360878394296856	0.5512946489711469	0.6425508809925011	0.3373397169225314	0.6826789039470135	0.687426807603301	0.503723120637969	0.23563349123314511	0.6563753012615321	0.42524677501700303	0.6529354305459887	0.24276539496140892	0.9080855423434631	0.32897609472075046	0.3916094513417027	0.6515970778773559	0.3963471753400203	0.6825792673820729	0.1820987210672071	0.4097713138699045	0.5215660620723966	0.6835366881967634	0.32545383105724474	1.0	0.5836479131968817	0.774849794013472	0.4734182620209024	0.4413643474353186	0.4593219507140851	0.6588161157518954	0.45712381391129364	0.2727948916757464	0.2223082288154955	0.5629569000989184	0.5378107447914768	0.41645431063734045	0.4500969508999651	0.4947042690045897	0.3391254166863035	0.3694048418081625	0.36328224685258853	0.48836015363464497	0.5568988144446524	0.6320329839658205	0.35886417950840943	0.6556363499317673	0.43661767354057734	0.3501089176147896	0.6313816945904644	0.6956386419880223	0.4550145026772635	0.520392771130735
gerbil	0.6088172965126883	0.8053514498008052	0.054323532471194896	0.5303070306495915	0.5695954966398783	0.6581293074583492	0.3169748240191902	0.7045327107335959	0.6331511293119015	0.43217403789147646	0.5755901461101596	0.19410554397014804	0.40984128681033055	0.37175670816215667	0.5957356551558362	0.3958178588473611	0.23616566528090904	0.3348385916100104	0.2721613600689962	0.6140155815685362	0.5033852037032863	0.37850213678674327	0.5824192746221714	0.3064340118601803	0.5489473153941913	0.7633423274060959	0.7769693957017838	0.3408588377799774	0.5712074043751237	0.6609183924583176	0.30604236439078325	0.6299104990061647	0.25777109880331833	0.3710033917781902	0.277440446932689	0.7940516386365881	0.40382989988626944	0.5744392203408488	0.14112523867202909	0.6025328080151436	0.2812153128873026	0.5830931796950609	0.4258796868197409	0.6406040848180601	0.5889315895016156	0.568921179867395	0.4055120412246428	0.572230065244064	0.7827630346552069	0.8610107622222718	0.5779775396057977	0.23292233498732795	0.4981975774619138	0.5960075769572181	0.45222842388943857	0.39566006963326183	0.03970905457967122	0.5269268101499487	0.3774462260731884	0.06748992933507059	0.8045442550197357	0.6004718277272397	0.7682123331760238	0.9212297185594684	0.33608961643055885	0.15522233318790218	0.2699206763146931	0.6316832584823315	0.5155917860077952	0.4382088805212733	0.7661950626512265	0.25611556196195284	0.6055052536083607	0.1683127402563388	0.06261950478577138	0.03011482796152537	0.7715820566809016	0.34716326389270646	0.7105832267923337	0.4081336560833251	0.38976934860658063	0.6159732932569144	0.43428838970975375	0.6387831632715487	0.8155458771261357	0.5710901369362483	0.2910773241567851	0.2808626781002289	0.7680847447481671	0.37858833665584024	0.29612659812168396	0.5236115055990488	0.540099071351035	0.44656023441916187	0.34282761894307945	0.37828000154347713	0.38957650619743794	0.7937433487705449	0.6876069961903902	0.2959591492646629	0.6345947542541203	0.26126243436892804	0.6991988330794272	0.667327560385039	0.502409975815679	0.13609392173805357	0.7501305563186101	0.34991749426166374	0.3361634678855845	0.4841867505084395	0.6606403683326066	0.27569738520574133	0.2095917035089474	0.4443432489483147	0.3093901734402522	0.7031704925122599	0.45333447190135373	0.6461136636452778	0.31699986951778436	0.3186216511559653	0.1820889614741818	0.6664567176300457	0.7043762896360267	0.380637156743757	0.6247745290003031	0.37206590483426916	0.5774801111716749	0.5948548963270767	0.6365039716826706	0.6221479004119244	0.48996973480626516	0.1699946508888719	0.8014655669014038	0.5392042508868199	0.691767448914205	0.8509377389024158	0.4932866634112151	0.4580807458698307	0.7052132698637784	0.4691540060429602	0.7132587460454789	0.6637090365758854	0.7260482488504845	0.5084465493828318	0.3771387234414184	0.3873845898106417	0.4662013038290634	0.3085643361176221	0.2659766628474184	0.13935608279942047	0.4927686461136555	0.8224803689247148	0.5782162951362788	0.606394989300463	0.2734346112223207	0.5157884290977318	0.6244699654690395	0.8759894947533764	0.5784638106774986	0.5202815237105266	0.8415309019834971	0.22146766719840172	0.6005718409351554	0.5582713808648435	0.49488704502149566	0.5305767241189128	0.7363847429413782	0.5851624970773619	0.4009985360156756	0.31838121933529384	0.5582899514073921	0.7267437932842655	0.334757231909809	0.621678947344908	0.3889617777516474	0.2534774009496833	0.441847722925893	0.5633646931956664	0.7374418719035477	0.5549952770888698	0.8547726733960354	0.24693595418988007	0.6022491170160892	0.30730103460295877	0.3719215263330524	0.6449428801363619	0.5255717084600708	0.4792448737947781	0.7565061383906422	0.5533860454983288	0.39053891911161986	0.35599970401329906	0.22318509986652618	0.6403606017923607	0.8278912344297689	0.9093295534274959	0.33401973866837487	0.6671381617409767	0.19426904834184955	0.250854772336661	1.0	0.7798305700837149	0.37800527276412266	0.7753398077082024	0.08943447189931775	0.4854215830365863	0.6281987525360867	0.5551406341522697	0.9259378901426147	0.44100040197707613	0.4001378994061215	0.21056913707951852	0.5828326243309923	0.3760128045602187	0.50978561180488	0.5140455733080205	0.627227142366174	0.40908026976499745	0.4313013339390919	0.2604713573054625	0.6437228223027484	0.17456053008700456	0.445520713040499	0.7019433687254728	0.6144593957419658	0.25025186437986724	0.7997430105772575	0.33369248910188476	0.46585543745847857	0.9999999999999999	0.5094374481667933	0.1972456447667305	0.6017450085753461	0.7893993213110215	0.6634830913134808	0.4824240326597642	0.6259607555742026	0.682995505539279	0.2659749990248499	0.30470984842657994	0.42390757599488077	0.2551078726015079	0.4357026028979657	0.5673659318070572	0.8071694791627853	0.15213110994433704	0.0	0.6075744283800666	0.6001865682078216	0.8224285767166273	0.8683903328462343	0.42071096821869375	0.44699019314436694	0.5013097559787519	0.21962607722405958	0.48255800310072683	0.633143312581358	0.33735548283771505	0.6938617415947577	1.0	0.5908639099776378	0.6399343204598802	0.45000629318895735	0.3345174289588728	0.42313982648276116	0.745054151876194	0.4902676655002286	0.39218775531605554	0.6136278540772838	0.5490071661152385	0.6484942923285788	0.5493869624275477	0.3337684872577548	0.5562897700785066	0.6157923148520126	0.37610720507671186	0.35090561358906036	0.2997488136471236	0.540563271712923	0.47872210312419367	0.4789712304103414	0.16786766928483848	0.8928861540301476	0.5986241730830915	0.15653393616096922	0.5992900601304229	0.49626361625352855	0.37016362470359715	0.4995399677544862	0.8595618500860999	0.513731438576065	0.6732740989321534	0.7366301279630848	0.716320176915522	0.20695046600978212	0.3217142599928525	0.41792698564563024	0.5184392827328147	0.5560186227282042	0.6915440733500264	0.41360759686712417	0.33459326732240385	0.8673485529840069	0.37963483724414815	0.44536766522348925	0.3701462783264171	0.39623774896799435	0.8013662665942846	0.15937034623607427	0.27771643450193667	0.7330098987350916	0.5236973553146863	0.407745020204837	0.2151570812127579	0.12160700936121338	0.4562201236717135	0.0	0.5007436327456659	0.5443660827742441	0.44951214441081067	0.48420393478099644	0.19982588723751493	0.18165469091300795	0.4768339639188715	0.35395965608618557	0.46226651207905356	0.6137299080459009	0.263027115590986	0.44477836142314364	0.2718760243180618	0.7954962638522802	0.2629802800623928	0.6342299617675102	0.701778218944703	0.624798857087444	0.70346656263377	0.5819053068337948	0.8976159395828064	0.21122760248042022	1.0	0.8016143083331464	0.43105198244179554	0.44685803669090346	0.2814708758971173	0.31765978778118864	0.7448005997337537	0.03640401959518197	0.7312243186252823	0.34084902738323697	0.8288995989430328	0.2895137144630236	0.5256902472318019	0.3657591310517037	0.7452876601602413	0.28922988095191243	0.23361758746526876	0.5361272243762599	0.43075649104280916	0.5669185366299324	0.658798281618869	0.5241762760833932	0.6394204585412351	0.7010125119370838	0.43823288404013205	0.6059780961014908	0.5722277440971051	0.4350101853744663	0.7312543551504573	0.2951358355897693	0.713654666338495	0.22316257388997854	0.317216156739047	0.29762238930103596	0.509946047614992	0.5996105974850088	0.6261375390511739	0.3389245102540724	0.4570099637180447	0.3305320330902773	0.7441733586162135	0.677005870678019	0.7144212088726825	0.446309507905491	0.854843613864178	0.6811720834993922	0.3686899196607316	0.5175080258089304	0.38707369900785116	0.40410350302755044	0.4795966297862816	0.7092556850733462	0.18826204326620222	0.3262007324494389	0.47125686158520674	0.41664982546858187	0.3758961125673464	0.678139312215863	0.41892181969497366	0.28152347661625177	0.2934653731930382
gibbon	0.5441985173286037	0.6365663136766574	0.8161578463607077	0.8214174049995426	0.7269826542974815	0.3956079088381832	0.3797206212052693	0.6106822526900995	0.10809142992149018	0.4927480355481409	0.4770430335873579	0.21874182015313245	0.1865985961300535	0.36357128453700954	0.538963041864884	0.46894508785505834	0.3769749596346534	0.9407240701594701	0.49696755670285664	0.3022484426343586	0.6897409056146793	0.6465169383336737	0.5980010672358997	0.68381475521015	0.34491620762235214	0.40246480848003835	0.5799063390401406	0.4253073440992164	0.3735388023851062	0.3846462545010593	0.20299064468364092	0.13261243388095872	0.09445308359297316	0.8037260106664037	0.54997180204138	0.511376779791616	0.31344381303001956	0.2886734484762127	0.04409062550153853	0.1810524158382508	0.6740489168932032	0.30601430380496564	0.5262332995144994	0.6038095652191773	0.382202224083167	0.38488775027087807	0.2819212428266127	0.6519380077566501	0.5779812718366271	0.7018450489444723	0.6829255986349683	0.49398377171805824	0.14245870481909817	0.4998100847581797	0.6888746095793246	0.5710460019970515	0.6354793060654395	0.6941296727323684	0.4442245729137548	0.3736072699904612	0.5009678949889022	0.49261442810412925	0.3266459401272187	0.6313520182745629	0.3529852655911418	0.38621862606642676	0.45040355248717157	0.27247229190650785	0.5714782091307758	0.7597037496166884	0.26465435551121475	0.840845535381795	0.5313339941870853	0.5389204599642485	0.7367367679824592	0.3151109068058827	0.6562523597678066	0.20708690675474845	0.5423161423571866	0.7842742786834064	0.18328610088204628	0.45471195982294027	0.30993203382009105	0.6196118063812384	0.5880994679005193	0.38358452679564214	0.5110609017191466	0.15458074234135366	0.44118834490905806	0.4337762697311385	0.4314313222091001	0.40325625998536335	0.16606446054098895	0.5044183033874786	0.23191276402302805	0.205884568897218	0.6602818803728663	0.7409056477190064	0.30174877266665556	0.5867353699781741	0.42532005786218363	0.545514065372082	0.43243771922645496	0.7023342759653811	0.927032934637943	0.2912722491544097	0.5677095457219414	0.522249427860473	0.805599469622293	0.5865838428685783	0.6674933890379525	0.5711747353644259	0.26457869403962003	0.8264457244669583	0.41652899443490704	0.3677856960821462	0.5233927993183985	0.583083056862298	0.5300797891295473	0.7857006369242505	0.5854412696603519	0.6031296365663114	0.5750838749856575	0.6457582366871464	0.28995041191995435	0.06225219404227389	0.30027098414179454	0.401845197657463	0.38142465160542605	0.43694300392359153	0.21177542401684699	0.7502772774554847	0.5085714936684995	0.9057986764563437	0.5764478385134085	0.38863940832010674	0.3172104114760639	0.7211955958214498	0.8092097097500678	0.5640292157908133	0.3087112764861659	0.3446685473169404	0.49782923824038006	0.6375642804371773	0.2608564582975892	0.7812243590953281	0.3461683635943692	0.14300693856003502	0.8139895907213013	0.3390927931133873	0.8213295714583497	0.45006727457209583	0.4479858596496935	0.16900490610850366	0.5398353646803034	0.4118047939364917	0.49502869508045344	0.27236048575886057	0.4991397481449268	0.37173885345379976	0.43057177356061077	0.7429915598079626	0.4348749768126876	0.3960793694435423	0.5263195431278181	0.3820056723753781	0.6707276383578133	0.27085785132052	0.7202417642587335	0.7522878821223951	0.29339078489311976	0.21674594246336165	0.4769839388468493	0.6149382057475304	0.42619612051256395	0.48140895428850317	0.45891929763042444	0.5790394374121308	0.37253210650390683	0.4078049193072283	0.570886381342452	0.321568554145242	0.6796152872889389	0.3949122649701605	0.3113124411019198	0.7782864512311956	0.8874071781341553	0.3616728552666463	0.26463383570404087	0.4448375690261415	0.5670856555781575	0.5816053601055444	0.47062926842048725	0.31415681751737706	0.21134170897653015	0.6507461527373151	0.5649374393190766	0.5069517122234638	0.2870238890686258	0.2378813215520053	0.5469245710798362	0.5146837692319527	0.5600686724892875	0.31839017862495206	0.5283714933387467	0.486179213758387	0.810474229653193	0.20556597605223537	0.5998207915548923	0.7193005818858031	0.7440323405228236	0.39533334686468713	0.43523883526089435	0.6564953547923725	0.2850745846001868	0.47544240234886515	0.5924199683105182	0.4807741036661186	0.3841425366431011	0.48344314174222935	0.6911506719859379	0.47914952813951917	0.4556083283482621	0.3776496252472036	0.537753448203011	0.3264740084501385	0.9045700124524043	0.267360166135832	0.6642649204662425	0.4118149403002539	0.4349959290393892	0.752788303839198	0.3946838348914382	0.7241519202314977	0.3716454119731805	0.3281028384467538	0.4420142186567479	0.44395943103748736	0.800963418108241	0.6586220340080813	0.4988174380165047	0.9733646496457463	0.7835383802275583	0.2579425948507693	0.6826350012009379	0.4871901877110749	0.6181659706336404	0.40118545021140295	0.7263146062839145	0.864437745353015	0.9387522678136335	0.9262614691738038	0.5827160261641449	0.5287449962814978	0.25723692708805357	0.4637339765180013	0.3589757029771214	0.4947282987598925	0.6843662971519424	0.5550517274668652	0.5329390244207148	0.4932419339546068	0.5431211899679533	0.9021674903188839	0.5246103338914208	0.6286358969200566	0.028910644703870725	0.08581783806001164	0.5741959816463982	0.46069921768862104	0.4700440754046069	0.49122047361735144	0.7159514037642456	0.8687277212535036	0.014478320664135569	0.6883746579956855	0.21644651481224103	0.6842645447248469	0.33844955609906224	0.6346749921888355	0.4908228808025056	0.48155018692516727	0.28522322784958526	0.4044703724202911	0.560022392804705	0.8829448572257304	0.46278153773127173	0.22133946312536948	0.5418046677739659	0.4404173155213551	0.5080268770574674	0.5420672891149164	0.6347871980877934	0.6138369829876581	0.5089587183279831	0.7215432367154062	0.5886783483902356	0.6667811610872175	0.3674802040123564	0.426669289876383	0.9406557332015748	0.6348147164895357	0.7500806333306598	0.14267062692663302	0.8586150179295222	0.08608241712988479	0.46897650703520105	0.6863022888161189	0.6159152124827293	0.7707306748700542	0.5556131520409583	0.632635646314143	0.4501775420778751	0.7099387946047742	0.46811095656873014	0.5085069073138635	0.825904637409494	0.9235045521202565	0.6686822660776723	0.29517766685954316	0.0	0.32504950262371723	0.43199410771401353	0.447231251678822	0.5665544771141653	0.4175324140636939	1.0000000000000002	0.2621859605620725	0.50463893340061	0.4868603841928421	0.4922928070907835	0.26151084377790385	0.5617233951952916	0.27034362784550053	0.8366286120063866	0.7371899327596917	0.6779183723520874	0.1668498673550467	0.28140245684716825	0.2139911416822327	0.7919175473965855	0.3028918406834479	0.14635566261764832	0.4485404979933913	0.2353984686145536	0.5464347259428788	0.38389876562732583	0.7184974513245459	0.3350227775566667	0.20946936695878554	0.5711280301466413	0.7559533042929689	0.5974770739719443	0.5983994146265218	0.25420645138747033	0.5997302343542458	0.5129638283761552	0.7361777107753662	0.48447451155997806	0.4227709113673093	0.5765626686056081	0.6215778372883014	0.6097376573629419	0.0	0.5272070153127763	0.47447483073666247	0.5052573751117715	0.8301859678718441	0.7313440045324335	0.762500196659481	0.6472250791413076	0.17589619250606853	0.2814321387079288	0.47370368560748644	0.13550776955958999	0.35045359280029365	0.1685237080082023	0.5397524644762315	0.590437929118254	0.5211135772324121	0.353359948853492	0.6036874716175238	0.6664448536862604	0.5425880744826418	0.31524616210187123	0.27411774131757904	0.21672390399098057	0.501249825832601	0.21108591490679812	0.6766717612770409	0.8872675276063378	0.053318626193599894	0.6660837325975872	0.35809091054205217	0.29613090519086366	0.9333034132217303	0.22040417331798023	0.5217615187112208	0.3284397871567452	0.388642195200428
giraffe	0.43560794928413604	0.36224023979339537	0.5816597458156165	0.6303161292678889	0.7162039912290683	0.41649578305387014	0.897375449632638	0.5153695876368394	0.38909169178358494	0.6146134576127609	0.7078121481180912	0.7651115922442056	0.0	0.19401203610585052	0.4548497149598667	0.5094969259841838	0.2487213250666816	0.6986341039154346	0.6010629930668244	0.2849395001092902	0.6804047923040015	0.2939991015144865	0.3716934017764346	0.4700476376472247	0.22426143108316354	0.41406695978812763	0.21804465833290576	0.7382323969188185	0.4124854620096103	0.3550309466105502	0.8265687037219813	0.4213129396413906	0.40469424460915215	0.8822195067193033	0.5447859512963472	0.6107670018199955	0.2223195687448743	0.4318686413167586	0.3266460755971342	0.5882798294694574	0.6743613207134501	0.6731429100596968	0.6920021693607747	0.26777874622789244	0.33711202045839156	0.5847226859913439	0.5634205138282857	0.5964464404058152	0.3460983102764296	0.5647945915608991	0.30833270871532414	0.3804992945616319	0.5967219274295537	0.4994362764979399	0.9107378035013445	0.2828811406584787	0.2694252556555068	0.30841381480659935	0.8458463398747287	0.631006256063261	0.48491274712439053	0.760851073524579	0.40879655649826224	0.8603969122483608	0.5521016522835641	0.655607568539316	0.23516246767152907	0.5690287616988927	0.5394595213097052	0.5997934786023984	0.5353775496612966	0.20856030667070558	0.448101685974587	0.39242347111697085	0.5777276469684032	0.2668696329097564	0.5920920739570235	0.6032234357702233	0.26177513563563876	0.42974130142721123	0.5314515585478143	0.35554081966518	0.6129993767593055	0.41890674784893944	0.4811550129862472	0.22504944449915998	0.3690866443298875	0.3079773892844126	0.5711412059428036	0.9999999999999999	0.29377815807234664	0.4231262080737381	0.38585584379403026	0.3748829401472796	0.5142293411710517	0.3325493056269184	0.34384860207081724	0.45762160031091664	0.6597286257767705	0.5181997410324476	0.37663128688258896	0.6260371095559512	0.16666792391076152	0.41741789908602894	0.556709968700092	0.22155376496724855	0.28426044786725624	0.7320889453617191	0.8491655021571449	0.1871947941249938	0.8710547897463023	0.5854964193101434	0.22355722506374284	0.7668043397014352	0.7378208727703435	0.28082277095675123	0.5744734668324315	0.5334801158137871	0.4367231244468216	0.7301136707919744	0.755601599025622	0.4291559818378174	0.6774309079935414	0.6968765098704083	0.2938104955497829	0.42776385103161507	0.7162279105940688	0.5590045758137004	0.3413866120969003	0.587330993505236	0.6813832866923533	0.6372870617864408	0.3682743642809596	0.4459275199394427	0.628054742592029	0.3378217449565725	0.6676859748728361	0.39196017186776255	0.8029510003951029	0.15982891718298087	0.4952385470177111	0.4145134759742165	0.7382994230239803	0.581476245742554	0.48830242089062176	0.5950675847708308	0.37128887476416245	0.7158495431140237	0.5092124740681923	0.5310847251703269	0.42226037796980254	0.763248312981422	0.32830967276956285	0.5475635040856419	0.48467862000062806	0.6969458397681	0.5745471209791022	0.25482566007851315	0.47352011315348397	0.35369887488074003	0.6316786557567372	0.20240148526908297	0.46037676815657935	0.750326991246387	0.9004528102701835	0.5951745039409018	0.61199907040893	0.41521470073816774	0.30457023829642393	0.2930669711382249	0.42772553755042575	0.4772380829095075	0.5717586072383444	0.7745324953739496	0.5180428974509913	0.8062382802292388	0.24820462694804515	0.2648327746046155	0.44618377570261714	0.4948564427563521	0.2873254496015276	0.26620168728115035	0.56796508100639	0.6857120892552917	0.4726612623616995	0.3479347508326322	0.19060302390332	0.6038921905629342	0.4071287040086757	0.4876486689303018	0.519648804945204	0.44698728442143065	0.05282542473934482	0.36956101386247087	0.3413394621077917	0.5900540085702319	0.6839923142614852	0.633802248811982	0.41851801413405665	0.2009805354400554	0.42241893724254337	0.14250265432609566	0.6084368256366892	0.5425432984255691	0.5747113263016216	0.42776551220053377	0.41555873216312195	0.46068497181443424	0.6387529814010848	0.5487716331915925	0.566940636998758	0.6222056988568938	0.21870250563153001	0.38712807240746416	0.2523567333649215	0.8650408038005732	0.27150365526890435	0.5136082288334637	0.7618644606858409	0.4781713711089501	0.6408142553128799	0.32305879339631827	0.4215839460769637	0.4178210123817083	0.5866201817246307	0.3824782349262261	0.35682508802625124	0.2769035380069335	0.9598056348648218	0.20520569369918368	0.7788610444562094	0.27308512954476505	0.6920132536535557	0.3304266341893669	0.46843217405389403	0.47477600949388504	0.3584408807861695	0.44612817672355	0.6459882431760349	0.5447227435925991	0.6865327024827647	0.4566276821501963	0.7670333863104605	0.29770847509304466	0.4869116581982469	0.5512455783166237	0.3898470874377304	0.28575970095949293	1.0	0.1550731974115312	0.3426954797799391	0.4594543720635706	0.532713260152525	0.5449827613572884	0.908820416553797	0.5782448753870248	0.5894263772922133	0.5376670861662399	0.3900419233054038	0.48068069675361524	0.6440355086755319	0.4256716493689289	0.44387880547547687	0.3938161605488759	0.5009121554725493	0.7527304298760272	0.7886690627237072	0.4207738113576016	0.8216713144360165	0.5179913559474169	0.5028665068054204	0.5363862289051555	0.19815536061436673	0.3383776015891057	0.6542865834349142	0.7921869164671798	0.6875954145461785	0.4651037578878638	0.535045860948921	0.7823296591017541	0.3758101071289373	0.5628652151110899	0.8296941899519347	0.19290483384138168	0.7011460861730043	0.44462405432822183	0.5421024306596884	0.4569001697024223	0.27138995896752277	0.7211151920658799	0.4243264390337928	0.695601307503068	0.5118712429965089	0.6223783176492081	0.46043168901139797	0.5329586332197246	0.38441089412440677	0.6586553135655636	0.24598387337112929	0.31543444651401387	0.2198209482232466	0.5721340869131588	0.3594305838133018	0.12396795351727047	0.7471254889248368	0.34247636403926085	0.4590336431835136	0.2892339516286352	0.5233803877925088	0.6398112570591683	0.5878690802287103	0.8083810270405428	0.76216500631432	0.9008241212111688	0.5760049662499354	0.34189429711479496	0.4706048808870725	0.4347592833695809	0.38094007096745874	0.1965470230687738	0.3134874609113099	0.46567308930024953	0.7593445085025943	0.5130843255536859	0.36696459437349627	0.5109920622199541	0.29953772010757695	0.651867699844588	0.4588380144752308	0.3389030559137387	0.6223542600515385	0.5005575367840615	0.31415063540636745	0.6699648425486786	0.7989989215419767	0.21282328915410276	0.6877487021564619	0.0	0.650059394918998	0.29303062787131073	0.6855012596887118	0.9114525250602887	0.40279791426734457	0.658368607775542	0.5513062576202612	0.451940894307995	0.6105414847917874	0.6253678573334136	0.5172956675138383	0.2530507777781934	0.31378218077907927	0.4145701308359158	0.4022894602605356	0.47030588839370346	0.7101320441128468	0.4264703881893362	0.17948101407207012	0.6985663222946776	0.5397684126822623	0.5600995088300892	0.4844352564996859	0.5963977800797577	0.5840995679584885	0.8535170317304068	0.574046679692367	0.5241248124977237	0.7451969309433817	0.23700903159386139	0.7574666902655214	0.5974091289237273	0.20492407663449655	0.5172581378843862	0.5168961291814498	0.3466951084790958	0.32301352442273085	0.4960087727616088	0.536162001019701	0.19597494641846264	0.47796890165560707	0.3023885237372461	0.2490994346142042	0.4799019576893898	0.48419861902955086	0.4375526670652371	0.24248898859941076	0.6686841773973005	0.5561712962800731	0.5642652717698659	0.42934831335644724	0.39860976487677907	0.3728567993953173	0.4530145421335845	0.9961006372624086	0.44284758190276824	0.46310523266071135	0.9556137706614565	0.37220793833367616	0.5886924268108367	0.32101445216346086	0.6501819576874879
goat	0.665679576733798	0.24240047617425237	0.475453817627446	0.8631035986658083	0.8398432845243782	0.6320643043052414	0.7939956042174101	0.6164659993269401	0.5124574032691311	0.7375127163960946	0.4470116795406498	0.48978428037962907	0.5417960735229203	0.6490443432652184	0.3757969995688357	0.9526475834423764	0.31608873857234193	0.5195280294672726	0.3189783940042684	0.6243809119630465	0.5912726774019055	0.6578709697479224	0.4763618380188249	0.3011120173038557	0.5940716307292785	0.7966896706804949	0.7723455066246099	0.22720999987871876	0.41528495848190894	0.5375550137929614	0.2303103873737924	0.36169267181568665	0.45580618970819065	0.503056423775858	0.27895515228620815	0.7621627265298904	0.6707743792622236	0.6954300054879082	0.6570760705609251	0.5736355730046848	0.8444298081962982	0.6723664034776136	0.3743378107581988	0.25097889808952684	0.30053712563614626	0.5923279369188995	0.374923095312665	0.2846340813403183	0.44362043630854237	0.21523780110498775	0.22519172698571183	0.6264422956665727	0.476713987555069	0.6296250681185706	0.48415953113796695	0.41091149573845115	0.5378914462925887	0.6029449341273001	0.3854713148782258	0.35235324587851996	0.6303250464830706	0.6059745014629848	0.34070414421606454	0.7077118868897412	0.30002700852931297	0.47679202553307565	0.47576769762132287	0.5335385217766003	0.74246065896768	0.43013264981646004	0.8180693768332612	0.6556931374963582	0.7304116041314763	0.18468433947290724	0.19263749645164308	0.4671266800316369	0.5758103160750958	0.6438424413031846	0.4287347780216748	0.5313251535757961	0.34549796376036257	0.7636163972109098	0.5819542374479287	0.4352461849517453	0.9730060815538022	1.0	0.6854825782251762	0.45092065599434683	0.5027936573818247	0.3507615135442912	0.39961543022397483	0.44128233909030035	0.1707703946925903	0.7119903014410129	0.4223391342794478	0.4335983447558016	0.3500801400893732	0.40881136915653804	0.4988358834350231	0.21149234961544275	0.3048127358183101	0.9387654653281519	0.645109476632152	0.7497746516819528	0.5731122775323308	0.6350119355320312	0.5812211688416452	0.6766500456949109	0.6798664855903573	0.2795629818322222	0.32261550995351324	0.6030759050049015	0.6917651904210578	0.291207391782753	0.3139005174530609	0.672607162695734	0.3850453231596861	0.4973127491080782	0.7932067693729761	0.5318106536764069	0.605242531844718	0.5891526413167448	0.4085289243419629	0.5026931732766282	0.6731304537609022	0.5170663240831253	0.5427290964847236	0.5306021067856096	0.30470781031041594	0.30952252211844644	0.6571233784447692	0.48614564097853225	0.5206183945935403	0.38015943951725883	0.2912875588095869	0.468728820288545	0.6037013533117662	0.21208317996779463	0.4990068589189098	0.6446482628933836	0.2359885221530501	0.42060323960545	0.6306998773394599	0.8025101931996836	0.8275515516254597	0.38577950093157654	0.24946954539133237	0.5068261737906532	0.424196163062021	0.26293516402049444	0.4732126088630927	0.5948959002726432	0.6563213365825871	0.4028932233077617	0.5154810563645388	0.5144424622602675	0.3199788056484792	0.31426280274120144	0.591122499345561	0.3066522382718183	0.18822107024157764	0.9929194115745772	0.4695463980154813	0.2141940377126601	0.6143666017636723	0.34778677255392987	0.4440301092226371	0.7018025724623576	0.2870702702927423	0.2415458907238968	0.04205156862563031	0.2335034774782707	0.3081022958351162	0.5450121761079725	0.18942238491469343	0.5549929182994404	0.021940116555120293	0.2689359612840212	0.651568273354517	0.7556078091231263	0.42772308526513003	0.34865713112203633	0.30433079398629814	0.5360010108032386	0.5234065284697399	0.4590697248441097	0.40817188002648763	0.1608548993822005	0.33679050548664874	0.6496528873262549	0.9376459448129197	0.38808036604968105	0.5708429193168623	0.18486717017204118	0.4433001149186673	0.5485737182396785	0.34511018805972804	0.6018635166629204	0.3372942321999696	0.032940106008099546	0.5762533220005654	0.5837652974729126	0.4681030819405225	0.7141157907178514	0.08623359733943031	0.5124909050279937	0.3976371903233215	0.15039134087089334	0.6764482449088661	0.3879088694960287	0.6531365068182529	0.3954367524811688	0.30988860483588176	0.5417322130745258	0.39538904602198477	0.7862473505213932	0.18620035630863208	0.6179738235085961	0.7736941852323445	0.2845012164140782	0.5226570980918659	0.46987758911827926	0.11961615447456708	0.28905450253853804	0.48049891761121477	0.5569186053456887	0.5681782458664475	0.5375257145018988	0.610480813814458	0.5223241487718222	0.5753682148140908	0.5025562106804182	0.5850597463888987	0.7170250420186106	0.3012339215721136	0.694146258378338	0.4165054266723417	0.7091175517922881	0.4746869531710164	0.521369963440759	0.17340227020507898	0.566242909025385	0.4969574076656893	0.3718711377370068	0.42356902413985426	0.6207967232060297	0.47903572271019107	0.7014970860176002	0.5479495787803415	0.7185684710182121	0.4729577197404551	0.28377644120654855	0.49030909588502924	0.7348252496059402	0.5702772042665082	0.3758823247197268	0.5935095544704563	0.8202407107143554	0.5229427760014266	0.7845605375388423	0.746286161873648	0.5703459668775996	0.9535661284945156	0.50102605768884	0.37228097725381853	0.8222885860281325	0.5619608238239757	0.6929478650312831	0.1723492199605059	0.46109531262093945	0.10220518558533148	0.4473333886185559	0.6598079172116712	0.5830150534761276	0.635323960248183	0.5664928597560784	0.6867590932685055	0.4315295022987949	0.6088792391846495	0.4802513055077441	0.26942312121693435	0.35167236849001177	0.7526985470110586	0.552561428978144	0.28298404407091166	0.5985272311919759	0.6038170683145296	0.4897308886974787	0.601991759089999	0.37779371896399067	0.527040871146431	0.33966824393458256	0.39521888932742333	0.6531161495452958	0.7589170361175945	0.6697815649998007	0.10758427351801986	0.48164306780713584	0.4257721871189774	0.5113810676217158	0.4180755513428048	0.8447106943139555	0.2933454765293525	0.4094063357133708	0.49018238910218964	0.7070037190344691	0.195547907508123	0.1628893680358418	0.3400921814467984	0.6222950251053067	0.4052816996190431	0.3374765020771058	0.8703972434679116	0.37434076050419224	0.02144200711001415	0.647811813325553	0.4717914076633029	0.7952685178376093	0.5057150353586258	0.7118890479117368	0.30757338291160924	0.7270918053195923	0.1310841005299075	0.38654199886566876	0.3691669634370853	0.644923941984576	0.40007705863298415	0.8160211645653224	0.6665625149435452	0.4737776023295834	0.6620379737208502	0.4188580698260577	0.43013564152902434	0.7807711931654743	0.5556605942898758	0.7224138112511131	0.6046562431484245	0.7387818536074857	0.5804812827255059	0.6257513067441263	0.6384006309880654	0.2345370612460595	0.3862029201228463	0.10727749365598865	0.6261844468599223	0.6698590652995743	0.3735005786971006	0.6536298725771089	0.7488569334186903	0.3684332495873317	0.5076371624519583	0.26268475625770504	0.5411057372706335	0.5605675253657795	0.6926962040840031	0.3392594145279195	0.2676485370676645	0.49160316541995813	0.9699416127254017	0.31450362259390774	0.3706598724826286	0.7236213328317251	0.4756394785882406	0.5062261360000925	0.7866786933534764	0.32814512138802726	0.5788244508236249	0.4483217360937425	0.45789328186431144	0.541782392745289	0.4065495039612214	0.47976854536222974	0.17947142191123802	0.5081094391295091	0.29855801366550144	0.4447183603872029	0.33547342964764965	0.7107047362764671	0.4230888199989118	0.43823786290675293	0.3775144497263347	0.24113883923904145	0.5376285020168887	0.5827166563583677	0.2529342616498722	0.6548713413118701	0.14386045925283872	0.5185713330507743	0.5967484085875066	0.6268374369055512	0.6299779365934826	0.4313581558944413	0.422827025374094	0.47467276012550746	0.6159550125302816	0.624080097604724	0.3328687471038125	0.07953211808416016	0.627263436736883	0.2933248520372076
goldfish	0.36729092051694034	0.4448728558549595	0.5639095887521693	0.4195889683122028	0.6787333633074952	0.8811826391984688	0.561173613520839	0.7871050841717825	0.5277700804852493	0.46514023645283453	0.5774176429680178	0.39169193532909785	0.32359578152316126	0.17709157448798316	0.5508308475560847	0.19116710842205925	0.43889050619514874	0.24498355950588557	0.5117084577748758	0.24792217619569057	0.05361079445973793	0.4897967883599933	0.5424714482651932	0.5636006262576286	0.817571912816218	0.5121307571032968	0.7272850958483816	0.25671912100180394	0.4671623555141409	0.447501370792483	0.3929988081057092	0.24230419530522587	0.35987767712547813	0.6064314635799655	0.25729214665678235	0.761019838564154	0.7874618680142993	0.3685253682576192	0.5515084474892488	0.5462207549471895	0.47789570098386264	0.33316673803890745	0.6008154318321972	0.47629611841382674	0.433523756517988	0.32245433687214475	0.8254270212782808	0.22491794816468014	0.5446729215635675	0.18325358207856174	0.4826502961988894	0.5140041956586612	0.02626107886312401	0.4033617779688531	0.6798999145462007	0.3087110459703044	0.48134373666750846	0.7119183512885782	0.4693362748433982	0.5369092202572785	0.5653134567946068	0.6568623808656211	0.39228146195904845	0.785646842026726	0.37681917980230817	0.23585624051897924	0.45717217598467924	0.6212469935023517	0.4322872155263915	0.5830161534525464	0.6718561369034612	0.7589065365791878	0.5706416191056303	0.2176717284234459	0.6020508823085907	0.744753612274746	0.5985086491614802	0.5803071357894994	0.8904779822700389	0.3987567590754383	0.43648891549635976	0.6069932462018576	0.7214930867325925	0.7235527215441487	0.7313133452933112	0.2649964736744156	0.1313443975747645	0.631690982236141	0.5697032200864406	0.6982877027953165	0.3946908811091276	0.26853458585310475	0.5800469983832663	0.24257872136905886	0.36970054595795676	0.8707120280077194	0.3210289416124479	0.6411348308080059	0.5139262454598017	0.3148076792750617	0.46334530503800153	0.2796398396588248	0.5491249321946368	0.4592373315758742	0.655121002974113	0.18260724893946675	0.7295038532207606	0.5345900675670607	0.5115326735624732	0.7560364930256457	0.5133438055547905	0.2805674693813461	0.6509557177920328	0.6580099668427929	0.5964281752959844	0.4734703675716201	0.39341931671471303	0.6006426500195589	0.35318999564167347	0.44262270689507677	0.5605374472939354	0.28083243728504204	0.5368003586668508	0.48149115237822926	0.6177484064068791	0.609285854468349	0.5203006308474654	0.3438114805906376	0.3389935160000746	0.5116605814856212	0.7155459213539553	0.3909116630008602	0.14849464379908078	0.3374062305862208	0.4796984579281744	0.34239566805322186	0.5094245559872689	0.4265890694857788	0.5960023542296012	0.5303187966558593	0.594787871457657	0.731339067467852	0.49544138644188057	0.43036326972809785	0.654542526845282	0.17945339213677974	0.5482127921464909	0.5151504980092557	0.3755882322793628	0.31995195502577	0.4242953531934136	0.4989880913263613	0.7545963085751988	0.15536255635980245	0.6534622309939653	0.5443725180274812	0.5450855213673804	0.36140461221788667	0.8498118337143181	0.5561993910295017	0.7188918077389486	0.4374572374438884	0.5007438654442716	0.5769684753629193	0.4208088259747106	0.36730225620505813	0.40304747121362133	0.7306482553740766	0.3722981458030726	0.4483005058958567	0.5204246643941848	0.7522400829319098	0.21490430289425766	0.7783211098389237	0.6149093918572611	0.595588019529347	0.1521180684079828	0.5541833238944143	0.6162194322086185	0.5065515036116932	0.6521524183706071	0.3701694101424532	0.6475191618515135	0.40497972939686144	0.714745661423708	0.5442666716643184	0.6017527110189824	0.764642013596487	0.6634781099112159	0.4963644514154696	0.37558079904084496	0.3899145475051432	0.5010534370034023	0.2599280426968529	0.6086961434386653	0.35791865213185625	0.8503174902986653	0.504065111692858	0.16015998116830904	0.26122505230160914	0.2700287225046295	0.5533614537909294	0.42090006902610144	0.6565927652289467	0.6537811001757425	0.5169866936288006	0.16982775254311533	0.53175383756465	0.6338732070402905	0.4689621273854707	0.7898320825963107	0.1934823494091475	0.48585811319165784	0.6954778922211059	0.20340601714974071	0.41792854680588226	0.22151759135726545	0.6156335132149562	0.2816763691406372	0.5348239537032057	0.4517678994984285	0.373835631208744	0.3276457257757673	0.7146685581405836	0.5378096235879031	0.3632256826218964	0.6147147297189869	0.5824437221356568	0.5786299049833971	0.25987811997197796	0.32688962295084445	0.8264949284995053	0.4331820055774525	0.5217442248288807	0.859647349331099	0.8615271153425192	0.48716088177325106	0.4111370945193605	0.35476601790407963	0.6110027439786829	0.8998722428235612	0.30488104555500045	0.4491823715556079	0.5410459339475973	0.7704187242200142	0.18624686940790253	0.2037303953410931	0.5406091153490942	0.7182115023494284	0.6964896204649939	0.47821873396856784	0.48302961436578806	0.0	0.4983108440107738	0.2998716595731188	0.46095863903404594	0.3166925838766396	0.5723015796755535	0.21233295573907243	0.6698167510251753	0.36067138778507846	0.04824208464937163	0.5898678629699721	0.25145889046578557	0.3498023843743871	0.6275759438236603	0.09787845491088665	0.36477155075481726	0.6933676962735825	0.392486391370807	0.4374469599149995	0.34189711972994896	0.6084656061625151	0.9816293644983127	0.4722233296645973	0.7626938348228871	0.7507492628197252	0.5638193275001161	0.3846473809026927	0.44251543797379744	0.8331213701938686	0.36988252893733	0.6060668489483423	0.4819844412735855	0.20804932026361972	0.2817262802322441	0.5787324257183993	0.4010037140135292	0.25501524233929534	0.695292262855682	0.6329402329238012	0.5286791300443883	0.549771386238727	0.4618300276418714	0.29866936991304993	0.49906583428863666	0.5845640949803459	0.3687454594773321	0.37525593647340316	0.7510605571979532	0.45293024749472893	0.3474676219734657	0.4706940870700936	0.507769958849394	0.47631290570873946	0.5375861060965251	0.5494270431514455	0.5734610624430138	0.3310786920155401	0.5763648688630177	0.43489731877497173	0.6890828579797396	0.7362682596448442	0.561351489062998	0.7919850922459563	0.7604804173286863	0.47408216786105206	0.5994216656492377	0.5299811211564818	0.6568605251396749	0.6748687626303758	0.5477117651658236	0.48615961496603605	0.6647501570125421	0.5737095456431454	0.3470263082629493	0.43432207394275346	0.6177296325950379	0.6689726465766757	0.29289650981733284	0.6655990512448386	0.6260827524436041	0.48120150362452935	0.2795636691168595	0.7361084239669611	0.7345228425913489	0.5793537995943103	0.6195448113874682	0.6431512010245546	0.5532410833056259	0.2980825598289979	0.6290059844357212	0.42980579213716197	0.2677859114028652	0.44645932741919836	0.7185123307237431	0.2828140606368357	0.4548149543995682	0.7154526597453785	0.6050926102753422	0.44213078438755676	0.625144073358795	0.6224609961776042	0.6066433513913634	0.9055731205641641	0.2941231899257905	0.3466018098396353	0.45934755853333054	0.7614244759595498	0.5076195913952514	0.4694682654414335	0.5547764946054642	0.6729305541658327	0.4614775114669435	0.7785441451807729	0.17568514120691914	0.20497170065382853	0.3293442278415952	0.23322977735229142	0.7540286760832868	0.3770984479190792	0.2930410459767592	0.35530444848778975	0.24166400451808118	0.6925172835548566	0.6502122095475716	0.49756948669480616	0.7401671059714157	0.3120928399009815	0.3851414501532619	0.4877615472370467	0.7657713653417094	0.6185491970780779	0.5999484346997298	0.5003822321241802	0.7441031650258343	0.3761183408822714	0.6930902976666804	0.6222419276212732	0.5926830813653778	0.43695611946526686	0.8104165972530046	0.5290816207071303	0.8527692778575782	0.22306634840812956	0.39804884129009843	0.6100164905387627	0.5025071428675797	0.21592038036816447	0.12404355478697021
goose	0.5270601758063166	0.7279191946786832	0.7920225885305157	0.4186521779062873	0.6940558266700401	0.36142181896376735	0.8906891366437478	0.2676222075198398	0.5446284546541253	0.5660404417244379	0.6236260587682692	0.43881076125747465	0.7625780038371918	0.6178132787935164	0.539978901823911	0.9426694269687963	0.4159218853315516	0.6607524151000234	0.5501218633831242	0.5731200186674202	0.42224111414731985	0.384235513453402	0.33834693550916	0.7409698873285894	0.3601495857422064	0.7028846418986059	0.5367708794286423	0.41653548670378016	0.6739637155918325	0.42571568181728614	0.6479246980281316	0.21465188506699184	0.21157058990085942	0.6825328177931141	0.37427255443506446	0.23571766426997115	0.5292025538925067	0.6507404452589411	0.6963933867273567	0.6616690057225134	0.7463742370191195	0.6144814519874189	0.4949955041075952	0.272144447229951	0.47114186163699345	0.41149519469150264	0.06234034139816219	0.2803129857134585	0.7114282079375075	0.6777120772016159	0.1615226618275089	0.4441064532745456	0.49424336256668094	0.6017756517335987	0.48664022925719136	0.49240116373559023	0.8838962416021758	0.24922307162473048	0.2726798670742032	0.6242807979809547	0.7484999229958611	0.4629722353839639	0.4287650687832956	0.6270225055243431	0.7064979238346771	0.34687233284460767	0.5206977006146098	0.5022248827760513	0.4759916785894055	0.5032821715668844	0.5937853381725142	0.4591873605155633	0.5146642214702151	0.6441620187049993	0.5424532721015174	0.540509487458267	0.701200367172257	0.38851993216337144	0.7037806516184014	0.11873531327979714	0.47548850142413823	0.3604896708726394	0.38735174211328877	0.614168507652427	0.4331361223657312	0.2640421045465594	0.47946636801894105	0.2201302956459698	0.6958676056702886	0.2842902941060482	0.5023575916249104	0.5407836873549257	0.48995233539194294	0.8999857910826371	0.29380939846936316	0.4460091567406638	0.2728127133660524	0.2813916703988123	0.14904535692958748	0.6089468936181501	0.7084559224544001	0.6335881536023129	0.9123287490318578	0.5035903711578282	0.24155209173618875	0.25282457084911436	0.3631303638756977	0.46400061984290647	0.693509512011667	0.7230395826683238	0.763598842421402	0.2615641113624902	0.3420340785266798	0.4294298694769207	0.3340875399697554	0.6370551339854987	0.3337964876575425	0.8935854434801831	0.5245965280364155	0.24197469750961886	0.24609944218940683	0.5236432035745517	0.0966856632132525	0.35562820234842984	0.7247654026609653	0.38433408050023116	0.47542255307058157	0.5264559880815989	0.6865926551293977	0.4759626432504463	0.07856664852150808	0.5120293508546898	0.2104745736821188	0.32583192815897555	0.07066623979418907	0.6122316790697568	0.45191914516731474	0.6144790061758165	0.5701926062380953	0.5412131057010098	0.6388633373373729	0.6772013693533068	0.5017429469229551	0.7251570108967033	0.4240808349752028	0.4322686293463255	0.5880679708583771	0.5715091106128402	0.7329731284415121	0.5797537239635981	0.13031173779505095	0.2682506428966389	0.3248634040039006	0.569566860905925	0.29584880482202436	0.4433155949409664	0.6541951986070105	0.39706497362168997	0.5170167019139681	0.2551004499288089	0.3040450058119376	0.8578967719806988	0.7318801018291159	0.86290584388071	0.41218168046680637	0.3730994833381444	0.59115347293974	0.8196827590946805	0.4147687178813845	0.5229590357081514	0.5020090012115676	0.5469098653379775	0.7488023578566362	0.369558182619485	0.4449363769963301	0.1362517989998271	0.42163393994002857	0.6770608065924729	0.1734969229370502	0.4340911378008998	0.4638867798109455	0.23661342415309167	0.6046785415784286	0.5902852431101746	0.531150250532164	0.4027116743598599	0.343246988517126	0.7141887833736124	0.13719486548879783	0.254049589093113	0.25624392050945544	0.3088935980859505	0.1578699473844279	0.3889716485908842	0.43390484333003526	0.4339560595712652	0.5989598660478866	0.48585139099589575	0.37738629773179755	0.4091481020520216	0.4667971593563417	0.5936801531170317	0.3982312297273539	0.21886200361489788	0.5486013618340848	0.5054188738744856	0.35752377169979205	0.6724505016625346	0.503168645850786	0.46135260040493326	0.2747464196141097	0.8341624627081086	0.3458986874949056	0.6812337888981893	0.48744961386781	0.1915231919753685	0.5540161217932332	0.5686671854472128	0.5630987747321167	0.6814499934816813	0.4397684412135997	0.3979081665919712	0.4836789000231087	0.3685085038633399	0.8633754688460528	0.34600895294594414	0.0	0.23029170241408653	0.4526404122983063	0.6290057976815172	0.6893844769123337	0.40427074139428243	0.7485940079926092	0.5863194796744597	0.3480615681948347	0.5727994539863442	0.46694342525236227	0.6681522750655416	0.4741722629470514	0.40406837416848784	0.44849460180112494	0.380580015575647	0.4673728362049471	0.7796860279975981	0.5680360713790497	0.5527606451551014	0.6392846531283886	0.37583846504041496	0.2526349539314678	0.4384458933579531	0.6198908759107578	0.3828694002060616	0.48721945832247404	0.5246171163861211	0.5589208320999077	0.24448577203252111	0.3318855254213273	0.5227169549124042	0.39823428983742243	0.5010695667925514	0.5037319432425342	0.7380150947146787	0.6246962486212554	0.632232227698124	0.4012933809492803	0.410219193351256	0.42263860923573415	0.5674033781816746	0.4485816155269846	0.32725888004133613	0.4513262963627168	0.7917341574998054	0.8116557824899833	0.1716485447550885	0.4844813554641289	0.7171114272595626	0.6671341234689634	0.49782003733679087	0.6344694412640415	0.4474223847550754	0.41664947250037	0.6045016981801402	0.44629868004314177	0.45721256594760196	0.4808907043495212	0.47841483630478343	0.40424052392887067	0.29038055563246234	0.4360913319228301	0.6722651342729999	0.29256355238780407	0.31934919619026597	0.7490292239474194	0.2961380281477146	0.4683850710043096	0.5203974146944951	0.6405505058313924	0.44533156422300424	0.9160022838631312	0.6016072919406412	0.30854759745148375	0.6085745589828042	0.7777838116958473	0.6573310665933659	0.6578213242845227	0.6151006864102414	0.4560790910344908	0.20815248118672575	0.8423932658049027	0.4036146848266427	0.5265903406975175	0.6230365135046828	0.6913105303111746	0.5369632782086151	0.5085860235706601	0.5412826295311941	0.6411461855014381	0.6590061511449093	0.600648913984971	0.7328128625463759	0.11078493097413711	0.46680628604228347	0.21448152115811187	0.3312355140155538	0.4889727745562158	0.8499055377800764	0.39760037403652393	0.5173499571182251	0.49090947362832965	0.4509933966801046	0.49681199042500274	0.13773725736871445	0.10687789279093607	0.3373880923173333	0.6394231750559614	0.5978401808171999	0.709224070543156	0.6574840973473336	0.497802384254754	0.2838993420676754	1.0	0.8926420305864704	0.5824566211767451	0.27956368371240914	0.45608709225723043	0.5022677702015385	0.2721990893996921	0.9379405946427273	0.557806066362075	0.32545392796643463	0.52539587688599	0.2831585250113901	0.48131597019566846	0.36142249071292426	0.4023664000418759	0.6204404868569915	0.4045547630813532	0.4764743363506856	0.50037889548546	0.7488116187492754	0.47438607360434215	0.5725230783589085	0.5401237174497571	0.5383106489571622	0.786157986842704	0.37154669045052363	0.5856437560550412	0.5202479660646362	0.44882726688786595	0.5307894997293655	0.619644508681957	0.023736083412799813	0.5664626033702841	0.578438778343616	0.9022508983343838	0.8696832341098807	0.42965240859877935	0.44944434705010106	0.9332151024454669	0.44526221764209745	0.64455509249339	0.7879496170058716	0.5547202386102678	0.5332959555324379	0.33808444421428685	0.7099107836045299	0.7849094828261656	0.4481729199226885	0.4940176343576901	0.38175475327950614	0.14320367343042711	0.6747072838252997	0.2497228985318941	0.37056663348586566	0.30262651896372883	0.6743290392660277	0.3257299213151908	0.48072271853102766	0.7755048758251757	0.46870570120945027
gorilla	0.14956108600081836	0.4331302097519377	0.7589985942138588	0.56368654053018	0.2666197797480602	0.44465046196021923	0.8982776656422292	0.512012340923691	0.5956424072433796	0.7131967879572791	0.6470870269606469	0.5985395626013812	0.3782971814577211	0.37192785857456906	0.48326429037439755	0.4320029972360062	0.47920760791248235	0.5544360368629941	0.3233810075605488	0.3063327354533365	0.6553997283814945	0.6746810481270055	0.4737954991103708	0.34596921504651545	0.537620204842638	0.6546804416509443	0.7221350579521879	0.5987402439597053	0.6040259102795607	0.43188065832606115	0.2703769575275303	0.3796992005467411	0.6364070375688562	0.32080068935020367	0.39954523942365716	0.4502133455580735	0.45073497659392475	0.557090427376745	0.23634873320630573	0.6458153113279853	0.7049480337032092	0.5781228868885574	0.3329897239513009	0.4930737599453388	0.2529498673607224	0.3534787824528495	0.5632203562301802	0.32967251041816364	0.6527250228860324	0.596469551250979	0.3102403772682712	0.5471709664913169	0.2107540045070032	0.8022670646132277	0.396679221421756	0.39631194200716946	0.28807339498628753	0.488584805108668	0.5176691637031453	0.10836301634453899	0.48383357188485693	0.5980321648642675	0.8994160353359625	0.8824191683389939	0.5043046405454852	0.5033090419480334	0.228962168037741	0.7792483344039206	0.5743866591137632	0.5303454042498145	0.5799330602656529	0.610174543344347	0.32084189640323424	0.5781689335877663	0.5903486703866856	0.5696198778981814	0.587784195582409	0.5249671987565752	0.22901175130636897	0.5037592285363618	0.42033473441197444	0.6684370282894814	0.7088938107463869	0.6788766699933041	0.44862506406981467	0.3628278288549701	0.22937816404204617	0.2470655501981832	0.6274762286457961	0.744270284029781	0.3003384504649942	0.6840866614026601	0.3375431171789146	0.4256602339332985	0.4553603649996276	0.2766542209547842	0.3668580953456275	0.49076696617052346	0.7366160889665128	0.3095524689970194	0.585325416144392	0.33838149318261923	0.5330716413272055	0.3628859357881992	0.3068371074660446	0.34070046872247933	0.9116323484869033	0.5148769291009322	0.56064735417139	0.2871845284852709	0.3021280942997302	0.3493751617400826	0.5826955454735857	0.390824234120698	0.800153498630772	0.6609960419911003	0.6154546121900567	0.5868185240988613	0.3382044612500063	0.3038906171983708	0.06205461546420277	0.4329839942336402	0.6427278310487409	0.5543252090639521	0.6392284727082768	0.4457815682281534	0.7207048699056406	0.275002132018867	0.6400758947612422	0.6078424425928483	0.8339462050484276	0.5842055173092744	0.5487581165523566	0.3025012541067079	0.3969741655682228	0.8153234140632559	0.4836797890374055	0.49577648869098395	0.4959899515982493	0.2859524037591358	0.6267177137717983	0.40492188635296905	0.6670730078281133	0.5232391766415587	0.7334317934008655	0.5049411649104976	0.4027295541784663	0.0	0.30525294530736485	0.24494015337140357	0.4274174008638075	0.47377340492211595	0.28533533209884093	0.24322101172349636	0.35702005417927585	0.3912228052801702	0.33341524372428033	0.7246040506776885	0.6507858161344878	0.6991629434543986	0.4248925059624647	0.26296205212785656	0.7318668495535621	0.5644557475622035	0.6027781152930478	0.4692888236678844	0.2077701912674128	0.5417440684047093	0.3206576994188401	0.5743102718981228	0.44701815115399934	0.7230362563526904	0.42185525673069457	0.4696275473737336	0.6231378595210112	0.6494410553288714	0.2763546869359144	0.9169871790892414	0.741446916980649	0.4447018587467882	0.50020516682977	0.3511727707911796	0.6092022293868621	0.5366607122023858	0.17914032156192924	0.44408053449352825	0.46357488484741066	0.3835285147615192	0.8319889254629154	0.3248381039828694	0.5862626419664975	0.49184761277062133	0.3487571509773502	0.39091653782641617	0.6233028747952761	0.4103646047384358	0.43589791864662275	0.5873708935211732	0.08451864273696452	0.7745558626700726	0.6030872255065609	0.11371888810085695	0.6215182290677936	0.7152348529871807	0.5619302921559668	0.5831729216126526	0.47967851189741045	0.39689190094418103	0.47309840473532755	0.43784908674396256	0.614248241860601	0.34034404365529525	0.40982914203854515	0.5494108383269223	0.20822080169909035	0.2418904472351236	0.5039096455016068	0.5452216925423436	0.7718897750830789	0.43004382904667876	0.7501887595403142	0.27288063303028054	0.5185849718942811	0.6913382156030257	0.3126580735157479	0.32390309539024426	0.2836421247415028	0.563547659033377	0.5692131921198128	0.49743645990103036	0.5632212130160119	0.8286273828375819	0.6170739566679756	0.48845437536190117	0.804203108607181	0.27910953142978623	0.5539599798007919	0.6413108473290853	0.36388983285895005	0.5839622862225959	0.6157142051530016	0.22047485005646872	0.49522955086429143	0.4840742818416319	0.6830007828775735	0.5065592624561732	0.4193770661111912	0.2589275324466813	0.3087135138144231	0.6139307585657824	0.4246217302187092	0.6333969303962498	0.34342965008602555	0.3646739898741097	0.6983890730730105	0.5108638600532638	0.5151707410308416	0.0	0.31902534815179906	0.6427419615078039	0.35681531645040765	0.49001930241799935	0.39015894628177866	0.24340864150950997	0.8055940670816135	0.7309766795235276	0.48872346538898914	0.5534131307559466	0.4464739402768933	0.3665582810485625	0.6897931323776815	0.7011630322960225	0.5580954332568302	0.40421287200914535	0.3218224113565915	0.7095988416508376	0.4185058476708598	0.4368439247358875	0.5246621357303806	0.5848682843281806	0.6389883460488052	0.4752569101191095	0.5020675697622049	0.6002491891817388	0.2631853500352545	0.5867605622415163	0.46839616541257123	0.420602327139298	0.5788060595162119	0.33335462409619077	0.2933053206270889	0.2934092803163922	0.508244623144394	0.44619792993582413	0.5621265479547674	0.5744720341694789	0.4377747272276511	0.46807144107572785	0.6662346069364299	0.7675533924772148	0.8674423122384556	0.7523825132666763	0.5318792920117225	0.47063861174270555	0.5552678425605923	0.5115322623877757	0.5834887949161018	0.5543862487753584	0.46361248127682386	0.577061391617055	0.45166422298986575	0.5531013782170808	0.57208906007972	0.6201667410454439	0.4065542016966772	0.4319757630847927	0.37923874379282807	0.2881397208082069	0.5678867437509013	0.23519862332722313	0.3705079630259678	0.3952398844914491	0.44693130881430937	0.4496660549228227	0.7342087444109596	0.295926016777195	0.4858995092875424	0.6069275158822507	0.5328851430332896	0.10024815696808237	0.8450355790642792	0.45556540307589233	0.7176506333441397	0.6974970272640613	0.3983909254177491	0.5641188445415627	0.23134767140467416	0.7134593639104473	0.821894241558542	0.5195950188817011	0.14892676948659755	0.5833877235923733	0.4908289653868449	0.18506182394591453	0.5613626171753632	0.6613700295045942	0.9050229547472256	0.4103343110778198	0.5828536655310235	0.3772580511052134	0.49279903996115626	0.4561214834199353	0.3872822311034885	0.7506765649589844	0.61714219821771	0.3692438980018373	0.5316680394450883	0.3543950278270757	0.7045909386616316	0.3934389115801138	0.3508142294009	0.3857788628416011	0.6786271318680599	0.8901707521830086	0.7667130950158083	0.5111832722597941	0.6755895176296118	0.4484705212526335	0.5322759507398912	0.8232519453950252	0.7894166536930223	0.3760029863051273	0.8062400218694474	0.7459772018862056	0.2077603317564291	0.1029813016384486	0.3242213370834335	0.47118034007847853	0.4345286482784876	0.6311105009901914	0.19252674973298212	0.4960122250562603	0.4102800391364191	0.763023228916299	0.5343313348864207	0.49265342057293715	0.6421256957253028	0.40171828011421856	0.3990138922978364	0.5965628930464348	0.38214920155200993	0.5139400500584014	0.5480521297097115	0.7179746999661765	0.23779150046257763	0.3775180256584317	0.7279643546972276	0.657305296952749	0.4518436927831115	0.5538864717989621
grasshopper	0.24392311273481776	0.2834235194478896	0.5165995879826072	0.5475929433116573	0.580959851190754	0.36764827343786655	0.3834277465296754	0.5873305366916124	0.0	0.4880245974772034	0.32677455021435925	0.5063432553609817	0.4418164949329107	0.646624431763919	0.32958294597018944	0.15297343836126753	0.5614278289033137	0.549736478772911	0.7003193718311757	0.5146062464328639	0.4128319319334288	0.6305711989034404	0.6884806693495219	0.6043329177149583	0.2259625360083219	0.4387793125511769	0.2992046288207772	0.5564174721005373	0.49650959160262265	0.8036447118932647	0.26593985467247727	0.44509941299212336	0.5680030124186793	0.4505007514043367	0.8359456303830879	0.5577628960555483	0.0	0.37335988685144916	0.4658930610581098	0.9538286170145334	0.7868749387078198	0.31377543395787494	0.5432735601855769	0.6811553547880906	0.4220722383498708	0.13003471453768323	0.4957597140814888	0.5854858682978215	0.29284364518913736	0.14523280750585732	0.32668509328547896	0.42429624181986897	0.4344864545366266	0.20690211094663175	0.7769076178084205	0.6183989300049311	0.8820668536123635	0.2618624190367387	0.6756644253415145	0.5203138956613883	0.43607860257791037	0.3101573836354456	0.601284430087695	0.740708084652222	0.6405410057124713	0.4170620202281179	0.18591278927710836	0.3563221885408416	0.4802899203925964	0.647523304531114	0.4971718957550937	0.34501395969242626	0.4750343413296419	0.4267430689450214	0.26643326333093803	0.329785872009668	0.8602273013472814	0.35981560906441307	0.6332135902133108	0.6105419447013979	0.6111243404818131	0.2565968253408635	0.24319857785869098	0.49681685718120405	0.6533240732451107	0.5315984143537852	0.5062656800921989	0.1918811571551901	0.6321683231249289	0.31765428865711703	0.5604729318582252	0.6289661245419953	0.6622538958909843	0.5805689759811177	0.4339939879107161	0.7602690711216294	0.4018914834749053	0.4857623948582493	0.7694125908725356	0.2000888647622523	0.5517693589734701	0.6188883365432349	0.19517751594343125	0.5523074584025445	0.5493530992738339	0.14524799818332368	0.3354356729235297	0.48114909615104184	0.4875557990060723	0.4356173744137076	0.49174532946227334	0.7868790812809443	0.5586225335331703	0.7173452714971742	0.33801271699714	0.4824592564627569	0.7303548784541248	0.36142286072561125	0.5654830555930803	0.5949571502355863	0.6348160207027244	0.413276038895963	0.7429684902147055	0.6739177525882905	0.397560468997583	0.4291977224350465	0.4338166014527593	0.5340576111999535	0.5591889985696756	0.4899162004541737	0.5691681806616407	0.6011223119848489	0.4100761748745529	0.6789463666497386	0.4470362994040076	0.4761688495108009	0.761848317905049	0.04213625076489336	0.24429007543959452	0.5469372938489234	0.5086030870971646	0.5024325937825886	0.6853501875949488	0.6345229074966705	0.5740865581014466	0.44880300030542153	0.31826845394455017	0.5491378082409314	0.02720549239497505	0.4325575722426689	0.5453275379232613	0.8677291556094018	0.36268262339116375	0.41196567958552455	0.5717617790131337	0.6375681867702039	0.4629415771784194	0.4693700601138483	0.8364761150914465	0.7011315036243331	0.7511512794432558	0.2576249655892133	0.34111853488637567	0.4781151072158489	0.8017959543435311	0.4163474771704859	0.9639883840810077	0.4938808624435888	0.36199665929669045	0.5884759108995091	0.6123303591233216	0.007221399075432233	0.3919947098383567	0.28248491072084	0.5640252430248858	0.23090291334115523	0.3888599859304215	0.4576699185283702	0.5292010889482581	0.44851419374752455	0.4942389767707174	0.46565290155555134	0.26976568610109436	0.3685153126236329	0.2985436842554481	0.6435280208949624	0.947872916294864	0.6851981438407474	0.5486348549545451	0.23348207521080555	0.45156879460063637	0.3810192107783967	0.5036194778954959	0.38102340367821047	0.6473789158873242	0.41463615736083986	0.42307953360685624	0.5509783097334446	0.747269599536706	0.247030759938443	0.5253112352641153	0.5272440418052902	0.46928134456924137	0.5163585763185551	0.7383256449210492	0.3816981693921153	0.4448248156260243	0.28173959449657776	0.7160498403230259	0.3788376500943279	0.10341863671910101	0.4885409491336017	0.4585468663037511	0.6769082255198278	0.43980734418276385	0.47274265261582443	0.37683839544615333	0.24718003887791878	0.4043332316755918	0.4793170092706648	0.5897396816843082	0.43547842693804967	0.6902502996757561	0.03003570441531861	0.6956685832362046	0.6043205608745288	0.6550794384638909	0.5593658730098261	0.5336956178598852	0.34713091860352635	0.7643952287372462	0.7184776699257529	0.5776324784607791	0.5380982158563704	0.3365014611908685	0.26883249201825143	0.5588233814766791	0.7481291513077278	0.7191364214225408	0.4014002231318001	0.45120215804132247	0.4335157891332817	0.6758710578776566	0.597790183300571	0.6668827790935677	0.3321769924348376	0.6268495889991591	0.25428993835555624	0.7263855373919038	0.711120505151344	0.4289683813043025	0.6996544128168984	0.5163385914082971	0.4924245197761166	0.5353632726916966	0.478384830884613	0.2581479441062662	0.537304206164384	0.3988188116005065	0.2248205167311465	0.6900736866023018	0.17676811647051371	0.4415042155641953	0.39415660443661893	0.30043218173479924	0.5955136184987154	0.23838885710295066	0.9077826935791765	0.7370754970030048	0.40780963105301293	0.7302524063279396	0.5738585630827553	0.5978294231838502	0.29482709797228573	0.43893170278019555	0.686655589325976	0.675492247265438	0.10829558300811193	0.41984965105803446	0.8019402184570243	0.3857437770703944	0.3603350009182388	0.1620148855707388	0.6707324598275998	0.7015679348470996	0.5431616899022187	0.6665778424331603	0.10986245835976038	0.517774520088982	0.6313126458072055	0.4680304081867729	0.5040065199856697	0.5597647570276922	0.50864244901451	0.5959347876415938	0.5498056439423713	0.6038400981990211	0.6583618289075954	0.37238535895344593	0.0	0.3904494626553881	0.7878163689066031	0.33167642159484395	0.34724591288158246	0.7018608508745929	0.5772334985921055	0.3853292822108267	0.42525635983400467	0.4279794227058552	0.6863156109153086	0.36292682796030584	0.6532288697318351	0.5870478374078717	0.6752213845959941	0.39795464131567454	0.40528400674292175	0.9353698711832803	0.6067876618810615	0.3695176227772519	0.2028404467803691	0.6782716613704087	0.5613289731374732	0.5777028082338996	0.4476480895825317	0.6405877737396551	0.4620819242657755	0.38017730910468306	0.6705953609556687	0.42810587632492625	0.981459959104307	0.865697372097957	0.4521621745405555	0.4542113184725863	0.7515080148652102	0.43538215068352343	0.2621601926222867	0.3818812042608009	0.7342324857509853	0.33821494485923687	0.7037920656493626	0.8082715471885691	0.4469355690392064	0.3490050529119466	0.6098327563974069	0.41647542604157295	0.4421143986674693	0.6847164260514509	0.14570733618683052	0.7122333693237131	0.44375395679325547	0.6991505858663212	0.3204484291022122	0.2112294907311814	0.36645651116542016	0.6463963469952176	0.9594749673771421	0.2247439436136936	0.7029199025119239	0.38331777948526274	0.15505795100814374	0.4673609342874703	0.661946777226311	0.5372999202153902	0.7044934181014406	0.5174046535934018	0.7000083015049354	0.3642257035163454	0.526168625322662	0.7639734201070643	0.8254197143507241	0.6492706470021948	0.13657546187258945	0.32399490626228283	0.2296283360958727	0.4229747545331296	0.3945036103567495	0.4501244554803506	0.05883422813053879	0.49509178689824385	0.7307671533203662	0.26729654087945	0.6227142359234558	0.4513508187834395	0.5736585435821326	0.5583725995048417	0.6014896318885442	0.5858927357242851	0.5895892008515	0.5103691143153275	0.6165382762445829	0.3538447550319648	0.43881665718473406	0.6880510842671186	0.5463576179336985	0.6192276286197613	0.8457675548560248	0.45489575490290907	0.17795745209069302	0.47910333227227125	0.2571170060346644
grizzly_bear	0.24632132115937627	0.29197183804214355	0.2147251184520293	0.40223426065239654	0.6610793757640963	0.328917610564711	0.6370258944682807	0.4546794990888551	0.6149757950425441	0.5309972754637121	0.48944548735911664	0.48074940596778976	0.8179068027567176	0.55204398153196	0.8853531970774973	0.9074136927189598	0.6688042745659264	0.7926880651360693	0.5161524564686281	0.5323900537050918	0.35978162405191794	0.49609156798767073	0.35110567248742486	0.550610431760714	0.28209514952154974	0.8350870763958211	0.6848477805927964	0.3565087632911309	0.616479360829014	0.588041317472833	0.5319556665232508	0.30671242017551953	0.46435214083041493	0.4686168441153997	0.5520553244052558	0.6080525998369616	0.30256537686687923	0.6968214634319579	0.7338498604648191	0.5934647818839291	0.7537236114730106	0.6516454062108663	0.3692172034262538	0.31817991756319075	0.13350408724078244	0.4411999013460716	0.8504414488155053	0.5100465317537235	0.696191110236712	0.5425359791338445	0.4846048033871362	0.18159194122926056	0.12403943979119186	0.7050886858969808	0.6849129390095494	0.3835030105323237	0.3966030270280956	0.3483339345398754	0.5819282732890992	0.4661367163702791	0.5153676629375165	0.5777895487934349	0.683129660492352	0.5502935286643234	0.7351061808892152	0.38880431695458134	0.44172807607693193	0.48870870803210287	0.4052051181525878	0.5576107433512059	0.746813280959708	0.3648136656245052	0.5887956506171258	0.3083560183254236	0.4521507468194774	0.6477226724062102	0.6616087573643008	0.49544472238751036	0.7088594120272946	0.12060898969803491	0.6228696278708081	0.36663794604170324	0.7404292740737517	0.46559079043557483	0.4738071995356965	0.3221205283360184	0.34309001442226195	0.4007581735425039	0.706146653104743	0.5439248616947088	0.31002055549660634	0.6231562509626212	0.525297293104706	0.42153503889784044	0.32156847907464103	0.6563798795145998	0.1987462495420949	0.6280789972241624	0.4393483509116689	0.21733433084446385	0.42205745838866726	0.49598375972046777	0.3296252326615836	0.400594361112751	0.5216457337942306	0.31616246265856923	0.30493993159279575	0.5141048022313186	0.665350709690357	0.4720161964687478	0.4843489994979788	0.5708787278219992	0.5686800561567216	0.6356052907371651	0.6824394262070003	0.5119873105784494	0.3744069248830605	0.5728048704656868	0.3400744099351303	0.16555772705802746	0.22445919233280762	0.38828025533546756	0.5464333291616223	0.4364724604098225	0.737936777934152	0.5812034435374801	0.3203844619942192	0.26618921610278906	0.5130423294092346	0.16367388264873517	0.3686023158712016	0.6907229484517938	0.57589895965297	0.6348762598287219	0.4084939066769052	0.3609375391571733	0.7287707350310352	0.41627253920966256	0.45669380881930355	0.4910889038694657	0.5051741430962671	0.36194008088483753	0.3755306955620905	0.6332769922555015	0.4762805625060426	0.4577707614594239	0.6815250901475277	0.7797763164571568	0.5002441037813457	0.597124192296879	0.3937049394526739	0.6282659079538461	0.36848232976431416	0.5570349148211816	0.5508382446286335	0.5218721697791363	0.33201721887176877	0.5802428991951121	0.5671316118394713	0.41644120212724645	0.3624514284149527	0.5923791234366869	0.2929760195657561	0.5679799183870118	0.1468994575346093	0.04169452097142057	0.5444011115019666	0.7136188783327285	0.5335310620325046	0.5511178949681749	0.6174288502729139	0.390215797359971	0.3018710065448279	0.7941501761607331	0.6669743891342922	0.770785336149236	0.3613708997978184	0.35169195263680786	0.5105751282120381	0.35090244630876055	0.20561852094577054	0.613924961141407	0.6320023533786376	0.5045208657482552	0.618488957911969	0.3737316285409718	0.3746949613803999	0.22205343590023313	0.5840499598460113	0.4220326434208064	0.47492378506614363	0.27583947337192705	0.3151214232689381	0.3456483197982968	0.31213134003589493	0.43123879177383495	0.6464271392244382	0.31030935274951893	0.5577422544895269	0.30948314193452564	0.45101051258362906	0.35634567296557057	0.21713346725418653	0.5115941082924534	0.4535236320251647	0.5870093756180311	0.273643002424467	0.30899969737213245	0.4270827471377841	0.9123361759919472	0.6001919720694848	0.2748357083460163	0.5871378615198776	0.23216859433467618	0.2678259031947926	0.4486039019486972	0.38235930426710507	0.6146388912192319	0.23986594808286743	0.5763908059778805	0.33532245091770113	0.22215853562089583	0.48210251562718887	0.7967736420248415	0.5611930974415411	0.22016224953870092	0.48821787139134065	0.3624535623123283	0.7323018254366958	0.35263975491883176	0.715511823533415	0.3622354582805809	0.5038782950614223	0.05272904233675718	0.4792117011695586	0.5633618303461496	0.6666748955036756	0.6167051627740656	0.45747917357263596	0.5156353604767162	0.6361762145339032	0.48346774664687153	0.6406964564557966	0.44638987801646246	0.3572635168353331	0.9999999999999998	0.3673999780112007	0.29915434467344176	0.603637118649392	0.46816022610586494	0.28600767611849753	0.3958191622250933	0.4812235773848975	0.7953300103736577	0.458192210934023	0.4662408218572254	0.557114334366088	0.4430577810912223	0.8814609127154678	0.39049490423279565	0.624889763854161	0.3405473129485507	0.5361250347102086	0.42939134264897677	0.2841866373619649	0.6480298977025526	0.4423754474139986	0.7862559350776657	0.6705710272930266	0.6707968245530399	0.7624270399623495	0.714379664447582	0.7815687099649589	0.35570018060683806	0.4304691401673397	0.5054450404646628	0.5190940288868507	0.18232781251659352	0.6359590237448577	0.5833991478617182	0.9708219135180526	0.6231499649991907	0.32834500831319524	0.46365226139917914	0.40667348450749896	0.27846362475667447	0.6126023336128633	0.4317497610602567	0.3765303277753599	0.5520644158530396	0.511696099496417	0.434006308405015	0.6257826981598653	0.19972142421927802	0.4217359393843622	0.6409486475242167	0.5883172042255014	0.5484715979643356	0.42358744035861795	0.6193717151058743	0.5738994639275158	0.5063251094222085	0.32480940336110375	0.5872357353576423	0.5686257916829804	0.5019395473351558	0.1637000632774011	0.5107502455183549	0.4002614786881682	0.5474847012289837	0.5076557827866202	0.5589660228567259	0.843328689025441	0.5251777396377695	0.6792410820983075	0.49562721048895486	0.5298144284877986	0.5581210621560605	0.5594020009719417	0.37001454290738556	0.6653043309548692	0.35809822004287517	0.5531265633253943	0.476331293839109	0.4525063858199127	0.4527500583110862	0.4111772623372159	0.5929127169831407	0.6226915744039019	0.4225764629954154	0.3743505996727846	0.45372919819445734	0.561620587706188	0.5660840945971657	0.5973404294396821	0.5323168319007846	0.3673910233489533	1.0	0.7075509656163427	0.42877480559694386	0.545133711553889	0.71582335146141	0.6138780564282137	0.596226930621966	0.48532542056563077	0.6215574597521494	0.5362782950448697	0.5543733625833218	0.5488167679618849	0.40201430514638054	0.49175637115597015	0.4908216550610197	0.6638898192953988	0.39672604699567005	0.7503561269416361	0.358898441871224	0.29404249021204804	0.4953139659170608	0.2902495091169597	0.41382343775208164	0.4708715196595224	0.0014134763752218227	0.4945852257843514	0.6812044391228113	0.8808567339770668	0.5388983194641328	0.4916872106726632	0.1190179737211064	0.5381684707223662	0.896813912974208	0.7744357810694255	0.4262879759587761	0.5730253337106501	0.7606363229412187	0.5676708157238892	0.6468826539958352	0.8304681788991585	0.5908346807423499	0.5843757489381086	0.3791069450401826	0.3124702850476504	0.4685346723212128	0.6452908647551467	0.6287542871224595	0.49942374011814156	0.7956521280619699	0.493258551948192	0.6087095730100764	0.6194359161123036	0.2996745261848295	0.30295024113370306	0.5605163209450351	0.22234145502778102	0.1080279230074832	0.4238576705913577	0.4698818635000733	0.600301251523192	0.3402484908068645	0.49231154322030474	0.5518302756000045
guinea_pig	0.38552842880527505	0.6825206176211143	0.5130232697287502	0.7471359165706393	0.6595275785631975	0.5278163023930867	0.9218103076760245	0.7177765995784064	0.38820157314242604	0.38997445822590426	0.6677738231085466	0.42452961543645534	0.958130400300818	0.2646238595835245	0.547202628331271	0.9132921418244548	0.5002057916405498	0.7139699765401163	0.5598103674823833	0.2765678412691349	0.5815417880671685	0.5850530061533151	0.5642348599403828	0.1523205976675835	0.19814735049013588	0.5159635824489399	0.39030412226488387	0.7200925367794434	0.0	0.3445948809422961	0.9131248462560129	0.3931286324252667	0.7317930152000043	0.6311512080528989	0.6799765587336599	0.4606320099657473	0.2682837779056001	0.5924568625949238	0.332588062919067	0.332197026538269	0.6828313887196568	0.7129509252522913	0.33578145979545304	0.4655623108005875	0.43700802420231094	0.49965721906906435	0.6149389043791369	0.6495672584569351	0.4458431141647352	0.45344545692371974	0.061218193440795765	0.316096537490244	0.17232571834060517	0.517123134589787	0.6350230667488516	0.2288080300435582	0.3509180328548599	0.18743388595216345	0.47546365908968957	0.5067121172865585	0.5056187291374479	0.5665307541077841	0.612348361305886	0.4736885141035126	0.7975955917919068	0.2750137589638178	0.2689490143751437	0.5988302821911067	0.8033965868894435	0.6055433931867495	0.4394179453907056	0.314165621582575	0.2346924460667708	0.4401269230694244	0.43962649240377083	0.5868720797713523	0.7622964485402773	0.5471421897201629	0.26524239249896325	0.21977279264891336	0.40273024990472944	0.5370518707433646	0.5993845238425257	0.56114947726577	0.6906580755885325	0.45160535548653524	0.6604289575824064	0.5074894693898209	0.5718395410374373	0.5037996198955506	0.5135638274383016	0.567057591698855	0.6256467554629745	0.4725067237278918	0.48736610604129327	0.7047224704050279	0.40358044575026747	0.4581600623577659	0.5560033631949449	0.6450469054585226	0.0474662102393556	0.6115824263430654	0.47367422297829886	0.3004252697342021	0.2504880066700336	0.8152954164044655	0.36746059368134787	0.5743761995296134	0.4134924882729239	0.3956105298315241	0.7841256486892384	0.6170525603403022	0.38581990553333273	0.6145019150489471	0.7648643663644417	0.559471848273347	0.49630847357234453	0.3275856876773594	0.5092289008097072	0.6052698493216515	0.7009371910095449	0.31842063388686226	0.5853242904682565	0.48171032270278685	0.27269141679672604	0.1606305105064395	0.5820610224697365	0.4022889103162271	0.43860808492354664	0.46126228347849896	0.5693338463651634	0.4812301801463348	0.6069131791981555	0.2951465413926956	0.445154202016439	0.35342380499788406	0.5317498765893763	0.4719845256772965	0.6938437160392283	0.37406416514774216	0.708503249472788	0.46789369755435234	0.48337109862006816	0.20102268775551094	0.42104225112856053	0.5206299870890648	0.33587140356058365	0.6491711024914337	0.5807825893096186	0.6693006428046145	0.515705227455354	0.5175410436833365	0.47451220436151886	0.5163604436016347	0.4720562901900012	0.5840142155819418	0.5784169704030986	0.1751232571446371	0.5472775644348745	0.5263225861965151	0.7200016369847695	0.2885777228844958	0.4783971225326341	0.4829442057347265	0.36957940405656065	0.28953952817273365	0.48832294915238944	0.3031086330063931	0.46880852355405256	0.37724461239709267	0.24410041157218032	0.5441748763583522	0.3475487087780459	0.6670815903193619	0.6764539234096998	0.6640057408579998	0.2240466526319	0.7295343369213442	0.4722507102424539	0.43727015838767236	0.408238526780581	0.24720402032597738	0.40012395536764084	0.5123505735499377	0.3171362761666048	0.4720978019482834	0.3251492227039336	0.44887345938679024	0.7649787227437225	0.4276760031139794	0.470191645281335	0.36493242254343616	0.5326247291764784	0.22383175084063536	0.5070384720956448	0.48927536301431523	0.655180817927333	0.6235178816865811	0.4887554932048612	0.4034364564821603	0.4443573194683611	0.4639105751623075	0.9623402372278975	0.6003675086815259	0.41567614033709355	0.507517623099221	0.572623759561322	0.5814338554363884	0.518260119753992	0.7104658645561929	0.3240601257907116	0.8108601649632856	0.5812058721733732	0.31372202062644	0.42377377572036423	0.6083117073685325	0.6765593488723746	0.42696895854710376	0.2899154540995411	0.7559522939244596	0.31256588033504595	0.24689927913033954	0.3707615602033614	0.3185289335578988	0.30716501619498315	0.5900065267423421	0.4569889781188136	0.4162547891200844	0.3781888976903266	0.6860457162606308	0.6814449576807191	0.4949819970642961	0.6965324425913645	0.48169859485523314	0.602415342325511	0.3301519547885391	0.4518851100969776	0.5143540335215285	0.7814320735587497	0.47699758318176333	0.87659279791986	0.8668592430722987	0.6092208725424865	0.6275877907384368	0.6682596967374589	0.9398482148499059	0.3680410268391179	0.27315994614444133	0.5957177318515384	0.5056032895429229	0.34013940188380937	0.5873538860833387	0.5796151038147811	0.5472522074931151	0.6953762907363809	0.5006300816770161	0.615458697981371	0.4705031144803891	0.30606235948078253	0.48077108663203705	0.07121326615863344	0.2801244191645058	0.6188188927892782	0.5474923904342666	0.5632097405220149	0.5074572623704962	0.6744874931878625	0.6305063292954627	0.637875060797207	0.45052989224585777	0.7248754237780084	0.5208811156292055	0.40442564351787386	0.536001354131464	0.38715341203788656	0.40465549696670855	0.7552504771452142	0.7489687363076221	0.43103282210406435	0.5747600202245242	0.7066183040332514	0.6163475898456275	0.299962676478779	0.26773166681238036	0.2903456364620049	0.47420448967258816	0.5647296638557876	0.37252472831706934	0.6015580059592593	0.29425075503062104	0.3913110083854643	0.4673112147339449	0.5153942396288581	0.4180751523948216	0.589511254863776	0.5672423296523869	0.18297412544163044	0.5076655876007531	0.39827946626971705	0.3532638578922327	0.3368376213486749	0.6035271910875678	0.5164668747161845	0.4834642034690943	0.5743652252748769	0.15237169584519483	0.6054632874736404	0.08162736046335428	0.4256781679107127	0.7129113815192921	0.5014459344234462	0.881571126043514	0.6515116983101109	0.7798929359318076	0.5557074844739005	0.45667840872815374	0.688155085377186	0.3104088079137742	0.43824116233861227	0.405616586961019	0.424428906974442	0.5709963067826345	0.3274802187586637	0.5236332450981878	0.49149682010671925	0.7232706191526008	0.6823336646486047	0.5061850451372889	0.7613378705422432	0.13251167248388118	0.6607687339864534	0.5186530377008424	0.4501696862251247	0.2702874295872707	0.5060769261740462	0.5262030071903392	0.44052823361385746	0.47657046114204205	0.33673414373892085	0.42795585346550136	0.6512320983679458	0.6196602477855713	0.6114280829388061	0.33616777718001284	0.6403339356098163	0.49584233137512346	0.6602550689033937	0.3795245029672334	0.8867850016977639	0.02286526829471275	0.4602759920911007	0.41016520937777756	0.48363677269859073	0.35388355037225283	0.7471523088478078	0.5136521955352955	0.5289865694980832	0.8247617505125927	0.2984763590654048	0.4612817107127426	0.33949838401705457	0.37003820675610244	0.5568542037623097	0.624655747031021	0.5914506283789597	0.78073329335231	0.35427066303875954	0.30840781178196097	0.613824358610459	0.5923520555509024	0.4240839877699604	0.5300420023194937	0.71536587597165	0.25685031020410226	0.36406401478586387	0.470182189418031	0.8097205521327877	0.5205229099870088	0.7570746225916063	0.5328795038722957	0.12754267384515006	0.72147090914585	0.5096263024156054	0.26556105899809984	0.5564667351760825	0.300558340140695	0.6401801664948048	0.8217461587738665	0.3946068256661793	0.4711958667127649	0.560708418587869	0.2784291588269212	0.46338384439920305	0.5319956623596295	0.3846483153740702	0.6877929970098726	0.46869315126031785	0.42540159770407476	0.29614949634600973	0.46583542685498364
gull	0.6490949378136217	0.2583122476437154	0.4988379776624495	0.43710538464229576	0.6356447919909742	0.4594254494303621	0.37764877352190096	0.503934783485536	0.41255758011859456	0.6051736336039774	0.6004070021174348	0.1256492347330772	0.27414681440330796	0.683266512768298	0.6023301758169024	0.31064334297823637	0.6925411077850187	0.39689832605540565	0.5008706932882374	0.34069794653354274	0.4344397475976588	0.5015876425687406	0.490289671191327	0.545155413900323	0.40473669453821265	0.66877457745175	0.8953101773840186	0.6698909892464436	0.7516101044838149	0.45573805294598274	0.5690890359266223	0.4450248197422788	0.5214327117859211	0.5455306125349871	0.47090190310631197	0.6375041973544255	0.34260228746261356	0.4878774746117183	0.3067961504194514	0.6185236751773995	0.27976444371869386	0.3933016155562302	0.4412079756202331	0.5019709710619233	0.49548579277937244	0.6679843400519726	0.7788607214518259	0.764294740719274	0.8024516698630577	0.8366588121683968	0.36626289752670027	0.49094384573343164	0.115527965832593	0.3348067568935261	0.5505594137614518	0.37182992535587217	0.13197947701730428	0.5652520836485871	0.2829650386554367	0.17530770425799974	0.34848399427393373	0.7623547214452202	0.43356806685606203	0.6790884007964172	0.329941019162793	0.20632588270081179	0.19145169746901727	0.7934462445975399	0.5078480747306139	0.7406136172847744	0.44141447895615066	0.23206240379343354	0.5265377875565901	0.2855631861844003	0.2530915120125297	0.18344393583221416	0.6050936081666604	0.24757605779027392	0.2409124101815494	0.8758987105137759	0.5124176658635848	0.5948077075631254	0.4565421065022901	0.5029790093648632	0.87284758568885	0.6153119485888084	0.4105819619537138	0.2341956215162866	0.6047586482827031	0.6958481569484936	0.6045819667087627	0.343824002465581	0.3064193386256175	0.7522017060959937	0.5750751041873228	0.5662589612141292	0.42187627575208664	0.5918881724791893	0.640287588905959	0.4198584502717545	0.8727078341175281	0.5512114300528373	0.515470073885528	0.6454308164777176	0.6961445558404218	0.15359038231125935	0.6369583296908485	0.32423897909400845	0.6264369582575409	0.6066796398992742	0.38042535485592577	0.08686078483613885	0.06377772060599107	0.43443270553678526	0.41188264606701885	0.5746622414398455	0.742968184935834	0.5979496884774915	0.29579612291921087	0.24449686162586196	0.41709854704824073	0.18232756810359074	0.5360028074850277	0.38729984718182725	0.712613418131038	0.2988782311061927	0.8844132181722195	0.44918137960411586	0.447111800273693	0.5887869040266533	0.6214885017911804	0.5329535982118117	0.7716530974349554	0.6442693663598497	0.9652211062961431	0.9594408742671796	0.5439043898670647	0.25331736400791494	0.3822707201552282	0.5580611681397896	0.42319002868391514	0.8699024629970102	0.8371426206780223	0.2799975645765377	0.5614377855646857	0.4791972154072419	0.5594534780505526	0.45708502269383994	0.2957668099367113	0.1547281971747647	0.5261274649634594	0.5594273324553181	0.5229010693602544	0.33667838152761675	0.16452653499914366	0.4952997579237972	0.15514388596008816	0.761938358608643	0.7086398187765761	0.6534223025162558	0.5026505050134087	0.4116752095632091	0.7826093921293449	0.16504389696871669	0.6883540586171191	0.609598994523916	0.5236985418698042	0.49952817866308563	0.2540701048174996	0.6947631706335088	0.5123469998304786	0.7104441390674363	0.24559844709729584	0.5157559041164214	0.6979036014325399	0.6994541338318694	0.1083435174927029	0.7088811694047686	0.7326436539843661	0.5121894508106152	0.7862727788051561	0.6406958782736755	0.730437223107351	0.5283261699343397	0.6601900947500019	0.4637956771497055	0.4308576985273642	0.37756835196440663	0.7889999856159101	0.46616398464729725	0.2106170788930322	0.5448047283704726	0.6652757183554728	0.3103698593257365	0.7879207424726322	0.6191486797870595	0.48791504495894233	0.4616647479994034	0.2971596414735867	0.619996885379537	0.6720892828913821	0.35080079515910884	0.5882924384195708	0.687243620845994	0.6154570107912504	0.7249786352757766	0.3952531070573358	0.37340733551590355	0.5600660552137365	0.17021611903621586	0.5996502952254699	0.4409520267172387	0.1825362696217112	0.5662627714332638	0.7489210740857865	0.6335118811862546	0.4493968718232616	0.5667584516499468	0.6307010156616801	0.18012881842392153	0.6460081502942326	0.1843749319793418	0.6767821832111406	0.6571604317063828	0.3627990954667431	0.41025322632913136	0.46002113856505916	0.5170159908982015	0.38228430827833004	0.43794928824844115	0.6162471663470054	0.3671435902870687	0.8117095795913747	0.44727920419763806	0.6808090821597863	0.29187154380013475	0.546107913452358	0.7428992920052753	0.6486810865229404	0.0	0.2441860597373628	0.5820736574425482	0.6072384075441308	0.3049429497748963	0.6228922912123697	0.4340168373264115	0.4842570346678828	0.7622956614404571	0.6914949562740548	0.5645045961602828	0.4338664866829955	0.5641459083701447	0.37944230561903025	0.29607035486030076	0.465520303788021	0.3161119807877488	0.3085038427095964	0.47912345527583183	0.13249179623926965	0.4829370161208134	0.7069298279147922	0.2908719352979616	0.7198000177013373	0.30309872253090575	0.5179333292002701	0.7708372042801773	0.4571998039604677	0.3778407687431339	0.4881270475024	0.3693750510432184	0.34872276090719967	0.3841244969162634	0.47527450727727816	0.5881532235409197	0.5301119934534975	0.5934912810052646	0.33951000008133986	0.5613650238415508	0.7448644533641117	0.6762377089287784	0.4996960295453865	0.35884909625739164	0.6151575993030862	0.7094139987114398	0.427211743604316	0.8500836144119677	0.6818170846272172	0.30713046814455547	0.6145865744361898	0.27841360442184326	0.5316201748230768	0.3759688094601932	0.7981258998772043	0.5892983506867007	0.2912351788946387	0.5249354532826392	0.588171806508123	0.3938350032398175	0.5956099116805615	0.5489889420086496	0.7041107336654402	0.31095533080412396	0.7331879345126837	0.39696344924144966	0.42126450176287544	0.4016080246434214	0.5662393099232923	0.6525368725366871	0.38325303998951066	0.37919763221626823	0.20466883310971073	0.4449916460383998	0.0	0.12535179193542417	0.4698327019205749	0.5474693470487626	0.41532838493007923	0.08873882967578772	0.896134205567763	0.5019898634483505	0.4935645323837379	0.2923983813363038	0.640392511209227	0.5140192367636556	0.41116011689677484	0.8202166870004253	0.4400252022082066	0.7414290993358219	0.19526545333573997	0.5750302180827084	0.9135084044513083	0.18243108476424158	0.6502746072681217	0.32113444400762525	0.3811594271760478	0.2726294423008845	0.4254757267199413	0.7555383031050833	0.6164390333246508	0.7089616340862435	0.20515226204884723	0.6036963718936664	0.6751932428004795	0.30106392160646445	0.6567153134839743	0.8412167667466148	0.509720496413331	0.4815559147201354	0.7283280007373489	0.6597002903973261	0.33097104937938193	0.6073835946704391	0.47124921122264146	0.6049256115182592	0.5573226112993941	0.5561137896148141	0.3203335618920886	0.5153023570492505	0.3342986920854748	0.8990122095477748	0.27207826514231576	0.40189967522816994	0.6659627770658025	0.5965634909036791	0.2623267377553161	0.4654169937233391	0.8281225401535652	0.6795470565967233	0.5579639008819045	0.8368325354437768	0.4008660568918631	0.3847775425465629	0.2720049448453823	0.13609151442827244	0.6909947410726894	0.38197859605796103	0.3479270079558282	0.12309132283098789	0.44424231035649087	0.6994933189284178	0.2986261502234442	0.44512926199719255	0.28449247621268	0.5099206444039412	0.8459620522504698	0.248751218251858	0.4119761673836292	0.5805902950451989	0.22151539251056923	0.5445256886925024	0.7182328253189565	0.29721266123464873	0.7583469854271503	0.6547661661963562	0.5048997571628222	0.1376583001427918	0.4421572693436584	0.28115368794830625	0.4755093982762099	0.17867762046737873
haddock	0.7623818950367132	0.2587275018969643	0.6404996452153643	0.5986891663165061	0.5259257501799228	0.8028747303804166	0.6244137161476974	0.32708605355218323	0.5051481112269317	0.46537663905600024	0.5574039357000382	0.6179784427501295	0.5053537349336594	0.6465699633497926	0.4523812925100421	0.4504402276284293	0.3767460502955261	0.41816190383293683	0.8836426808333864	0.3253779402169812	0.45220010106475383	0.5721174948714723	0.4959063896925021	0.598625787992487	0.4411879762155605	0.6484284700280787	0.07581728941198684	0.620730772513867	0.19852198735292015	0.641545767358472	0.3949680142067503	0.5825359960178736	0.7099872459933991	0.7177613642539538	0.8145256141018067	0.533882421427877	0.3686271269823289	0.5386001934772262	0.6110795696669709	0.12631432746590632	0.7856539365977296	0.5181623357641084	0.442299460921431	0.5310118830188303	0.3282183999007024	0.2992293531405753	0.5544409253195357	0.6187611023242078	0.5934663411140995	0.4665721595798413	0.2859277932975762	0.4396284118757337	0.0	0.2569068519486758	0.5800520693043383	0.5381597115484826	0.8583557494891718	0.565088538736675	0.6122501381271974	0.2784755047026865	0.45151138811722497	0.6556016021266793	0.4693487285080838	0.549988332491112	0.6654005216323566	0.6045203884262211	0.6156027087914234	0.5576621942147537	0.9113967270903877	0.7799462561320307	0.5086188499037761	0.5423064462628844	0.05767173572243367	0.47643534841213864	0.2779908465744441	0.32870993725513337	0.553365043676564	0.39736052613304657	0.47295043577472456	0.6424539087738924	0.21410115757855144	0.6168437659022045	0.28188523805917787	0.2188788233081782	0.7744249320817063	0.4376684180813149	0.649843655605767	0.47606453817355515	0.5565640128344161	0.3383639753476049	0.4100436777686041	0.4699046650153359	0.5742491998055584	0.6267692992498934	0.23286711787173697	0.31224131781184233	0.31900160083463347	0.6379198933149838	0.5797473128151731	0.6344217178860951	0.31990743647776765	0.6403871375438649	0.8350326911315118	0.5160208318009856	0.8800041163127699	0.5025144019033011	0.520995527720484	0.7149435889209516	0.5769829106376692	0.6839190769555624	0.570725205694533	0.6437923189227016	0.5807798198969285	0.7204054071756492	0.4594833228212199	0.5949991910935304	0.521479736854976	0.6730344003790436	0.5122041792792918	0.37988859408712033	0.6253243909033619	0.3480392728303585	0.37133240811471274	0.751486624746644	0.15995950486682164	0.5599785199125542	0.6838055851982853	0.7443531213897596	0.4105699379512381	0.479102775108585	0.7446038709003953	0.3543674364691879	0.3514793214099974	0.9756797595546145	0.7259959436882585	0.3714091740635403	0.2639389805169565	0.6187027508472189	0.5749287953236458	0.7458777544618078	0.33945436166016746	0.5696315136411708	0.32897761143690096	0.19719176676774966	0.09989024320572887	0.48888538502273493	0.42658057159322743	0.5143330797131158	0.44825877306069767	0.2572296225619988	0.4173745007274741	0.33764795352969446	0.4278295073985793	0.23654642503103554	0.5341003049947375	0.6327788275583781	0.480931498054161	0.20411511646551023	0.46913266253054076	0.5307682838347928	0.6097588932456253	0.2641549187944633	0.4224531820477888	0.19635822525336505	0.0235438289975613	0.3722513923871571	0.7561576172457626	0.5127272250816988	0.452912223399367	0.4491644677664243	0.5482393930536948	0.5801058591299142	0.5661138667590719	0.5132182214721502	0.5304803516118597	0.23202348749064333	0.23896830734940253	0.4201428726606249	0.5081346586675541	0.6016534418975427	0.7059512432798016	0.05616230030684999	0.685133817285928	0.6267771226613389	0.4055190341263589	0.28645051178792774	0.47002646396807196	0.5891052204034619	0.300288111811548	0.6293407881751502	0.4792647867659102	0.2955165329763044	0.8009762929061727	0.35138468140349877	0.4530411464810044	0.5721482790426993	0.08057507763217153	0.20774170706195416	0.5818299815645372	0.18790691418929723	0.375691320150528	0.22787359396116924	0.4638873542080487	0.5719134196344686	0.5327906167094784	0.6663691352761133	0.45043517903294095	0.6537895516519575	0.3709805609961314	0.6701633341452982	0.6883055620122455	0.3452063344630584	0.5555799161007863	0.0	0.5891217370016447	0.38732461442869404	0.5284672399288102	0.43039219393810435	0.2835536732041515	1.0	0.15633574269330797	0.8460308877011221	0.7709818571586726	0.517885772970057	0.522864118323739	0.7341343682913425	0.8556378447261612	0.5105789611027818	0.3850365647457397	0.574855977330819	0.49779441787429834	0.7748195687970243	0.3165565066172559	0.5292731683635665	0.7400282941418675	0.2605963232915271	0.4013730036179603	0.3346621019762819	0.4711422199027372	0.24882734724586272	0.515220373216102	0.7122960472862194	0.5773902595971944	0.07386904013146198	0.6392110553240418	0.43490586274155363	0.5293006938050651	0.33142720035210393	0.45977520950441164	0.5418471916629436	0.2901024267333728	0.549989046812497	0.5629104063420609	0.8384216765553267	0.23278470878900992	0.30808917851662154	0.4235768896586907	0.9178998629942008	0.7751552226477262	0.2634750263801985	0.47054802070658236	0.2663250039235905	0.977575939649327	0.6769233830548027	0.0	0.5865579548939066	0.4747186495951776	0.9210355003765516	0.7152970643212646	0.4117958605365617	0.6136559403632682	0.7402551816053545	0.5063014990468443	0.959895909070422	0.181481600304905	0.23676976791913312	0.3340225651721087	0.6241959972985336	0.6300748470682739	0.6071646216505786	0.36991726243266465	0.6107241994589812	0.5131754566143163	0.2598819486742029	0.46020712322399493	0.30831071764308726	0.755550641036937	0.6748426356840123	0.5471344678745313	0.3168169345605485	0.061767618039473615	0.3685924912312615	0.5429381306524934	0.5330686207539996	0.4617464702706228	0.20897856609138227	0.48028007688463326	0.6579826676279307	0.3144044307307714	0.4024559972179288	0.6727306841107391	0.44515762352427574	0.30171666492048965	0.1618579345515072	0.8060960936627051	0.37389867483739847	0.7254428160861374	0.5842080750716696	0.4067939773454462	0.6525997247149787	0.8832579674584455	0.6900516186175965	0.7749275230803008	0.34706685764616246	0.20956645903756937	0.737412330616177	0.33282659971274237	0.8277849049333379	0.2475413501032062	0.610494901123986	0.6210742940671463	0.5427688460514637	0.3293591048080502	0.98315060749957	0.4489515438564393	0.7622337685413726	0.46237756560501153	0.35047353048919117	0.41708078838470386	0.44797061274349986	0.5160460912499479	0.38662993536456536	0.3019089447153592	0.34646062818356343	0.7057026567884314	0.7941621774906952	0.49588157752901196	0.7919505821449693	0.6064109888384175	0.5246956199090032	0.8127696033698493	0.07705135828107068	0.6492088718193483	0.19444448632157202	0.0	0.3649748502393558	0.10228915519034187	0.5789530456765165	0.43156388006128554	0.6109331597191004	0.5819210729917134	0.5894599099867319	0.42270765388882436	0.22504465086463238	0.5191350856129971	0.5328953881207248	0.3035584531580878	0.6855673400886658	0.5575901582926835	0.6160850119276737	0.4730086128833263	0.5355060254150825	0.7677772101461686	0.4551026600433388	0.37398196066736944	0.4887873270029992	0.6377171962698786	0.4007979296651184	0.3042114003848992	0.4937751630124348	0.44219417275114037	0.3238759970192548	0.271534366360545	0.6355117605962298	0.4445881238666571	0.5984358264698529	0.36700032107825376	0.5584895042365616	0.5302310212184835	0.4592891624958253	0.48448012356205417	0.2958922394189372	0.7294511606316627	0.629000304444501	0.48672990949382966	0.5956955895233573	0.3451792897069926	0.5928007744016344	0.3330311729779054	0.5395832679111833	0.8038190992761889	0.6966750188171247	0.6820821664391208	0.4990426567937823	0.8885774640178417	0.682081950119753	0.47033429317355036	0.10895167045802634	0.3848022980683942	0.30907779074846303
halibut	0.5888322153184185	0.8940099919611082	0.3717797314178164	0.9318311112902362	0.8022705757243529	0.09271613008737595	0.547770538529591	0.5831453466405034	0.43704061755278767	0.582476274258622	0.27504413841815645	0.6383724756813555	0.4718062051672947	0.28266346142005183	0.5208281557147314	0.5552620815618251	0.5224325402834805	0.5876574707891394	0.47753675133059936	0.4182563722793712	0.6448916930104479	0.7121783316758084	0.6753556239192082	0.5278528772954545	0.2675640399443248	0.5180870425591696	0.38826859582972983	0.6792168072418424	0.7230137160930504	0.5575334120278401	0.6993606936546704	0.5105189941569703	0.8176635036383706	0.727088082029387	0.46379684272199106	0.966980433653954	0.16518306630820945	0.0	0.453649844000487	0.53761682567735	0.7004670048549317	0.14813753988089856	0.6607868247360982	0.7760884448688694	0.7239852287465093	0.4318246149766546	0.6536360958700059	0.5899787532909814	0.13856260346872062	0.5043495279833052	0.2530956691924605	0.5842348152616245	0.3570479800595503	0.49870077589346784	0.5080101102458686	0.2951697826693085	0.4254905927852235	0.34316493502682244	0.2687817835285202	0.43037747917008745	0.47365998143451443	0.05851586800423486	0.9999999999999999	0.4486261578323689	0.8660440203212115	0.4679175998590681	0.39977753288822987	0.2741458321108575	0.650664302045844	0.7839383973901245	0.003946791586634468	0.5491787378777315	0.6703744287339618	0.7690003759525004	0.7300626440757989	0.423340891265494	0.5764610345903995	0.43004401674108605	0.668793066861278	0.47686243306840426	0.582137801355043	0.216457909806736	0.5993586342244721	0.43284754988612795	0.22802746969407472	0.3348870884672471	0.734039392201152	0.3483183514968622	0.706511114561334	0.44282259861909873	0.43984022757990726	0.33872737079968207	0.2871687755392582	0.7154741060115347	0.39628195030245306	0.3582234033282372	0.34000416249286414	0.5865195168988274	0.6769939438340695	0.37301385184627944	0.540593434038818	0.295214560820392	0.30529208104870587	0.4330472426645682	0.36566626041824596	0.4220535517464962	0.397809792305647	0.4398203263712147	0.4423187786591187	0.23124839294585112	0.9038436788448763	1.0	0.25356135360943555	0.5415067705229746	0.74624086810125	0.2627162596925572	0.6620216460072923	0.4244591795060434	0.4714749527076877	0.6076184250973892	0.5382172308627887	0.28289394228174225	0.2688079232826115	0.37653868159132325	0.4698642509663241	0.331660403190207	0.7619796618866785	0.34338576285891126	0.5458386554688488	0.6128916846072389	0.18087602720892923	0.377430011933084	0.3869199562115072	0.5503238127838168	0.4896721152479952	0.5243285268133385	0.460212796746966	0.30095565881319236	0.8434210465170879	0.45008851826107593	0.4557654027786498	0.2991736688113615	0.5157863555441232	0.6919413608456597	0.5886213543232381	0.38897998262203526	0.5702091456997816	0.6077142959927355	0.5591826798584534	0.5508229049070881	0.6498069511260787	0.4201683796989656	0.2087809229006471	0.3484658031527509	0.3204547982450009	0.1739184188314538	0.28121194097187246	0.33710682789163093	0.5787846872084359	0.3461258091370826	0.5458308997913167	0.5816266089683555	0.3554827125504738	0.764799819589088	0.8753293245565219	0.5620691301814464	0.661200208948118	0.808962599022604	0.5602482610354386	0.197866423771635	0.3284020824138942	0.3095322111660742	0.5348731793687539	0.6870545924087261	0.2953667475126358	0.5986857070332468	0.708709004543672	0.46541116442017794	0.4424159509378627	0.22396155756200184	0.4806221993452493	0.20377039883712633	0.43040010879916396	0.4474274945545076	0.6639471853434995	0.4897339756199677	0.6523510696841366	0.3827550333027865	0.7677170853143	0.5921196974166592	0.4600105200463844	0.03200797124802235	0.4846612117099443	0.514864723480314	0.6640035994641893	0.6570498329538002	0.39090660108237596	0.5582679068694109	0.43518350709096865	0.1963237788849893	0.2718200753585639	0.6575775530977832	0.7484897087189142	0.3807999969340399	0.7709937158328359	0.5653118348107478	0.6680750844026858	0.5257966632123213	0.598564832435567	0.33154946848412864	0.6062333043474644	0.49162379855171295	0.3954882613811224	0.5265917187665872	0.1052987109725887	0.3362213813963494	0.4966552935171899	0.6189205578596491	0.48982791398236714	0.7391700363300877	0.6624734151974561	0.03992103449154827	0.040174834013823824	0.5213297678287159	0.8395235180741799	0.0	0.5329355932344425	0.44666961963724294	0.7998180733938648	0.2755145835260022	0.4741915542065427	0.7097215739848572	0.643942764491874	0.7412287778321001	0.37590740905704706	0.36889780320602306	0.6747718173979345	0.6066934368798921	0.956108653035548	0.6049891226302784	0.5539252570654115	0.3968595270273867	0.5980811069122641	0.33994609092275135	0.7876041133065397	0.23629131965595368	0.576475699910926	0.10568299438821516	0.49265503764936525	0.30653148628805593	0.3816322582740063	0.6032839599782831	0.3003650528490821	0.4675404050407817	0.16057575189370601	0.40023814885132875	0.39128749908404387	0.40188873245103407	0.27674285743844274	0.7000039476995392	0.4971121913541879	0.587086414634622	0.625119577685469	0.7439661541201613	0.395702075690019	0.4628999661665397	0.41220989073800046	0.6285064174810562	0.6363506463241989	0.3008891584130684	0.3697055952652239	0.7435627826418809	0.3496989744852779	0.7205200882777136	0.49261903103544163	0.9300928864983931	0.5681454564474658	0.7084094840170946	0.668750262642645	0.44430120950041296	0.39613280941948015	0.7072497052340085	0.3424124358804697	0.4822349098055446	0.942665329030145	0.558968815570068	0.5007876137370543	0.3749230656425969	0.3801630736788201	0.6611480078590493	0.5397036993301112	0.5983170744892465	0.3540651363100998	0.8977844931459795	0.4831982574567011	0.5142027892153589	0.34343143720467373	0.5530694811255595	0.396077250453396	0.1158255974339189	0.4135834348851461	0.6576226666168832	0.4226603964388417	0.49052737677043295	0.6969214089379641	0.5328491239237992	0.5336364338958046	0.23657050947048483	0.6106238464288521	0.6643095943186803	0.33818279948248525	0.586142249391996	0.528972911935081	0.3613095845612554	0.5652218483384633	0.5620835707519366	0.5207476397035786	0.22009584049850206	0.33854798285797155	0.5587187194006293	0.566519920930895	0.36182310393393	0.8995629164884223	0.5402958550598015	0.3634539177039753	0.3928023035887589	0.5003117665341986	0.5662048137294982	0.7325548395745982	0.34327433763662496	0.4398036960298451	0.47812221780644265	0.5671855807274351	0.399235553773568	0.4274857041307267	0.8181189681289358	0.5590874875247283	0.08613083295767576	0.23717779874271885	0.523446889906998	0.5226862601520883	0.42556258183176376	0.4335759992939354	0.5496944319345353	0.6725513037386605	0.5696700069032057	0.6907053802336376	0.4856066667050518	0.16175644891816918	0.2626411957015323	1.0	0.6000479615549335	0.3738189552889868	0.6493366929124317	0.37133860649632944	0.5658545705089544	0.6860099053782074	0.6015545704646805	0.6050417168361268	0.23193276924364176	0.7253599648830166	0.41758932892996625	0.7714435954555684	0.5254711691596639	0.6590132333986098	0.5110399796885453	0.3582121766797549	0.4662068883170763	0.3511835272937153	0.6510448306602974	0.45645029216744104	0.4875157099605569	0.5635186636809181	0.4927452882560421	0.31317524145691217	0.31257023938368833	0.5688841687915178	0.4183188452281785	0.46912713202427164	0.3957127370804917	0.40177079453210174	0.3396193341325825	0.58474224998628	0.43892850698626784	0.5535378444839298	0.6095281666327472	0.5428186044744295	0.6876277404726352	0.5237528380311458	0.2631969612946346	0.844124334668497	0.40901404971175487	0.5816264477346624	0.4463072773100991	0.6244600995922459	0.7318188970485582	0.455468842753178	0.4643285177787354	0.3010326438875722	0.36543994741364416
hamster	0.7457993284769718	0.3406776074545482	0.14360244655192533	0.7761472146458122	0.39806524025837814	0.5743374919213772	0.32811865698633946	0.9122345457114563	0.46664329453785086	0.5812631703866875	0.3380835267386215	0.1869643198275591	0.42325014628669483	0.3181028332866844	0.6834065355447341	0.9433240207388809	0.3672563266125125	0.853595498435369	0.6108142586916063	0.5500181774063589	0.42503212994324036	0.4424924085247198	0.5689855646958981	0.8575695101036919	0.537821052696271	0.8242486349501664	0.5948297723215203	0.3243661188656142	0.4370088307984499	0.5710938481338195	0.5992044587850639	0.3190559507569804	0.3028146767983799	0.738558259418207	0.3944498630496733	1.0	0.484676559867876	0.6304690346194173	0.8288476249458876	0.5164623330784383	0.3988965193189381	0.6656052499069245	0.31393518321943426	0.12962393328320188	0.6347932685096631	0.6451463280645391	0.5494271429028483	0.5556293047119705	0.5860527360330967	0.7891731434209104	0.5114108208269047	0.563958797693795	0.27140038650005854	0.3694084972810191	0.8951953948757015	0.3725737644776154	0.5290639893600574	0.31853648658149114	0.1518678154715526	0.7085130338189334	0.6957556717920272	0.644661650239728	0.5079190791568887	0.4328534575999411	0.15184581667244074	0.399612166526105	0.5597537588818803	0.707291541217046	0.8053713699246787	0.5848368090030521	0.785628287070893	0.38092871531544714	0.8062986380867327	0.17555635808971445	0.7798223137662359	0.32456469694132967	0.8921829931198071	0.523584400551084	0.25469273707723494	0.6867961885900977	0.3174500210938102	0.510313513369848	0.6056045729171546	0.5555116568054628	0.8852078399194465	0.4113356797134552	0.5024275986361675	0.4094661628588967	0.8431919692622993	0.6004186372425415	0.36560060787154486	0.5562624915784208	0.5627801724472881	0.6784045887460308	0.24319832348158887	0.6676384438051333	0.514503828278945	0.5385729648942591	0.23333490373789828	0.3295777736027592	0.7989195401464779	0.24009225559477632	0.842322252294021	0.6415731990888294	0.3702092947255312	0.3960225505094177	0.6421300471065583	0.44071871197145546	0.3440231059056891	0.6196663134247334	0.3186391612327338	0.381140270046532	0.4423999621414629	0.325404476594953	0.6336554451679064	0.7488645191881997	0.6143414822746349	0.6178478683771724	0.32899554561961525	0.390087037059474	0.19359738975946778	0.4782562816526253	0.1680532712480889	0.05739308212094374	0.6221459240093161	0.1442104062508187	0.2805155313025799	0.23111804252682383	0.5513796112967003	0.41670424914804305	0.05215024406970514	0.34170762888359707	0.6709533775208603	0.5462862624654194	0.22109501236934054	0.43954765294485243	0.41154562622005714	0.28886273231145754	0.5186001365084546	0.37754431154705415	0.32661455464394534	0.3340073338257258	0.6936651435103539	0.466854618748198	0.3085522187912634	0.3856365265675729	0.4494498539424588	0.29962475483493034	0.7919014460190451	0.5740377544695663	0.16940266314571034	0.11426991158664124	0.9239912464326434	0.47789151455131157	0.4530119828154947	0.7703015526723187	0.4538837564422481	0.7399832070752406	0.3488921345560906	0.6531400703409979	0.3218438727930406	0.3396323266200195	0.49901051744669805	0.5794704060633679	0.6292386934949875	0.5386125750282953	0.5858067603563691	0.6291107521116969	0.3442851020033341	0.2917542324673668	0.3454455222002597	0.2701328933578474	0.3833731437443081	0.5428391331162813	0.6983369766340091	0.4853240260578544	0.29633519109987827	0.6674782601318304	0.603112998212729	0.4297360261790928	0.6959702962544407	0.3522439714767846	0.49454726631082757	0.23914276230388143	0.5292245897417704	0.47683975320121974	0.7774819679178915	0.21633484867862926	0.4028185771563987	0.48950397307309723	0.38782565865630214	0.8696698426631082	0.6223635867505453	0.5414473802984144	0.41738646821954756	0.2848912530144859	0.7980279607571665	0.3351307198976542	0.48096857125066184	0.3909570785653264	0.5219436703393603	0.4795491715182562	0.449453339396313	0.37090974251251135	0.5888463751655219	0.9173560218663541	0.30000586160195	0.475399684235406	0.6928922539325322	0.4774610836570899	0.3352392096871027	0.3952275948482124	0.8124582289438462	0.3993122725636884	0.33073615784630267	0.7908564354984332	0.29149593223667764	0.5334316520881779	0.37582691647923017	0.5133068649326739	0.22305264453815343	0.17686434948545476	0.4697911746976152	0.362587164112248	0.4615129673781835	0.24393133389104724	0.25358443233110206	0.49174110897576084	0.4563611548542733	0.522502691582072	0.2793072043798627	0.4548612943791851	0.5681103129930866	0.5426021271198221	0.5283037940587126	0.6359910423476594	0.49049435793742874	0.5181407672033694	0.4080620080135926	0.3187163786310769	0.8031479525866042	0.17079906602347594	0.6178970848884842	0.29271723603104227	0.39749410246529815	0.40273746232660457	0.42211536685900186	0.7411083290948857	0.4163587746102996	0.3810140582782484	0.49263416668910376	0.5638526204043273	0.39008887252253727	0.6802526699742937	0.44239474778098414	0.6687586940441956	0.5195203573048304	0.6812860827677846	0.831462077049106	0.4100602614458758	0.42428545540036333	0.48717837692842364	0.45833666674554097	0.6045502585681511	0.5417524270685863	0.5431189466323796	0.7655130741729164	0.44314021919245755	0.19981601520949238	0.6014655336960725	0.9213855364798433	0.4499381427380371	0.530408073792351	0.4122266867328879	0.716465776738263	0.5324853967080002	0.39230649801803397	0.4127552226776097	0.6044075618571211	0.3020409859109888	0.5561512438159641	0.4240507201316816	0.6941228251544483	0.4345844307398839	0.02877337772113342	0.831940560391329	0.4381569018886819	0.4969821502536658	0.4103582584031751	0.6629853384703523	0.8834317399497198	0.5064299124192961	0.9667080312832494	0.4938929174267204	0.0	0.2606827272401697	0.4958753187078775	0.3748524727830477	0.7775895711079638	0.8647444184394921	0.2659316013913934	0.5902578577880518	0.8346873058232527	0.5984045858892914	0.5171133270253911	0.7146624772590799	0.269038938911475	0.45413050561073603	0.4799789896003362	0.3779568795818332	0.7195068822961179	0.6451267709215004	0.5427876269282826	0.23846173299525852	0.6590786188931343	0.5748611995840506	0.5773693370498029	0.5567316963098593	0.4101119180034659	0.5425315613552439	0.6019549189469702	0.556955694952656	0.320858894427154	0.494706036665892	0.43107797562469286	0.5463715416665023	0.45218381019766596	0.967093138768846	0.5546240487613964	0.6167606315162646	0.33713556744340817	0.13544019351602177	0.5671589217866381	0.4725914719359194	0.5983734326645676	0.6209147809074156	0.6051962073546704	0.34116025778709136	0.4307379492959467	0.40113215827055915	0.467686445291119	0.9174435631766042	0.7658451044949941	0.865857980173385	0.49082512855747495	0.6885796957386721	0.27210992654129856	0.7300578690227361	0.49570601630902916	0.5876528370930982	0.3877216080398077	0.4976830912319259	0.6091845569047952	0.26832930102145136	0.6747940154211595	0.6595324032971005	0.4203467180117143	0.5801539886317427	0.6732696306753612	0.611332270718362	0.3060812084535663	0.13053000558597083	0.7573972171544364	0.71001750570368	0.6684411820512615	0.702746624984295	0.27877087084691005	0.7206022484264298	0.34402538945831274	0.7623630182631942	0.4496417343325761	0.2536957812486512	0.39647742861715723	0.41809602149200564	0.5358704969819723	0.49604336800545945	0.40640254036639883	0.6541573629292377	0.08697836405094472	0.2853719012953947	1.0	0.5184588419016003	0.854603297744974	0.3079229041857445	0.45285074909287193	0.3075528509105105	0.4354531920012606	0.35575998103800494	0.41169664746166634	0.31500666796080556	0.0017091199515644195	0.19595391340133633	0.39140554521672904	0.2997499751025572	0.42307660795063684	0.65675214862167	0.49444744172702426	0.460027502327531	0.226600799865919	0.22320739400131173
hare	0.5230467644017486	0.3925091736314321	0.2508443698732847	0.649474235813793	0.5811134104619355	0.9758551800192246	0.2795015895190055	0.6394821290515458	0.3893733369019392	0.6631293512614311	0.747085706950012	0.6400343565684026	0.39746789552737727	0.4530554207885817	0.456075781404166	0.9140131791934905	0.48890672651262906	0.5799089643243944	0.2531237515768098	0.5687544804320386	0.21331265490060336	0.4668506424135466	0.5930318054265825	0.882352275544476	0.7045187239455386	0.5981947878731174	0.38543662676421864	0.4709932737614871	0.3997845399664074	0.5967946806669325	0.6251070454738678	0.35540544141995634	0.3840152595276449	0.857489427393965	0.6164452581714948	0.544096683742347	0.7735183577460407	0.3455311674485205	0.16429496727816456	0.2994373462164561	0.5749344239020212	0.8077757470908906	0.4187982349690937	0.5447266223222316	0.22532557743547565	0.5574194598422417	0.5811443137527259	0.2729123394890938	0.482936245094708	0.13976602718902575	0.5005819610871384	0.5771477460685626	0.45423547335663655	0.5184744776534573	0.3997368993235043	0.35630407656305035	0.4061300894232063	0.5217611221346704	0.7383970200326444	0.49964658950593266	0.5152891965381703	0.6173451471752206	0.39875335207990653	0.367250074430601	0.41341716437063364	0.2591710176573903	0.5883206141949525	0.4834462241000896	0.4991256737255653	0.7292908848801468	0.7454607087856063	0.7246944885612873	0.5296117364878979	0.2958640456045521	0.24863527369015498	0.5408723006869326	0.6883352253258157	0.2409568223018951	0.6927295131269653	0.29699293222608103	0.3167616572151699	0.2945606781947965	0.5331977492577544	0.550104136880838	0.3866470189473494	0.30793510868095775	0.2845927263427797	0.49504440485034285	0.5485876022598203	0.4054771824335656	0.5474137259274254	0.02818107704625067	0.4515894620822877	0.33847892650549577	0.29676696392618557	0.2552872994057639	0.44362982510166626	0.304729732013906	0.550069993625634	0.35694302430709524	0.6337770154930075	0.599071091529606	0.2022344707000731	0.3931693412510732	0.41395677640159306	0.5924625358837862	0.5469925321637314	0.3845342433185788	0.32644057288830763	0.2965208735693535	0.23730957790320556	0.5265562361464071	0.5380388292180477	0.2129297036255654	0.4663934583748367	0.3618266511235915	0.5116140663568304	0.556143552293093	0.7401255295451932	0.5216611853929016	0.8879509675972971	0.7257129322805296	0.34983009345134064	0.7320786634011601	0.2258525925409639	0.405289115755795	0.8806140277708967	0.870149215897472	0.2793850399398437	0.43285120466396176	0.44176070495986386	0.6707534094069634	0.6191264035634552	0.6930608014594828	0.6193995779437662	0.6446157945530565	0.5244108324084942	0.7617733997642169	0.5293459515129807	0.32392601704900675	0.3415314488417323	0.5193434499001366	0.5436086264443557	0.6978279408141281	0.6887117330492338	0.6252932338526023	0.6545655250191867	0.4720118847376662	0.6188413494394892	0.2586837793742023	0.5718487763643649	0.3244898218919493	0.4992703981003632	0.6702733234801986	0.5236609877961573	0.7301437838522589	0.36809498983653166	0.7015789443089246	0.7608915458555435	0.34540561853199997	0.11935539045308474	0.8083507405956677	0.8366933820219189	0.5299886195606269	0.3962009841799749	0.6537032494829409	0.35039268262775036	0.3467652110950312	0.46563480915006045	0.4703996336130305	0.4015727409359002	0.46405185728818993	0.7514805634874268	0.6800530740045988	0.43826967711714837	0.031597867608446906	0.3511075744974614	0.8193069348831225	0.23906497006401467	0.6700427646413409	0.45245380841938965	0.2908240581844187	0.6397145349719209	0.3080079403948086	0.658588140097446	0.47425793485762163	0.6918855858759506	0.2379054876419496	0.35025113936508734	0.612463894352602	0.5011058235674619	0.6448865997645774	0.5473045194399938	0.5134121652577437	0.09558634933349919	0.4846793676148688	0.5078005723438406	0.3787466497781642	0.13655233264029387	0.29706691676461655	0.6528470566759795	0.4085869447438614	0.7800740496590268	0.45256206580841263	0.4569705209031246	0.630646546502342	0.4059170731031526	0.5193772558689389	0.5911214704871511	0.4704198758963988	0.1748331954956048	0.03247507059082727	0.8241228073451057	0.04030578943508778	0.4637805862190074	0.5413032049743901	0.20394741349589557	0.5248464685218915	0.6763375223925281	0.5237754989187666	0.802490287068278	0.5921223370744869	0.5156239255170283	0.45922613657815864	0.5989989144854289	0.4142174943276045	0.285618398378168	0.49745378080257535	0.47848472820958254	0.3958669502913554	0.21710954870013885	0.578519480761123	0.6651909943434124	0.437576231377628	0.5506232654100643	0.6263065045481028	0.6000722755215474	0.26259577444420656	0.2619210185588766	0.5416838140985856	0.33620014881416926	0.5603109042695874	0.5547425891995574	0.6557739661776452	0.6805185234588869	0.09821701612472045	0.5992430641496206	0.565073183942165	0.4233001804429244	0.8019205753298166	0.5350754225251781	0.4333637184871929	0.4063963462575326	0.7113628452570862	0.4637666119524726	0.5203905503395816	0.4800201323649791	0.5022860012285901	0.6276311186423627	0.4808989831817592	0.43778135282161146	0.5140942545039293	0.4647415732459037	0.49971465225998907	0.025645608422078248	0.5719609941240564	0.33303071236619214	0.49473566710887285	0.5567082840959481	0.07179503919582841	0.39335320149125735	0.7084799258728576	0.5286519197267683	0.6874484603268949	0.18940047843609104	0.4531976791641771	0.5013964704946531	0.683827149693653	0.4913555721527809	0.9529680258621205	0.3237597631908965	0.3248335621571492	0.3211085497240484	0.33312040405704413	0.4476612092661981	0.5600907082920962	0.6737275482766218	0.3526285494504958	0.49920245746492903	0.6852728991897721	0.6652720501399064	0.4710118559372488	0.05680869462519039	0.5790931583231055	0.22561662645031078	0.5353712961901681	0.47257008731183187	0.4533838530857112	0.4935187878648629	0.7246257049476567	0.1357252641944376	0.7148137620428794	0.6133715522481936	0.04738054415401538	0.4251662990623332	0.3596011216809269	0.6844906505178574	0.15715541734245758	0.5455391604737398	0.6491569603473962	0.599741428306593	0.6061582708656519	0.7941472997740078	0.6170125758602165	0.4257939534341601	0.41749053749689435	0.4417478649592731	0.8730023569996336	0.5467801335320843	0.8594862060302971	0.4054607619544607	0.9542991766256241	0.27637975218532995	0.6278257203383877	0.551665142880507	0.4568001312361373	0.41754619410591753	0.8190496998211058	0.31454361829559774	0.427500672682092	0.6788859768299003	0.6847349257253283	0.1964800557696138	0.5465532447260838	0.662061493391539	0.5034188146347579	0.8538900298247234	0.4900093634726852	0.5903000412087827	0.5674440695807415	0.7520309268222134	0.46827579808748654	0.7365528884114991	0.5663015595009061	0.4522163219640744	0.6565470688631344	0.5655432603634656	0.6256568610766738	0.4482152717207353	0.3875088283466168	0.5227834525798681	0.7924450715645461	0.5795244707714157	0.357268800454565	0.03711423499448291	0.4328867309778878	0.41002273746796114	0.679498064932692	0.649926266023959	0.6913200299804129	0.7047069602057371	0.8069389624296114	0.4839462908876952	0.5915521134832421	0.8265553990286372	0.4660448637399791	0.4625503895219979	0.9278861124071656	0.5747890043574899	0.34073590172964174	0.3029430490453449	0.4735972013522195	0.15104140621660253	0.5469168889140182	0.6109116023324804	0.16937102890624606	0.15709888068946273	0.5549684324533148	0.7487341853355121	0.526014049800546	0.2705416797538475	0.6284817987847409	0.5908679894056428	0.3894938887429157	0.3595181589688252	0.6811881150407867	0.4789100896160234	0.648611043762851	0.06023842320269024	0.2473454514213566	0.4052264379112832	0.5898764101936679	0.7993297958695929	0.606531762592436	0.7021186704600977	0.6095149494717805	0.481118185718428	0.28584502802920164	0.553220359777445	0.5182883870216353
harvestman	0.1886378259522979	0.1184888597555116	0.47314963954599076	0.4387432103543631	0.7250080143026453	0.5000629646530529	0.6505808346216286	0.4985883367142484	0.5556448031119069	0.5360555236747782	0.513697519111079	0.6891439495703839	0.7907963357660972	0.6866427053491589	0.26404640030464127	0.3316838248595507	0.569387407863273	0.5322611590839761	0.2785429628257987	0.41712349633365586	0.3776128843933453	0.5401319352011233	0.6387162412309535	0.436974259487824	0.7575815204615541	0.40883325617777533	0.691484662061981	0.5727629000936003	0.4399854613575972	0.47421759017386445	0.5785084406781854	0.5281150525327484	0.6700445445741943	0.5355901885350853	0.6700488411743775	0.4826335264588622	0.48598091547230293	0.38411734140714787	0.030540476816855122	0.488389179859862	0.6492061763396483	0.6531470146489733	0.37263716121510154	0.721407267013136	0.5776601244416856	0.3456225031161394	0.8445043473291153	0.7890045468064796	0.8027337888794873	0.6725306072144189	0.383328485604055	0.6681449863754865	0.13916818497302091	0.2333181916443513	0.6060835876103112	0.28499555839345847	0.6977709839131315	0.4341834788838398	0.5483610307993129	0.5203482179164206	0.5431100442711729	0.7191150500671069	0.6407844343727473	0.6640289418266357	0.48586535728338176	0.632583105894555	0.4169995132318436	0.554512788880991	0.5903051586477148	0.7466694584691632	0.38014697542488196	0.2683391630969714	0.3498196972359301	0.2757125334861143	0.3935248104748733	0.4065723615953378	0.7253417271035828	0.49673684025744275	0.28496294061962313	0.8367719543993157	0.5202496593034494	0.5128093627333046	0.31967170131487616	0.5145743454273382	0.6983309141163194	0.578870923024507	0.4827010400168844	0.4301534259126365	0.8758592727079824	0.7426354041722998	0.5242863767922089	0.28572945226598145	0.4943961330840747	0.5983043860074156	0.6186754290291228	0.2364927642318952	0.364385675973282	0.7106357080627895	0.6160531309146231	0.36683283052481885	0.4193432819471783	0.40855231946403137	0.9432022354258921	0.2795333564248899	0.5740884491451077	0.1521230395620015	0.6492777653195038	0.5404946562691798	0.5784124348460923	0.5278526735164992	0.45314673368512925	0.5759109709690067	0.3958609100388921	0.29296144466638496	0.725120426316662	0.46068900968310533	0.6556118528493907	0.48518932839358947	0.3829751098503076	0.4252271334298422	0.5635869699199902	0.23670725466839843	0.5259960299945242	0.4607316201382071	0.5592355374455473	0.0	0.6675295502584763	0.43892128751854675	0.7593035877813759	0.631565945930163	0.5584391561775278	0.4790842456981903	0.31756009801686436	0.4327908404302528	0.7647129118701272	0.38439537679286	0.4332808392202807	0.27776827557816836	0.6172048624333772	0.5591648018915567	0.23519446968679925	0.15642462667968343	0.696963726008334	0.18309884039979007	0.6714922623346729	0.42091762874433647	0.4462145374065177	0.3351569372844629	0.39274874875594495	0.44801600828042953	0.5803403358519609	0.4080427387217449	0.47184034465743496	0.2272558587890341	0.2605992265979431	0.35868656595387194	0.24909664647857915	0.8056488283993399	0.7556714946487255	0.41870234272954454	0.4670663270736479	0.07530265878143466	0.36621657179463346	0.3884771740243391	0.7625922650641896	0.34387000287073044	0.25609134875955997	0.6397486192042439	0.2500497127053714	0.35080461952310515	0.5017248290892511	0.7319518341640308	0.6415633461222217	0.5812444954653347	0.6324416413880523	0.7797556223873343	0.25048123014842	0.7109178025175595	0.44703887283938515	0.410763448362652	0.6004013071928533	0.43231166561018464	0.5326246620876662	0.6878778109484223	0.2946294105646188	0.4819164141721527	0.25229628431355944	0.6360372586875189	0.7812779914012173	0.275740779051716	0.34817442496553597	0.4438541952567888	0.5344687867482694	0.32534398488868405	0.545497616718383	0.08024181859875446	0.8212426299529983	0.7939345394111053	0.2860539264487665	0.24091564411742145	0.550949430056436	0.24531236002969412	0.4374818974205187	0.9267013537484529	0.6324525742452695	0.7484838283763933	0.5241205031441535	0.09547210116317245	0.49021229964559637	0.41218363760114907	0.7046269920659016	0.47937698236256926	0.4373502830133157	0.5598217720770347	0.28754350550144947	0.41266119193913847	0.2767919381703674	0.5713671250166419	0.512416022548228	0.3395199260728845	0.7636347434218116	0.231514922498122	0.4652841049643263	0.4717785825750765	0.6037835918190367	0.3428515799986763	0.453667319920238	0.34100177682697647	0.47267937751236777	0.38273077201556593	0.5755848209538011	0.6808146553015048	0.8288817971267859	0.43224143682504024	0.7315131584812373	0.43788384391948787	0.2658426159260575	0.7223602547024754	0.7890217631675664	0.6426375264409089	0.6918392957947263	0.7436043129321777	0.5773427134130328	0.0	0.7106634694763533	0.5725488767701215	0.16799353202853617	0.6339892528934924	0.7111811339326399	0.3392657629273121	0.045298384980426376	0.6111076191643952	0.5381775303693922	0.44492808766641184	0.40457236495833493	0.5112163594162318	0.5119689353349	0.40892164651320706	0.33334025115499627	0.5631609350817215	0.19829296224252485	0.2176726450876602	0.42382772217323195	0.33699231321218387	0.7120176342464477	0.7625779073889446	0.41336481914562606	0.23669144016271038	0.6236518611755271	0.43151630817967723	0.7244390138558251	0.5061025082551223	0.5036641710096551	0.48478492774176185	0.5319714353813034	0.663054264450075	0.41865229398760384	0.5158503825107433	0.7077945522083071	0.6247021905980016	0.40778444733246344	0.6053514179821404	0.33158760533710596	0.3896104756076551	0.3599493410054139	0.5088899296098829	0.4356801821582723	0.4432182477851346	0.5742681630885836	0.30677898209261756	0.7324749848041645	0.3199727790693209	0.6365830629395691	0.5093513057770139	0.5287519412137421	0.21024629046932708	0.3893218869182491	0.3928991055702793	0.7193925207947169	0.42730125242519784	0.701772075722527	0.622580369522532	0.16002965726814333	0.7180254128146913	0.5159922177843378	0.44178189176507243	0.5047988489996239	0.5956255406942811	0.24939447867698322	0.3997233297213707	0.153292603304326	0.2574900808920711	0.6509984814620695	0.609936796820064	0.5496022398984716	0.6586336632171498	0.5611435119071471	0.23026382181368077	0.5771682719367692	0.4236920463946643	0.46158838547203446	0.401552538664937	0.8295990625410918	0.6636581638598797	0.502384970234719	0.0	0.5485928223492696	0.4581726678899777	0.38886572837579597	0.23375948388629497	0.8004691117295772	0.13751768947299553	0.5857206891112497	0.44917887558297753	0.6534889310983917	0.6534524785512311	0.19738309766240142	0.37847128758721	0.5368699838239879	0.4248956895629157	0.19933206916818264	0.4996819652170378	0.5412189658549497	0.57223196665913	0.9897607750314708	0.5305110444293138	0.5358752602772549	0.4252400621298409	0.7051456812147026	0.14845811852552593	0.7157649541195783	0.7175422514520347	0.5369272716126234	0.748166534893058	0.562962004218212	0.4918653324496183	0.6998713884312348	1.0	0.7842968739248225	0.5856478173705556	0.43200100251961193	0.3718782601105192	0.7777815936917837	0.643001353692979	0.6117423937234564	0.48160294127231246	0.3819495919693527	0.5456412096485932	0.3848463601569292	0.6851529744653981	0.49861586861444196	0.6076980163135505	0.8601234137012802	0.6219656240411524	0.6994780026792072	0.2293800914269693	0.6917962443798354	0.3070020346645743	0.2270235163731048	0.33925030888048013	0.38525806124692374	0.5946901496779947	0.6993071486649112	0.5121749437460366	0.1358240274322018	0.41470493070120396	0.4588175913571017	0.4899842634574203	0.3398558163606946	0.4226827871882609	0.7171269032900038	0.32225148117574104	0.5658686721321533	0.8492619319765113	0.47025600514459776	0.29294579186428227	0.5413931396094276	0.7702998122004232	0.27226869984088287	0.3466555531301476
hawk	0.45669091277706214	0.5681041692864085	0.6504245802585581	0.9320703177685347	0.668965813641113	0.42122253359832207	0.48037383567094893	0.47460841116035823	0.6684341523931507	0.6628309681436109	0.6507428962465336	0.6879914795081046	0.40845829243275084	0.6973724109960641	0.6464485466256783	0.25224097396623524	0.5813336747810557	0.5708438343902607	0.27090254184901136	0.19726536665986866	0.3786783027119939	0.7791302151388587	0.28947575394959324	0.30672662334196293	0.5034721590843815	0.601457622417183	0.2793158554540431	0.5186050012837716	0.45349528929594685	0.27124734714889087	0.3911662535002674	0.4985389294148367	0.6617203413531912	0.39967010533671754	0.664080152292919	0.7582252286655444	0.4391634906607824	0.537962444964664	0.23877919627516403	0.3392204551295056	0.6355073474621461	0.3204530839883994	0.6456999209656749	0.05075407007709909	0.587791744852099	0.6814685541909187	0.7036523053837667	0.6353638432424369	0.40143489026112117	0.5021864203520452	0.22625784917003577	0.5473393153688861	0.5041488349761939	0.8088739740569246	0.4117611252996974	0.48495200547382195	0.15522054621731063	0.619798192591333	0.22355749824058632	0.3480291785589258	0.6481267613649152	0.4159524336204837	0.5642609783417476	0.6919023053517385	0.38832024858331016	0.44018700144689543	0.44073372319006576	0.38351425644521175	0.28931310297512103	0.26035277419618175	0.6386680346193268	0.3072467369373356	0.48228771878053556	0.5851738770571437	0.13262438218333483	0.3943348611730878	0.9194282853415136	0.6237321844762306	0.20291201215789595	0.5702345412879657	0.33994127620870235	0.5945762563147267	0.550584846017728	0.44553011557154065	0.14317113379258273	0.5701993957887729	0.7410658613195498	0.5080095582661954	0.5343992318434748	0.5720678138612443	0.693930372702173	0.21051965228851158	0.7476367555626079	0.643484363316811	0.7623307857818551	0.5248076516511787	0.37121919894894667	0.5838541601451649	0.683880150918325	0.520050366204879	0.45246678314562816	0.34348861037194645	0.45360751363535323	0.4558781507758771	0.33379268257916733	0.43338503469857953	0.44340623231019727	0.4394740372677589	0.4773926103160763	0.32888490203475196	0.7495834054224255	0.24766404026067784	0.16146756184985472	0.5117043199377286	0.45761105450325024	0.39124468359179976	0.627456744945515	0.35360058200459904	0.39545322156309964	0.45980417375886284	0.7318102861251868	0.3988948909034227	0.4986450440136275	0.4661721797683081	0.5262817793915627	0.8173989059295014	0.7937639674474626	0.5879785793892033	0.7454519160964237	0.4936169876375942	0.31020377539895977	0.597581461861528	0.5029402186230194	0.2781207161830007	0.20580091318795934	0.63650003953771	0.6057418861839233	0.5034229258925073	0.7454384740565619	0.5293313359028361	0.2584233810225399	0.3944760994523462	0.6403574484496544	0.5093910242555838	0.6835873158853096	0.34897478460968	0.4193023597576776	0.47306739676773735	0.7189717239230196	0.6197736535423475	0.6251927766216713	0.8263300768735642	0.08918356820390844	0.4597817435985776	0.40860481278469335	0.3244623547222117	0.49259559075774617	0.45971708007222145	0.4962401054897769	0.3174556138009673	0.6321019076976228	0.5740452821816877	0.28257871223959796	0.3987017895487478	0.2876789467333821	0.23832885479201937	0.5543794695877085	0.48308596716750984	0.48733037677108093	0.5900556443942299	0.1911946578395748	0.13580519117119227	0.5667578547855342	0.680353843920041	0.580788803045597	0.6850913499194439	0.2375997931920938	0.4818098249319894	0.32079891665145116	0.3471688116595821	0.6839252050329131	0.4993568857436955	0.7226806185517007	0.5872344381374036	0.8243502347345386	0.2830701936446282	0.36578872567620657	0.7502271504358327	0.43300177055414873	0.39190990484375965	0.2897472559544983	0.544981212151669	0.33891713402397006	0.3709515733510846	0.40110510423988954	0.39215990546205937	0.6331601959013042	0.7941296822646976	0.293394062832763	0.50534250695852	0.5119972036307943	0.46380764306272426	0.7436150863611574	1.0	0.8246120692719417	0.7167357947381272	0.387716385614728	0.6277652676086392	0.6881175740449086	0.7766013747838888	0.700306370783816	0.4037558071768863	0.4547330208895786	0.715750299346158	0.44052996863465105	0.4885608640669113	0.4883461226096323	0.7979083291611979	0.4948546538641492	0.324621511803749	0.8090745881369317	0.4317617263263533	0.23367320002536934	0.6265394671269424	0.4231721181561855	0.25178483647066485	0.40587020856661316	0.3664647744798881	0.3215866415762707	0.4037593275119684	0.5666759253963344	0.328879050317614	0.6353811693809432	0.3941856921665088	0.11043806513203719	0.2713888889201874	0.42899602360283406	0.6522939465404471	0.7389858330317323	0.37156352781404733	0.5799598008948725	0.6442652593155022	0.6825662623050767	0.3354844621841326	0.6911286378256492	0.9168553732389988	0.5430877748659484	0.24032061957847511	0.27975062408562024	0.6921079986930136	0.44937817702545574	0.5168377743704113	0.36428021644517466	0.4044844135687119	0.6549783916293969	0.710161059621794	0.3240526917228437	0.4935116658991684	0.24570855156333307	0.5447796345776381	0.671081714294949	0.3059402017660293	0.3330899987433384	0.42199841733358556	0.7297692892327197	0.43712698029081487	0.7073657161407213	0.2377556542740068	0.36079352872150855	0.6563770209377205	0.7907711661888079	0.825288920262164	0.6459327099640154	0.46231897014917217	0.6449092915488942	0.6366812622479531	0.4922620048630502	0.328322373405555	0.525673101104687	0.24072867420485217	0.6539178827547707	0.8660998645037916	0.8996913650491078	0.6181021562811905	0.6313568780298128	0.2952492080984129	0.6206451840105599	0.29226949510571587	0.4984395211983561	0.6017514798345033	0.4232894550643537	0.44340113958688204	0.5608293080920098	0.8004472019726027	0.6633748721536761	0.5621735671078938	0.19182607261305	0.44928898342763623	1.0	0.4844833040954691	0.5518600069778663	0.550247285452801	0.4647306377980689	0.6373960402031698	0.2956799731470126	0.4776929488477241	0.8296414889428732	0.42976654775737555	0.3414504904934109	0.40877031279031184	0.19566474340049453	0.3911395435271522	0.6198374355828141	0.6643264309884026	0.7163321391614763	0.5130579485654502	0.4947105668137212	0.29798636386868316	0.7193144626205172	0.15733059814065603	0.3238647762815728	0.4534757024220391	0.5918853341885972	0.5060351218056236	0.5561984222285403	0.3306379298708445	0.5473765829374938	0.47750982489182936	0.580240914787357	0.5523737020677828	0.6370300082126609	0.29557008847579347	0.6207786239176354	0.402336765263028	0.4507709339062468	0.4901914426590319	0.5289587278513974	0.5991573245191504	0.6699656276371332	0.43645789858521483	0.45538374207114496	0.5676348051220264	0.5356109591524392	0.44135752797376515	0.6288038821323542	0.304258390539585	0.780490161094187	0.5160928801703418	0.07426653698298735	0.568076844977352	0.44291526245694246	0.6013137264782649	0.5222913418473663	0.6745084017518068	0.3936897099511075	0.5774372101503069	0.5906892078825116	0.24747905614739188	0.7784424489048725	0.5884225172848421	0.0	0.35893514952290045	0.5646209229957694	0.36961303240395793	0.10252643608379064	0.5708914856780194	0.35218345272185225	0.35469346250096795	0.27482423607853973	0.6935958275039023	0.4424031581128774	0.3919676419326821	0.5894406502030571	0.5857393448712417	0.41216339107854666	0.4670284894416057	0.5061350446676012	0.41181277940690436	0.6755087235557283	0.3182204958064886	0.21509292463360113	0.508444796928589	0.5584075087578305	0.5263598947834752	0.29744034206387204	0.5534823669977837	0.5864457439872932	0.19783054069627248	0.10679809288346664	0.6063371194659317	0.5967324396600684	0.2309414858783786	0.6263279097740091	0.7090806406361019	0.7215565582763772	0.771729093545861	0.5138657639644469	0.4542085797877358	0.4695907108590135	0.10207081398593021
hedgehog	0.21784699887831516	0.893164080809252	0.516172181589025	0.5379416808909732	0.7655154982542087	0.5778616795345974	0.15428398504660218	0.477438302847519	0.6367896236060357	0.6359368835192257	0.7510525725790599	0.5817599075980189	0.44879362444869	0.5663989576850295	0.6506669448311964	0.24762925802766345	0.40697045875496113	0.4224998362526484	0.2568188218319076	0.2744461012058679	0.6041542436659061	0.730399815136101	0.4847301233749266	0.0	0.33663822451946646	0.5723501236278269	0.8503481751833246	1.0	0.4821283592975778	0.5547481363473554	0.5210130074017882	0.5032523694822425	0.8189866767455656	0.3861124588482067	0.5002465016404991	0.6747579062431199	0.6371520850833747	0.6551886662054767	0.2221531614589058	0.6967140767683271	0.499109567403935	0.2668730644179153	0.4384865103406965	0.5344289831216114	0.4572355650099589	0.37261098567536766	0.660379655683926	0.3879429385490283	0.5836427089865102	0.8506372308858261	0.5557797648157008	0.34164077340914506	0.04012296888710609	0.7751850275793485	0.5311521692866563	0.29273770180875636	0.47862515609410955	0.4728819908920685	0.5830223480164236	0.10386562471195793	0.48220577687907146	0.7856511415850798	0.4568236646926399	0.8810250603553227	0.25829379394295493	0.31003938371312256	0.3562220034620803	0.436690019525042	0.5017486095102702	0.43000943269385	0.6182737440543473	0.23189442730643486	0.4994816243414314	0.28720694689654946	0.19705794872419874	0.48645743234227656	0.6612133496437492	0.32101215436861485	0.14129868582679167	0.30897109646570253	0.4833844636058161	0.7556616767608647	0.5297759559812815	0.661983889186602	0.3888512376515689	0.4472943849438496	0.5400143024352451	0.4814822823827778	0.7668750117212946	0.6181600947519686	0.48523702220876114	0.7256924365305777	0.5208899250446959	0.4544239595993525	0.3942336918149542	0.7921424187588917	0.21871335833737277	0.48391749499254877	1.0	0.6057939442232245	0.5303782717480935	0.374143354352915	0.5252318601178358	0.657649443876235	0.4010324886471512	0.23294418048783455	0.7748624232208012	0.6113607440633675	0.4094543672304827	0.21917643805454418	0.3675917570733759	0.1818313434964578	0.3044264185395875	0.7849883838817666	0.6268035734075191	0.8883351893479119	0.6087881172482517	0.4833671160346171	0.21268291672449147	0.25643230219389024	0.25507535757084554	0.40606282927179216	0.3900355473245894	0.6001369717964418	0.7277183041722914	0.6375138841166537	0.6716901494227923	0.4067892262856643	0.5450484277953535	0.4240189852022684	0.4906554979729407	0.6305112923436772	0.5519457893372751	0.12078250566625565	0.5203965988301219	0.7840348087630868	0.478533747194987	0.7327243490076869	0.7937122391983021	0.3535983993100441	0.7023882463518912	0.6493779755071877	0.5066005005014378	0.4255130603096821	0.3608884118476287	0.32691019930828447	0.5256602696559921	0.46051956432457203	0.570511253987419	0.2861325263774618	0.3670628301313019	0.3580442006998031	0.32360073067531386	0.2757833721697105	0.3602290459459341	0.44924876639145844	0.41797556750331955	0.7220869736767901	0.36014259876035537	0.532144494173549	0.5979640050083599	0.4237293484597727	0.307525590125922	0.6947841594853568	0.12006091268290964	0.5688492001414199	0.881179700706108	0.566722148937677	0.4842124869870896	0.5675818446979738	0.254614808954899	0.7316937011949439	0.27473755080671164	0.6112090021054715	0.4255414966983098	0.7580125043446484	0.5360056941448716	0.35445403116132757	0.4222730176020584	0.30718431338415014	0.6954878149976956	0.531762394998651	0.8972491309967661	0.5597545019487681	0.13132925271992935	0.36262902164275934	0.22129504014814694	0.4064614019257184	0.637955678092029	0.4795804393034044	0.22558329995934373	0.2137382864520559	0.46425036343425763	0.30347641888249755	0.7567874627075097	0.8007637697472644	0.3886726161530364	0.4485028861258805	0.3622055978803985	0.32562948302339684	0.6826105476464719	0.3361424439358987	0.6212778558877938	0.3898768541363501	0.701588082501293	0.6548008444446567	0.12835520471578177	0.4497716521515626	0.8369597396163814	0.7050391858872417	0.3069747462240151	0.3510618675364334	0.5933602524242592	0.41308707735138256	0.48269655128893874	0.21229078622296405	0.5267876722771702	0.45952933217184977	0.36586305585208456	0.5270306400764329	0.5959118385771396	0.5931997919473568	0.5988507786748963	0.5309262053280286	0.4918287329483273	0.3166867967182334	0.3662015668986839	0.41993900759412645	0.7966246220041837	0.39674611841606067	0.8241020854523535	0.3801765741827064	0.7848254848001043	0.15480152112504875	0.49111935614362034	0.3080995742460774	0.42704959124423314	0.6590798386764353	0.49727316990727893	0.5380855292241695	0.5415865213321275	0.3287566066579325	0.7821683025963166	0.6421424851185182	0.700905204531709	0.2582868913475397	0.4873437583746555	0.5884427281109907	0.5823614639670385	0.5975398046272526	0.45827006306968593	0.1926680387954005	0.2945399081489126	0.37251633261571027	0.5612736611436963	0.47854025265087974	0.44098631007657163	0.5419121188999851	0.38007776972941226	0.7655316937837403	0.7947109351133959	0.4875956394106954	0.4102651903339165	0.8177169870399041	0.408145079390005	0.6906215493432888	0.42150042952694744	0.01958191892858613	0.6436243878571238	0.3945103763007254	0.26237119141224113	0.7397572600580964	0.4757107432654054	0.6727498497897073	0.2258466316966277	0.5022820087916433	0.24601094043977564	0.5298186259048198	0.413098547371605	0.47420443163763065	0.8130179310683193	0.3041112273389652	0.6611949688302436	0.4145833228191812	0.38809652016573154	0.6038585305381516	0.5904114856619898	0.020041795414864116	0.5514715045610801	0.4859517136712659	0.35150245223257237	0.37536547254407354	0.7951523850459947	0.14787450910305538	0.5904549505812023	0.4879265040690468	0.10076752078817319	0.45889779198669034	0.5728192608982753	0.48628541174411044	0.5133570162457697	0.3998442594821631	0.6054581741511874	0.44181933567797904	0.33869659899951354	0.3983501516107295	0.4531338950345429	0.5020701920293273	0.16286521776572066	0.6339086196208504	0.1629611300447187	0.4648564837120927	0.7641535365730161	0.5500288116638596	0.5525049848678667	0.3774301708861032	0.5812221499736862	0.5517876566132109	0.622540781892942	0.3089578775184112	0.43902840826209205	0.7955461581468418	0.20419775540886542	0.5753481207122374	0.5167208466076065	0.41067389528740655	0.443614811013414	0.689353858592057	0.5049373838824569	0.19537306535869792	0.7316636175198842	0.42966123658109157	0.6778081313225361	0.40927424542655905	0.4677670034139402	0.6426164642456402	0.5641978915954009	0.7379702430487215	0.5444638873426457	0.6745744850886266	0.7584291443283581	0.6161347564546382	0.7134182837423275	0.3718825045229876	0.643072922566829	0.7198006260054232	0.5475147635614955	0.5000744345985428	0.4999724804542576	0.9087182992330523	0.5732361217734224	0.6737527038921459	0.3275854614387926	0.7672251936124977	0.4405531110470432	0.38898310303970235	0.4119908132779844	0.5034951479500065	0.8764165261470178	0.6294868743814532	0.34071543101516566	0.49721439916155385	0.42726128817587605	0.5652774848770235	0.464865370996904	0.3196966063375354	0.6459005622894303	0.4285476402088092	0.5357379138446103	0.7462002600521075	0.5451739751521263	0.5288427613444509	0.2369655188898966	0.3512380350109612	0.7003522663208522	0.4720034038636458	0.5457146100734005	0.5857802627500214	0.6748731695626166	0.5209248159296539	0.22623910472082742	0.2623610100152002	0.39440890845454335	0.7017645221871257	0.5620104135473752	0.45715629950442527	0.6191191086924757	0.5290282281342447	0.5743979671254436	0.5563224793021715	0.2709465740391891	0.5917353746727544	0.5130251628667155	0.44114147854359287	0.6664927527734603	0.20523848420105967	0.6434257800005914	0.5938686124474964	0.5770751009921438	0.399813533303795
horse	0.3550950898467703	0.9791590958217715	0.40279172000003427	0.5089951504029758	0.6063226703201839	0.7511046113937194	0.4834467313037853	0.4727772426911243	0.5384321402890151	0.33262589693454425	0.5533480879354884	0.5062096942644505	0.4300613882205212	0.4638249120068355	0.589041652901656	0.31246364233186485	0.2211567041938039	0.729525646637988	0.5036493441100873	0.32789152717867	0.694462982233053	0.39458111827980996	0.5516089914413254	0.1546772493287794	0.26299700404257	0.7196733873145416	0.2893043550117878	0.6117991403522172	0.45902932189955925	0.7037456189443007	0.7121275413243707	0.2021667751470274	0.7649687350053641	0.6396906943757896	0.5103287044385294	0.7364896321924816	0.4485806209303781	0.44169001930265617	0.26943173896377165	0.6047620662818218	0.5612460518816181	0.42139456293390304	0.3006568008845581	0.4134282362617466	0.8427555080180218	0.5402211363524305	0.6537853018543778	1.0	0.5985078022243475	0.5905529542482485	0.4383988065591956	0.5802549665378636	0.31301093551889303	0.2659383986210746	0.6318414401025501	0.82945738202672	0.5520200471393587	0.3798941775605169	0.38224472099029544	0.5551076397572344	0.46051501997085104	0.6424826993313729	0.3640584293066618	0.5953721620220018	0.3512082054841374	0.3655342312147293	0.5239503021975129	0.6683984072412714	0.9182754157062494	0.7905342411166962	0.3907090233535955	0.38643203441173457	0.07822159487191088	0.5145334915568986	0.07729914290541584	0.5666856998733834	0.3713282834705715	0.453984939746777	0.5897013090792442	0.5582651691732814	0.45198778722739774	0.4323152766504498	0.32419909371514477	0.38596963724166733	0.6806921289467018	0.5148944838497533	0.6051283175843618	0.5191029343530716	0.6155680011254316	0.3947128521094024	0.9155234546433378	0.4715329626092738	0.3776954265820348	0.2302355252467711	0.5224775775139333	0.13752496698068023	0.26167408728825103	0.5840300976411212	0.008401211875309067	0.5341143349198854	0.6644668260033021	0.5436885736967124	0.17330959271224433	0.4534841345384493	0.6271959882220586	0.4926791626331213	0.1716441314131667	0.42281826160947533	0.4451658384107946	0.28080034568669904	0.4365872747846559	0.3343540633930755	0.4139378331271786	0.7065687528262203	0.5127839928543326	0.6434315841242204	0.4111608372619914	0.3700468746223831	0.34409270827054356	0.7977639915507018	0.394778952227002	0.7458729431980177	0.4767329821925865	0.25583003366167395	0.4538033213706933	0.14851883642807728	0.6411950444128393	0.2994127282664234	0.6393790851252388	0.6506052862348103	0.6027676361209746	0.34981671341103515	0.3390992264159272	0.5572620529349158	0.5863801593917152	0.35938975416580676	0.2961863487825871	0.41194043118279966	0.6215647994025891	0.42364993293995856	0.35571151972012244	0.5644391294981295	0.7192952056881872	0.17439209717456006	0.39889852373232854	0.5299190718295194	0.04419250120211193	0.739488450453325	0.40671727986422235	0.33441470828518444	0.5116175596017096	0.7309070195148162	0.3564007182762	0.4729406299908883	0.44491265723532647	0.5674611099440481	0.7438562572423308	0.3507934982777355	0.36749173615695996	0.23616228370491177	0.535278567241433	0.10318387507535451	0.6445332156295979	0.5009062855690138	0.2837000509296971	0.7187785488834607	0.7528908124664666	0.4541949362644113	0.3887091648842231	0.3165588143100764	0.32336206081096613	0.280333822307004	0.7126376124098289	0.39403140950197046	0.8633645650246429	0.41125850618373017	0.11790776852270451	0.47644960235057704	0.32175600368960633	0.17689536010417173	0.8732347022124844	0.3714616065843976	0.626475854792136	0.4274670222676293	0.2652417477476411	0.18575196855672077	0.48892861867755477	0.4310100937899577	0.6064762866023353	0.6602556173297942	0.64481588010246	0.35729332019848054	0.7574909594715411	0.5533214485886925	0.5065413435789718	0.5616097084837139	0.9455913461306784	0.7117021468982881	0.704898969269635	0.5958900530463154	0.23235971929388005	0.6103039390967386	0.887231987005817	0.6752977016209186	0.5360726274152033	0.7040246708377551	0.7178701461330793	0.6496897116289488	0.4609537819346159	0.3777622549794178	0.580164940869703	0.5726365696950422	0.5431611961747264	0.6663995257838303	0.5786559416260022	0.4545773023604881	0.37667980160287173	0.49230635839841413	0.32176222975571456	0.5015363397647131	0.3242867443982339	0.547974619901541	0.633926487319435	0.6962230692908772	0.41750511161592785	0.7364020356494264	0.4655743812732134	0.3800659219533017	0.5082863332917211	0.4926700285758894	0.9490478390320913	0.5162634127069352	0.5150608524731083	0.9131563080645553	0.5053836419811203	0.5782578733174759	0.5433684443058069	0.686953934348314	0.8636779749391994	0.45332883697079784	0.5381255716261666	0.6576717285168723	0.5019284567291264	0.4663314328126271	0.7712591560553476	0.7854513743275227	0.5594859804228501	0.20928927887721482	0.4623505811973373	0.4591913930039122	0.5244338772455626	0.5099912249727598	0.5056149425598517	0.6942735742166757	0.8356783732090667	0.47878719553606164	0.3953961462009955	0.7256195921617493	0.8664453413763676	0.38835843268937803	0.5153905911367528	0.4652486522504755	0.4562504496083465	0.5940930338969854	0.639715081886318	0.48557205373293344	0.9150868627191124	0.3319962674101384	0.47647630297082166	0.6363469977772885	0.534549679668043	0.4591728044378882	0.7106167526735387	0.2470749019300814	0.6057368252823248	0.4208478617435447	0.536920234906209	0.1384368925164502	0.7413424209543044	0.662631264923665	0.568215319688555	0.5460256834656265	0.31350074668015926	0.4705471345953679	0.6139148408857653	0.5445264904461862	0.4949221478690438	0.1965565847383034	0.6816571725548038	0.4397573352368586	0.35423168500243307	0.4381971866725663	0.5249381147532503	0.5996807910906432	0.32571053018398366	0.8479585899482511	0.4813173208514446	0.5094075732778264	0.29231041946861924	0.5207125151353488	0.3641469043882899	0.7674400898586876	0.5019149759600424	0.7203673225988346	0.17360382698182852	0.398809088304104	0.6482588717868614	0.2554569337523219	0.20075746486598617	0.9258644376680494	0.6054574912599825	0.537263415327322	0.20213193668299223	0.44584740791164695	0.5096296796982682	0.7820769693046216	0.4124093222647219	0.27563746118163923	0.8467400497544169	0.34412963079028913	0.2708796255464863	0.39889237015805945	0.7180357485918398	0.17836289653218246	0.5749963614771109	0.3473536011568147	0.9662002562075205	0.5816532537267507	0.40768911120600093	0.428053129940127	0.7497800843418571	0.3787744876001631	0.4189844283139324	0.3369031695485114	0.5970468771919817	0.3389606849437657	0.5750580053341138	0.5289324907638389	0.21522667351883107	0.41526604878110107	0.4722326672899614	0.5377145221123423	0.4501963699337412	0.4102933974979166	0.6067352460627076	0.2781668421099159	0.5194578883412087	0.3309378683075225	0.3992340203669616	0.571897514144022	0.3865408901946834	0.2712779419233962	0.18460700084954657	0.39545721540467343	0.414512023223502	0.6234838387830928	0.4310545076639167	0.48748731825146824	0.06431788346204576	0.9867070236773285	0.7493528255364315	0.19117588522693346	0.5662792790493368	0.48822663030565083	0.7230321848548658	0.6370817534485287	0.5003597284057923	0.4375040412147803	0.5576592428360521	0.5394895384070182	0.6717241960017942	0.48425124170251505	0.7381653420910244	0.3451321548421936	0.2721708024524559	0.4092780095945869	0.7375060706211496	0.35963872470180425	0.851980758412777	0.3124955245928325	0.574830271937294	0.3351601436070677	0.5621555660958415	0.10018442767682245	0.13882905180426452	0.0	0.5718669850196942	0.33072386897062966	0.49467978796307566	0.30129302513276934	0.4512666358966466	0.24656614623647374	0.4021673763310988	0.5792176220319216	0.32608865004573434	0.6837962998744662	0.65495669008741	0.569555151924385	0.3888402916176633	0.38732484975977877
hyena	0.4113181347618726	0.3416966667214505	0.714805086632449	0.4859747531665653	0.28441427173567735	0.7225773196291362	0.4899470217235414	0.1406470262217278	0.5004501305924849	0.18022014592885427	0.8044049820872814	0.43665979954240575	0.5498599450720943	0.7349923067446478	0.3502278044154195	0.10379188189476096	0.5099447464469324	0.40794142073412265	0.38991820465858873	0.3778214397878893	0.5277255797003993	0.30805017042832905	0.5188062314922363	0.33802221730238036	0.2661986111716398	0.5990459581341359	0.30922528796471294	0.5522815365131587	0.8710466719056758	0.9434173579082312	0.91957026230712	0.5733992936200301	0.5867477996817687	0.7276664202265448	0.5321002948511315	0.829642725116235	0.5148157999667831	0.5818389712548492	0.6054575348009862	0.4264226253266437	0.7174618941034336	0.6603193436480356	0.1679637944461562	0.801090873559148	0.42628604989352803	0.42864549674184416	0.4274723598087783	0.7718730381029757	0.9139128148490252	0.6517250730815233	0.2901269206688028	0.628523480295929	0.4322254954849091	0.6311889481336393	0.584320822839177	0.5475411290036553	0.4988434713963198	0.20186453531020992	0.4912825374921445	0.04519324072602676	0.532142198374847	0.4206096670554311	0.7046702337940359	0.7572880630695036	0.7058907141300759	0.2868330444927216	0.4847319087253374	0.7215486336784069	0.5758910596815103	0.6768325129940983	0.6121467999633057	0.44288870728784535	0.23493876762551597	0.5091079042675488	0.23690150102990593	0.7452131384634093	0.21461792749379616	0.2156244826086258	0.4980563898664594	0.5088256718625583	0.7412765348652004	0.4732224097961204	0.24428507448645154	0.3368349496096191	0.43962211274709356	0.511390701062492	0.24373476920197276	0.07047420415517974	0.4735145940810347	0.7228231302677093	0.41115729239241317	0.386630831079268	0.4006606933227198	0.35563133640048755	0.3958585950069191	0.4650821723051751	0.37755030948543183	0.5237752593366016	0.3048659666571707	0.37387916006123445	0.5186783746500594	0.8602008098837841	0.6451839020739065	0.5851345509392145	0.6708766769536059	0.7105926647538945	0.178691088956433	0.9521415647416616	0.4162653845470341	0.40281617402778913	0.7551816889861298	0.5701604711233617	0.4647230392864187	0.7210881743498964	0.42558900766706353	0.6256365786041893	0.5674672592851236	0.5777965535648482	0.3520441574643414	0.3364950011216631	0.4393752166348831	0.7065544674591575	0.20633204724582954	0.5211511492309863	0.32172679328998754	0.3732232956416644	0.5375724796062518	0.19313211484253223	0.6569392781170796	0.4592555387007895	1.0	0.46342211469246564	0.642433284249619	0.5008039159763499	0.7367142269450699	0.8487201896924672	0.483345360300131	0.6895595445841309	0.3753236486642002	0.6611249225822966	0.43849209686034357	0.8513943425875792	0.38772702109857293	0.2583448034577977	0.18012350259423898	0.7369084639867844	0.26777127007794777	0.8607763638985598	0.37376540099318534	0.18838135259255803	0.8070910780308524	0.9770729436140357	0.4878461773015679	0.5849536802542397	0.4098125007478103	0.5411670421539218	0.5755353954238129	0.3684226619912839	0.4091590665110298	0.3544100589678141	0.43090570769356434	0.3857679798867094	0.537011489946506	0.40026363124148384	0.4553605954167858	0.7429727831176102	0.5121099110907481	0.5045601873761865	0.56317823007823	0.45075526610268085	0.5540027919590619	0.2494879214090927	0.49281115179367047	0.6618673798716511	0.442110026426449	0.0	0.399550725610226	0.9430078070872742	0.802038370659816	0.7506052990512975	0.5194607111357086	0.34382501145139155	0.281771514837879	0.6286705166278185	0.4463704007817152	0.6089057613329225	0.40392839626555627	0.34044796897311813	0.7603124018327962	0.6719968241647813	0.6595405626571296	0.33760569407496077	0.07239951463541622	0.17396982267824554	0.8393954193125883	0.5229427569131624	0.7824705273861129	0.43896649498049806	0.44249604474085397	0.42151521743965265	0.3927507697086699	0.3606131181803675	0.6231970689665923	0.8192385923603814	0.6291286059455976	0.5808560867537529	0.6517908646603314	0.6775648862901849	0.3178316767878684	0.38991759686059213	0.6367660810286236	0.5153907925315716	0.5515904478130397	0.46725954707285844	0.5876211744137845	0.4894448552590117	0.775595124204315	0.18143565011783552	0.5358890913150154	0.6836328438138904	0.38116241222077124	0.3729134431517096	0.7572396868627806	0.7154679369148784	0.4590346363294776	0.5113263095624495	0.19223454571267207	0.380093528057453	0.9417563120765686	0.518715875579462	0.7563569182432773	0.7165556438686771	0.4883519229266221	0.742144092318505	0.5655062939118883	0.4358401073249872	0.47503612581785504	0.6023813613770507	0.62403959279364	0.6419360620501615	0.3550050013507444	0.6038340778768776	0.5702557834302221	0.6207939853591842	0.5964727244112424	0.3976292543026545	0.5170115267045204	0.09722382787730077	0.5367160180823135	0.2998078705689722	0.09077988344746213	0.7139312611782417	0.680228162210218	0.3254407575256651	0.48637360250205863	0.394779924936722	0.35782220673138887	0.5318795761026656	0.576946920103979	0.43631556402694605	0.5152541222651098	0.33190783116995193	0.5779348730672377	0.4444275885592229	0.580352778635576	0.4122645479171372	0.2189939009416879	0.24438464769996135	0.7863840342139088	0.6720420684164573	0.16401044445549556	0.47831609581504547	0.6477691376838747	0.44988067039574997	0.5470863379684447	0.13269808851909054	0.42290355750480013	0.2840525635697458	0.7723639689810327	0.7038652411575994	0.5233716549036239	0.41581017134966464	0.17187798750342953	0.5331924860091442	0.7600940196073837	0.3985645859710564	0.46350986401802363	0.1624828454181136	0.7309941878551914	0.194098479011601	0.3370850119540745	0.6183069914977093	0.41238940880845876	0.6313773206741171	0.5058042130930127	0.5304056107478958	0.7247544681389435	0.45092788475134526	0.08913236994612711	0.5437699733753494	0.38631355186087474	0.7087852265310617	0.743203357302254	0.7490831390770618	0.6019931776977265	0.4537655485404103	0.6764064125135839	0.20619812440606566	0.24178435067608883	0.45368953369636	1.0	0.7335444833793263	0.340520137617963	0.33551405483772456	0.22472236276265362	0.5784962746490445	0.4509042130591286	0.38625953984431893	0.5916501780347787	0.4939894256931776	0.5827319336802923	0.3173935867329852	0.36219577699919686	0.14386179261300958	0.5884615309193015	0.22092380790845878	0.530891401183147	0.47608283035336185	0.21850723025460428	0.690548643160776	0.7542385563601866	0.562886132448876	0.5084847454240325	0.5564064935772364	0.693673861743738	0.42411056430962313	0.5109312201055689	0.6224532700871644	0.3518618455715635	0.5397676290752516	0.5148194436998194	0.5775460457894354	0.38627843371261594	0.21638151139770057	0.3182806235425963	0.5640618719956811	0.613204707152022	0.5546662119458825	0.5748861104882516	0.4047797331782977	0.26995907385336015	0.2733465840284813	0.5889224600908498	0.5548674056846727	0.2215404166193662	0.3388975556212403	0.4829519846654969	0.6867289140709527	0.4992650391538783	0.7777192813723708	0.3389591478801858	0.4238188341833847	0.36743686981627655	0.3486368683443769	0.31414059327810545	0.3660057960613216	0.32437487785436414	0.5100956731526892	0.4109812603543214	0.6018782737856138	0.4656587224727602	0.5257633610371185	0.40974390127210064	0.5575145409098142	0.3410863159878766	0.1942275668109007	0.6767957589530491	0.19854723199601373	0.7482711590259886	0.6760871735001397	0.37163142884169886	0.5936301981940852	0.7313358606324294	0.631074201427842	0.2680904340539614	0.7292413033184801	0.4648992837543334	0.5054280617831729	0.09332940954240071	0.20360213431436258	0.562872916480422	0.5314137519197512	0.35031634616646345	0.4701345906161993	0.5957128023427427	0.7706646053164612	0.2408755357462286	0.5834636116884268	0.3257262578081518	0.40802983271461113
iguana	0.5056816292860307	0.3653562902476063	0.6784802923124348	0.7558000484614745	0.6902227808395138	0.6400481989901663	0.06437355131336076	0.6003936827396346	0.5934962158584123	0.4790785020988712	0.21143572672891275	0.6547427730536813	0.5592710639928116	0.43583097617080335	0.8726509847380508	0.5437763894852377	0.6257982601052055	0.5371074778578637	0.3328194225166838	0.2312708392894502	0.2340398945547087	0.8759761472397456	0.4699761257985293	0.34011486535394586	0.40070789963603104	0.5865196044626864	0.6327710120774526	0.7772395264491687	0.4016047495054317	0.5448009688470377	0.48551105565805563	0.5549000807339405	0.2791218612992994	0.4413562852537543	0.462049774712891	0.42114828714033736	0.4749418563882448	0.5707149167879779	0.33074214117236933	0.7191905215238448	0.5100445359165561	0.4623999138366818	0.7366389750241268	0.2618247009965352	0.2533678242973963	0.5351434319690135	0.14444824634974257	0.4111442710368919	0.7410709723031846	0.5194508628277833	0.35126185159637185	0.21102780074610678	0.28798841799758645	0.508299134034001	0.30360692277850954	0.48665366896140505	0.20636482091530312	0.48113341738444915	0.3214138865150741	0.3351456635285768	0.2609673188314498	0.7126307004289553	0.48568314677179847	0.4408708860371886	0.544077343518583	0.21026867610489958	0.06645586279795801	0.4827158751249863	0.4355481254434784	0.33920680131474845	0.7265211843353597	0.5741270167719739	0.9926741532768888	0.39201752827469627	0.2670867434565333	0.48251829354788556	0.5921036604524923	0.5413499215362046	0.47971207048973963	0.12055318104971635	0.4846555709631356	0.6544863790544501	0.9559235972262687	0.7686149809522628	0.658532603176045	0.8285348381100455	0.26186116719952934	0.5065861980427012	0.6601225114614183	0.4049384028231186	0.07930616679558117	0.7205083157772322	0.35391556221479054	0.5213416697689007	0.3946472050201344	0.5937237528536756	0.4755058571183061	1.0	0.949651401351656	0.2892779751992382	0.6540687722123701	0.47376798575527856	0.4235339839360658	0.5460908767724841	0.6795947724477968	0.43116651404739526	0.495563112406681	0.683192376997798	0.5572503873069171	0.7267192749108915	0.7638324475526657	0.5106086485884737	0.36754938828024236	0.510644864051054	0.6633533750275905	0.9234523176505205	0.40257744599081974	0.24142434906814306	0.2599630534979215	0.20351801171196726	0.17456879564342911	0.18481045455840117	0.4302088509055658	0.5470019029873651	0.6577741978918853	0.508261072188138	0.6809482155399078	0.2859520847243282	0.6393787446633179	0.24512032121353755	0.5811637738668188	0.24969959291981525	0.5395116894008074	0.4847970665191847	0.6424290816130578	0.8085517334056407	0.5561527233710255	0.5682144009061177	0.7950210628296238	0.4054675572181083	0.7719248601237205	0.5291258304151019	0.6543231737113343	0.3086011843334572	0.18997168769534278	0.3185857314246717	0.3570869240778226	0.598738965166581	0.6332862886235473	0.2992854250270606	0.5965565653811928	0.6727249627077673	0.8480629385136025	0.4300806950360484	0.19454886998671017	0.5378764171813332	0.64195195671535	0.6389834605016438	0.4922394115678694	0.4988981383465309	0.46658202115141534	0.4242608036271206	0.592131410794108	0.6714043958780422	0.330059852846158	0.432805765214355	0.41435815427953776	0.6540343727047198	0.4898718772780905	0.38656206753218525	0.6270106726524598	0.6597023203382008	0.3946358961092807	0.7269646796732221	0.41794031381734015	0.7400541119452373	0.41494204274084556	0.5655706033937246	0.5331950733124585	0.44051001935837875	0.6907202694462897	0.3341426084306068	0.8239151157998162	0.3614981616928575	0.5100800199829149	0.5755678801492544	0.17508110205015548	0.4216120324116615	0.5741697248265679	0.38992261070149253	0.4245937976788533	0.295583216044743	0.2688306826904625	0.6578892756922712	0.5904007745429609	0.6091479355248258	0.4810434127708515	0.44025865233325334	0.23008572908995734	0.45098995681239623	0.7433451885672333	0.30488564174228566	0.6208672674023609	0.39883972916345745	0.23313241669471535	0.571871726119736	0.4609006118484259	0.391958235469913	0.46939680845165005	0.3022606738722211	0.5067401572662139	0.4891574036747227	0.6257993344022171	0.3350168148982234	0.5907484769476155	0.3077122431775214	0.19394126543846524	0.4798889539573113	0.5067631907511663	0.38314248514529897	0.5905397027826557	0.41475163243306284	0.4769704355198088	0.7065873940748661	0.2404020237591158	0.2873110338149757	0.40027963540788164	0.43645995506754387	0.37794504510691457	0.3643635061394133	0.6213010679951816	0.3561364089823723	0.5708349447233634	0.6948700467396214	0.8800073064235008	0.3886186754372819	0.6588060141682595	0.7938829006982562	0.32613730697886384	0.5428382547626388	0.33426795099794904	0.069297143841768	0.48762319715269153	0.46648274976561005	0.636862999058343	0.10994854023622522	0.3028032816611098	0.7412789496246571	0.6185373518755335	0.8581054121591686	0.7113844090683252	0.7161116672337674	0.5390527445735169	0.546360584825701	0.5446995210538693	0.4664782379839259	0.472555860212442	0.3613639172606072	0.30831414681597286	0.48848776716668774	0.739773642907116	0.41886426811991884	0.6236565935495638	0.40095260706161184	0.49327421607753585	0.7458306783231369	0.4388031761759777	0.36395800766167313	0.38210693490626785	0.5685168577980276	0.4296588386395774	0.6368968567301773	0.7937295425991397	0.6138160876819034	0.4040668414023925	0.5340692848516848	0.40813816663048275	0.3661242744411372	0.626692212476442	0.20399234049953913	0.6221428018225942	0.30807360214976764	0.6891322044523805	0.6507076323233262	0.18552895589827056	0.8211205327886228	0.36798498981480865	0.41823739255849823	0.5655253459346129	0.5720712626162512	0.17670607780574177	0.23998463090393057	0.5907280500817189	0.5518064240522371	0.5447750614095721	0.45088046002471305	0.5319196974687266	0.6365573855135044	0.747316736671531	0.31796526847150997	0.5900216313021055	0.5314566169942884	0.5069450324595306	0.42398355669941673	0.6320752848186783	0.3131999880016421	0.5964389622806197	0.2138261988530447	0.3792843019141806	0.5076972175256121	0.361564470784082	0.39240583315648314	0.6805241533065233	0.45633641459117924	0.13050899680784472	0.6157552559129055	0.29011255155640603	0.45778495506810823	0.47284080013558744	0.4894513483682217	0.5897763754287305	0.4979680156670099	0.6245060717636848	0.4508374097436743	0.6528279461719394	0.4476026106133152	0.3569146954160016	0.5524752944918636	0.5431548372183552	0.5131943645230923	0.5781886948425917	0.3173797105848446	0.6094026285304306	0.28614593002129995	0.4072851115595475	0.2961527255395457	0.3833433340695075	0.8026010976100393	0.606863498152013	0.5754148051596414	0.4045834018972479	0.6517621924556116	0.5611391574752751	0.44573980883930503	0.5890755446934581	0.6590387991913723	0.26102760149029275	0.9464322793966186	0.5634800152489656	0.6369893895385695	0.4577011556015109	0.7017342464676172	0.3891669065744977	0.674109069474784	0.9029468856665238	0.38179830116050106	0.24466874232024122	0.5530615112254589	0.6338458498230648	0.5009658129102761	0.2257229652938899	0.3841628934664804	0.6808398231968035	0.7129215693853108	0.43316079781460476	0.4210264228163888	0.6068566725938791	0.5057498341867845	0.5628895947058083	0.7834186984031815	0.5312199953223197	0.39905780421597803	0.3711730512674769	0.4209983160301512	0.7554687478506099	0.7395145629338311	0.5315156532304757	0.5123195939836362	0.6594042704820535	0.49910132609667046	0.30532633509206986	0.46533253664556884	0.23754388314229125	0.9119215025864605	0.6486982222997102	0.570141289893409	0.3175246482877745	0.7848050820905631	0.51969845034242	0.5031254938288517	0.3704150323752248	0.33028762384840415	0.5031023641153347	0.527709241622741	0.4925618434668297	0.2419244676055901	0.32989967287849115	0.44560771863241533	0.3301738959266242	0.47935218521579
jackdaw	0.4599166534545599	0.23685788351043457	0.3893974515981461	0.3737430854769558	0.5242801367316174	0.49688655503982054	0.8376140008763746	0.3998818207395147	0.37405126267773514	0.6058361272501572	0.11421760601120234	0.41534684435515323	0.5349658657984167	0.6491273186288253	0.3599832210974381	0.8098406199798066	0.6077920036514791	0.508492328946194	0.33293497415405193	0.5738140813135093	0.43596253014802	0.6612493938221549	0.6514093007118431	0.8948972528827381	0.7801160132796275	0.633834933461307	1.0	0.6173940517758297	0.4753893860957469	0.7510938173336952	0.5883995575122581	0.09601677938015163	0.3548575179089996	0.20005311416568658	0.28663633404387573	0.7416528817484629	0.7289819957547244	0.5727654914565135	0.3803279200374309	0.7380146624489555	0.7320324410887837	0.952169518381384	0.4931377100972295	0.5725159839095675	0.30791363469387906	1.0	0.4039218460635027	0.5023570348831856	0.4662580349307946	0.9034746904869296	0.22926228351450387	0.7032735256231258	0.683055769807208	0.4408476934489687	0.30188016582874555	0.3682563485701856	0.8219211506041167	0.1980936604820748	0.21796237467578028	0.1627441357280081	0.5232010387584665	0.716794971786894	0.2732669237054898	0.6193644913957861	0.3082873916049017	0.5626087289780034	0.7423880477129413	0.5512217287113076	1.0	0.4331255903835597	0.6594973223017242	0.5455275994028659	0.46680440839440446	0.3102164210279701	0.29722075587916663	0.32325264590369673	0.4559470492938028	0.9205589949206603	0.429915432647016	0.8137315415383657	0.5547188754982413	0.3482636028139773	0.49991528638952226	0.22846403516967317	0.8412525785158996	0.4389926362218716	0.5931046006091664	0.4596056489816822	0.4946115464364896	0.48221079165916964	0.29904035966468934	0.22028013971431848	0.34998444771224146	0.5483762943502468	0.7246878611247582	0.6722679297937838	0.33779060741794453	0.48115038956938044	0.45324888339545233	0.17188666410685624	0.6167061897476583	0.46616926533500364	0.9214220890092695	0.8851761325040851	0.8127193663425198	0.5638816718245868	0.24098737501054024	0.5317050995602071	0.7281807125345041	0.4497351842631708	0.4135827571646376	0.02138761038291026	0.7071488634481133	0.0937212622552675	0.6696539092124096	0.6957569659351419	0.2652022172888745	0.20766560826037575	0.5929420825253967	0.24303198451712318	0.4453934601914843	0.7942161497494051	0.5582060210085187	0.5697493272269614	0.6175842219354684	0.4240709886367834	0.4540037725048662	0.20898489042316312	0.6734882121688552	0.38202369314701035	0.45962086760696336	0.7301486399917095	0.5797704055913141	0.1825922565090916	0.2749781263100898	0.19399975548907478	0.7457520662380939	0.5906071874187555	0.3310722117172206	0.8172817807333079	0.2668302617892255	0.32187970357608603	0.5821075769811432	0.6946930060880427	0.7837494134316738	0.416717223994288	0.5933198662309619	0.48566907694571704	0.5596515131850823	0.4809320439292661	0.2632219563439851	0.32599765623120225	0.5123808789528915	0.6894682513324215	0.4919980737597689	0.6376586933755094	0.49456756320074663	0.22899095816161152	0.8977411808981353	0.6739990187979117	0.5221465716270273	0.6483899560971733	0.6128073877928415	0.5885767053344402	0.6119147140742016	0.6766424127644628	0.29450096106432866	0.6964989192364117	0.3450621420087633	0.4588993723689211	0.5338474825165188	0.34722785937268486	0.25522698031776037	0.6144088147715602	0.3869462196502629	0.5649948704610914	0.5130730456828464	0.7539337842934978	0.374742944615154	0.6792795407133909	0.46420553626580957	0.1764621444343465	0.46143884901707277	0.6133452817578904	0.5181162463765836	0.622386242954298	0.2666156626273114	0.31843953476292425	0.3000475144951402	0.5370699496209281	0.5423396734523277	0.8520388880574914	0.6835356990271946	0.3086474726027619	0.6220154561230832	0.3023947652911538	0.31653571916875795	0.6527922866802438	0.43921470490723413	0.2944051781075906	0.6658700410869421	0.21693585668566817	0.18430981148435982	0.4902687902867156	0.4501201666436155	0.6328288113570107	0.5477133584823743	0.29036670298623884	0.8812808834906537	0.6419312734697941	0.5398487247824826	0.6294635661411676	0.0	0.6857680050945858	0.5793631667607042	0.44797091334507	0.6465535821799107	0.3570430779632968	0.44987957779187887	0.47547554538346104	0.4901815539673621	0.27489652723593827	0.5878467774965844	0.3732975950806606	0.807484604534341	0.24426535058224713	0.4784923053398746	0.43085902099611656	0.4451975339251383	0.3063615500208791	0.6872344428072863	0.777846479904093	0.7159333729746498	0.6701515339442421	0.24086312071936367	0.5603204572751158	0.8495464174363929	0.5764962510245185	0.3572115320421365	0.05044683032703601	0.0	0.3820340269251354	0.41118294876995776	0.41600166291291524	0.5294242913766362	0.5188836495688905	0.6598912256058284	0.41203152194031667	0.24125597456093073	0.8512988160760855	0.10147646212198386	0.4248049341345419	0.42166476700515976	0.49678141763216493	0.4201531198776929	0.25454908564102846	0.2588089382870069	0.7700459550188797	0.1895632374898138	0.6558463170444572	0.5474928019031297	0.0	0.5663313435235363	0.41640197928122574	0.6388640894770409	0.7673665907180517	0.6665812524769902	1.0	0.35152493150277964	0.24287294507203144	0.24301142059905906	0.3401503879312465	0.5571316466132512	0.6602964605482068	0.511603731009552	0.5578505482408441	0.5696743507053981	0.641182703269364	0.654164210027096	0.5246455861751337	0.4227314539045427	0.9938386560254147	0.48160180489032	0.5226494986646169	0.2489164945610539	0.5986613216605521	0.44443076365709233	0.4089806122764119	0.5332650421718952	0.5128869230860224	0.41404528470512875	0.575591998005381	0.5119629710847802	0.23397523907631107	0.6191058730195591	0.6085263875044523	0.6198500581532872	0.43880134027715473	0.7463879147834077	0.5768622997683253	0.23271856152841824	0.5267371546505987	0.4598462002579267	0.5360971778450323	0.41119178222861563	0.6352153676403438	0.28228804348397574	0.37775938019256144	0.4348115218931799	0.7285803348672126	0.3671967899969413	0.25670294800119997	0.36755223584162466	0.41798724114568026	0.22297646511862745	0.8002159581932208	0.6342116786166129	0.6087174350521207	0.33432442966532194	0.9151048142610778	0.7645966498922578	0.3288914463392691	0.637396722892082	0.3616055100966963	0.4314299587419025	0.6787198900480873	0.5143978025051832	0.8425588457966141	0.4324677248649744	0.8111925189632414	0.6301898596558914	0.5232397170538594	0.4394891073446346	0.8494784184902487	0.38417390292762676	0.25621400572819514	0.6867946286430352	0.5861515055237366	0.3137577918840153	0.5004828173888327	0.22041657628363825	0.3624610922945389	0.43709123336520117	0.061589937485252155	0.6175676138212547	0.3308728607467283	0.12620437678261356	0.6093585521291578	0.8419165154403316	0.459878713000503	0.3670256827341184	0.635251322632832	0.38523091923679686	0.42963257950562395	0.8042718124250292	0.22128711940372045	0.15034431601062526	0.0	0.7175417049447785	0.628109943549697	0.6457591295071139	0.7468219395024774	0.33675913847009364	0.5445350808073126	0.9036448189895316	0.20318607474692368	0.4038932422376903	0.4050980788958012	0.4027434578110031	0.4568258530958225	0.32214387244494136	0.6827162285285183	0.6111686732005943	0.4658469605362212	0.5831176476875226	0.2505455176520321	0.3183517276986444	0.4551942979642665	0.7032768189970017	0.4989703641137294	0.5179733484526328	0.5555803200340903	0.33896372739350583	0.5977681560088761	0.624500378169389	0.73212009454281	0.43709765630467856	0.5568984821002996	0.7715471075617051	0.3915155103507897	0.23466672811656802	0.556764182217294	0.3906171689342597	0.44473900388694443	0.37378293987519895	0.6033057556948387	0.2796711285512726	0.31279247148369027	0.322923210254882	0.33974844859851216
jaguar	0.2288635175075236	0.48515588699666967	0.8090674442690204	0.6057047099220069	0.39619016075930064	0.6035383974179858	0.3325156130026974	0.41707535155992004	0.6751183685585743	0.615954809395912	0.6886991727254695	0.6878995874020821	0.5921031422570386	0.543158302227654	0.47817829569499737	0.819055451706757	0.731522364706877	0.5380390437742171	0.5868007762908072	0.20285348865839992	0.269902505580958	0.7738356365636223	0.0	0.532643176736716	0.23068389464056574	0.9103043869807365	0.4608806654751517	0.7075208541450485	0.5617563589724877	0.43414432056115015	0.3596384919853207	0.40831123050786	0.32369997177536347	0.36264518669503226	0.39417411907699357	0.39621190471446655	0.5708655921315725	0.5595697357441394	0.4782819854772731	0.6981279864218589	0.5396196597255729	0.6715272741454574	0.515348416927188	0.5027394899615424	0.3872079058678956	0.8305912281158663	0.2298515329587402	0.4183163437334806	0.7002307233076682	0.5501083031943199	0.26181111675461743	0.3823869290118708	0.24510039321710964	0.5106592634518005	0.40788564063274885	0.24326757371625307	0.6256598620698727	0.28146571940156284	0.5553822716252733	0.5068465083659704	0.5097540535536604	0.8956474578069076	0.43191653056280793	0.2915314850368274	0.5188491399373181	0.5429998634627287	0.4622575040845782	0.5033356489341865	0.3218485682770507	0.43220443825935095	0.6249607571833864	0.32052199860625763	0.5041455214118532	0.14863770763520878	0.3311396399839809	0.6772641914920468	0.4867318701404347	0.38564269120563854	0.5661896956698602	0.4018002827754562	0.30767887149634676	0.5191983015442182	0.8234986725189783	0.5690095568963576	0.4042710401627382	0.30011076699718403	0.5871036371018967	0.36634997722617296	0.7640259162966088	0.3126539040334997	0.4894761136610944	0.6501853398472771	0.4094931978028149	0.6574975822589635	0.4901493510924265	0.344519039919861	0.45552667761179616	0.535861404575931	0.7488250707668834	0.5312021194141626	0.40505579109714784	0.1511184137520855	0.48267905674987777	0.46864789985215294	0.31701295089058273	0.40000912096193947	0.7795252209058845	0.7014621265063902	0.6772419681522077	0.5006157438632544	0.4610920071615691	0.14695355241953476	0.4525732059024076	0.49833389161339725	0.4805464407252928	0.7459774175621525	0.3216137342784628	0.5844776113176354	0.33789245054968864	0.5936488999809262	0.3561789734589824	0.6146901582764908	0.3045409572235274	0.785559582117618	0.4717389111478272	0.7844044809572223	0.3943894330840996	0.2941780415901076	0.8109859607702674	0.4064401160575886	0.45358493637005715	0.530567040378139	0.36066527663921466	0.32284662243166595	0.2760262474771649	0.47962823463694104	0.42331136980440665	0.5295871203318296	0.4124525638030847	0.2643547370896689	0.0	0.357211109919178	0.5051842917766711	0.7174694733223612	0.5695790224386411	0.37566043988962383	0.6206160786053776	0.09469749559403018	0.5510691923610862	0.5798405183383658	0.3342149885154614	0.703150109987097	0.4165048591912797	0.4614221333216461	0.48001586872052576	0.616544007024591	0.5346722812711254	0.5975477591249501	0.4504507823191556	0.4394985220341716	0.3135827962222233	0.18117777973717142	0.33144212742572327	0.6559958149879221	0.5112221078929623	0.5127393070417313	0.27602386656561306	0.4774071066196254	0.47305512625943363	0.42577140679414666	0.13446166259699405	0.46725967168575094	0.5646615883970879	0.5716299994839116	0.521888542777109	0.5856268242059569	0.058000727773534266	0.3815408911584358	0.47009697922694066	0.3043912995307057	0.5331196336283229	0.24879890976628738	0.7354673733149981	0.4641618969038902	0.6394997762268131	0.3155404286908786	0.1358096925183489	0.30501439669601715	0.7505709048528582	0.27090687856353424	0.6967032826667774	0.46141064622936195	0.6968962020776276	0.500136043567767	0.17613511794782616	0.44917284718568584	0.7125208867691329	0.6635724963716351	0.2637269273608213	0.3877653157174766	0.47967023949687554	0.4380146232690886	0.7488052462979378	0.3111156669486028	0.5084206442408318	0.6739974460201211	0.5797651130992452	0.4597535204342489	0.5599965381887818	0.9003878162132705	0.4290299985583508	0.8602909035783741	0.9249040785001842	0.748208436229741	0.4676167593968948	0.30420641376605173	0.6102464172566906	0.58056125142867	0.8335668864442645	0.49722454092958074	0.3323614676377491	0.4440799922034094	0.42550836855781027	0.8688293505003388	0.1936209098534888	0.5200501957463626	0.2095577010817284	0.6851518152020619	0.4572488095336473	0.6909701303200475	0.3933329740581363	0.4640311271499551	0.5060801119780228	0.25388092537235285	0.5341748096058765	0.3899366615344895	0.7242053382983894	0.5460238756284809	0.6020987004432716	0.46398977341946024	0.47939340028964017	0.23527654885479	0.5175202640666519	0.49478852165049525	0.21904792213124563	0.7329829794576939	0.42501641306549726	0.42006160637793644	0.34763949160024815	0.7722779952723451	0.5166505328825589	0.3767477063601504	0.5256188968900536	0.549153343674351	0.8067192463989532	0.6813255207383128	0.37635619953383204	0.6123617571479247	0.4584867555365552	0.3635715565226606	0.438981938909752	0.7659908311504262	0.5581322699153886	0.40290432868014325	0.606913365369226	0.6575988537378035	0.6587659507502533	0.10510189702620021	0.5537881310777537	0.4988261274366236	0.7194187548501226	0.5856352796326738	0.5662326198877613	0.5256428580982431	0.38707915058340886	0.6693685942069085	0.5965558648658922	0.33363537145895006	0.6910430324298844	0.21934355260536165	0.39889964389337396	0.6574520014057623	0.3977936160381682	0.5117724803091015	0.4351931966449251	0.3139417047230429	0.5829066818810376	0.6536589408777715	0.724327295115151	0.5509936678095888	0.5386868615784253	0.364402144676723	0.5407650085503055	0.6401756834936438	0.7828959661053119	0.25114756096358404	0.3663689575873641	0.435747532219881	0.47759338907545773	0.5915646761119028	0.23610573374147337	0.7910159827288843	0.5282812954881229	0.6838092032671778	0.4162033973798579	0.327322144976607	0.2416533724076239	0.3878510207213544	0.604963033296304	0.6533484761685735	0.5755104944129131	0.38827264542845585	0.5982348627190562	0.5276550477542105	0.24328061705493143	0.45295802014597475	0.5313214947464715	0.7056816803161264	0.6022629941649323	0.14723163297197378	0.5585474431592433	0.6855868737906539	0.4113238927154378	0.526791202865128	0.7082684569187908	0.6621340815278977	0.4987144879728667	0.6900651203266248	0.6428888846656805	0.6753412818880427	0.45375880955980163	0.5556814264781186	0.5883505714170085	0.49377677466069314	0.09772424265953034	0.36622415474991676	0.6742582092772925	0.7551183597849864	0.7596616496285536	0.13177580589669896	0.31325543356059493	0.6998680091775902	0.32957806711642945	0.6091463782689833	0.4508876162986011	0.3196643793938027	0.6852406657874985	0.8065819047313355	0.68841883293195	0.3727040812599124	0.6134518917836476	0.38529093565784894	0.16129639739820223	0.4915574531350515	0.8577191266523074	0.6427008422398613	0.45241108174639444	0.48129408455443556	0.4657548343530475	0.4975705629724082	0.4154483419385785	0.23085883428451998	0.5330775404334211	0.6278580270879814	0.4697187468019899	0.8000764905960396	0.5621753114105436	0.3352119063144491	0.2943638182105918	0.7630283785966181	0.8304819726898942	0.5587209447653605	0.7119977022215918	0.589802877608679	0.464453966681689	0.5283983715154094	0.4900879938613743	0.7362943011176262	0.855307020117577	0.3640587233374787	0.4169428815480178	0.5393283910165091	0.6626017917516785	0.4666305009733305	0.4263817369041454	0.8279389883605996	0.5478243589805762	0.20571469899125183	0.41166245055725686	0.5610794267659681	0.2341941333097875	0.5615746223496262	0.41186029034280225	0.6893274369182611	0.3408371437740314	0.41078146095107837	0.40861699895963277	0.3555943910763869	0.38274973736112466	0.2369734983012502
jay	0.2289737587684526	0.49014970149868475	0.3220142224940772	0.46982330153212915	0.46068153754339575	0.3763908989847979	0.9490954565327998	0.41023559649496677	0.10570567958311511	0.39994397241285506	0.382788779666023	0.34627183706451387	0.736265383533542	0.6672432227030028	0.13234522235787846	0.7695533495769002	0.5910977400365226	0.8974401538468643	0.6982403725478894	0.6216541205965077	0.3007284534027841	0.5463757357150965	0.6406469289775325	0.7121794602038697	0.3101410367295051	0.4425684748363668	0.3235035224743753	0.37580649550916057	0.5000129457759555	0.6314083221716374	0.33940921961668113	0.7368034754553462	0.3377241704994528	0.3091340248345177	0.5010669532231219	0.5608537986153463	0.6332022479884281	0.4002713396075906	0.3832220513882223	0.9474703683915249	0.4337015917294662	0.2398743250458495	0.3810684166420274	0.5514699240970291	0.3765263447954907	0.5702214063458809	0.6347481924943349	0.4511007591781846	0.7782574019609126	0.250811086694206	0.6044662415972761	0.2614211487672478	0.6576554456309498	0.5765998337249681	0.4412649940823202	0.41724422939408806	0.8481636625676024	0.6345316199012008	0.8253754793965375	0.6580834910226666	0.4388399541598238	0.4444966899061048	0.3858257818221516	0.3865736013640292	0.4594626973075643	0.30574629199643966	0.2920802764044025	0.4659161360351447	0.5214982109736569	0.3762255203816208	0.481661913021601	0.3225634427477532	0.5294722365944091	0.0	0.2315855376232579	0.6271013280579236	0.2863086470527529	0.5934732693329361	0.7138301684054953	0.5899548389726748	0.5159522799966445	0.3655125625209963	0.05290610272066165	0.7250664171355876	0.2876847449723857	0.378568074829307	0.3359350786409632	0.406440193561471	0.4423781385356368	0.2560877615400484	0.7973996370408385	0.44093226939823443	0.13762683642012863	0.4407063093485584	0.16294412714431278	0.36219070177523355	0.3699032886352094	0.6076324211220635	0.34569938566950187	0.384810363077869	0.6037123722296354	0.9380024390439152	0.7716693771753271	0.536516497433718	0.6314986287030758	0.27231435941922894	0.6703853236603011	0.6205148315408554	0.5679652873292207	0.7750291752959272	0.8027204447910385	0.5228133936646706	0.8174131249321039	0.4385671129611222	0.1956230071878195	0.21381474653628613	0.6598846599963961	0.2518885988103487	0.7676824935321864	0.3977955093210858	0.46409575469136777	0.5928656468918868	0.4971265221836227	0.6027764000468907	0.38473168911020306	0.6099350894746922	0.5542116051259782	0.4116864061563141	0.2718857996636461	0.5101865925445692	0.5263764480824529	0.4372886823951775	0.2521825664965284	0.8878037058676027	0.7941684873106725	0.30096575029503136	0.5185274499477427	0.640293732307261	0.5753503917837539	0.5485644886241625	0.4627590539628747	0.05456318171349439	0.0	0.42293042353270427	0.3374604093151317	0.67438341899111	0.5836138786758631	0.2580115510810128	0.5417594813843717	0.22033165590025805	0.20927761898764125	0.31128986608770176	0.2583726296112809	0.44812524563733513	0.5519996298737473	0.8403045939152689	0.7222434760775235	0.5096858794417067	0.3375564318533707	0.5993639525347174	0.8014161341738322	0.3465779598933817	0.8677024839645893	0.6101310592700795	0.9876678056170423	0.4111663401977239	0.3318026048992163	0.8453312018040107	0.37938655401703075	0.5254780484973124	0.38150757159028803	0.4866275108591326	0.7091554923381658	0.26759927448964194	0.5723709365183105	0.5485661604033566	0.6220600756489749	0.5698853909221976	0.7741022228766417	0.7464801654343851	0.36917452100876996	0.09116013429926273	0.3582727822726644	0.6601853184460238	0.1782925768983246	0.5404708130240058	0.5303075737529026	0.30100588783825105	0.6026219223508075	0.7060153208184612	0.7165652999644723	0.506931882304631	0.444095309214628	0.2832258253418764	0.4559704368244319	0.6169635281043795	0.3708937896849827	0.5327713160101626	0.22038943115870796	0.16952687941448857	0.4098572312508645	0.20663159120113828	0.8163311135396438	0.2553436100118635	0.9236307099669758	0.7529947332836191	0.771579142844127	0.25932209742018875	0.48543653116448116	0.750409665154294	0.49580529077182767	0.5560933058176789	0.5783692168811275	1.0	0.46992008223408976	0.1783993500555926	0.8791168858805491	0.21812894560411383	0.6532994490281934	0.6701563964583763	0.2487311708616214	0.7342636351835183	0.5012045585913675	0.31771798061423456	0.27913220250207194	0.2550912075495053	0.8373593955402243	0.6784588159842215	0.1566129877029815	0.47241376987469047	0.2887757907241102	0.3472992405594294	0.34120953288024336	0.5731883471715079	0.47092013395699195	0.8628938729305251	0.39215297771928986	0.31004943601877616	0.6672961885286794	0.2203823688293229	0.20378356204099685	0.6980874436742043	0.32429657517334404	0.2324446494606648	0.694220565560603	0.33211247523025206	0.4781634608160327	0.7645567332528929	0.4120270755054501	0.685040427407964	0.21756644296618788	0.8764650554897877	0.3004594180958461	0.4723475749355364	0.8160362591597006	0.06108766012247252	0.4651082449716054	0.9317946568870774	0.3909152706663654	0.5928945020685159	0.532232964840787	0.2700292858986096	0.5805382665254902	0.06914395776326016	0.25360408426071424	0.5856238275291513	0.3950835320781936	0.10239455795560376	0.5747360814084501	0.2698326217591665	0.7417370503210716	0.7355327191164884	0.3066468424930693	0.5334625278400436	0.001645124239180451	0.3165198126446266	0.6723946146735824	0.43736884004692983	0.5761734987186563	0.5886428037816153	0.3653671590117181	0.2649485272297937	0.5670552864769696	0.3377999855521531	0.7299524549740859	0.48524363997236464	0.8796513420354365	0.5980118682783209	0.7416774792754822	0.2526151998567702	0.737442670390313	0.7562919481833289	0.5406323721235622	0.5831187508326034	0.6735539686839527	0.6149082970093281	0.49619982842505017	0.5642366609262096	0.5524403123566818	0.2176389072841729	0.5374427813082023	0.7964681688249191	0.9315822321644268	0.6703086687365007	0.3526254502134514	0.6769065855509983	0.8715812218884293	0.12148649873861445	0.670120568967796	0.5679183456958542	0.7457046739875963	0.5446539205395369	0.9405721931622988	0.309745418117214	0.07831162470477926	0.5393759583488209	0.610151633464834	0.6381356612470463	0.0	0.192270998083159	0.4198612090809485	0.36803628286435336	0.5631667522080228	0.703821255887212	0.6530889273273432	0.6765717619018101	0.5079202769994763	0.425386357484324	0.24692188951679983	0.5634629060963765	0.9280941463442576	0.7382883986343237	0.1587329483466639	0.3715466949204392	0.4862548938336759	0.7186864491439771	0.8512723163047596	0.8428854586886667	0.5269822567994996	0.4890382023194262	0.8516766017099391	0.17641164045757873	0.27570090434535494	0.7796563927388751	0.371230833116592	0.21442700934092754	0.4011572556712148	0.6343482141117162	0.6621390653866082	0.6927685421445435	0.8967019752940604	0.34040536428909546	0.770832021368381	0.8872628675772964	0.0	0.5636631937719038	0.5274574659729627	0.53341759692412	0.4731140978641254	0.7660668553284896	0.4269755579014432	0.7435894222142672	0.5255018586084463	0.4876281663325094	0.4444938850636882	0.247875611071778	0.5400136388354342	0.596622497493411	0.5273674631260634	0.0	0.08736945441305555	0.691071809183301	0.49683510206965664	0.6135184402804118	0.584407663922915	0.7032198367223329	0.3092006798284639	0.42992197928373005	0.5839721753484888	0.3654681710945755	0.4116863475880047	0.725461714289726	0.6172390951600163	0.9585275552131118	0.22467061860330578	0.3920655357224605	0.47689553324963	0.4463391525618525	0.3468617565443798	0.513943120147741	0.3661700608031502	0.6458883776714582	0.20116702756962684	0.7124896774060093	0.5608533191224444	0.6073597160268831	0.34794448884768053	0.46698553028811984	0.4649096811530732	0.5413226963670232
jellyfish	0.4212092643897726	0.46321560035708	0.10878507385475208	0.4629534321660793	0.7103090109981547	0.5507734626838958	0.6288551520822964	0.7627354010478888	0.8228339137030982	0.3363390657368046	0.9231979780894848	0.3601425612081576	0.9245607680795839	0.12128160208680505	0.49013362759273704	0.5626500111866124	0.40056434587523204	0.35530168892035524	0.5149373660203201	0.6871505828178665	0.7127008027190779	0.331770938682293	0.32696655003552777	0.5549164288875315	0.7091879072277039	0.744763371921714	0.4234189889947229	0.38290011350304126	0.43370128553790194	0.5062219461408013	0.7836932254202127	0.5423117959392257	0.550814873489496	0.7582459209461981	0.6457439076458451	0.47689978485934725	0.46158444082000016	0.30985298831134667	0.39982575599363995	0.45728256924890365	0.598192435871408	0.6231187548401433	0.5226671046952527	0.28535708044186403	0.5555438263958132	0.4990862482594308	0.4666376595710237	0.7139226793562106	0.7204877025383806	0.691614810658393	0.24077974844178604	0.3742662665197144	0.34138843433600635	0.6139491815934057	0.168549644439766	0.4790553051146043	0.7414419597444033	0.20786713321607636	0.5781790745249101	0.865282849311793	0.38909422808308813	0.32303497212820603	0.4825070968220655	0.6574813288818473	0.5933839698426516	0.42942894931910003	0.6533263209777693	0.3147528362171239	0.1490213378891127	0.4849002944001191	0.5424449097133164	0.668992825835137	0.6099839291422098	0.23368044369644278	0.37455175400288515	0.48374640825552684	0.5401216142177712	0.44415493048976684	0.42884293627780345	0.3319484054674475	0.6163215209449854	0.332850585887285	0.7163163738837848	0.32120860436885335	0.6802827307193033	0.4310072005753802	0.4891532064654533	0.48816710247143874	0.34202948668970057	0.592327526163747	0.4624629779234959	0.6189729004554855	0.4323844396411507	0.3241304824103943	0.4562196347013791	0.41241127478070994	0.5835397769242655	0.6702046471531823	0.22101308399594227	0.26069630939549115	0.583445121836871	0.9049849555460291	0.22536467820297446	0.6548311411955096	0.8416902169000893	0.4931042633007625	0.5493043334715491	0.7566381460186531	0.15033797705933305	0.344609157736552	0.6040111297316331	0.671859084244423	0.5099148312449155	0.29167297035077333	0.23199501266641082	0.6952054376475487	0.6214697403212837	0.4677581302866749	0.3810070229833019	0.7929675066913855	0.5815808135126266	0.7343521585234921	0.6117188853029518	0.8830418258545782	0.2803155597890713	0.10240919666377113	0.567161682219523	0.5496730039618041	1.0000000000000002	0.33494726544366504	0.5119935144239469	0.6745292851534038	0.2251432513098381	0.24274863699101046	0.5337139480526503	0.4774365697507276	0.4882275924815049	0.44544995222678485	0.6672160085638348	0.5020594890736872	0.888877326848382	0.3073035566467248	0.7549934919235713	0.5379386273026568	0.5211318161069306	0.4000048666049178	0.12500363019530952	0.8763810650030303	0.6329310118867585	0.15771283056325636	0.5595444160158114	0.35798035464298916	0.357267789419249	0.7501425710725944	0.5626839858693091	0.8703613376485045	0.5471045465444819	0.3495360445871027	0.42448959333736735	0.6988527031443381	0.3178748365397971	0.33842385661973534	0.7024501495166244	0.5900747690506016	0.2981662483437034	0.734868908317669	0.7236789457263989	0.26863860137576295	0.5546970312765412	0.37655302532295004	0.3977303035826475	0.31069029966823686	0.12111139937199178	0.4358144794022642	0.5839117580591592	0.5597608476611329	0.340825961430035	0.7988823783394879	0.4347586522088571	0.41417574353247905	0.6256568919902116	0.08150833780191041	0.5809523112333903	0.5024192081654522	0.5273316531018309	0.30863371416369906	0.4809468249058543	0.3625998894491194	0.4345275749646053	0.5855417624043401	0.3803619095241973	0.7428247981885424	0.5846246361174496	0.6286201967019502	0.4405370107047078	0.5492033181956616	0.5765833294248326	0.4663440289557381	0.20675045066428466	0.7838554501979811	0.6903468940420814	0.9056250376448292	0.2509340336419562	0.44738451655284645	0.8608609288311917	0.5659130205040356	0.7870320893993366	0.9301675558344431	0.2852053109375642	0.44813759978328865	0.6898208480603372	0.3573288583857896	0.40550390567463895	0.4897710459158542	1.0000000000000002	0.4264688284335405	0.3217001963996722	0.47719242426125386	0.29846369914204685	0.7308042132678496	0.0	0.38656113078943904	0.30850646031487416	0.3889794079935731	0.22559784983051845	0.8334496196961609	0.6497913110241245	0.3751731065561732	0.4953986450662819	0.803690527769194	0.37250203658230785	0.5548409825878889	0.6516213354708773	0.28254011745800306	0.5411930128716008	0.4965964466022275	0.5646947647064203	0.44502960209944653	0.39075760650215563	0.42324689286192313	0.23763370282327373	0.19714432547155986	0.2647468951960665	0.7770025306376275	0.5780965832222826	0.5152486689147506	0.3334164665043321	0.30990955633805767	0.37376153244651306	0.41882084887430576	0.6368591498567988	0.6701671565409607	0.5712271848818797	0.45695659700091473	0.258716267200978	0.18088933831531911	0.620928063365781	0.5896824031580876	0.8162448993649755	0.5240264627241822	0.17515399422350514	0.30528452719538146	0.5397588987853698	0.37893217585694794	0.6967252710590086	0.3956373425016102	0.7001372426068403	0.49721857797747293	0.5645236855870737	0.9053206424894101	0.3798599904189712	0.26540441966464134	0.7171340150046965	0.34341762753854876	0.2399007905062227	0.3248222917441841	0.5967690447938138	0.7140658166829089	0.7228390948206207	0.732212802658453	0.13485423739667107	0.680217503089527	0.8611686120984686	0.31572188997865813	0.68478543068455	0.7435765115660075	0.8966511618659334	0.4712307860430561	0.3259624993824788	0.36825669365424984	0.5358906279104402	0.4154798509573408	0.6792660713882518	0.4471698895385514	0.4306751805049494	0.6477232449511909	0.6172592237040688	0.6099686811161465	0.5676503183892527	0.42207586009561343	0.651083658692313	0.5717240617703835	0.3399026320256954	0.4526379957408343	0.5615385313820682	0.4641269374620142	0.4193498443060118	0.11940842148463338	0.4445228132696867	0.9320069445787356	0.27992062655589584	0.6931070241866628	0.603494124722328	0.7627825528419434	0.5685686166005786	0.662646569640896	0.6361820575048301	0.6345693119655706	0.3351855912834498	0.6125799622777407	0.1975945480509178	0.0	0.0	0.1853150877538809	0.17874136256633072	0.3597185942473489	0.4808725645271162	0.6058497755364429	0.5417740460722371	0.5482315635246573	0.8760764159900025	0.29142577966527755	0.4808815598168705	0.3759145777650084	0.4309551773223793	0.6029423333578734	0.7087397158635755	0.20503703922149275	0.39329855439824846	0.4730124524964598	0.36737251065325655	0.7455836513222275	0.3697249834625197	0.18335196437885512	0.22339410816622196	0.3980683688374766	0.42560486774056877	0.6358630375352633	0.5274989168638605	0.5447848816267188	0.36500857242871526	0.5494386745590945	0.5870332058322216	0.3910378801616804	0.5272807653838247	0.8338321641320421	0.4137743270222869	0.6852870597220326	0.4692679876304945	0.686489078038635	0.8294032810625755	0.5642409237829246	0.4832843133137397	0.5156863687130611	0.6762285113943792	0.17219386315843535	0.3997681627465238	0.5613685299352122	0.5963987114073304	0.5358176296586784	0.18716982962908266	0.04416097346825082	0.40581717906029474	0.33941168562885005	0.5652045775982236	0.2916762155561668	0.1675563557377408	0.2940783939323773	0.7429298341597336	0.5528518920109153	0.7336284728752416	0.26624357157385686	0.8253939399678716	0.8521124584799771	0.1857928801759967	0.6147950640148	0.249744066401533	0.14132263555311458	0.5225489727706312	0.4225042527997823	0.7649750023160551	0.534213425544065	0.414107503100091	0.5280428155492927	0.6507974077327865	0.6177351445067449	0.524072343827942	0.17059029669898018	0.43949092283544705	0.23693293940254767
kangaroo	0.3811771318965589	0.45352674722378666	0.33529761790149193	0.1175589882726194	0.45389478755389595	0.8641720544507027	0.6598109781399584	0.73476659094046	0.44028664488942815	0.6597279570576654	0.3858479619511461	0.0	0.582231821734365	0.4001697282171067	0.5186758523572266	0.7685800961429391	0.6198170546635442	0.6249015422075401	0.5421818582390051	0.7138057621064988	0.12891503248094816	0.5179427882743587	0.76953491340332	0.5101725243657074	0.48738058553677827	0.7088780463718951	0.361721189667465	0.49453715356300654	0.5047076338730248	0.5223465844032325	0.42233093960552415	0.47296217775624827	0.3632134433515292	0.4908058504829915	0.6307196573992664	0.47034165480407375	0.654972277179905	0.5710410236211734	0.3980862138275225	0.9693698026309552	0.5495228635943806	0.3322767151954241	0.6752657149035242	0.4248895214466103	0.27564473864446104	0.60890681340651	0.5540807288803583	0.6062438408834732	0.45715097641926294	0.17440161004861388	0.3832228698981361	0.3803734715862732	0.1482026650953983	0.5419280425028912	0.4417085159038278	0.42826904144885974	0.409922021675148	0.5999980946720558	0.36615361620498127	0.521716493196471	0.5675840941186461	0.7919959031538085	0.2230393737783461	0.584108200644584	0.3349363192457707	0.1550339382819919	0.609169450430671	0.7860921125543094	0.572644993068186	0.7593789745819012	0.6299609652427341	0.5862661863621106	0.6434718429552432	0.40304035956733314	0.3976390837863444	0.46466659793313225	0.6883147564572237	0.35089950315266105	0.4160758118326682	0.16228348350930283	0.501900668463168	0.42903299533783884	0.24473813307334566	0.578696641255083	0.7200025110647047	0.6448813176644324	0.17633257569553767	0.4142203888133591	0.8539243995237814	0.2780798140431396	0.720834241444492	0.5703111218829879	0.013623823715242844	0.24311829615294292	0.0	0.38965444923971115	0.5945022350878593	0.6102949162372784	0.23886729820691063	0.21902050332481027	0.5982361664962716	0.5511526990412366	0.4796000496575923	0.5843202734471581	0.6716927088256794	0.47466996508208575	0.262445308023835	0.6777683345946266	0.42339294243360553	0.7974492915289177	0.3956221705951213	0.803973004040375	0.5897054594848616	0.16781061743850673	0.46657601927369424	0.6954318672405819	0.2401483259032639	0.12742180373973916	0.7401634886203968	0.7903191303252184	0.1413930463376752	0.5861528483610504	0.5314123622117792	0.3169689465919108	0.9011194259271152	0.7216980148866315	0.260337572082157	0.4395033195896777	0.0	0.6264807160830852	0.4748452765652802	0.39027697567362246	0.23613962854119347	0.7526974579114456	0.24402589233236432	0.2831549825470009	0.481791955443709	0.5683132907998247	0.5344846241557705	0.7802457810459273	0.7574107309739886	0.49644646268633424	0.4576401857647687	0.5872403705810155	0.31146055156824626	0.673734231142845	0.2072137555569987	0.5837475485979069	0.5031042879595653	0.44950025687087924	0.4068274441214259	0.6148700680256391	0.13543851765236412	0.3206359188538337	0.6340191116612103	0.7686651204758526	0.817627358789693	0.7962283684132303	0.6635378282144111	0.42797315431848515	0.3166630863554622	0.47544762573261495	0.6615884957407828	0.3749872444698358	0.7812669304584234	0.45369193132351243	0.0	0.6092941826746563	0.5611338947370939	0.42663088214503486	0.3459136156858793	0.4988952846799305	0.7847139706847386	0.5237561330316821	0.2669957655271531	0.47295627153797165	0.6382768719321537	0.0	0.5235010062023985	0.3664971776841229	0.6669056843163763	0.33037945502534954	0.5355247611634734	0.8140147856450324	0.3901245770806208	0.7479552814088557	0.7016957601549269	0.3197486027419921	0.4906423070280794	0.5857904399503588	0.6981819793990269	0.6509655526480778	0.4889101354185622	0.22534634773416545	0.28386128178866277	0.5472867185997654	0.2719221165033509	0.6947266305207513	0.6205674148682375	0.0	0.6788880047024839	0.15863029407020598	0.6475738974922371	0.42626397163603336	0.39333922653294023	0.46040564843490295	0.6395374969922784	0.32200016269648873	0.7858409082824873	0.501964175023362	0.5305535846154099	0.5711510079594068	0.5508182851539953	0.5710152891946509	0.6259084347320079	0.14092760510583563	0.794977605734722	0.6247615779779429	0.6566021845192058	0.6363844266240123	0.4924023530916142	0.5261245568506104	0.76180261399869	0.5649241438308845	0.407822317055331	0.3911261238042345	0.5094549397890124	0.6512995717832317	0.4788204785604976	0.1732944873422272	0.28199733841021496	0.3213324347305633	0.2507819194012379	0.7477812728834854	0.7978461793882443	0.4913484806423418	0.42179026840778044	0.1867373107910727	0.5022701709397013	0.28831025381580677	0.4835719167467604	0.6079067866583878	0.647609689724877	0.28512722402260365	0.2643234961286097	0.49208466940204953	0.4822935438327181	0.5017514304878055	0.4339364121713253	0.9299772852259538	0.2865641306914722	0.6324020182088487	0.5135956962137259	0.5630474385408566	0.7097520576807717	0.7815469660389656	0.5579767738097039	0.3790619759631272	0.4545891260961446	0.253030025721772	0.7497300365049607	0.5579341624883952	0.4932439075132728	0.3775489619899316	0.1436906254611386	0.5365774171984928	0.27484948501587697	0.5972722455713152	0.6531291422422728	0.5360868655124782	0.8897390547094697	0.5595137451848357	0.23301793447326105	0.27746071171529996	0.5301839123481826	0.27124812242883956	0.5189670057267014	0.8751456620629898	0.17801606598016484	0.7323174033818526	0.48632010222366173	0.32571008212119945	0.12812717843896287	0.16912793880813481	0.39456099607562056	0.530834395618349	0.6713592825060773	0.3539909568904959	0.8344368527468413	0.8042684512157826	0.45475529861708747	0.5762101059500648	0.8136981475133332	0.8522634532101603	0.45287725900691644	0.11830049812567212	0.2837792460417339	0.21276374284726196	0.2946835133188339	0.5371922806241944	0.31434827413881894	0.5318856276042777	0.8764980664721379	0.3611527546517249	0.5397516139178554	0.35819006512174895	0.6622998480638245	0.6949397224543441	0.13136264874390013	1.0	0.5630282206909897	0.47029089567034976	0.5509170787476104	0.6167087602047979	0.4507851540488733	0.612362795081485	0.5023537571384102	0.5235774336331962	0.35972699413498943	0.2571187655459653	0.41189125460250364	0.37570623590027136	0.23299993817779344	0.6047916348450644	0.5053251296321694	0.4004323580879938	0.5125454556514496	0.5394934513373558	0.42683072401204947	0.4489082690867719	0.6876218132870457	0.4333505679072583	0.4373008500820368	0.8550183697838258	0.69349729930996	0.6018738909472097	0.708520341289273	0.8036873885505691	0.5272139503642064	0.4691131504655632	0.44283893051388296	0.3079168380453712	0.3863157138158454	0.24861859476417333	0.4260079337494377	0.7135909528019254	0.6353355058940542	0.3369814265854878	0.45981596419888066	0.13631879558408927	0.4431850050113968	0.6766410114252362	0.7349933986768754	0.610868455116907	0.607974412131448	0.21757491968020698	0.5553308488117782	0.8543600182491735	0.6588221726827503	0.2871844934447524	0.632518924435262	0.5061227976460015	0.6735986891291619	0.6535813921334656	0.7131810923161133	0.4677631426219483	0.5155592310471044	0.6508680198820089	0.5677146783786527	0.6525315354153374	0.21272411984963963	0.31779690518641107	0.6539035028230527	0.5445258946559295	0.7534172651684246	0.34566922971443026	0.7595303353213485	0.5053317640429481	0.1789714680291125	0.6892296000456811	0.2785379951500326	0.6534839559600488	0.7176369060658181	0.413598359426412	0.22508576955873072	0.7427329290837221	0.39709411450176496	0.5912155229310342	0.4876683111447593	0.2819420281000665	0.4176889663482718	0.6639901245502686	0.6283508034447698	0.6529556574923836	0.5364909936169224	0.8378615311358446	0.17545147316608123	0.21643854890618336	0.39091506121473407	0.32137008460716915
kestrel	0.45160301794454283	0.3215641151724622	0.41066123194381365	0.290144223569293	0.4583530927779266	0.6755460459020544	0.4933464047087271	0.6898578579622985	0.2055511689389528	0.5818173841143043	0.39683789373746425	0.42705818334783163	0.28629345345763124	0.4902005320267392	0.3840784381492126	0.3500238624428567	0.6173014915032737	0.38656020966550275	0.3583953759975724	0.25217655381722975	0.39066509080905504	0.40248666109576636	0.3979185452485152	0.5653019331483282	0.620336625364992	0.616160782864364	0.39328036457167326	0.6971690402231296	0.42388096237180933	0.5104874818718875	0.8022846229495354	0.5069547041702035	0.4866873256598525	0.592336721092745	0.6700422487594634	0.6212316682834	0.17577608330754646	0.17464815086827845	0.45030723169332665	0.6924261294959518	0.7450634973733503	0.7082985462029138	0.5920462932861624	0.6672584389978599	0.5155781394047041	0.5771288324587031	0.4355514077802644	0.6819972214001516	0.6623687284850454	0.6472421228442528	0.3530083386014871	0.32732054515279224	0.1895091767642354	0.3508669056088896	0.485883912663421	0.4530913879115302	0.47251032929051334	0.7719473766374378	0.3405717467694265	0.5681749547541077	0.5574817119471837	0.9113638921931929	0.4596353385938288	0.8256551529108297	0.6118554980181778	0.597914502380512	0.3299382040816184	0.5433979667337431	0.21867383928316964	0.5534936465481798	0.3137033584408825	0.46095958338970167	0.5931116183725875	0.5678425634176664	0.7461268186241556	0.31938576639016447	0.44994241686394704	0.4714933389899313	0.5757556611905765	0.7087967196417819	0.6311777031547836	0.7354971930749175	0.5136294042940108	0.729416554108739	0.48508718804852463	0.45990227540647793	0.3909219796853977	0.4068208817886366	0.9919392113469467	0.3191503653258936	0.5175100736551332	0.5382518445841248	0.3944453401994684	0.807758507895155	0.17397113588914942	0.3349185424761566	0.45754579100605886	0.7562225088100654	0.5540932637504477	0.29057357079319696	0.49900176721425493	0.5863962110045106	0.7108883932830641	0.5862111394481415	0.6848251900480491	0.40755255934690404	0.43223425009294236	0.5594605476363512	0.6115861590295278	0.6344287402183287	0.9716638288150916	0.600525881466927	0.38839858606775157	0.5084994688144863	0.31466769859019017	0.388720803099795	0.48943708156008175	0.6462550669084967	0.5875947764656497	0.5788525001504297	0.5003963059991295	0.4740475260578798	0.3142884162429346	0.4937852833826809	0.6749620026095594	0.3158496579197804	0.475179354977456	0.6919193741616336	0.2881065998642372	0.6191798744348864	0.6227215412974532	0.4611511718931463	0.6095206476904076	0.5813066992860723	0.5340082269179395	0.5914942708039538	0.3684146746558637	0.33481434376261976	0.19976944185142176	0.6680104351360426	0.5540221739716281	0.3987086454870981	0.7262947560115409	0.23720128970770465	0.5794062634701145	0.42973242804483813	0.5175712838053426	0.5174741730754433	0.2751664642924089	0.5472066152019668	0.49091220143910397	0.42461652051060317	0.8530310011532252	0.47279654222300205	0.42882266805802616	0.4620254593994615	0.6508167280038539	0.3928935761513279	0.7243482330857138	0.6838947727622361	0.31953297442748796	0.2607809088923596	0.7551333119431312	0.6372133353585784	0.7286355213903555	0.07099851826468562	0.4150826688946525	0.5585903624395382	0.4483341830483927	0.6640111990893631	0.5890820912324486	0.6510769106433388	0.29415902896902363	0.6529648254377904	0.41438950878130926	0.7012531156244984	0.4450241839339467	0.7106100222541458	0.6154166422720161	0.3651558140094013	0.745923780947549	0.15511914868146348	0.5399828944325369	0.4643646087414962	0.7693563411183657	0.38773536482032567	0.42049313817987655	0.2443730399213708	0.7382341862289405	0.2407889221647822	0.1325900921855897	0.30408563530415683	0.6713071944258193	0.32842897368007895	0.827741178567342	0.391427620151492	0.4833068480231752	0.56742731826327	0.3063396996783488	0.47242172089839896	0.438661652483756	0.3528163796718094	0.4936899589692718	0.6601560194611935	0.5132456733099388	0.5210779178481091	0.6154898075293996	0.5559914942168377	0.6257202343456131	0.5761200465803004	0.7855363947276003	0.558305292896871	0.42372770470127374	0.6661813345909593	0.5732173996556124	0.5342357871768989	0.39982950894448466	0.48739903127139106	0.32423051136068826	0.4509530827765986	0.636458700513704	0.13432164079029418	0.6859190852505568	0.455762929896141	0.326946603464908	0.41027238632536095	0.2437182210767319	0.48174062523670425	0.6171720053772327	0.4489352862737908	0.4678504062317509	0.34246113009165485	0.5641530425953781	0.6511575921570353	0.3424665229106714	0.63878320007805	0.7729534534011515	0.5282457415502749	0.5710519051528264	0.3058095786813797	0.43488355977706095	0.3310919394149566	0.5767427686273653	0.2571402569095669	0.6258964258487807	0.3578654553737691	0.4406935920600422	0.516100916105466	0.6885129949072919	0.5678393091323659	0.11459078335373324	0.658487945149611	0.6091914090381334	0.5641463132008594	0.7282888390545315	0.3638570015362104	0.3394631706994684	0.33994644235967897	0.3217801406291699	0.4851001297733272	0.6183225508995565	0.6006736880746865	0.14744315219737583	0.5229169017953625	0.33114206230405024	0.48568903823684234	0.34599281131831616	0.17112442649337956	0.5776613254707693	0.5391353358919354	0.5953664745772639	0.4490852155864694	0.6885132431429928	0.1720701147473343	0.6074380887278996	0.6926975280362395	0.48937655746016306	0.3568361138645416	0.5315921492519758	0.8898593548924365	0.4803485580499768	0.5307416746106045	0.37929305511849387	0.6903984623037899	0.4733241577629331	0.2625391598415306	0.7214487088226818	0.0	0.8009436929872742	0.23148467091191532	0.4794908538406272	0.17464354908549584	0.5182996391950724	0.5659809767478323	0.25304681995572537	0.562567653593985	1.0	0.4033872643286711	0.4603260156454608	0.6118387450801854	0.6738171779156343	0.651465093647346	0.3704092681372683	0.15234511538577483	0.09777489809113415	0.4312107575101932	0.49321002399843217	0.3133222721780085	0.4254308218772259	0.6628583736253375	0.515634321401341	0.36896253127550543	0.4747233492413915	0.5217387953985196	0.4515688083554314	0.48567549132532334	0.26336720869330305	0.3509535889778933	0.6458706716662547	0.6757979100901814	0.48473528067973065	0.6214151538625448	0.4373854599641138	0.0681481203972995	0.4320454742985229	0.8128534747680671	0.47142628750502097	0.3782280451853351	0.2458832187014747	0.18320849165152137	0.6641763864940763	1.0	0.4732778745714207	0.5772060939519946	0.528530099169641	0.391139287592707	0.34874768702275555	0.8138010324411867	0.7518388008652894	0.5475740876287158	0.3324789929478498	0.5395146850194658	0.5690562735531629	0.019998173468813496	0.6719314375691312	0.6939400743258057	0.6433056953256366	0.2599084509684297	0.8109755966603827	0.6457738829745556	0.35227784467103535	0.5967895116011477	0.6162298238963406	0.39720003155365385	0.4106839125646563	0.2959759933751174	0.37753851610854083	0.9958869173166496	0.21215619597327262	0.5786464043354446	0.33225391324349846	0.4298738995200726	0.605343822943388	0.7834974222074561	0.5402496270680028	0.5409747588602876	0.10747725968705946	0.5800617709497022	0.6288984926894771	0.9173669010665653	0.34842721082548683	0.420179530056104	0.5755254597269309	0.5920621809496367	0.5667453408103936	0.3252818795726335	0.3463403225580832	0.16372276272617914	0.6184389416633699	0.5754833538326075	0.17840493685400644	0.6527196932822168	0.4809723011907864	0.3676161151508017	0.12112621226140069	0.49193188146281086	0.6828485073413664	0.6511744661056413	0.3515107348478794	0.5464818840204928	0.5375305370840954	0.5295072277217296	0.7425703620247788	0.42741997481933114	0.6984076374535093	0.3796076907154757	0.6536407280652023	0.38596703759267215	0.2247615043529904	0.2934005246974012
killer_whale	0.6124630045771658	0.3474577730195181	0.4015003043561629	0.47804581521640527	0.7059830115712384	0.4366946340283465	0.4849315366015297	0.7084075185278417	0.7855974389772467	0.38021023983968616	0.5018658100802582	0.37457291576456864	0.632896840641666	0.4728721601398736	0.4063338567262547	0.4266124436393468	0.43872468337422854	0.4175322809277706	0.5195958273435325	0.4136519539139533	0.5835716216326625	0.5041228935286797	0.5287638891240715	0.4605271900098786	0.4352237032321796	0.3421376433495954	0.3537800392098846	0.36568040164106463	0.7259420630084833	0.4618324891185046	0.48123842284492035	0.6788726747650475	0.6605118047697467	0.8574681662233661	0.5541337249268987	0.5531565306819041	0.5850294408206226	0.5777013976260795	0.42310922030151993	0.6513728876253496	0.6521099597707127	0.4911364822190992	0.4365350965988837	0.8855563197024641	0.4661923874501056	0.20601500153214292	0.5402739340561826	0.3123625685140519	0.4584442285840866	0.2900805471902707	0.17993731989718711	0.5930851881900789	0.20520462720584515	0.6881285984060919	0.4971573730117428	0.31579661145677795	0.5270212365406782	0.6658522047237116	0.8835874240844612	0.8809982584557112	0.44179585941008026	0.5929506151757806	0.934364670085603	0.6493899950332584	0.8736427526123467	0.676322019868023	0.5570271876444137	0.49342660604709493	0.698375952614819	0.6990050745221057	0.49019966731502035	0.5172166129364941	0.20293227926196844	0.5517542588378178	0.6031909923036795	0.5069374817483979	0.5263791559833011	0.39706175244760156	0.49192257885952045	0.5816059454071887	0.5817220100698818	0.14309624392324705	0.7244509077880226	0.5009209714348093	0.5407179955926662	0.2623372094524247	0.8431764626917307	0.4349591977954263	0.7750802974826232	0.6008087777508101	0.5100257085326707	0.20635979900753748	0.7534970808193767	0.6240679488231728	0.3307116567161992	0.5372665793479069	0.3540427263936401	0.4583790181055477	0.3900226352479178	0.3671917933346975	0.4271748893871679	0.6073085675177314	0.3520223200179978	0.5125878056708156	0.4973964824870951	0.7722912521398847	0.40811576627019736	0.9276242612025771	0.6006144608592993	0.6076952752442943	0.38882965354552584	0.3493064792746526	0.21796756157622896	0.25472827917125823	0.2609090809908463	0.5755850593005295	0.6333551311530403	0.22255158239419323	0.3230216403261512	0.4752546176531849	0.6508510793653439	0.62704792381131	0.46504748399093276	0.6955942871582583	0.2806446181729054	0.7221596751013986	0.6961504427504457	0.5108265690434233	0.7408523031406157	0.595260409931846	0.5859725642179454	0.4284353050179488	0.6600446314554826	0.8044359904489824	0.6356672356007326	0.8027600013948306	0.38235077649680704	0.4513170253315705	0.6462092970710777	0.7963524489645639	0.527503541112002	0.20458962128514616	0.4719909235019115	0.7566372896325666	0.5674413461970773	0.3406499946574125	0.6345620566908785	0.25591569649724993	0.23486807017110256	0.4359705581904346	0.123287626697976	0.4064849136374071	0.5903685086133776	0.5371940855497096	0.27451394991298894	0.725877098148167	0.8403137641038693	0.7023164792538485	0.5043616380041909	0.8115740751812028	0.4067356912988485	0.3284279019718536	0.40449853623034093	0.7139806261541138	0.31507790715562956	0.24443383856780593	0.43282902938725193	0.7778560108038592	0.7202624791393899	0.833197753340115	0.4428148340602611	0.6004903658209526	0.7535655835027265	0.6599390895596122	0.6891339633503635	0.23515714613216307	0.5851996790263303	0.5163988055082759	0.5891557208990913	0.559717745137422	0.602368696752872	0.15882666744340146	0.29854148615854964	0.3375031211962593	0.23154090377207637	0.44731242502887714	0.42027484259008724	0.10868699915240548	0.44636176194277466	0.6364429439354471	0.2918516666406167	0.5413919338824106	0.20510161658788095	0.2023745781034397	0.8901880547782025	0.32024016826567886	0.3544339280426879	0.7151752377129893	0.1197764829488342	0.6715462102036963	0.5768940571290885	0.5655754444067942	0.21442748433809722	0.5680324647866662	0.23088625717182992	0.675488956510504	0.7226538374874452	0.39210911035142715	0.590487619083982	0.22317223215309526	0.36188957018577117	0.40719880493773125	0.5900925217349036	0.596059563314372	0.21198588748221803	0.5773468569702528	0.7007310078647142	0.5200064657605974	0.35563602366411995	0.645376994763664	0.4037687117534712	0.3917199603529336	0.8045144554762751	0.35353514182889373	0.47261185967983765	0.6813269147648279	0.5704388518609388	0.5045101520545606	0.5020886819396578	0.32198389840202263	0.32870387033157844	0.5261648828137093	0.6699949205227724	0.5589108990395153	0.5152622498177284	0.0	0.8651283976992353	0.5209964491734629	0.1289596743589536	0.35150493105642605	0.475832805942104	0.4498000280409673	0.41154498643730025	0.4082485020945376	0.5424947601702201	0.3842798498295099	0.22131175328074176	0.47434120769252364	0.6945627681080184	0.577027883224021	0.5815044329611534	0.6173839347990441	0.4899215388911361	0.707212104278148	0.32187837550647197	0.40570738135711876	0.7706873642846831	0.5269082038650034	0.46336013876290816	0.8782548502560488	0.3386231169607119	0.34575257702520634	0.7995458106025215	0.4190193708446864	0.22711522763387496	0.5238290343777008	0.2462701386541754	0.8798006806464205	0.5648196430535306	0.36891478926784416	0.5091367044939628	0.5398338727890922	0.43644971865055093	0.23674261796820195	0.40594376183975134	0.38843040124778594	0.40685793342917254	0.5749778175911685	0.6715428175899917	0.6974481803389515	0.4659929967420713	0.4562845959226217	0.4898007234104393	0.5793294035528963	0.49512814936770055	0.6848720293362096	0.6769949020000157	0.4065201018450713	0.23471622328761754	0.5243397678549324	0.12326841150277146	0.44240734768841217	0.5073447989509884	0.5858100372076024	0.7096233287457601	0.5514424531117992	0.4536078008468081	0.4322167742249057	0.28893732618838186	0.30513765827352973	0.42313660813467013	0.5605244440454413	0.5227009516135007	0.3097024392024168	0.6396709873326429	0.22885739241778932	0.5427742949452173	0.3389045162825972	0.3000596872293946	0.6483237545595891	0.8742280942406442	0.6569613171648804	0.7827770762631172	0.9678894323669066	0.6247833595091337	0.6526122701571136	0.16189065674622238	0.35089171792782387	0.3354643011710918	0.31589435140689714	0.9048224283873754	0.18105117446736235	0.2468342452891137	0.9113192616218498	0.4868495548750208	0.39305770310588645	0.5233164918033624	0.5120962346368907	0.44538330773134044	0.4170544079324568	0.6396629427901642	0.33426657134103804	0.33245196725354165	0.5820049448807431	0.6764958835426051	0.5476757047681572	0.5179768776736283	0.6421190589129191	0.492447248066559	0.09567751524557933	0.5144494712349152	0.33994388561529704	0.6964325823611903	0.12557686851630362	0.47454540516224575	0.3517135066682383	0.38985459227869157	0.575540934744963	0.17788728629489087	0.142090004846756	0.3599725730072951	0.06390275306699755	0.21443193417418027	0.4491449958573887	0.501647928432439	0.2958332884771423	0.67288089563173	0.4979684578705941	0.5627054373747136	0.4936473472355431	0.763997728642587	0.6515700221241046	0.5497313755589462	0.2897826548034139	0.888027988498822	0.34555301758554163	0.6807525996591194	0.7404381284130646	0.40932486090593156	0.4540604169242714	0.6308977248569134	0.21431654102320286	0.7219807996655982	0.6695997808410594	0.42389139607561555	0.31935907333505276	0.49964165262698707	0.48061371030817523	0.35357455945006383	0.5139461640038431	0.3372428732334109	0.0	0.4771755603613207	0.4246067462741925	0.26515143503651495	0.1993635019815684	0.8363187139595485	0.36264629032545115	0.34817389330826454	0.6848167133374661	0.5598078694258869	0.5976434930694161	0.6173916022124226	0.5537738124236478	0.5060517696963382	0.4349192836938245	0.7131810575919024	0.4975462262739918	0.31464621738459814	0.46315271734512053
kiwi	0.8364913694405911	0.6434262295814541	0.0	0.6531913256524651	0.5536692394735475	0.7724883644707645	0.5394058481138816	0.8362089863461015	0.2482099616396155	0.629046030425223	0.6833206767079084	0.5615297521011597	0.4816283736601681	0.27269399720605414	0.5335022107201601	0.5803165807026134	0.501075409684484	0.7037199161036328	0.4517873899820432	0.35657630786305927	0.7191898903796681	0.5336181285468482	0.53187346441997	0.7095128810609859	0.16187035175043835	0.8713621909516247	0.4977773143515559	0.576714070523658	0.391864878077391	0.6205548746574928	0.37939843684056845	0.5630513533535972	0.3023039155938218	0.5334995683372856	0.4448310226857014	0.7768608717151304	0.7006805108974637	0.46203923138612724	0.269355540430866	0.26227172067393123	0.8095964339883293	0.5264903011297812	0.5058529982011661	0.6020219158946335	0.5030981496149516	0.6622595761955384	0.45528364852934256	0.5515166442497637	0.5730653231745945	0.6000875052056338	0.449872353298391	0.47612145894686453	0.39449174242334173	0.24662989626639314	0.57176357709154	0.46107623286029437	0.16553135487785692	0.2201432093802885	0.22415603211980117	0.5082562304459912	0.30611314617015856	0.45312804551668084	0.07413684673521531	0.9292668104535623	0.32318968357798195	0.4706894610456296	0.4639888215059352	0.7412224619824683	0.49616544397089235	0.3389353121766658	0.8566347068952916	0.0353620887329304	0.7310006882861327	0.25411893170134875	0.8779320762541747	0.5338310750057367	0.9999999999999999	0.5923143489093676	0.3341143583589521	0.3266690981826805	0.660613292770058	0.8044766253677893	0.103330227222722	0.3595193531601653	0.5470650569413507	0.7002494103710648	0.5487724150306832	0.42369287207731204	0.5140890924065042	0.474439486230936	0.5896104085462361	0.519000618546	0.32634588763987477	0.3878190949907035	0.7110641984912142	0.0	0.29741184204747384	0.8833614020681573	0.6907185744995775	0.5107441398276913	1.0	0.40232570156224706	0.6802947579932705	0.7107518656786902	0.4904413320116293	0.40898441072647523	0.5338250885783807	0.5932019095403654	0.6415490214428472	0.27538920675749773	0.6226283708482458	0.5981454235068999	0.42674912156720796	0.4317417989931117	0.2557831137004506	0.5184205784181736	0.9949869469262673	0.3159934725433448	0.4215978789124545	0.28887481783223645	0.17009225234961206	0.1828157819382107	0.20356148347651304	0.4466316957004105	0.5211299956009313	1.0	0.5429901653389069	0.5843476460623794	0.7242318937307349	0.6308773982522882	0.4914710028114503	0.32941277696671833	0.5039089190011705	0.3191578232935026	0.611802910915776	0.5627311005847271	0.4729500648984156	0.44200678140606753	0.6665106975386695	0.4496849166665652	0.9223008032773254	0.5415103161562524	0.6307200159940545	0.32591572060315666	0.3608693928386571	0.6074542554313549	0.284422444933188	0.23805999364403785	0.24375658542596257	0.28520186242568163	0.3480278561912923	0.49307670520707103	0.3381581106566347	0.34064554804635305	0.6589862109419773	0.2600944443897157	0.253919285593531	0.39438606839088985	0.18564664761233107	0.7405555024749657	0.5938674765624715	0.3946350095429182	0.360695816320765	0.8327481142316573	0.28354895697359517	0.7057949723299446	0.5501447630972186	0.6344126384493927	0.3955770157123616	0.28162249283990287	0.6909093805891654	0.8332061478132042	0.3477762603208981	0.6938676013005209	0.3753216926988649	0.933096748348709	0.4650497086519352	0.40618701506643595	0.7561777605848167	0.20035777038336222	0.7673597758743397	0.4591858032749156	0.4806871847072771	0.2995581749175314	0.6106006696668455	0.2673379356952367	0.30111553746659436	0.44611187559744603	0.6013710859790715	0.20233276006282191	0.4563320246820732	1.0000000000000002	0.31334720614174927	0.3323777803581936	0.48765933754452995	0.7466001872825185	0.2796429584662429	0.6813002613022028	0.49518737044591227	0.9986193948526243	0.8531401716615399	0.4339723303452864	0.16251190108862834	0.6692174769633464	0.23139395295367748	0.6173753165999576	0.528503444974618	0.46087193307742247	0.6084747609667595	0.595946529087599	0.5954062311359131	0.33972703442121194	0.48380445411237993	0.2784852165311584	0.8479957352369922	0.4626416536908965	0.5867183231904447	0.77237714953058	0.5621688710896388	0.5004978647032681	0.543429055907257	0.1989751625579446	0.3753372740925177	0.5752489213879395	0.21664587924048678	0.7092589028488263	0.7120864708548043	0.46138413548529517	0.1643877993904289	0.3915315367194716	0.07723305191765512	0.5942487301378193	0.35728468777735173	0.7321752546796839	0.3441446720895278	0.4308814397856628	0.5277499723115261	0.5703696725884236	0.3375253705997777	0.446184542278143	0.3642551981789696	0.3612427487325559	0.5866471293701538	0.5126738488975918	0.31494948345327434	0.24703291598868438	0.4529542301984838	0.6394611518906735	0.1209075753581535	0.8375144059112607	0.9246281624799514	0.4658699013578932	0.43466031750699646	0.550978490461243	0.832485874427481	0.4838504576760696	0.4182904428005064	0.41083039830133533	0.18305172131394248	0.7390963881684678	0.8854071739473333	0.5865695801797941	0.5872503579264932	0.2444161596855205	0.7210956294333943	0.7350829044621975	0.29323742150160487	0.9706279970604093	0.8151160433661997	0.9049459032979745	0.3183317622669116	0.5390540898750058	0.794028313381179	0.3535637942126214	0.8804121763112254	0.9287242726329688	0.5062234070710266	0.19103128376879458	0.43087490969136943	0.5672650886498776	0.3076800654005337	0.13084201574415744	0.6156931069032211	0.5437180836949508	0.7656024827258338	0.308248366874172	0.35680249451420787	0.3201839682188009	0.3066521940686763	0.5467726893523085	0.5208686148391272	0.6379194803657563	0.5891203722358667	0.6682735596973052	0.48375835791677146	0.0	0.4771307914205316	0.7319466293461632	0.3787067788641568	0.4900738790771227	0.28622064591224816	0.6215158196263072	0.4305940833050044	0.5974937967575624	0.41450031550476024	0.31831234336966474	0.35081608018544297	0.5240007482040409	0.4558910008965757	0.3403446037464042	0.0	0.33995599849110725	0.5950931129408241	0.21440494207671018	0.3391418159352757	1.0000000000000002	0.5234488107701712	0.6803572118771185	0.3965432449777232	0.6775397913530435	0.5667439768742132	0.4825565638972049	0.27416276656547367	0.5122082170308189	0.5289743003253746	0.543762665674993	0.5204804543632889	0.20644449723718375	0.6998857514885986	0.7551322652961158	0.42381583161015973	0.6690788985940325	0.4622737084743358	0.17436371732810876	0.18809706389124808	0.431484569025866	0.303969001115856	0.4203098535672392	0.7559334270569237	0.5588766196143077	0.7488305348866278	0.49979979739954666	0.567500808322266	0.2082716665636619	0.23981078695251792	0.501133426458555	0.5174869334764264	0.11387465811885822	0.2792643084502818	0.7866569253365048	0.4141861618296362	0.8095958488762156	0.24231178909621365	0.5172470660597233	0.6928618162381128	0.3124313101931625	0.5551632572538178	0.6241516036093051	0.4180245679429147	0.5950234051788497	0.4101285096539008	0.666070286219971	0.6639186624072496	0.6490028790217159	0.6286755010815609	0.31540893170264184	0.521104472605161	0.4215855732396938	0.019288857299026185	0.6589417902346373	0.541294557017257	0.5834763214023738	0.3438737741708903	0.7376670544565264	0.48602412562683095	0.6277723016880522	0.41614644374072796	0.7033753301423523	0.37846334330203585	0.4324393837595074	0.3912987470455952	0.8167118320347159	0.2569380085240363	0.7611631654138123	0.5247333039516605	0.520916864965001	0.2812950388593129	0.7316440555643993	0.6144910400951131	0.33084345982550173	0.6459868017676083	0.468020718343879	0.46980781160879376	0.5754949173576881	0.23080222897627195	0.1561842559701302	0.43383588268818585	0.49061945846694827	0.2589097188420534	0.7186405570851252
koala	0.6938713288891817	0.44438217704227295	0.5100785419010712	0.43134794213965777	0.494608254359388	0.7169186763552231	0.906882901237067	0.29411361703031624	0.5294461951372331	0.4891447003575218	0.7373912234947214	0.2333345088022788	0.37632202627032235	0.5316219178526452	0.4440685693459684	0.6285373730113291	0.8700267746458454	0.7555406208656907	0.4905269705602744	0.48613454097370457	0.22794048326277822	0.5511240428099999	0.05500576349366165	0.2514785176068063	0.9999999999999999	0.6602715165029434	0.8088539699520265	0.43237141733486906	0.3617486169164065	0.7107990340664587	0.4419440085317991	0.20363949677305854	0.21814713997609103	0.48082231849057944	0.3182769853126727	0.2961835881229737	0.7788434948828387	0.49521886943748006	0.27693784005134336	0.7279657018189538	0.48352005867846537	0.4561706881383968	0.5025509939023921	0.3279826190967301	0.5763844363307744	0.5274338845468327	0.36461107296213974	0.3906093044408627	0.5578990966104275	0.6101426082928436	0.1511253899673195	0.6267161141504112	0.36462227562013505	1.0	0.5887377002368632	0.44803545039567655	0.5928048420408075	0.6004471236531934	0.7221908163073951	0.29195182020414323	0.46652743988920886	0.6577348827776027	0.22815718013048014	0.6138712757733703	0.5224985054915396	0.7370310713394872	0.7612770951822596	0.6340375539047937	0.07013374744450035	0.39853236618535454	0.7060922080130624	0.28226302419903837	0.17210962493024362	0.49616167583699444	0.36853602063459884	0.270951593953518	0.40152637867401214	0.5188583023784622	0.2821766038780381	0.6763176345732135	0.0698309976242335	0.297332958556095	0.46526831901296267	0.6166995151759179	0.4205870448375366	0.4225442816450689	0.37314787558824164	0.46545266623029236	0.7945921230276461	0.817290736857256	0.5859225079949182	0.5808039365102394	0.427018961317646	0.3704858885577206	0.6483683180489301	0.8959845802868174	0.2376275564142485	0.5095206900602667	0.5570898794935577	0.5822162237285136	0.35854354407691075	0.3756437671674451	0.6543090956381121	0.35242005803011084	0.4671216574077508	0.4696182618924557	0.33868319801832203	0.5844440214662316	0.5131641011802459	0.4490514475910622	0.6118129180003631	0.14133150044885673	0.5059577450487087	0.0	0.3499157613038031	0.6354000059571854	0.4097018284290891	0.8522696647944311	0.18718563131403254	0.24873334721522758	0.10058546293507958	0.31267889138309946	0.4822268726150443	0.6034426220089901	0.49646000049663513	0.6341445699013443	0.6692548157649761	0.5102878910732103	0.4377215736980379	0.42029577700421106	0.6412310862825816	0.8467991741274516	0.15413577452028365	0.42857462907625266	0.42214682966126077	0.4266171865750101	0.676928703539278	0.789752022787977	0.2630724942545354	0.18341869800500998	0.3657541471835618	0.6105995581015631	0.11816018714943671	0.5596492762257815	0.42071910709680777	0.3818267442977446	0.39496077455707124	0.4440638131958711	0.3048412404608449	0.5132561477719088	0.2995131213034389	0.6809099420129694	0.39087178399833156	0.5060382801922538	0.669359886957813	0.40827565211294903	0.3805038819898303	0.6342043937030195	0.6880770316464144	0.5605229593007405	0.4495956238306218	0.2030493429313357	0.6349396068433288	0.4470907149621943	0.4899997832180842	0.5868600945965377	0.3630952035113544	0.5641637660167923	0.5622742709484193	0.33763640439806814	0.3213800620254279	0.5814137529794933	0.491939573074999	0.4383136222700401	0.26997778000947203	0.6032052251868255	0.23219896097579895	0.49844531335022574	0.5267266384337247	0.3325766138588819	0.6300164309059758	0.34158921040273327	0.827252769108797	0.22368560665330645	0.42068269601295527	0.7377270641223238	0.3641830950573292	0.32088660565318156	0.521536053281004	0.18270668204626156	0.47496925122328637	0.4349204735310451	0.5520433340806159	0.16973498050231178	0.536519382416164	0.1669127584305563	0.8130734476531386	0.29909169732235635	0.5438461278471156	0.5125658035354855	0.44754560925420545	0.23633626122686113	0.6764371066438549	0.6732627654416599	0.5742544547915257	0.7467519855880849	0.46201943788489047	0.8128681134359037	0.44631225553610576	0.6658676078339194	0.44387732781036593	0.6025107210514984	0.2426634032043869	0.6062145262002328	0.5103249904655981	0.3885030184707201	0.9540638271699003	0.6277311009625545	0.5191511093573067	0.6585832043710038	0.7667865662223252	0.4048165242444313	0.5051658021210551	0.7814788172996148	0.6339220194767229	0.44752910093767034	0.2781712473813409	0.4587065503159302	0.4831680656000261	0.6141511741175065	0.2578220480864224	0.30407595851309444	0.8094798442441133	0.07173328511589777	0.14040531203652307	0.46713075688324085	0.5204067128976184	0.34129832300477675	0.6088842025897423	0.6100557410814825	0.9287630417224881	0.4339362643141655	0.6082420312245105	0.5878015281721995	0.1911151726822068	0.43366284903171004	0.5744249541891379	0.43146249315031654	0.35678656575433043	0.6392340080890897	0.33854759685303787	0.43368865330410905	0.36685274112075655	0.32230840945941297	0.35964917000755103	0.5318063114963743	0.759005853875993	0.5833723258517143	0.4054923766495924	0.6799593575186732	0.5191890228077793	0.7093483514539473	0.4607238110021312	0.47481643321722256	0.8529944586459945	0.3881185346014995	0.37063005417674844	0.6283018445049565	0.5936787371097542	0.2922143421565644	0.7548859235468731	0.8009653907124843	0.3697951752597987	0.3111349108386783	0.7235764239820024	0.8163280944375725	0.4743609175133772	0.1317814443441261	0.623084094850668	0.5844733069506571	0.693167922781907	0.6621078160587843	0.8572409192750332	0.6442949535650452	0.4803963434883387	0.24128027255722312	0.70542089246092	0.46041236111259926	0.8130893468516303	0.2416552890503069	0.32307024057703976	0.4576478969923582	0.5368274208058029	0.9436670512261549	0.48373274348862644	0.3906911316138193	0.5592110028257506	0.457821936897967	0.3815075375918203	0.6330380157659181	0.8121849574937512	0.7203450380955702	0.7231178377853176	0.6799865348781017	0.4226512757602421	0.5077178303822332	0.3981317838980485	0.29570210912405126	0.43033534861422396	0.8300972827674524	0.5280083008777544	0.4383554362274251	0.7900672509133595	0.2872341675965081	0.3936397801212859	0.4993040485629275	0.6417462749550238	0.3655934277223454	0.4584212722261575	0.216434266518387	0.33524753727890233	0.37221126152875295	0.37325385544986656	0.6230027006763426	0.5147618077554562	0.23098427154560053	0.19505229245899924	0.7306089843167477	0.6115872274644762	0.4775652915753938	0.6925399109703403	0.6425869025996688	0.6591065467556652	0.48517345141705176	0.36986379058830404	0.3025718711695185	0.4934455814368642	0.8144079342790091	0.5442186232274833	0.5286874903405419	0.3648119123346085	0.621141419605846	0.7580747585694556	0.5663245872482172	0.2812207565387369	0.6438314301327928	0.5201924624483516	0.4657577476180547	0.691587081727083	0.4628222610806106	0.6173863031959477	0.5180728833196093	0.5036727055124797	0.22589807421894909	0.7891772186205464	0.43298996179681193	0.573571798279466	0.5243866147406302	0.32276286814646693	0.45143583732867026	0.5686765367068187	0.5237351828927561	0.9505353425504661	0.5628679363970707	0.3875326048768236	0.429268242803586	0.5538534200923283	0.26190111983353126	0.1755977838765196	0.8711774265847193	0.4874281511989335	0.47002897968304086	0.5231356992739457	0.5340969685354916	0.5146126652058762	0.43177063938098004	0.8446351482395579	0.690785918891301	0.46970637944359867	0.44793318347176364	0.29494568183356873	0.7816544392229607	0.6611849555969332	0.40542741786248176	0.5468116044147228	0.7098053184232209	0.5171977611134961	0.49144030144349893	0.5494618013431236	0.5740292759574316	0.38115846268485765	0.600240560924287	0.4066001166758727	0.7091733889723977	0.3537668564812559	0.43285790926627116	0.5463448807476673	0.3877385223191516	0.3232035130426305	0.2592705193342321
ladybug	0.5990835380712766	0.2672942915493382	0.7223875396390762	0.2444209580290846	0.6894319644686269	0.6117819585334574	0.8013838748930062	0.4860144828442745	0.70206373112724	0.47634925909526366	0.45115876410910016	0.49792597617910983	0.8472393590642464	0.26567915971640577	0.40747988615498426	0.5873087885445591	0.4152300015842956	0.565898126891674	0.44680235183968764	0.25307330217408425	0.509389499087317	0.2380476837940458	0.31368268368767793	0.04654603142045488	0.5165369431709972	0.40865229339344616	0.5288964035151469	0.704489752671928	0.5773376008659685	0.6983101307242723	0.6030673699874872	0.05736944040127062	0.6470840788947462	0.602199328204135	0.6424136884245735	0.4308743346152816	0.34632480062069265	0.5335559608852855	0.579340075342225	0.5291586455672234	0.7880406838668115	0.5599149872515924	0.6220686836988696	0.5565626272355696	0.583001588723651	0.31538720448304697	0.3761137176258845	0.5829186974113993	0.37988580270857925	0.7334896539425647	0.19896759841562392	0.5301233372405305	0.3796035703976871	0.5283593761231519	0.47698426268786664	0.19687897765603973	0.6169319431924242	0.6445807637155438	0.6455168164598357	0.6717802062620678	0.49811557545342827	0.698206472295298	0.2907801154807178	0.4958210815838562	0.7590963674489947	0.29135337233699543	0.5434471830256754	0.48210530152628095	0.7354391340427574	0.610360568434789	0.7606774771950762	0.3388160846141288	0.3898361617409062	0.3430399262290362	0.2539476694023207	0.5233840113603658	0.4925274861814138	0.6794931628095656	0.4754053926909169	0.3670793968251804	0.6171845756852968	0.7980110254783834	0.3968915577995836	0.4999397188548721	0.21897156215923463	0.7467703780782068	0.5066364201103898	0.6345916824631193	0.7229324700563153	0.15069960359694456	0.4088202883905516	0.6547892258421529	0.6430502020955176	0.557618466420408	0.0817922090818895	0.527953085463109	0.4347848657979263	0.7129997199048259	0.7278643366393811	0.5652927021365746	0.44880909649736245	0.4462249802414699	0.5147382904596428	0.7163155121505358	0.41630439300757294	0.27094113489940286	0.38070693924598986	0.3508600514022526	0.20327118520673051	0.35164968172163974	0.3557456573978377	0.6865422901396921	0.6019305713168387	0.6865642825344098	0.48012787895542564	0.5682071117922594	0.5107689094390985	0.44025719860471135	0.687549333662663	0.5123813021459904	0.8255304036246782	0.20580659449396754	0.3718648652328362	0.45185763369525883	0.30311543555793763	0.532334708865443	0.8467400725212768	0.4932227991537188	0.6608792108874664	0.6401217717563704	0.6265284690397662	0.7022201612365297	0.4276549965024244	0.20117834370932558	0.23457477717570357	0.6484930918216976	0.7434471703672889	0.20754694539261953	0.6026556467034612	0.7627342053860213	0.7564095735042504	0.27415445267729954	0.5474628974092962	0.23524384195983067	0.6012819979859685	0.37379023291641345	0.3528780289718511	0.5857293593911208	0.1242699446338843	0.6229468965728499	0.5615555877656313	0.5136785613662396	0.3044777936057522	0.4364956331065151	0.7482173978930068	0.3287355749291118	0.8480040572569703	0.1737010201695201	0.40808556023971887	0.4791337917487511	0.5870877290611471	0.671791001289433	0.555573709669891	0.3980686983772155	0.5486082754050505	0.763974491568732	0.6108520549941512	0.792921823258387	0.6700570298474443	0.30420352399961104	0.2981721764896472	0.7342496277923349	0.6136400684895036	0.8657513545199749	0.35103677792247934	0.5948221068491222	0.36021993807430275	0.7378927755486069	0.5095211677327628	0.45555578869815605	0.5913112442234653	0.2911194699435581	0.2537257983601565	0.6148228687064222	0.5512321241257028	0.4233632549016769	0.1991200501772422	0.19966434520276705	0.2488106379013646	0.4783124748416654	0.6872328619455141	0.329251580976618	0.2977206586313571	0.3105701404586713	0.48353978342882104	0.6827487395991374	0.6324473216598495	0.5815755654462286	0.5925183092408275	0.3384530371427171	0.3723246251653827	0.4228695748879531	0.6653548730546577	0.49707762487972007	0.6126435749731758	0.6152534981401879	0.40320134981877587	0.5030736001249437	0.36134441201962575	0.5795456050462837	0.9334213881509421	0.1630126417531732	0.4051206162126251	0.6680511524037451	0.4234807929878283	0.7372108595750335	0.3239618735598494	0.3268031944346585	0.5969883483547562	0.40094792564801857	0.4381635484845454	0.6275092715344364	0.5311860575926812	0.9607743517980984	0.44288655751153005	0.617039564100393	0.33644983842837584	0.5480088048886852	0.49490077004990507	0.642894510947074	0.4770604397153453	0.3606608926844598	0.5287111635556354	0.23861407845287352	0.49653309265992324	0.5290062299185941	0.4751432866968553	0.24094856737355852	0.4711890961036198	0.6365163986335161	0.3840316322083809	0.6330468225909236	0.5005734499931195	0.7051031239578497	0.8258699410733636	0.7807114011223192	0.5772230070328745	0.32591422507647627	0.6422303277352819	0.6771844433425503	0.22777485809213005	0.8122483667728804	0.5010013022146003	0.5323520693697901	0.23918047919253344	0.4447335573463391	0.45886008090013214	0.4953414221498311	0.586467780498499	0.6534444350633843	0.6011968866446317	0.368561428689417	0.5918620907114156	0.41460274966096267	0.5237432838812778	0.6991118859858176	0.19923817083412027	0.5688799459135976	0.4912166380883889	0.5021827202164781	0.5627272771368655	0.6088748638386773	0.3864744244348766	0.6743968174200315	0.5661809662118253	0.3383920830616933	0.5222516508977042	0.3353658464460559	0.5548250663761561	0.7973020358260563	0.3981298944603038	0.35708072696243487	0.5262883219950917	0.4653257095777828	0.5512468083956179	0.6172743385170304	0.6930696230788724	0.44202660926768117	0.5431453646227707	0.6653918957896919	0.7494235463936543	0.1713491509302918	0.3396680390638825	0.5235895343568708	0.43269916819955556	0.6356504703831208	0.5095495178389357	0.4107219040177486	0.3646853470699264	0.25407613357021097	0.0	0.4287579474804034	0.4751737994412691	0.6913525208056068	0.18421552029062666	0.10490603670463577	0.17734256916074398	0.4007493610461902	0.6282560824991792	0.6031497763973157	0.5167384179548893	0.3528871299290608	0.4739060620267722	0.7449377561256283	0.43695454746104345	0.11820760209847808	0.5323728177957118	0.4065028995980085	0.5463885834803778	0.780483124049554	0.41408581352089724	0.44021660063028645	0.4708860887693139	0.7737194498268076	0.47482884764314026	0.4208236666222221	0.6487852306692047	0.45636700509122785	0.41445398980138315	0.1881068348777986	0.6370883844429187	0.5326474061090788	0.2515577563157808	0.7743890126368774	0.43384816616024735	0.3600952961309342	0.6272537790748755	0.47994028986737614	0.32493231990218696	0.5893976894602193	0.9110254223764279	0.5239895707662805	0.35701802632414775	0.3291790213150062	0.4198303744571083	0.653285467938697	0.6251225485575511	0.37759551549702075	0.2979539795211945	0.5149817687135795	0.5576067374030063	0.6241159035384151	0.5933888409779102	0.4680299987263053	0.5646183436892777	0.5896874884322937	0.20639035731247496	0.254132114906636	0.37431151850852806	0.39706593427663617	0.34905249602505467	0.4288114670940356	0.614085066154753	0.7318094809186217	0.6349823466753661	0.5921827707372187	0.5088491596357897	0.4142531428887585	0.7445501085592422	0.3940630488406167	0.18494202659045553	0.5005900546231349	0.5675594340364918	0.4091591155763698	0.4993926988050429	0.3837183379220359	0.3932920146901825	0.29417762131471903	0.47345991084317185	0.5182405687960187	0.4192339383338765	0.7762881387740083	0.4430593088849626	0.5602297249644608	0.25874365408114025	0.4644069090691717	0.5380906767101742	1.0	0.3959565190708005	0.5621511076582361	0.44751483587919133	0.27287502316478807	0.33165210633483533	0.3444181121092485	0.8132556117691487	0.5962822527283392	0.47966854156221145	0.0010604164149634054	0.6859914460850575	0.37934073653994266
lemur	0.32570211139795285	0.19662075492403108	0.41156871286860824	0.36765741761334325	0.692123767737507	0.6833777364551196	0.8162458897583278	0.4794510792630381	0.3552324338257402	0.3766932132885396	0.5364177360875172	0.49874064191120215	0.7354909024823981	0.6486938817642951	0.4024438525397327	0.2258879867132793	0.7374596999365235	0.07039480192093694	0.23399090639009834	0.31851768385493884	0.4453382332482717	0.28478950495586963	0.4736294151634248	0.43116171103852713	0.5344656187936309	0.7253035578236113	0.49254930346220877	0.6939319177784413	0.425861109281532	0.6136851088270479	0.7354697345710497	0.5396323211117307	0.64346280916352	0.5418674200295911	0.7179401039412855	0.42355341621148457	0.5475085796512554	0.26765894535157597	0.11931359927964241	0.7675366683278249	0.5829824918543525	0.5273109864870602	0.49399615634830557	0.6096020676503999	0.7179519869579428	0.3515371478408566	0.5745059764247172	0.6884676671050822	0.557310551766354	0.6763932660035136	0.1485401469412143	0.488221829083757	0.4347886490287438	0.2027483044758745	0.7467281692210548	0.5502174227234344	0.4433815347082646	0.5842215374067687	0.5174299798287416	0.36707817290004713	0.5561791568845968	0.6542321151950226	0.7190931689004618	0.8278269137614729	0.7616892277139933	0.38145861254556224	0.4598454868207519	0.5087188339703885	0.5314978555665305	0.6958401517617396	0.2521299220146276	0.42012402086507883	0.31590212530173123	0.6113063423974459	0.6894082597021642	0.5524916159844113	0.5742235796283923	0.5520043901171482	0.4330718951704894	0.5054776484537574	0.6878960790896784	0.4836657424039556	0.42251969689064883	0.4481870288290969	0.3923291837474276	0.6472151252610798	0.5486135617082042	0.4163151587770265	0.7603193146582834	0.6007386169393247	0.3465515848289345	0.5097746664816296	0.3126673392687282	0.8114438016032586	0.6165170144583381	0.6186118970501701	0.38532543567089916	0.5915968227193223	0.3846865034338379	0.2325644601964834	0.5640084394092694	0.523145253297682	0.7463016240409471	0.5631041484427411	0.38223838881252153	0.35828729074918486	0.4651718750348379	0.6556537378234901	0.4303820514642277	0.49450095539834416	0.5106687217322281	0.6770228894781319	0.6312415623737169	0.6164455548115937	0.6106277788224178	0.4979696149165882	0.46499500642005703	0.20586202865087452	0.7262759998639082	0.4474105762451825	0.5043902559182399	0.525760477961575	0.28289666629419197	0.4068884670874348	0.29076064298045035	0.665945155477529	0.5575845289462668	0.05102057813193617	0.42251347875638373	0.687008932867593	0.769926575318808	0.37516948486997603	0.2604247561358258	0.32833611971035676	0.6269020103399354	0.4366469673074587	0.37581468958691167	0.19982146309131182	0.3903057430882308	0.749266067953082	0.33954395122877906	0.6667482979420114	0.45700319829280567	0.3046840615845701	0.5619396942553998	0.3897169428703646	0.5453223749235309	0.38617618710046564	0.17326927448729634	0.3845946261476875	0.7160588851571548	0.9813345436667045	0.4734558341050894	0.3470698396846209	0.21497112714510003	0.5229001941227908	0.5984563330128192	0.5628730661010463	0.8907042729946342	0.3868867346767465	0.2909367250118265	0.1744065918390554	0.5262144611479971	0.20800358338142583	0.8535308898324491	0.41391234348644557	0.34146045810833997	0.5688842779052535	0.27122118615978474	0.34206907753128113	0.6537224032617814	0.5165571862412279	0.5829288006600618	0.5527722444882847	0.640560887798264	0.4352216186254109	0.5175566567808627	0.7040633641474316	0.6526500856543446	0.5878242431767922	0.4661092651774961	0.17511132061125456	0.6274657144703732	0.8254365601959275	0.48533308091075594	0.7089219563604048	0.3186043529337502	0.8286276973828428	0.8570232718334171	0.42628443667359184	0.4793999159764514	0.2966151000463038	0.5161740732804786	0.15421640496532224	0.4938170101980788	0.49981859190941397	0.7373052997320312	0.61767623562917	0.4297244483639576	0.45545450295728235	0.37058075935034956	0.3547619401351807	0.4593721428101947	0.9009871288655045	0.6055518087965251	0.42725879770701947	0.5639063401195222	0.5434968074531519	0.4381358463975684	0.3222141335428168	0.5567132416421461	0.6677674928151396	0.46491837425889054	0.8808557267950553	0.4579935616222576	0.37238273576631564	0.23803226111581893	0.46607276051422086	0.9432234382202561	0.5175272595652497	0.6571929847373431	0.19776936741171094	0.978727345585903	0.4746967738510842	0.3595786463904774	0.39135440068370325	0.29560022109974515	0.4838937084252435	0.5722816124539434	0.36896694893375237	0.6667041622059321	0.43780153558033735	0.6344644949025977	0.4491249835847949	0.6429929108877742	0.423969994449852	0.20050112709765375	0.5453225943673217	0.6239475358506288	0.27577045661994104	0.6588346918754946	0.42103819832708894	0.5946382883351343	0.30532106646644613	0.6651942082035222	0.5179827999310811	0.3852648132222386	0.33484285185299795	0.7152763309724492	0.5121398704810726	0.49096051392842066	0.7952529519215266	0.5768449953340578	0.5727607871807358	0.6996904311748169	0.26055976224864447	0.553549964992595	0.47307983604166437	0.5226044513771295	0.4495489649782588	0.3404059946284115	0.2533286079206618	0.5666216310923086	0.25707086663511175	0.6303078033509948	0.4073413121001551	0.29593543984669374	0.6895860801203796	0.8004602014528007	0.6509534706203767	0.4405434298598997	0.4983725154697096	0.6466991633955462	0.6581520890148622	0.43858550822049813	0.4659311288500847	0.7027248620566215	0.36659819479936157	0.551312215418824	0.5154933421783071	0.46710095725515166	0.4987446933181953	0.0	0.4757926542480114	0.6380409808519988	0.4139703093286756	0.3952277956214956	0.3357047975048741	0.5625322875568006	0.3438940859728963	0.2831044565719714	0.3230597649895706	0.47015089373691427	0.6012432869699962	0.5702945667611377	0.4032271477963168	0.4922288788960828	0.34373945940509587	0.5196186704143418	0.37071048409344554	0.4703563440263141	0.6216253635146176	0.21602477457343172	0.4880006828288391	0.4643946758264864	0.20981439967678212	0.453054510332966	0.2898237854907867	0.0833703416822254	0.7143553795193986	0.8476290604045882	0.48876329626137854	0.5925887253046609	0.7679565794582834	0.7102490405744196	0.42595639210169844	0.46857235684987586	0.25678155028267696	0.527339699168221	0.5671408348541802	0.17198486077005032	0.30162440903114984	0.4906744797852702	0.5660808855718729	0.4601638088440075	0.27896917117760794	0.3999128989936288	0.4605405706322184	0.36537095746838333	0.28647212166719094	0.6508349087346764	0.4195837774237161	0.6969530758880376	0.56660445426241	0.7502966496418831	0.4891549300249463	0.3676134781936726	0.7818702651290744	0.6321230834909801	0.3406045998248371	0.5303168013987544	0.776464986211735	0.6370483879461124	0.3658252770209297	0.6692426506674936	0.560653786153136	0.689212241100779	0.12894367556947522	0.6803726615366704	0.3027262044918179	0.5545086024647301	0.4725077762349824	0.5872003042060809	0.6924660896830289	0.7426731403100191	0.59288118117114	0.4424409886432155	0.9163486976161197	0.21403899724902728	0.8537925138027533	0.6996128337771518	0.3330553366931744	0.6264289118891164	0.8257045406598333	0.53210184313972	0.5364387463174752	0.1738862819440603	0.5097842769396356	0.3387010314730181	0.7139121332080114	0.5043277166541171	0.29690042404477257	0.6923926267205347	0.18196799900224098	0.49355810803034206	0.12160778057150251	0.6666543672707707	0.15889474196897996	0.6405953857682014	0.40639936199608173	0.3831750546338156	0.31508029232803836	0.4462267389607779	0.4135811192175645	0.19228870590985775	0.4803675334441479	0.7121173837234571	0.5318896087028034	0.3572942851839068	0.39835097833914657	0.6587912544924879	0.4586807804763559	0.7754042891322594	0.5743062278179977	0.47842845483914287	0.5692774410898408	0.6452779660355263	0.07349467597911641	0.328514629772014	0.4173851953088098
lemming	0.6672372970881537	0.3371090165059284	0.5760363696526842	0.510697391537094	0.9068929065341776	0.4846924342156643	0.7014051550461686	0.1789305174313075	0.7480446755304713	0.5112283901396524	0.6287192608032249	0.5137853203568672	0.5097597199090409	0.4935111251770234	0.37585249039074814	0.5933807605872036	0.4646466450617894	0.242071618983836	0.25968199233950523	0.49814491170673847	0.3645084768963134	0.6526397263426604	0.48819601485791014	0.3698842487134158	0.030400544041003397	0.8038496315196526	0.6264673321256518	0.34930297313506176	0.24708054619579467	0.27580836115088303	0.7811964228342749	0.5712500619500966	0.8500399080460121	0.8707868522967606	0.619976478150742	0.4076277993561428	0.37720871713809223	0.6187483889419275	0.35568537551654034	0.3791241718679019	1.0	0.6694107711202288	0.33084065447482564	0.4496315901755426	1.0	0.6124567125525056	0.48046217248252915	0.7717456336910264	0.11396107617689921	0.6127233413351645	0.1691039539508855	0.24376195873166917	0.45744162083725065	0.3474975177189409	0.4046409272623494	0.5472150451287334	0.8513110172815324	0.3626156374332436	0.5355500017360133	0.3663021734302028	0.4224297149357686	0.3325907588579551	0.5966739288097154	0.6697325435178331	0.5448297325482114	0.578143623064345	0.41442142721060504	0.10472149471283593	0.574229918219101	0.6291190897389365	0.7137916816100023	0.557314404551818	0.4828771749594023	0.621739789566419	0.5631634794623522	0.2803771046026265	0.48007953529967196	0.5966489593051487	0.3036593313313901	0.09539771773452077	0.0	0.4830027967531309	0.5115275614315264	0.5340083734676975	0.4356464551978267	0.5995676826055006	0.6868319017116187	0.30215428476837347	0.6772638140595002	0.36735875190329914	0.5080950076019034	0.19093894785325377	0.6345560060804425	0.826548725953413	0.43050141972683414	0.550792623755236	0.47703474628985654	0.27593941334899436	0.6358591214820766	0.6709519347759951	0.5202825044005731	0.42361743739985497	0.9333902812338897	0.27580909933219916	0.6847720379322761	0.7402188398596881	0.555902639269573	0.47098271291181043	0.6471696920625793	0.46349585438383634	0.48231486824857606	0.4199986879343505	0.29554896827877164	0.17689251616432317	0.5549710371450213	0.3549221491528824	0.8009069916059528	0.38578347182546724	0.3091262225487197	0.7373256737839523	0.655088640630886	0.5828426289078193	0.18562274172240528	0.2835992965291352	0.32522495419493813	0.65818880243388	0.5149677926687248	0.5273906871074057	0.7293692853389591	0.48465629786163117	0.1648664462473257	0.7308287552941135	0.21614401731293803	0.6980446098986977	0.7035810024437216	0.5016270641155356	0.12650043054731547	0.22910534634686242	0.5876787101840033	0.5048562353808577	0.6031682854989716	0.016546374132363817	0.5074366237263238	0.9635156742774262	0.7559065728133738	0.31957465177761074	0.2174762268462854	0.4799669767850169	0.6658254205296013	0.5607809341580592	0.32048170692876776	0.5807251127596267	0.4503916602379857	0.6565060610269515	0.6599421911885923	0.5451357250974593	0.3420078027886407	0.4321298047412287	0.5041950078651943	0.5320888092010588	0.64072991602082	0.30567146625304675	0.4729919366168376	0.4092472129523241	0.4409669604166324	0.4190517799166704	0.4324790246326826	0.8306574303834149	0.30752490770081925	0.46986425829106293	0.5717660826237736	0.425071304396223	0.6028643231723266	0.43956908814350076	0.6103072347545744	0.37766101517495887	0.42198663841890244	0.4342721913950104	0.37538872605755447	0.3920486105184664	0.6474296554730233	0.5532020692709037	0.7621865662538976	0.20797705987665965	0.5398941388007995	0.5673685796322935	0.3777807403020579	0.6872534557054389	0.5852099070979905	0.24045352508560514	0.46446837369949373	0.614643207122561	0.6851500605219467	0.4838516951984523	0.5519585773520457	0.5562134411656041	0.6552220533070019	0.8317241462530655	0.5921259631915012	0.5948052187935257	0.5883789093370376	0.5601993824639553	0.4711030363796185	0.7840403906234747	0.4374997610607429	0.7752856820972138	0.4071428285774715	0.5830777908899437	0.524094550073122	0.7127967819866254	0.5524675934137024	0.6153950463103378	0.45588882339375336	0.4991101133486847	0.779194872458397	0.4290771718510883	0.7466581966751967	0.96881701785714	0.3446076590365359	0.7187305027870409	0.45467342864701077	0.2151279214501671	0.2788092391243974	0.2529480808604013	0.39800826214609697	0.6594927352833125	0.7441268418386208	0.31462851771784495	0.33725373327604724	0.7564998082382598	0.42023374272412245	0.6661823587766099	0.5555827437729163	0.541621841012276	0.6275413671131337	0.49607929988073396	0.666638975907266	0.4684081453288822	0.9172956244285894	0.42442337105647415	0.4321634195157845	0.6026980089344315	0.4091633698647448	0.42950887811118116	0.7492692498589228	0.5453817179722324	0.3818042400507245	0.39829656924185136	0.21163233282831856	0.5924866192446309	0.19760084931047686	0.4906186105310265	0.3335845053716803	0.5616086646489857	0.36548940268049895	0.3952867999608585	0.28258420131203427	0.5654822328533409	0.012776451510113307	0.4058997008543088	0.3438957590688008	0.5457490696913336	0.43881587666629707	0.6553344232103859	0.31775904747013706	0.16204522776175878	0.6044401550424885	0.950252253888088	0.46876804613919576	0.7032529725806562	0.6407629585452062	0.6804883639468565	0.6366883900872639	0.4978839799617581	0.2983452976501558	0.34332712568982454	0.7123970501193273	0.6253035849856525	0.4703745361078097	0.5348234655423687	0.1953780205290555	0.6699637801554288	0.4861684847839973	0.6259304111833808	0.5921293516413924	0.4665029329439786	0.5732295089118614	0.28085472068451195	0.4752979416495917	0.18175831140807608	0.5105995764199618	0.4242044749165416	0.6600805992994576	0.5425135698228849	0.6394387432367459	0.739974430839426	0.32552156756698836	0.5241165554368028	0.3778304783687365	0.8466999744779158	0.41854477917110094	0.29078840581090826	0.33298078931725367	0.3881056773653445	0.3226868112317844	0.3941488967043649	0.8472804778311815	0.28629299047032986	0.41834101222584585	0.6634838069444504	0.3105894590523614	0.7231090565393459	0.6238057180727816	0.4407021231496342	0.7078561818528343	0.4873200652217201	0.5204296993617862	0.30043178297693557	0.5014460081611506	0.698989851229815	0.38562808951380767	0.5371085178115039	0.5470062203599034	0.43771509321551005	0.7155760205715741	0.32976566484626946	0.6402091252493994	0.6392050166364223	0.4475995446290675	0.48144947560582085	0.48322330827075743	0.5585783229380619	0.1329619481373741	0.4839342110348861	0.2750053090101175	0.5381865362765568	0.8570613664460152	0.3280995463593845	0.10946621251434407	0.3163648888831735	0.4667413944853982	0.4314534603723178	0.3728692509757109	0.38075671508454734	0.5724231279212025	0.2783304074595764	0.3393000379707281	0.40527302620821526	0.8458628001814366	0.561507949405427	0.4412268814848024	0.4477279813328181	0.339188191751274	0.46968448758307957	0.5427583856020064	0.5522037560659527	0.5361675657489332	0.5521188760097773	0.40831619459522167	0.8198274367289282	0.4759595953530441	0.26407345882752903	0.559942777933772	0.5667656445680391	0.5813814205362907	1.0	0.22170264140523732	0.528399484056204	0.14913468389242637	0.7554282734600357	0.05870376059421034	0.23732609521387116	0.489178711084859	0.4495049473401657	0.5593285643830472	0.2147929731444026	0.23031399385554846	0.09420398705352018	0.7143176728223142	0.38421123185978356	0.5622007945207184	0.4265186174386798	0.6804363344825315	0.3300143154843098	0.22046065567645118	0.5161792236544925	0.5323882077593347	0.4738593852474739	0.4637752229944465	0.44078247575123186	0.28887091052989	0.4870214735753739	0.5029135642891074	0.7214422233328412	0.43271596299511506	0.806745710792284	0.5323890486323082	0.4890530768316961	0.32989349965794607	0.6931039377575536
leopard	0.6532021300584209	0.20594325602199998	0.7672429331417882	0.3014079791195083	0.568445080482748	0.6031643491354393	0.4088915242038245	0.8252950960045311	0.4748175104354846	0.24926287975660405	0.6051053331244589	0.6588812778838027	0.49287453641212564	0.40876073381005695	0.46250095307596706	0.7389262956995556	0.354282040576437	0.23469892398110753	0.29320732911109815	0.5348672367466777	0.351738617657287	0.6007626430726188	0.39232130102301116	0.04465934268848282	0.401620915164733	0.5862621535705468	0.19237859014614467	0.5761136552476184	0.5037477975379273	0.5199024397622343	0.6218930387592281	0.31680117488020043	0.6180271415957457	0.6902109872731204	0.5026548076557672	0.1727490294064173	0.4933375090929557	0.35798934620947925	0.3747472024572866	0.31114653629733224	0.7224870183397938	0.9217709585507194	0.39390934756163054	0.6337189928988446	0.19622759900156073	0.6159371801825434	0.3787266640219036	0.5628933347621163	0.33924687159676525	0.4476579072937944	0.2815568280674372	0.4630178912553713	0.6688514548749421	0.3206709548372316	0.40763137169539604	0.41785535410609265	0.3067119993476291	0.34065626593258574	0.4908406466244064	0.5681521471104247	0.6197664423556789	0.7518150206762781	0.3133926491148584	0.671473641288453	0.6149655168772068	0.1468240465615509	0.22508605843432475	0.6648133264228806	0.6197577753695142	0.4988177859207559	0.709675537130962	0.6188111342693527	0.3021381493470606	0.9020958693851175	0.42149829033780345	0.6320765449287113	0.5136198683431665	0.6508639187193662	0.8038702780214992	0.16396445242134178	0.36404546786428005	0.748305263230542	0.7961571681819499	0.5380702500929887	0.4878595109058659	0.4930708966877477	0.49124449407490384	0.4244352589264458	0.5799695017181433	0.23575541130904382	0.4694284711805521	0.51569008678758	0.38816482271569613	0.5785241513782804	0.6467813034415573	0.5635167548809739	0.6060997031997097	0.4005936725556437	0.5007926594390464	0.5496120042785844	0.5512179494764036	0.566738247253795	0.5367393473302761	0.43621395391243406	0.47725013389135096	0.280330373180511	0.34971987603389376	0.46466646868785094	0.3726895286309405	0.42370720279604446	0.5891341062756686	0.4760517664641089	0.4274224145802531	0.5029425978935966	0.7465814431821836	0.0	0.3101567051123613	0.29955073943106053	0.8302232298875096	0.8780036396449393	0.4183670625588158	0.46759579758298486	0.28767176855674226	0.7703600442331591	0.3294769686155488	0.5656903763417022	0.3445705269342262	0.4816563861507189	0.4992849603629972	0.35996981994888133	0.5367741422083283	0.43063407987420327	0.6987564802581807	0.5408612241956039	0.5819675290567553	0.5178536397092548	0.26514663499412217	0.5822093591835871	0.9498015123761947	0.2676931373698145	0.3552240716058096	0.6757939964651527	0.5584842185181881	0.5327490602179327	0.6730202236608169	0.5041605299842074	0.5395840391839314	0.26166351912462127	0.3675821251418038	0.6117851194763251	0.470646347438629	0.34880037521745033	0.3558260033381058	0.15721566930406095	0.5067114705715405	0.7394091781679535	0.8707737287872883	0.5053935911730822	0.49830423929428336	0.606784846357236	0.4410008124705009	0.5159406336570204	0.6302523874213517	0.5826335662866634	0.38516033611897393	0.25151246403601074	0.41245436803851576	0.5820273998712365	0.5196739104765701	0.03178991142909854	0.3411713720180337	0.7230675540008882	0.7114660896348663	0.7035082506630719	0.36005271523935867	0.3202314453295077	0.4403830821763621	0.5725610125846965	0.5000104059039671	0.48359926824409116	0.4508322081465156	0.30121682600846805	0.6361317347875327	0.3992089588284779	0.4187697474991611	0.20131820031805475	0.08335589084626371	0.3936596321929458	0.435751530192391	0.3005086720989153	0.6790439511118257	0.39410735085699033	0.6432182938998121	0.46287304076098523	0.27365198913020383	0.801790519744229	0.8058366969515516	0.6090927160851533	0.5055105701497113	0.5652903219157237	0.4305830022531041	0.5215620848046821	0.9338755516337375	0.4525971325036052	0.4310079128926289	0.7446934099871134	0.5363292689885983	0.26411357929244134	0.37375955765399815	0.6622844886712154	0.4020111316418533	0.5681779136657951	0.6977198969172431	0.40334942634108845	0.3336139051164498	0.5338700961108984	0.6832521451992499	0.5714254433825469	0.6454359970413861	0.4939866696330346	0.3017239061672757	0.514013691386156	0.692368631183498	0.5928719221695387	0.25794841004312336	0.38738278803235676	0.35143538486101	0.7216239350021205	0.5581043948224871	0.7180427606544898	0.18135925140127013	0.34171298498090036	0.5434457019632649	0.6612833144536263	0.7331690772897834	0.47396473199288014	0.3817623549841503	0.23634099581289358	0.5370769466510167	0.5720791154076639	0.5276576160437559	0.5550152566489183	0.538399318159384	0.7411894356211246	0.5686117365887146	0.8382250516317464	0.4052508066222452	0.5725257858348446	0.5311294300308583	0.5754972188590034	0.49171238059399336	0.8316514463795934	0.6123772757910422	0.7363911782768826	0.7312651304172484	0.3421167480340682	0.3804070758253936	0.9504406308581598	0.0860242995825452	0.7376812120081228	0.011120004661691052	0.397806786918921	0.41325568587914985	0.4969807496217413	0.42802941752508694	0.3891834512519785	0.48338019756116135	0.9129452840275768	0.6034776897978489	0.7727017048979343	0.7790067750826669	0.5733436387196981	0.3618963514131738	0.5306013397136792	0.2843591458910081	0.45433155092924754	0.6907051672414677	0.619992335678606	0.7700640420384444	0.6508068079061788	0.35097560784838844	0.4869063959829854	0.3266500626934331	0.4382553700252267	0.44065797162266984	0.39276440562632214	0.5128419811708189	0.30015745772932023	0.48063521386022195	0.587490506852689	0.5134256800740821	0.49123027494547994	0.0	0.6052775936472152	0.8359601535640298	0.8072883116116805	0.40703402909506325	0.27517046229197206	0.3722270451971595	0.42680406338372534	0.5924638213505748	0.6518967413245971	0.6286183921389227	0.26720676661676984	0.33717144512111996	0.19505507643061804	0.6454432654777514	0.3946108593678481	0.1312301898247733	0.7344685626159756	0.6154505443659893	0.9229278418891698	0.631768327795087	0.33691266778878054	0.5843026392447669	0.4270110580415001	0.2765148654707002	0.3607432962369803	0.5266039711183491	0.48156704855037635	0.28010727728822465	0.5280401078299846	0.37549528117906217	0.5765439769908854	0.4905829942771285	0.34727519541511176	0.3757007380189799	0.3913961118357541	0.22232932324787996	0.4525320692588077	0.6458365923004001	0.6925394249528634	0.40001364036383635	0.45820167268813344	0.5516232255843441	0.6667717198873272	0.6742927884018485	0.39691567005728345	0.23741357905168176	0.4832542540009139	0.2586733730411836	0.6716060581453814	0.6237632207684684	0.37779699088700125	0.5611497008530156	0.5860615646990874	0.698694598852664	0.3886437192988551	0.6103194664766307	0.5979569474183308	0.5379521458658872	0.45503839621720615	0.3072795884032012	0.42244077856510237	0.43312789923616485	0.4450924342781226	0.4779544104696968	0.8948573641766362	0.381800720727064	0.4602840365031673	0.412904487692564	0.5650818783864369	0.6147916920924933	0.6560226011857804	0.558321832119664	0.6145091587558802	0.6210331405198761	0.7865730273941498	0.11548867345412389	0.5068687279101993	0.7177135623102813	0.4092056342090542	0.4523785109758606	0.4126386134139133	0.5176189370604899	0.5520484224276376	0.3833477753051281	0.5562560813698525	0.832362403638667	0.24883620103730986	0.546022240955446	0.6023063988575398	0.6301147908161635	0.3450716933062364	0.526170821816729	0.8480234637402739	0.5228423066308463	0.42050092936572697	0.38052786369494074	0.35448287201568107	0.7842817658214185	0.11055096461490221	0.8926772032154153	0.7179757003303389	0.3422665166795677	0.5264340079581895	0.3260684660244607	0.12844114917671506	0.298509308603705	0.6038414877390635
lion	0.30029014181547126	0.270955202382219	0.43611423625129186	0.47776513737170273	0.568859811525662	0.5041563094318212	0.5459296332069189	0.3008866456529361	0.6051891314520617	0.768340054482405	0.3205942282090575	0.501665037846305	0.6304236932768346	0.7791942743425199	0.5241418281721991	0.745739803967949	0.6297653558567239	0.3413821370005516	0.4517382446011625	0.4861706635098646	0.41407141678100295	0.43663343241023705	0.5979058962174848	0.5996644476348013	0.7662788610226239	0.7271980631618267	0.7323682136332266	0.5502045064319603	0.4214843033492042	0.7000479670765343	0.4451696084309855	0.5641995275053152	0.661271958629166	0.25905052435837433	0.4064907303459551	0.6011848226327525	0.8405360941868378	0.47230355343369307	0.5904137408332858	0.5465868878432569	0.5776075779807687	0.502288930804419	0.4416295431277823	0.293102980900387	0.31933713319310286	0.6411653946121744	0.07265824436647966	0.255539681082677	0.22901395626312349	0.4198731083095723	0.260276559121558	0.5821931248610919	0.3675181920740296	0.4307028902996478	0.4382821208945708	0.3405588225401818	0.5399921933547833	0.5300710720039674	0.46882344137348525	1.0	0.8130519682782276	0.7310655085135781	0.1384740241329158	0.36169924935364034	0.43255503777149995	0.4948516949111784	1.0	0.3483999492201044	0.5808180778503361	0.5703891678158997	0.68231307387315	0.4294166882357925	0.4283663808896547	0.47513461082117336	0.5857941249721841	0.7064375869783992	0.4812867220713843	0.3043126259597668	0.29649461536152183	0.30196922681563443	0.4683545879283761	0.40821350678602797	0.8870935178286609	0.29004412180263867	0.36150211174481856	0.46669874805215916	0.5407825221044316	0.19342909642208028	0.6715467555707157	0.39863523686040414	0.23796382988538284	0.39997974045512863	0.4906545096225	0.9358795772563868	0.45322692865137326	0.7972362589164994	0.2644478256921544	0.42608460379788415	0.5030509418861762	0.7547355539437939	0.5894325206475132	0.4984264806153403	0.48192146065739866	0.3244574175518191	0.29148877620355695	0.43950732401203363	0.8010548482379416	0.4351171102689946	0.7972851697655692	0.6983218605154533	0.4430760231879323	0.5205882059510285	0.15165718170135467	0.28331793384910103	0.6889566651420514	0.9018213371191133	0.3718455827338639	0.40884076619569526	0.4843583361590297	0.600467843376092	0.5152901054004556	0.29920705860586433	0.3836861451211221	0.6201552892609068	0.6068712476394971	0.4708088943220531	0.22529010643154945	0.6614693870447135	0.5154504444432566	0.4478795950312795	0.5108304993490433	0.4152371515059095	0.5066180424684142	0.39607565275538525	0.19084225462413545	0.5825018859430602	0.39715842931238665	0.6680835352012362	0.3629573652271812	0.39605909804478107	0.3833182238283309	0.7603914341850578	0.490673076774805	0.45143229008520513	0.733831743343996	0.37677355630722287	0.32611813061626743	0.4495727170475333	0.5278632384419049	0.5871395415524868	0.28609802032641385	0.4574549489248544	0.4012838281008785	0.4501519122763588	0.40377561209939783	0.3282784566187852	0.6095412159740491	0.6118324983526594	0.8238334094017874	0.3450707591174369	0.44700199296236987	0.4130816139256622	0.5733592564830813	0.45622347145379144	0.22982738287885207	0.3645572671867999	0.15543875302924204	0.6689640009952199	0.4794916313755152	0.5114614278286709	0.4330175131545229	0.7116625528786413	0.4693643231973067	0.7192396686303741	0.06391937508654666	0.4173970865498565	0.7741180529657316	0.27266450367129247	0.33718626889402525	0.5719363568973681	0.4637437655407909	0.40368780437697777	0.42359493909494916	0.39604519126907184	0.5189892128667895	0.49949497208241966	0.5868878723176403	0.4047092610007458	0.4097039719642683	0.4416833346105373	0.5313514516718313	0.6392559403844666	0.5952579723211693	0.6013381942185876	0.5241236107952542	0.30495467404416576	0.5729443133166114	0.315199227488358	0.5593887699992516	0.7983984367161432	0.39197622817206723	0.2477909535392887	0.4115462797342352	0.4432040735532311	0.5982094151521538	0.6597548282699465	0.45258537072319605	0.3737316791886645	0.5481118849351091	0.648518396400943	0.9124511384487808	0.3690958918250341	0.5077757572715954	0.7141768892382454	0.7036742267981154	0.5924486341479287	0.3845407671283029	0.3947290259909578	1.0	0.532653228360942	0.6144892487983143	0.46996403289381533	0.31811132647589146	0.5150048381900172	0.4065984898382209	0.31276240528887206	0.286945356782935	0.4095867529954144	0.42826541343522995	0.3772191254534605	0.4319299414069691	0.3917943353882245	0.7173014417566851	0.5421517291891725	0.19985258649477114	0.8552969389638397	0.7531536605116205	0.5772585220087294	0.5411879262539452	0.454955513142759	0.31951672645056994	0.206214265619036	0.5514348685626445	0.5967571078480735	0.42388288083933146	0.3972313559282425	0.23014705651037182	0.13560569769452246	0.7408846565108295	0.7383471518696542	0.2374987824913696	0.3383356279876746	0.4227056434850735	0.4750636128122586	0.21347873865527695	0.7776808032150009	0.7260713281053685	0.3698567006034176	0.34624217481879727	0.6883513825524596	0.59384311902391	0.6843133261075027	0.5840415536891382	0.45534377498116607	0.28151013175162354	0.4754935711526478	0.5474310656706498	0.30829401745754637	0.3841833218215604	0.1635359409501616	0.5773025521058629	0.5330974021207658	0.6713004863833602	0.3997270940100184	0.4309416519223379	0.7244417421578275	0.5764875317675555	0.40841273838499814	0.6754800352872224	0.7732105620625043	0.49130760835500664	0.723695370568662	0.3318641369716724	0.4954374070442091	0.29515590983224166	0.3750770401955168	0.43678148878385215	0.23876255303722402	0.37408511074779166	0.595318681206191	0.4643269224412031	0.6421709868919843	0.35207319778636814	0.673531053596694	0.4523329576118537	0.47950601557700395	0.38126067268090796	0.32349042635195147	0.5697011908287314	0.7100840690837975	0.4179681679968002	0.7769199408957452	0.7885955215180305	0.5611630132766727	0.4556276062165968	0.46300543344560496	0.2520765797790593	0.5330746722485156	0.7447975593389214	0.5654926795884658	0.4804813404976993	0.5389766011546118	0.44962732127473687	0.21373176065608346	0.6684878898866621	0.41674370960083673	0.5536814483651189	0.505451880857164	0.39063881772932185	0.5500534763835007	0.8718603606469746	0.7012869080031128	0.5180188948116011	0.6124387734352521	0.4549329076783917	0.15929875337236749	0.28105117483931386	0.6337385935002998	0.48868567003031915	0.6540964664986385	0.3668451412236041	0.4735528488971604	0.3283904511079311	0.652955771893473	0.29554198817040134	0.6141238107933292	0.8129810932756406	0.5879509476727584	0.5308163804310625	0.5915140876598417	0.3453672713078497	0.3890438447044689	0.4599197947851218	0.16685547276485954	0.3907629629196767	0.5278733523685419	0.4078460371274773	0.6782800673351407	0.47996314027188736	0.7843942076367045	0.6595079858693144	0.6613573790451941	0.5150046122429267	0.44272044156708956	0.7352376463494814	0.6068882133823784	0.4239777566201489	0.3732361257346677	0.4959134844052624	0.3763757233709757	0.4456117363823393	0.659562684789554	0.49682935582517496	0.7436218196693909	0.5908104945610531	0.5079923657202177	0.44188831656390415	0.4792877573236296	0.7082611480374753	0.8095808896512242	0.32521473410628826	0.3531783472013975	0.3804664521602356	0.7340705875800795	0.6830274007009557	0.272027965380332	0.6207589822342512	0.8499589826705881	0.858370997039682	0.41915014141449586	0.5116609008294578	0.7494855805766977	0.567727479100231	0.36936453673858066	0.3147451422940868	0.6930452628086148	0.42952499242244946	0.403539765749959	0.3989939194702838	0.3181791662176864	0.5064601874208985	0.6682755638669852	0.2913459493384005	0.7100676896988627	0.32688294586713623	0.5418873220672787	0.21541297457358344	0.4294359753658882	0.6380194137149808	0.37512207058387803
lizard	0.8279649527449678	0.1425098037555913	0.4212904154094441	0.4574680673121196	0.7299560100296673	0.4918101562404599	0.6443429320859263	0.17192640700618733	0.703186971050979	0.6052113855713556	0.526021895837431	0.13912421652446422	0.78782582581358	0.3131650879641029	0.510329618288371	0.5502975189304375	0.7917224817755257	0.4966280461472832	0.8894344650900744	0.3767568291755148	0.40228916583590213	0.43295440451076483	0.4633885832065066	0.4021428909157986	0.4217215784106848	0.4214225193701448	0.3279985468989186	0.2599404587273834	0.5910067829160982	0.7621553558165179	0.38359286745761456	0.7202225417602125	0.0	0.774163828407806	0.19197150143743905	0.3488015004033167	0.28616452914983626	0.3948766343482058	0.41593334445708374	0.42833767781016147	0.39449666169887193	0.031292560673755576	0.3197585374905767	0.6766852082527282	0.4388903694988496	0.42446771219830703	0.8979172943887858	0.6108982679907772	0.6088111447649484	0.554864575914689	0.3107023566848033	0.4519885794004457	0.33816323500825496	0.20903706907822467	0.539150727923342	0.445790011179651	0.6690837375245381	0.6111639195509821	0.4901845846159405	0.39381149449357206	0.4978305534195332	0.6030976390973712	0.6555336632913944	0.7722072960681894	0.49769906226922545	0.43958112195191457	0.0	0.551710571357188	0.14401623409355796	0.6735921711870916	0.6746137983599206	0.44092168551838506	0.12249541337366487	0.43598500217984415	0.46771014532980654	0.42852758029216403	0.806400880647108	0.30462715603710017	0.5567986092009337	0.5892004587310891	0.3021259586476137	0.6536935865240705	0.05090860536733588	0.5960795837187928	0.7532524067348719	0.5516149862266044	0.23548518257570933	0.14390670849976228	0.46753355473323677	0.9023652600019156	0.2695242255001759	0.2124743795195627	0.46657178404533567	0.6291680376894191	0.46759484008267127	0.6172579375581593	0.45076940138464194	0.6385545462833746	0.3376942262557867	0.47396022446302416	0.6444327835321719	0.5705655870801004	0.7991846638328384	0.5162358914164046	0.37801213277138046	0.15797747114937172	0.7443707271988566	0.400943525714597	0.5076583202675312	0.7830890424891204	0.3648784686335582	0.590520243888914	0.18366922549194903	0.21199583160510244	0.6867753575297885	0.5660209955936817	0.564111604994095	0.47351938278972894	0.4406525007748157	0.38973509278626717	0.8704729974464955	0.25605022377072595	0.4014043905730984	0.7869647171433263	0.6020617150544446	0.4403759003277474	0.6229373042020576	0.3856037404751686	0.2020906009240735	0.2327271967692161	0.5075172307193189	0.657345841350505	0.4522635056030041	0.8362776501430065	0.6378295587960374	0.7104158380267181	0.30937632850925567	0.7307567674640149	0.3034995055648357	0.5471737125755526	0.5665727739879219	0.37412918976059006	0.45585203163451676	0.252587088689813	0.30900988010744024	0.5798248556333145	0.29431443306945815	0.27265760265611694	0.22769969592536454	0.17419108787389181	0.6035538589618664	0.5402426465750662	0.6177709909992393	0.5333605991850402	0.45649088472219435	0.7264354492211842	0.197212183787643	0.350699971657217	0.5444361925990953	0.6371833359907586	0.6996635024160001	0.34110549404462676	0.640037348811289	0.25521125677059525	0.46561721885905927	0.39024850559281754	0.5409187957132817	0.679031652103025	0.36895329775248986	1.0	0.6152350339426282	0.5559956669865823	0.4006989619817525	0.6362452488577217	0.541263814899285	0.7984262150928408	0.17159932571848988	0.7500567510741445	0.6288222942924808	0.4364719831923686	0.3620782399013368	0.4472847797214314	0.6545788859743789	0.5296750983596582	0.4437210891876442	0.7473621634714303	0.7635316178803531	0.14645989047093894	0.49894946666686374	0.6911908469613386	0.1205375236715705	0.2821215321540592	0.6972302648884712	0.43065061868644144	0.48864921551545154	0.8126098792010727	0.39357143373459447	0.6257897765426281	0.3948412491827994	0.22534139518188734	0.5544511588815804	0.16965906464004432	0.6341834492030264	0.6256776076163711	0.46552071060126393	0.67548446087584	0.28151329918210094	0.578898365105393	0.5710109500842357	0.6743704801488568	0.24926487127241545	0.20997389611836426	0.26549141980355545	0.6316406724888975	0.22533420949865257	0.4624442146101508	0.4049843385737014	0.7875584644826491	0.5006104632724789	0.7074874872616796	0.8462553913070368	0.5874462291557982	0.7763590615678835	0.3499989965778597	0.12801774336253186	0.4853698821168949	0.6917595003757246	0.49075828451529036	0.271938023548019	0.2618680063537413	0.5439750251329651	0.4639291517264701	0.691270269060749	0.9744434402895861	0.6098621939777052	0.3751137945522099	0.5671954151804292	0.4698427536957312	0.28362211208456867	0.19720849110663766	0.5376619264890637	0.6581452362698127	0.42436150882429224	0.32171515638823944	0.37145311147909155	0.32237764362811183	0.6156752336384321	0.6503380641650177	0.47724630671215995	0.9520756383379976	0.45272787901461586	1.0	0.4733252544929712	0.3919951733506148	0.2591152595398446	0.28997517732330713	0.683940042603042	0.762155147912853	0.5871391526859746	0.30061940083222893	0.5471548635870285	0.25944946438742067	0.5821597152023931	0.6449740505921773	0.7478283155381251	0.6749271264039512	0.031162206964240213	0.9495477577246996	0.45507509336079177	0.41221816891574237	0.45010584468209025	0.26486762385930146	0.3656015404573331	0.500646505058792	0.695972329231826	0.5183150320607026	0.24057937242626973	0.7015971640293035	0.5740074081399875	0.20806370612469965	0.3999997729693927	0.3861708839245029	0.37988493031138826	0.7177725623112293	0.5411248462554936	0.7946133793810471	1.0	0.5996699528637842	0.7196784225598883	0.21216128547681895	0.2719755141643163	0.6410712099509134	0.6169683270821953	0.35418480903300925	0.3413979964742299	0.6382386237763532	0.3955927329012723	0.2648882790466302	0.44706128203361645	0.7765806491064124	0.49966860972189797	0.3560429037636097	0.5415963717426867	0.8449929565095198	0.43855115183600846	0.4759895325715616	0.6819642374945061	0.2909859406301381	0.5236006741588121	0.6968026164511926	0.5314769965659845	0.7056284680927872	0.5237696346578581	0.4276842147721251	0.35990131491653865	0.7020817437999773	0.49703155201737165	0.8473109669998745	0.44495016549737026	0.4271451978411842	0.6038932529767601	0.637060806523366	0.34334545227771035	0.8865579478530373	0.7964681158907272	0.8669652510494079	0.418224552451819	0.48947854344526465	0.6580309148947117	0.5182337054520789	0.8346248088255804	0.475160188153434	0.37724898409143803	0.3702878483409861	0.49949354690147635	0.3154650021665694	0.3979043607036764	0.6972120448484236	0.7041187611882325	0.8317777241615345	0.3366348711927826	0.2924853241996974	0.590356597916695	0.16312664865913998	0.6037057372485265	0.35651662802290573	0.4347479277018876	0.528758866695172	0.5463323674338106	0.3976560866987946	0.48281967825366906	0.610076944101137	0.5469648782659398	0.5940208480926918	0.25848529475354687	0.37782003525080177	0.3737742276819984	0.6454180599281238	0.1496891736658722	0.4047900353106621	0.34809508952478946	0.6576822148722861	0.6853941309691687	0.4410166957034427	0.497716693098859	0.3500023528414177	0.47374194417566406	0.5762586172409936	0.5912942151371858	0.5017692955572927	0.42190436243695906	0.3623665111598207	0.4274425249409857	0.3505651942434861	0.2027087105945704	0.07511372146199469	0.5666621414929558	0.3406890669665958	0.889836277169157	0.5651488845932173	0.2654137812841525	0.7147223869569885	0.3594063954981541	0.6189438575614316	0.8737017302822196	0.4572022787978425	0.844495720154623	0.5338345708258074	0.5311505109713098	0.6677886078343656	0.8632581050151535	0.600939130411042	0.6890883464165839	0.6673480893630449	0.40151835639326033	0.21886388366762904	0.3409178580156771	0.1692943639905447	0.4093835550157621	0.4349492143247062
llama	0.4915343339862809	0.5380984334990999	0.6539779027623798	0.5698084397642093	0.49927604997038255	0.42075853531775215	0.2949259296969571	0.3776021832688149	0.49706473560408293	0.59042464383121	0.5193455731589827	0.22807490558120821	0.3192744257531357	0.8292219406317016	0.3897294565744114	0.7206772936467798	0.2296024877231994	0.6958060228696055	0.509149968501553	0.6295593326688806	0.2286900555559538	0.3440490383188071	0.4220793865296045	0.2610403485930596	0.691826450570062	0.5922707912476384	0.528639978463265	0.7332683530617509	0.7792967423188835	0.7864332117128499	0.6954507739445883	0.2716150361673374	0.5411054662215053	0.3450748724012973	0.6926030561225205	0.3647730987152836	0.40508556538813606	0.5750854941691734	0.6098352439597997	0.290755976053632	0.7843565303063609	0.753787299131922	0.6495145594867431	0.6469789030949114	0.5249972528652702	0.6829198290500987	0.028445073993446257	0.43222915861680844	0.6314782639575004	0.4449306384607564	0.546199435728556	0.7434502945939319	0.863090551492939	0.5163990202219606	0.5509837951427136	0.5671499151973228	0.6561030505695596	0.6654723652630667	0.5446242476715153	0.49745659830326006	0.6140589615722981	0.724730532839094	0.37151000765275094	0.3967840131179125	0.4528658495829466	0.5392641964031964	0.4154900515521902	0.43598707830883665	0.5701816033991002	0.7881564783281384	0.5122939823011234	0.3308068656397851	0.22373190744125598	0.6675740681353717	0.29377652585285663	0.5916006080095133	0.7125954399999456	0.17710264511299045	0.5483092662893505	0.37426873850844333	0.4918310346251008	0.496919972996392	0.25267663786534644	0.23810926172607755	0.41934994396061315	0.534803124430994	0.6188269569168341	0.23792765274620722	0.5096532478715706	0.3430215600828597	0.1428167123339215	0.594947975195925	0.5183420957421924	0.5390817207262233	0.7367020566729476	0.11056786915963102	0.42833015643061967	0.4420631144047589	0.40953145152630216	0.4437844851775546	0.6633863270874654	0.4342385559159044	0.7946722991503837	0.5867450455360181	0.6853552875131779	0.37910814339169363	0.4156022576314351	0.27677311222172163	0.5743244265039222	0.7299453811130505	0.5416290217976774	0.3067954209986375	0.45198688829936245	0.6445473111142948	0.13194256710404345	0.6120510343928657	0.36046875887797436	0.357861585922016	0.3930862189385788	0.8180860266920397	0.8987975453044786	0.7244512210528005	0.3632104433222484	0.6824925027154736	0.4256453255126094	0.4446969412221342	0.7130745676961097	0.2683919846967661	0.6202267048570922	0.5556334294362943	0.6401866389484352	0.32630000558946726	0.6055158622362322	0.381199229830629	0.15457327433556434	0.34390287125798424	0.27299599779851347	0.3378791134688864	0.4403648047643203	0.4981650318264221	0.3533901215076145	0.6384553434896464	0.7082560437050451	0.6624117163618648	0.5649797983975304	0.52201494750701	0.7071421947899647	0.19335726799636388	0.3605297019151692	0.5408070901823452	0.5472726593872392	0.7490707020721805	0.3927144816404064	0.6681232806772925	1.0	0.7118301899704835	0.565834572230573	0.18041413479900792	0.7301333604436461	0.42794914681060925	0.4582997087546623	0.40396010206608723	0.77794419934056	0.37875191374269085	0.32835400380464763	0.516646033338392	0.522741967461584	0.6347784211298204	0.35042975820194033	0.45458372052017476	0.27427591147772384	0.452136679203063	0.407121257748917	0.5098807255327141	0.33799543293507806	0.6125432930922757	0.2889266445623036	0.6231398144562584	0.4537976907799359	0.4579567018026748	0.7422676757285761	0.33197245868601477	0.322844451681121	0.23553606471248173	0.6722281565648035	0.0	0.4177230710893575	0.3700633605511247	0.5301140425288087	0.13767758738668784	0.6777594253550224	0.3867528952842344	0.583179101921661	0.3446486544603148	0.0	0.37852198590768316	0.509142120205607	0.417906653314395	0.24225022873118707	0.693485986833956	0.18030464020521725	0.29600996205192964	0.6317042939306691	0.652635706554096	0.8042638074399933	0.5215113390138602	0.7987410059415758	0.42107989650831895	0.469923623460756	0.4450329377318679	0.6239749289235136	0.7334732476182502	0.8674056648561062	0.809085212959125	0.6758413686771322	0.2036191378035651	0.6868576920703284	0.18345185197244557	0.6111129189777662	0.5178357117902097	0.42675262565928523	0.7369926189712064	0.693954771763933	0.561680741777711	0.22390826136062186	0.3645697449040276	0.41466631157138706	0.3776546741804254	0.4642121475143112	0.5644058399965606	0.569459643454241	0.7076624298756222	0.5338723834987301	0.488502547999515	0.3930335769147507	0.6195690603168769	0.6752194123241246	0.2185249607463874	0.6322045353412693	0.3827359237959968	0.42815348586767144	0.41986216526376885	0.7645656780017162	0.4192662071206244	0.3591346945913199	0.45313549241202256	0.48169639870639835	0.5434329195167014	0.43707437979680974	0.573384835239312	0.3069553950870141	0.6748594615444549	0.4262621186218787	0.6032966421259434	0.5287286889257311	0.39380681533310896	0.28411094289815725	0.6234662590726349	0.6336619795312517	0.27349115600264884	0.2922771321998154	0.7183184314574783	0.8000060282471639	0.5505154585352737	0.3099361228216093	0.49191999343576975	0.7716096232170307	0.4803369981382515	0.5129190106269291	0.35766243600491643	0.3169400765474854	0.6722091930642188	0.3454833621619255	0.6152262831611605	0.3058730180816174	0.5762322287145144	0.3014373874831432	0.45335880600530326	0.6659008999067356	0.6112206097415165	0.4571041425714766	0.4512154150317548	0.8104403188275917	0.40284775071808665	0.3118620866060965	0.2379491500233405	0.5762898834797952	1.0	0.6529523925563985	0.5773317817050765	0.31438168896053575	0.23393651913135377	0.389516278903305	0.6053132997601433	0.8822113738658501	0.6201010799942588	0.4010670415907495	0.3673543834868507	0.32637838097242616	0.39737361309302416	0.2516451946544648	0.6803407243199021	0.44558690759728425	0.9547991540253794	0.0	0.15766940638902405	0.4760541203805274	0.4520303513134696	0.812655916642602	0.5309571741321244	0.7172764321162827	0.3875735892714892	0.25229527811820496	0.38985458406818985	0.44089975921014185	0.3830252295275341	0.5212464274482481	0.500500492509641	0.5526608274351958	0.5274633790402083	0.5894061507358228	0.3938609328831081	0.5232728532232657	0.6504595192942291	0.20786890643706324	0.6265562950872576	0.7618377561460807	0.5488450966594995	0.52757625793392	0.6882115118183173	0.4244306721142129	0.649545056361084	0.44193587798669903	0.7122960502473006	0.4120006638610027	0.4220988585726902	0.7354424865261682	0.4977389623958193	0.5261394334382212	0.3473304701942922	0.5574313126379065	0.785930482291108	0.5605196973992258	0.4902801705350158	0.6371323999484664	0.47426319879596324	0.347296362379938	0.5915248051853157	0.5465236220600761	0.4639804254350176	0.5237313701032669	0.5659477867010404	0.3381653927791954	0.6728172655259682	0.6525914420070835	0.6392129083242448	0.3586159613432298	0.276418790169373	0.43517487767580376	0.3301269998395654	0.40441391642066016	0.5676334551267791	0.5564179427526965	0.39414382760126565	0.5359382654206928	0.7156838085394697	0.7895703453252083	0.4127534192141016	0.5923841653070079	0.6276190394027545	0.3558414602974199	0.3719064031049237	0.35429747260346006	0.6336148492719809	0.6196663334676088	0.432457600911031	0.3044067119024565	0.924932061714211	0.7367745418032671	0.47496084646756037	0.3336119730938924	0.27324332611519586	0.5097099066815185	0.3528878854202141	0.4295979270619138	0.6354740095158671	0.4580231194130151	0.07779832550664073	0.13134868215370757	0.5976450563481895	0.6949502739343072	0.628774207755904	0.5526021875407626	0.5676499551302703	0.6095388523587827	0.4541913461475756	0.16772790820916866	0.28057930422951416	0.36752009834544874	0.13102057504369913
lobster	0.4384385821641209	0.6532120338464806	0.4124968559119525	0.7822522300003931	0.4392492192950084	0.5172395473064593	0.6128337826969428	0.3710700601242527	0.4527246911666801	0.5957435725957395	0.682099400295943	0.7336148407125583	0.32993123728035073	0.4317862479552469	0.7299280104199162	0.4129387085367895	0.7908302024392122	0.5954581951140363	0.6882890918596208	0.40182206012759203	0.27915373363385576	0.4139247005665034	0.7054716456036376	0.22829528402783433	0.6886479199976792	0.6781728704201562	0.6332475308149955	0.8715089049907551	0.5115748548100036	0.553579819536793	0.2566109658927406	0.605706994640797	0.46455950378238925	0.4355431193173912	0.44542617559576	0.5484811327711236	0.731943857039994	0.6095147734064942	0.8369134416780941	0.4758726596932109	0.3195025084314278	0.07176709045057178	0.8454537088196379	0.6569019929280093	0.6489562810206363	0.5179782753206102	0.42098771839314253	0.5360403605752685	0.42578965439633054	0.2769052079545152	0.21411646212011856	0.5111838081309423	0.5308914266110599	0.6117866106076462	0.6337445789115688	0.3858245848956404	0.4818243062822657	0.32570251935677674	0.5013809260787219	0.5168663730144186	0.377109376821504	0.7278435434859656	0.3529926620201103	0.525517707307684	0.5652630974024722	0.4768471864046453	0.5374616404928144	0.3980223226723806	0.6091893128951669	0.818553159723444	0.7076922434512354	0.06785951000090251	0.6623688632317858	0.5852812723041148	0.06431407455991855	0.308459282262536	0.48688780339129645	0.3888747458216749	0.3485161628691935	0.34395777901994806	0.1499001335297543	0.48712568296913694	0.5604409295288992	0.6283714125860612	0.5902933427796233	0.3798396891333522	0.48152290565494116	0.48065268684570445	0.88977225462497	0.29831620963713495	0.4718355834897988	0.616737801948869	0.6743030387448434	0.6473283228499439	0.31620298707469785	0.5936210943264228	0.37895298881390516	0.31559130350597087	0.5753890081175466	0.7221686761264192	0.47118125244879455	0.5193149442997362	0.18907967170362056	0.4528926961962867	0.6719803380018644	0.19610554847312914	0.6714241992222286	0.5729304952239355	0.5262768573888958	0.36626222184294216	0.4217263929232467	0.6690223787131668	0.2761868009961813	0.48936643595138907	0.2080821871578945	0.5686503755223157	0.694213511200671	0.4488365884753619	0.39241100122651085	0.6306120462096414	0.37308267960053526	0.17646522625680056	0.4994099059479058	0.4374097009909034	0.5767596903993066	0.44062147522636785	0.14576870762506222	0.3497398630670106	0.5994572763576093	0.4660055809829921	0.4232038888887273	0.7081916672453341	0.533548458290039	0.44396923364195834	0.2475207463991636	0.6578183111693594	0.6298005953403258	0.25456519839644304	0.6725498742557537	0.4242074688153856	0.5250201186214115	0.34243190481849695	0.6483060578273573	0.17325135395449193	0.46686651420622627	0.5926696344348776	0.22069200343332968	0.7042588921702604	0.25291295977084816	0.34665586352459654	0.2734058322554516	0.47951188574566916	0.15436536596202272	0.0	0.6724758802585669	0.48732324611198463	0.486106405638047	0.6864964618490254	0.41046489314262924	0.18264682472379	0.5480275545353251	0.4723271800751321	0.020001996610528816	0.7217710261025762	0.6101760643899073	0.5887834131220694	0.3368429168870577	0.6391148996668462	0.6453008532343519	0.23928376652834926	0.4989853401637726	0.26302055185563666	0.5072099188167511	0.5870288135297912	0.6641971627639187	0.6091513817316614	0.15797785042396398	0.19889535570611078	0.2790882178487296	0.2971100736597235	0.5550306525948476	0.3849694749497811	0.7748317930704137	0.5785547804473727	0.7946148153330777	0.3021155330861066	0.47738544414542516	0.30895644044233345	0.2584982398342158	0.3824060322069592	0.2075221411398123	0.527896485652331	0.5379478278420369	0.6355782440683233	0.31401254095161146	0.5792476062621846	0.44217355913940126	0.7773766599613082	0.41926436447085114	0.9257818440801291	0.8126419226009781	0.5332984848514194	0.7165120804081023	0.22336491358816574	0.5391282475810846	0.7016404020653038	0.47048668622928325	0.36517015733736513	0.6057216824979531	0.9538500146366902	0.5291373614998153	0.5475817274648511	0.6950266842316636	0.485697175208356	0.5554076140526852	0.4140749191596741	0.35639899324116653	0.7444528953137024	0.8109149441513396	0.3659211216279703	0.4746161353090273	0.5458961295906525	0.40460439321464803	0.31741855790271845	0.5419849015275171	0.31204859486458286	0.42013135526077977	0.1793199651603154	0.6273819359365733	0.7289977541117192	0.5902221892246262	0.46224999417941415	0.5842325319951766	0.6173963664889688	0.488225674398983	0.5622705166138062	0.3975682782744395	0.45172671533212927	0.7040952406382429	0.6763827535348139	0.44722693588085416	0.3760060304642207	0.7475533856153684	0.38736006804117445	0.6182284163270773	0.30465618988448273	0.7710364081452872	0.1455095104242487	0.3111704765091349	0.7612702519308171	0.6015587467624267	0.6084846363509431	0.30766132167607046	0.2381594577868157	0.6359465331454515	0.30562371962537827	0.34516524867829607	0.347806148838497	0.07531487193493541	0.22777442251968566	0.597454569656426	0.41209093411785325	0.42469096179212346	0.7667404095080571	0.4670374192379785	0.8164052962343038	0.5614399670310664	0.8725402419730733	0.4150748084458791	0.3845080313633994	0.378646630659096	0.5318174169526042	0.595989294263583	0.5416012000955124	0.48380965964932987	0.44003904824043183	0.6827008918044177	0.6572791196713286	0.6762634003132116	0.6107950879089981	0.5088105523799394	0.4499159889477042	0.3104763404558606	0.4931418293966594	0.42869702616368704	0.6988571119860202	0.38043825612544224	0.4011603069559575	0.4586983346767586	0.5052109351509203	0.8109562994399153	0.6640217900130573	0.48020380930460504	0.5084078273478366	0.3967730596354636	0.6088406771195375	0.46375100252269724	0.5685886391881406	0.508870685158795	0.42840211962888264	0.6620002797872809	0.40463590297711627	0.5013005457224498	0.4060957723271777	0.6808496966892916	0.34916224698032455	0.43842332025030084	0.3089293642096193	0.34218865176321167	0.42877973156251536	0.23975616177347012	0.44411252382710165	0.8640007296192832	0.7023700869468024	0.4499516540124491	0.5274662775894862	0.6968259508024867	0.39145668001613193	0.7028649404093499	0.5196290754655208	0.4420949199560138	0.4726845891907319	0.5122514741754068	0.5931000303498382	0.4212251581986239	0.07877913558583849	0.555073353240379	0.38770415964837573	0.27105059059062764	0.3745790586560387	0.6081168305443235	0.5046242452636591	0.20250337061028156	0.7512084284883288	0.6386582240009615	0.7522981919813916	0.6283205359001165	0.7033609040695	0.44571386546472214	0.6445829594933284	0.4728540534358887	0.547399180845392	0.7155526162862764	0.6237966632850076	0.802246624121179	0.9149857100883741	0.45123871336924104	0.45529124023048073	0.479292141141726	0.5830027188076532	0.6291515649343108	0.4476851554170196	0.18421164078822067	0.302673059158163	0.45693213331884186	0.8585552258925935	0.7461726209983157	0.5045677132585309	1.0	0.6185796887356443	0.5380057783087285	0.48095107704713014	0.62299181720585	0.4725824540489213	0.457530818367995	0.6003889759982	0.9002871021986527	0.05132196599901662	0.42688691507042775	0.7573179465676507	0.4519235433092435	0.12910861711397736	0.5315640389457186	0.577303548688526	0.4988078463787853	0.3812434137458406	0.643492979089862	0.4433412813733705	0.5811181192619657	0.3082340151198408	0.17382351839551213	0.7893900928953905	0.6785340629526947	0.690609688164618	0.14475373616123788	0.5137157870458657	0.1740642918729998	0.5086149642578142	0.3117100802386912	0.33287138146787354	0.20069320782442523	0.30290942891529904	0.8896177859703092	0.5380150324572952	0.4206841129227372	0.5480050971396756	0.5055305952775528	0.5194750945857083	0.44721436254224406	0.6349161670006791
louse	0.617647571852562	0.8280841714293882	0.3980382120789151	0.5300590416682804	0.4556845578567387	0.6170789358581696	0.20788779657671924	0.5222540798518951	0.7826086404425892	0.24438984081473475	0.6940220972311617	0.7690162343678724	0.9000243665865958	0.4885482519781537	0.58675111799498	0.5491548487933432	0.5483594993715732	0.6301111606831005	0.36928826651186375	0.6837382647395668	0.38937239924462036	0.41862120558765575	0.36775133187389974	0.6366738965655863	0.5410860404665814	0.6803735383165768	0.16437730292928993	0.46256107137920927	0.6232576703343856	0.45375651248797694	0.5100141101227884	0.414696963351293	0.16460728749555503	0.5402246702302499	0.615275090025815	0.16461190970340012	0.7325863537423263	0.40190753498667076	0.3603296438543401	0.5335705799564496	0.422621115374634	0.5546431493248664	0.49605909349328425	0.7315613442147498	0.46826651863529056	0.621820937322727	0.8623879064606621	0.32532360182190134	0.8296265981095268	0.5002819080017271	0.41393317906840377	0.4181537953731641	0.28194290694720914	0.7615576591715835	0.5099909210163016	0.3987785073578116	0.3195823915265666	0.48097401872349793	0.6625950453302472	0.5127865823684284	0.5636250819016158	0.7608578355777889	0.8139775641255466	0.4588082752129796	0.38638832791931454	0.6832642057461206	0.16432797943096955	0.5630957395017281	0.20479738220806137	0.6344147921233728	0.8108470104918724	0.4619388614504269	0.5313754002468586	0.4438343815017582	0.21767477158486132	0.24465193900158622	0.3878906127385294	0.2853927004347061	0.3637770830506685	0.7921568568792089	0.5300127690684098	0.8079264871070031	0.3066758493641864	0.7660142020539132	0.5970005801275375	0.4604930161796904	0.4862493693837011	0.4908435588110205	0.8731644089190786	0.6004219853030399	0.37852427233375713	0.48873204922616303	0.5486767610045751	0.8129914367076229	0.5271301330866666	0.3717908863920031	0.2526431662468359	0.4134972846924686	0.5493050367210517	0.5217787943392409	0.39505007914573265	0.607749507576571	0.11041918833819914	0.6548542592687595	0.5986499373968841	0.43297452446429474	0.5525344171707182	0.6443183488942978	0.7438915699495015	0.3390831892578041	0.43020148713145834	0.44555973730987997	0.48319967133618913	0.5142241450620006	0.3449889056586535	0.5950536890585882	0.5379537559141588	0.6318501403351742	0.2663899368753637	0.44726922110856693	0.4310599539665313	0.40015779740939345	0.4771724109176984	0.4379129994307173	0.16482669365100194	0.343276360478646	0.5871890306799811	0.6689221318369929	0.8127456037664784	0.3338007111059559	0.5806094138331395	0.4027802446497759	0.5271454353542748	0.25712892534146514	0.5247105543388134	0.5549446513083056	0.5994605779361746	0.4034252304810856	0.5268872106164934	0.6953550838933853	0.20571703962859955	0.7803293087840699	0.6416769960946919	0.33397416294754734	0.6267977870443402	0.4677212951084211	0.4440512910577724	0.5619258704432044	0.3863403137728065	0.19826490441029926	0.38881285139570926	0.5578163920373868	0.628334988025445	0.47460223021149184	0.26800826006968537	0.7160739467980874	0.4884793186940844	0.6374828794234149	0.33820775225055366	0.3647600335559484	0.42923484510584126	0.5088299584535858	0.3079311688126621	0.5515933891992041	0.2719594159195782	0.537860996215759	0.6214877951213493	0.58030075043985	0.5386797980151558	0.2730441073057518	0.2837704743859858	0.3933438971239947	0.17728904540281853	0.5672946922776082	0.37398199260988974	0.4044038580805421	0.26679457606136503	0.4341367087707205	0.5896296676328118	0.5482554695719788	0.4624565675383765	0.09089076918735722	0.3729531913563312	0.7141560551056768	0.9258106041860287	0.32131836131538954	0.1879251744221424	0.00781281047708171	0.6315655063475833	0.5682615613234702	0.6601604334121669	0.15897210124662364	0.44222002850439535	0.5529049679897673	0.4484136150632664	0.5208521745820281	0.3387690529976675	0.6125148622427855	0.43595168065375256	0.5066639128586188	0.6499882374424171	0.46478436412820473	0.5467112811066112	0.646294473911388	0.3129667326929063	0.48262387159243497	0.6327658361463524	0.579128224256476	0.5021310155746158	0.6460488576975787	0.5875711244122966	0.5744631317930391	0.9999999999999999	0.46452419929947525	0.6534626779530706	0.4284983996222754	0.49978856636762753	0.47936130377825115	0.36813786829486117	0.0	0.3872299315193991	0.2753611997165602	0.3777778899921881	0.7375891985276684	0.5953406866685033	0.6376082438073508	0.46390861242346265	0.31411447511637947	0.5733097697628067	0.6946853734571465	0.8009542252173999	0.47908928141677953	0.5644676367824162	0.462137217933525	0.5204903972676408	0.3933837669247229	0.2825925463833149	0.6215709681616184	0.6994035998525255	0.4265964992399876	0.44418327966802196	0.2803155900861186	0.8176490593956087	0.7732851994204626	0.4472421616962692	0.6157481168382541	0.5101147477792884	0.09198884380828376	0.3659960552773018	0.28953081965912103	0.9106946280638192	0.5877940541352678	0.6362630471131054	0.6685420106032491	0.5928507802937815	0.2782434190208467	0.4285279248802773	0.6046643001787301	0.25223203902515723	0.40725682054091383	0.7005382319466616	0.593039253448407	0.6035551405032727	0.475935781436432	0.14321514725454176	0.8848801291315305	0.6363308323002251	0.46939004898557235	0.5864304050871526	0.6834894621430341	0.2343204386587382	0.5367313445680247	0.5246027486478532	0.6608700971656112	0.4409859922682629	0.7472221330880786	0.6263051923411885	0.3612086506345497	0.6598962029931915	0.42036488247125325	0.374162834934875	0.5940665355122189	0.9385666694643455	0.667574415847667	0.5164742383066524	0.5458096603189299	0.4781307501556443	0.5151285437228434	0.541278246350779	0.4685191692848583	0.0	0.24183653284479195	0.42913466243133336	0.7596846831845682	0.6678933369921497	0.5533772883221988	0.5790083429495803	0.7375628066083091	0.6647572587168177	0.45458168887605044	0.40750826755014824	0.6783874529075655	0.387332539976378	0.547146305343662	0.5903676707978102	0.5106957986681214	0.33485935651034354	0.5074781606916584	0.18972344057489887	0.3863849579647882	0.5698888692402493	0.3975901620180501	0.4567083566517681	0.9207860022719807	0.35890764806304165	0.7284222395184599	0.4452508647275867	0.5026154941303761	0.997188166285468	0.7479360296793058	0.32337889487408283	0.18388749783891525	0.48613609905569505	0.4328299713737088	0.4019409172316354	0.7395954995667561	0.5069252200106309	0.3641785623633553	0.5783115821526669	0.6472455936680601	0.5540478779408777	0.7192928469193206	0.4151997886006122	0.7986831893033728	0.362405120299618	0.5427880594732949	0.6259650829396702	0.5168392985216437	0.5331482935407513	0.27130806966873783	0.7166668068117883	0.48595222382428394	0.34891105623054036	0.1866761378166225	0.5590939909678918	0.30687197124742926	0.44452472344575056	0.573799384939726	0.39150962540820644	0.5625272292872987	0.4239045859106352	0.2894109997523486	0.4279627327367508	0.8069151844168992	0.6315620798781241	0.5588630648913573	0.5271365048993794	0.3934595056345226	0.6254411968623117	0.3754844160340445	0.7245151571494812	0.49472546745613966	0.425977706520296	0.4308225084291786	0.4418031725031445	0.1876984056559166	0.7268899331486222	0.4387348532034334	0.6033073055079646	0.5640501496936198	0.26489118891330976	0.37181417466343614	0.8051344454441891	0.49989383460282977	0.5041045773208503	0.3179001747932124	0.577630010153864	0.4242105280881095	0.7726667259940612	0.3430697018438782	0.4876263065606655	0.39891263371507035	0.38262225379740783	0.6752260817502475	0.37791526132956343	0.40929156169287084	0.16090734352225042	0.032060548262462685	0.16078050965835336	0.24205583909115236	0.7017853212992174	0.2743971669038	0.5822364809996914	0.2854966422730236	0.42753436584777116	0.47016448846833514	0.6231292000758968	0.35610129839688287	0.456771412687974	0.2937201811478712
lynx	0.4788406635322888	0.1433449706852729	0.827317006307882	0.46521679923448533	0.5648123787944637	0.7386152053931051	0.6465689021674564	0.8013576966012528	0.7121522749956499	0.41536571400276445	0.5949151761065947	0.5778306025734811	0.405238326833711	0.6322135029142713	0.37077186097860554	0.5201542239281601	0.28926652282826715	0.654168918948997	0.4761222409926154	0.2340048744856606	0.38696536628336375	0.5852826339446479	0.3450083645543063	0.28701775851885825	0.23428050118040306	0.5256161925643198	0.5093935551598975	0.8124420761408491	0.5100527518046254	0.5189114287337213	0.47168417526908646	0.28687008116098317	0.34384895273412236	0.1880319079334627	0.2386634649375533	0.4444499766651121	0.5070588478149877	0.44347003891486997	0.28804644234692767	0.36749020965820395	0.5744161308024881	0.7426073932913866	0.35924694621420966	0.5329529388096419	0.2868910591298536	0.6993009249755023	0.47807319531972914	0.4406222549026637	0.49759903527015725	0.331021107255686	0.2619830433229263	0.3954282451299118	0.8671330992154019	0.368680746514501	0.5041399583233412	0.21707674734956448	0.6633554726050146	0.11258509096108457	0.0	0.41105797230939123	0.49823454297687236	0.7798012279816013	0.1749424109913732	0.791330798119869	0.5930566173678733	0.5998785178351166	0.369312437903054	0.5528910161632025	0.5963423419388604	1.0	0.6599374558703429	0.4739962216187095	0.4070617506716278	0.7673270511744357	0.42892934458910953	0.7040337596670959	0.4344597346018636	0.8003552218441964	0.4777617548337317	0.4368452549381116	0.4797274339564824	0.35641594066668714	0.8158960130372034	0.4377829286273661	0.5737143107346911	0.3864534860107833	0.4534679088012326	0.6154460154995208	0.7594909087884979	0.15642370363245284	0.30728674616563567	0.3242390219395999	0.5337661744355787	0.5082835056282591	0.4280122837492916	0.4137549865692476	0.5768666357369101	0.5814598171716494	0.13674938790885016	0.36361204657530616	0.46507605691565657	0.7953954366145624	0.02213630043063941	0.4116701743009759	0.6943739873805167	0.7287081723537387	0.3360064111987908	0.453275524104109	0.37234791872554296	0.316604510569389	0.5395236829497572	0.37943140028987554	0.43611498382870073	0.5190962045422202	0.5357334124380843	0.4936223938343096	0.7266329033317819	0.594461056609636	0.6798821299814919	0.3466546994240509	0.3258533320717103	0.8130147165901038	0.2695455254995829	0.7418752220827645	0.4059809253673904	0.6516834651986333	0.47805506426563316	0.15366636580661747	0.6816624493723052	0.5892752128660748	0.8052968671613792	0.24305777393708716	0.6051925769517438	0.42681927416270304	0.7110712338575502	0.5285161825554962	0.273885554240573	0.3290300804114622	0.799581045926792	0.8950906459548853	0.7277249389929401	0.5413530741308623	0.48468305118188154	0.24773896841251672	0.7534297859026138	0.38232301485531583	0.4974908417742847	0.4969574933440888	0.39553952366523165	0.4420909140809944	0.6503067772210167	0.5007892811911627	0.8384018119607439	0.32313341545950586	0.40703397497019855	0.46493483598036206	0.9927631561793171	0.573907209258465	0.6739909584714406	0.36689270480555536	0.5174361245839889	0.33405322883680977	0.6946129960719343	0.48544291267104983	0.9116863061007312	0.4607172470353572	0.5273711350086673	0.47439372061699664	0.5327798921327394	0.25768948926091	0.4616220218178205	0.47505497380122486	0.08078139192091227	0.674437652230462	0.23987177997190728	0.7024567644330886	0.24685007398351214	0.3755883978776817	0.6017204230618083	0.6154746731313205	0.7169566460452069	0.04308972972868352	0.56164546300334	0.6334666525999731	0.3915915065582556	0.5358337231082811	0.3221247885152164	0.7480138581519953	0.5477709561377101	0.5308814489758508	0.5719843562348179	0.32961537534462926	0.2425544370233644	0.04653988120699637	0.3076497139523384	0.6999287647976349	0.5615574471815714	0.7218166938087343	0.6428923760482035	0.4442405570734358	0.5262153819628269	0.4173909213463004	0.5515850799746346	0.4143016013092249	0.27445906309509827	0.4389885509012624	0.44014845418807125	0.6826698802093212	0.2197238962225071	0.425439344419192	0.4745387399312837	0.6957477797717528	0.5572938106806107	0.6343386421532167	0.8421388843658995	0.6264106352475999	0.5793610152853839	0.7325434322048145	0.6400436631490583	0.3780438494540464	0.6363422209914865	0.30924453123674717	0.808537839345028	0.46927479282202084	0.46747127736604827	0.668101155897362	0.4363788489972208	0.44077130674769766	0.8242337805383066	0.6044655736039809	0.7454348565985762	0.529962699042768	0.7486031906197003	0.6576330259516538	0.4950238962319641	0.40336954002683495	0.41909906777362543	0.5800124192447775	0.7224779440707579	0.5069042459197463	0.5838083976771214	0.29030800697523285	0.7432300789506074	0.4972365358916627	0.5584554980827537	0.6834820278750033	0.5470240750513053	0.7135172794576029	0.5832487755711736	0.5619826378560725	0.5630593772440937	0.7373238646944273	0.5444518334440989	0.8380608487104839	0.556889257192613	0.5206569612157759	0.7392711170299382	0.5535608817184232	0.3005534910052702	0.7031762552355444	0.2449961411104814	0.22726621908171407	0.5003667707421146	0.25469093042546664	0.6430840846606003	0.5635692531232959	0.5240178880784346	0.8565617111431587	0.6410744892233363	0.5202275329760424	0.013802732458910172	0.41999804325876794	0.43609386510556414	0.8506816971823863	0.7814068154239481	0.34312595397284396	0.6022069123781946	0.6218222571286515	0.6841352110396185	0.7021223953387301	0.4644831706924216	0.425082341109622	0.17969091679633598	0.46388510827581625	0.5639978823958642	0.2879610947748089	0.5834614753000597	0.35770161971808523	0.6424318292985975	0.5047793932623231	0.22282404674957562	0.44411675730299993	0.06571762341285742	0.4156964864140971	0.5944538715516398	0.38281318533444736	0.309447228129648	0.48748572952938024	0.6300052919051189	0.3969374320004778	0.37714299442298815	0.9277089237605807	0.5901303851624915	0.02569765217444564	0.6515370525286585	0.2549453960221243	0.3651058081678051	0.20927866781751292	0.08892056607470544	0.6168194179621461	0.43472687526989984	0.6101271396421322	0.4370333829192571	0.44460089816247184	0.7448582232779213	0.6891549889387605	0.29418376593640455	0.4758086553516961	0.37850851183883677	0.7315797371512118	0.34996175348516323	0.44410698122928915	0.5096855630342694	0.5825023464719362	0.25474808596267784	0.27995089536758927	0.2803175108991163	0.45467494560763216	0.21775200292131042	0.20720883857127215	0.5876257073733073	0.49381732157465874	0.6784321501149035	0.8474464254237564	0.5356059836901592	0.7372256833511557	0.5261454878394269	0.7822383339257024	0.44305035696114187	0.6811169021633683	0.6052019997017924	0.5653245066395365	0.5371989806660784	0.3412383415621061	0.5644516305791651	0.31266289774267314	0.6323052324570869	0.21830507149934492	0.48074171534082727	0.27632520141814954	0.2858241843380113	0.34021186107316825	0.5955424825506681	0.34027315287213206	0.37919903920318976	0.29373966752385083	0.05360287424864574	0.45673407096349417	0.7751681782867196	0.5402545377112141	0.4806817366943869	0.36422131269323216	0.6471896634062645	0.8562969008205423	0.5986031840609831	0.3923679792562471	0.4467671598006768	0.6289857751410002	0.5110933957685875	0.48122058695765124	0.7319004696708702	0.5244347076979783	0.5095322434825414	0.2599650202555814	0.1882292477571862	0.5559153312523916	0.5303778139090842	0.5179524421435518	0.4665439821130862	0.16743489980854354	0.3581377321847681	0.36993107075799714	0.7335575277218968	0.47761290094791176	0.12758977057765053	0.5339034398761688	0.4503649660129956	0.7409025836374226	0.5461315869426587	0.6239500810579327	0.46168982325642893	0.5130578181034129	1.0	0.246493890025447	0.5083223816737699	0.7438021694629368	0.24325600022014732	0.49322053678541017	0.30587248868385164	0.6145247187600832
mandril	0.7884014955206076	0.5164102171829283	0.35799873419193895	0.6175854729089902	0.47910549644873	0.7608033958522291	0.3137140897361421	0.30536249905702584	0.4682983288267951	0.6095850069761936	0.1914168161461346	0.22129758780486758	0.6705243859714698	0.2768816675478294	0.21272712967426316	0.8943823852999875	0.5458827387377895	0.5590741858292169	0.5255223706557128	0.8407288247107063	0.24962949958553377	0.6802467248231259	0.618226231960797	0.3306812662699366	0.5689179515836951	0.5981233130282398	0.38168695082154486	0.9050893666592845	0.646199196549772	0.6265908935870491	0.8317979689094457	0.13102791912787387	0.06674875759591642	0.41528507551339466	0.31970938975699936	0.47202816933110014	0.7262966740793406	0.6153117614878801	0.6002904687294199	0.4625944372377658	0.5545237524284357	0.6468349554979158	0.1427347243778469	0.6834855852057653	0.6740388164389225	0.909765283195535	0.05002148566766623	0.41359660335894655	0.8251109312765612	0.577111811666356	0.28378336629362666	0.35146191805006244	1.0000000000000002	0.4052595782648475	0.7791983870787672	0.4414231528981455	0.9033036325211808	0.0	0.6593295696623438	0.5053534877602073	0.544335252656223	0.3319143492554112	0.46965349598194905	0.5595428320691357	0.2873890596767616	0.5772067701416732	0.4680997084526874	0.2954191259748098	0.3601607433973605	0.3360513929081137	0.6329249910805427	0.0613334326330362	0.6644887326216391	0.3378696695280814	0.34953588585676054	0.4265682706928733	0.6138779751418706	0.5701128890977727	0.43049810096161034	0.7819831553952461	1.0	0.6762883195448701	0.18830690123970437	0.4433121642296467	0.45295034159242403	0.16428762542707748	0.6938555747481845	0.29134922171769656	0.3406595889814045	0.18258475777783395	0.5990996518578463	0.6085197323010805	0.444786255425358	0.25148570206553045	1.0	0.4449650889349503	0.7274847193761225	0.7638670386654707	0.2530477771401277	0.8019570381938712	0.7015617140601206	0.4043245945842512	0.7142963086080878	0.677594253215263	0.5671965175819158	0.3867550604097384	0.715272558580389	0.3737843713715213	0.43489238364551824	0.4287248611091984	0.8452517315378989	0.4153781330582603	0.4051188516888235	0.5546452409403163	0.5888677286692497	0.7022131177456306	0.5348544694438153	0.42824166257585966	0.4217048314642279	0.5913028900915672	0.2467518435043607	0.8510060109549363	0.40118485887592936	0.5251353644837838	0.4271568684918666	0.7758113121125879	0.4606084844878778	0.34878508040468975	0.5658036825487455	0.39069819623853264	0.0	0.6231865697854644	0.8993857855916727	0.08107176625335277	0.6124720421387839	0.5323378408572029	0.7169497155129126	0.7188405984991414	1.0	0.24894150946245547	0.3977352789310313	0.4215396547449896	0.8062144517868652	0.7108963829961293	0.3645882464300259	0.5753591009962727	0.22989621766799925	0.1167065605417906	0.5154193891223502	0.2929814979193396	0.277718916226398	0.3721691064488133	0.19630300994162897	0.459999885895303	0.5556662314013877	0.8588593518508487	0.6569908355287544	0.0	0.9301287796298608	0.31091746609468307	0.5784395153964643	0.4495500663771641	0.6323914016803336	0.7032902431841089	0.623958991725265	0.6842603966603368	0.29221703894977	0.4582320225217862	0.2931462734014212	0.4726302496962894	0.24815412666713732	0.2928121260672571	0.5949509057503704	0.5306606632500227	0.7014554304012821	0.6406759430407647	0.35080195915946877	0.6753223018625922	0.19591392922109435	0.18406342089583055	0.7404145065394341	0.23092384918846945	0.1691023413116443	0.5172882448726865	0.4266462147120159	0.5012968425056734	0.5875906674951452	0.36058435769133057	0.18166863304840236	0.16017589761483053	0.6291824411239766	0.29365914236023327	0.2807786711869998	0.15661176917230504	0.5929043913772478	0.36017781021318307	0.6722537957833019	0.3367165602941842	0.6329321464511443	0.43490695129110174	0.9355602927479334	0.1994924891745004	0.48736492560088956	0.6363838862902087	0.5944688979426197	0.6810093733421202	0.6148403843521973	0.4081546614809506	0.5390679080592624	0.7483722213192798	0.3588096900661018	0.2629722993904601	0.3130064934305447	0.7715297947701326	0.5389037606771525	0.23367484808931993	0.4452513565382496	0.4214919347965226	0.7177310903205618	0.4844735882258358	0.8263265247796772	0.6124676150538358	0.8179965857075917	0.37574379836659444	0.46855243391060614	0.4404924054623404	0.12945626243692832	1.0	0.421373593313173	0.43686424428964044	0.46785119081794563	0.2748652450273875	0.5472662528104884	0.701129122406612	0.4151478871639514	0.6465921119107227	0.6489088819631897	0.5971000239360873	0.3676402423199992	0.3647970061441037	0.6847763015843371	0.6769386914193136	0.48402103412917136	0.3288689661037695	0.7324015027549404	0.148361182262812	0.8879416494988874	0.9099706247573485	0.8633214255639401	0.29248615301285463	0.0738139670144532	0.6398765963221735	0.13077712405920786	0.45110081460802465	0.24458993909942378	0.3751579728879374	0.41470779502155986	0.31076010784311275	0.34557545050007193	0.5580198846844459	0.37804443591031156	0.43680779440075274	0.08437533756179072	0.6405675443550675	0.8735343654156569	0.03365458312989145	0.6773079368552251	0.8778332118204166	0.5838118437864782	0.6579876892049068	0.5138825980832995	0.13990089465582195	0.2881588472203867	0.48321732339372214	0.5229616226092154	0.6728979271739544	0.42736013927655897	0.555455984231181	0.7474213394748496	0.5290909556883943	0.22027675800479637	0.4597377611095717	0.5389565508047874	0.38935728764962213	0.4756107642094142	0.7819301890485446	0.7265251288681355	0.7560618660802385	0.4641567815408247	0.5003577487580553	0.3641664420970342	0.9105808294713974	0.38595657690503204	0.20325445256600205	0.7272485699494987	0.5650938779821566	0.6320441460333155	0.38441441427554013	0.28949081410657235	0.6185624973540353	0.2682519247100953	0.38133343941804354	0.5835615781671243	0.6937581331594982	0.5513396200327436	0.9999999999999999	0.10927430706962488	0.20496734475393819	0.9999999999999999	0.6080436758727472	0.25151690563801843	0.6197204641968423	0.7936645810229316	0.22307238800482682	0.24736192340013063	0.7855238103235805	0.293863245321318	0.7440166286448167	0.12424404811714623	0.48698063741448055	0.7963938253489973	0.17665823931097183	0.2623290726860994	0.6669874210925641	0.7379419673368544	0.680930329969033	0.9271251995319407	0.3746185368022538	0.5686251699080942	0.82982558093318	0.6094940129774782	0.635914397722334	0.4888092809178102	0.5091854225762107	0.29615013313159677	0.4576131052694704	0.776066071618036	0.6361110615327564	0.6105341992576648	0.40274578394786875	0.6544700414078511	0.5832510572140965	0.2319318984646807	0.554674909868552	0.934618792893807	0.3716008471229184	0.15055883787979357	0.6508042518291	0.27742357832274017	0.37906328566575653	0.45264829484883123	0.7276232495608688	0.4908450007545701	0.5581909298000982	0.3366648159146156	0.3596692818489303	0.5569820006011186	0.21029736157112108	0.41196702930107887	0.24141461553317467	0.6048409601364217	0.41317455068740394	0.5289945968856257	0.6264702946366645	0.10755300414361957	0.3831197525628237	0.903269356979066	0.5346585475235	0.35083582776901556	0.10304728535979263	0.44716008541222263	0.3570204098927785	0.6020799331295534	0.4720147538381134	0.815498088553835	0.6690034340761919	0.14376071064321616	0.5767833211023938	0.47514922885428346	0.394653791394851	0.27986760972748825	0.4800438630810395	0.5002778534503183	0.4065677351510713	0.46372097593272593	0.5077639237250364	0.5145644838359019	0.0	0.48522231184402753	1.0	0.6006382493972398	0.4200116503787967	0.31307455858300726	0.4693526043430935	0.5467991843965276	0.40556145304103547	0.2942055540837832	0.3650532493862714	0.19463540778958333	0.7184146572401917
mallard	0.012409942335297575	0.3284213912026216	0.41583228934706506	0.36767308935977855	0.6772662895186115	0.5536237583677398	0.44714351639665884	0.4574658250642325	0.545314187305687	0.5820445383486494	0.26183831181906614	0.42346624871701394	0.9493128843563808	0.2080045041134593	0.49078728990527287	0.8134606816104316	0.6187195912736965	0.9333074243831831	0.3649072448717379	0.376503777743602	0.37875263308903584	0.5394951381421731	0.2732904378226044	0.3210990496113643	0.295159955366007	0.7634920055915804	0.6368176212476798	0.8330313339935425	0.5455771609952443	0.8546313060490509	0.4579281637064806	0.39246172375164695	0.4102227438208076	0.30646939077268825	0.19663455240063932	0.47765202954707453	0.6229548825137672	0.3113026969354064	0.6401459573683177	0.5756720381428204	0.58794625489169	0.4723655204456837	0.5365690165518848	0.3753828450749622	0.5521953365832499	0.30785521675898153	0.32649204523717296	0.0	0.6466137265863369	0.2983883077574767	0.44159854647593055	0.5283611676883176	0.20350810658307633	0.5487652774237036	0.4903911129742521	0.5621728412770388	0.8901720603378525	0.37026508629762606	0.49663101147706584	0.24953976426073388	0.5723541980598157	0.5090155088722904	0.6879678274136584	0.3477672552128966	0.4831546885399488	0.5383058184941398	0.7600735354608004	0.782406226735425	0.42170022157959863	0.37526417352380637	0.4266617991864438	0.3523422661114143	0.5482002510379623	0.3045765069687627	0.36984209407449653	0.5670176713760606	0.5544570298492555	0.5110738516997173	0.38847120501033816	0.5076708461005418	0.6263195532073836	0.47004211164232323	0.7822316122899081	0.8079974643812023	0.3576995027614288	0.31802438374491343	0.38555137648045096	0.503000697816086	0.47365731232001174	0.4622553724348484	0.3872901759787419	0.7322823062968693	0.09394132556547624	0.34368674662679927	0.47494943568606784	0.47239050923699266	0.37819837193877415	0.5687353211729822	0.5913201931599936	0.5573263391700465	0.2651605127989089	0.5001497872415032	0.3542312178241906	0.5515558691247363	0.5376343126444031	0.46507134063220085	0.5273399785009153	0.8899437889426068	0.6786938262242486	0.4278357604469567	0.11936515187669888	0.5622167317046447	0.393460738008656	0.5847614731988502	0.5759637321353162	0.4779814365684634	0.5784292694034378	0.8299177057590164	0.295957460521033	0.3275336914677358	0.17628130719394544	0.44097391096043237	0.5084906766046087	0.6884446708799079	0.4531590870854353	0.6185667740549553	0.32362484524039115	0.4962276115144706	0.5371082974411165	0.4645591141870019	0.606156704956942	0.5678023868244232	0.23774092653939605	0.26150325451026424	0.3387776027950578	0.40324954560465565	0.8558058719213245	0.5287913927880419	0.6882916515753433	0.2637050477860536	0.4037733873785498	0.0723750037114701	0.5695788278056757	0.6294099233159737	0.4899220897117831	0.514335990729635	0.49544935874644813	0.21060118651046708	0.6409473582128823	0.5118972279868376	0.30325837721515214	0.6913666324750477	0.3402319454932092	0.49472226266532676	0.4427623527937799	0.6373528969467634	0.5120810359425332	0.631006979383741	0.46761680418918933	0.6204920294277733	0.45951322441647535	0.9006348495303548	0.45944412383558086	0.7216069375446446	0.6285252072469449	0.4282574779546533	0.4490241008456922	0.35484611590163073	0.6076676148159763	0.6181076825684596	0.5308038560860668	0.5069574332603627	0.5330831537868641	0.42867975285929766	0.5054640288199754	0.7269814650277318	0.4396886986930261	0.8169569506103267	0.616634615530967	0.27994758676788595	0.5291858566223201	0.32744511295181766	0.6970575882267799	0.9105519004095729	0.328382122116216	0.957374404685893	0.2794847595043517	0.4354994238292013	0.4117972892451665	0.6858623492737077	0.526565997183125	0.6156239994350193	0.8019382293371493	0.31373264596217154	0.34281663600257417	0.16409913371739066	0.5192256528477712	0.12144333563597082	0.48737064551766385	0.46130289271272434	0.7004619561535012	0.6012719801311295	0.7515319856778718	0.3961561644591418	0.25595188419464426	0.5213784823750827	0.6977337158123896	0.5553843637899231	0.792381124392098	0.707547212461795	0.3611201582587582	0.5539029489459982	0.4522441824969451	0.6843546463042433	0.7823359764716047	0.5199234493234299	0.8456889417835031	0.53215883409683	0.46563453992744164	0.7414345738367081	0.19979880045400739	0.28665238337833715	0.38145582432913905	0.9024273679459492	0.46854193345143735	0.14024081845439407	0.41155348559428573	0.748710713228832	0.6352059660800334	0.5125118448002054	0.42990327745360274	0.4802157250016449	0.6155693340778409	0.7107207924986506	0.2658035922391534	0.1291046749242465	0.8105125992096399	0.7698476621167958	0.6326023025927847	0.6998938053026569	0.576803993023245	0.5652133487382343	0.30366535763760333	0.36875566469965654	0.0	0.3793067312270884	0.45130568728919196	0.5767059613497251	0.4718618199827461	0.473936711232206	0.5418235662261159	0.5492256491186501	0.612864009367647	0.6647541741359648	0.46797312599283347	0.34410961847284993	0.09080287982564356	0.5571330524200805	0.5959881297644157	0.342025932344644	0.4059132694124917	0.7294571390515057	0.37241676339818713	0.35265890499119845	0.6882325293132481	0.6527316846836061	0.5349187307147424	0.6133213141919296	0.39798225851787905	0.39054750077685385	0.695150890162216	0.7806120912321965	0.7133359607905221	0.32468562354828	0.2778762349811602	0.31862513391027614	0.7281215294572998	0.6851477534371615	0.4624770463671485	0.3324701297321784	0.6021170097946971	0.5785833486104286	0.17266255518476703	0.4375872072098058	0.3519011771974053	0.49709930825062326	0.8133717978124784	0.4595369523976351	0.6196805486752316	0.4147446371646176	0.2873353725778459	0.5675965900390554	0.2880958861889589	0.3801081605769656	0.4399043241259391	0.475621368465242	0.5754465540935683	0.4437025095679478	0.6616518174232673	0.28125250095475274	0.41654570251743034	0.5950280241749583	0.4870596552876184	0.5208039448436078	0.4115035502085028	0.6274220470755105	0.38104413935760084	0.0	0.768206828662981	0.2147914072992238	0.5460654440967516	0.32461338726252187	0.6507945101557177	0.3055641732790382	0.3006969830918907	0.3921146176158908	0.3974868459309573	0.517739052308738	0.39146416070694584	0.36980267320744176	0.26015434154191025	0.20498685378977333	0.3961690256727214	0.8144123070195749	0.5068161825907118	0.7665814164986545	0.5447508947799411	0.3503702646450859	0.8927957107443618	0.7291786185686615	0.21958910466498077	0.2848260977976292	0.47743288278071855	0.3429235270182585	0.3592666664748725	0.35125612241214055	0.8428382397056332	0.6846201288531159	0.45298470661678875	0.16946206195882263	0.23689625726871832	0.775196155857312	0.29510929566603894	0.2511347100005895	0.7715213358964088	0.3458026276276289	0.5400804714411269	0.72754621826006	0.297708361434908	0.32044148911622006	0.7588412600484504	0.6546266809736235	0.16033380111801843	0.5756141346634168	0.8614769576239018	0.35919455091877284	0.4009338233614104	0.375012806590261	0.4198909403385596	0.20473823084426884	0.6323017603146953	0.28688516146247656	0.7450970739702236	0.7497099204581604	0.8316328134277966	0.5936579540513622	0.5663927983412449	0.3574513566449742	0.5373117891846542	0.8441218937129695	0.5685635387311867	0.8085159050285764	0.8466892931176118	0.8337168415906493	0.6038583957744781	0.6902402186408956	0.8761021166683401	0.7376677295455638	0.590116993405905	0.4678767876906735	0.5836762920938793	0.6391413315591504	0.48587704352826866	0.3810755865072713	0.3854362939656918	0.45828579655116064	0.6572152413523322	0.2996965166590226	0.2846880209300897	0.20039561011015722	0.4133440155026662	0.7723543466821658	0.34433040924878955	0.4008352058082641	0.47697842134586	0.5284975908835275	0.5074642239792417	0.554517462138636	0.1820288659769521	0.5942217504380035
mammoth	0.5641508747748394	0.8019705932291888	0.27677155932497893	0.6209136953753821	0.43554410039919506	0.43294257142542736	0.7920934144585775	0.690789141028596	0.7152136452670187	0.5499401807685191	0.4335292447382734	0.5597666128946243	0.4950232696847011	0.33783628876942406	0.44519028320326526	0.6370152891158173	0.41468072107716564	0.43188502675840434	0.3594698087873266	0.32605068361976686	0.6810089840507656	0.2941883142288977	0.4802174957016273	0.25508651151912753	0.40516988307153534	0.3624102907895357	0.5621018603940267	0.5002776328768511	0.31638769179021836	0.5994500488903334	0.5762219073413379	0.4928490833930076	0.6519333356458807	0.8289926002419865	0.7961488321674115	0.19091913413223738	0.44962348897063503	0.5582366436268207	0.20210052153235436	0.6941563330723607	0.6814524293748453	0.5957898963933332	0.3134284878241186	0.7435319086066005	0.4451003299394163	0.24550344170243182	0.31722143703365857	0.39384768278589527	0.30614105224134636	0.2685859598196011	0.4508193273990674	0.4957095961690889	0.5793006221897807	0.4975562352385312	0.5363278152104717	0.4385695931191211	0.6180975794822846	0.7168875567486235	0.8640496105864028	0.9091174560300448	0.6689730184646364	0.5182046661638984	0.6248370727298209	0.5969033413320718	0.6985634191613563	0.4097808973939127	0.48536282788882573	0.5587156581954962	0.6794094097081285	0.5302946521115417	0.5769510619207342	0.6449915058479692	0.028625347972769166	0.9910858843239159	0.48400907740222815	0.622585200820376	0.704993433192598	0.6316377263261566	0.37126488316726647	0.5114890559236672	0.48680198009674963	0.24644067924909507	0.8033237880290722	0.7958376389012831	0.47100632205028475	0.1084948541300812	0.5246241292207328	0.495066021396975	0.6864319996262412	0.7849927934929786	0.177141640565201	0.3693768530776825	0.2201982555371868	0.5452533185155	0.412676674391825	0.40246869112121597	0.104471411460134	0.5381432427052403	0.40751406340790103	0.474910746366133	0.23963734915698398	0.6040001535683656	0.8117549738722647	0.6362836339729686	0.7005545822943658	0.49908128448938827	0.5068032379238425	0.7908932566800366	0.3964798901513647	0.3147859722583637	0.4030844458440172	0.6493312845527736	0.3984872606331854	0.3938062317090634	0.11544299390435814	0.6628169243811008	0.6603208407590193	0.5654694330789165	0.5701849443379772	0.5021407836852896	0.5304420983683471	0.71844988654362	0.48161925060691574	0.5747616465729307	0.23124844089954955	0.5816618341691903	0.3581673564231699	0.4444218124302247	0.6495746298338958	0.6127866162861411	0.6120773516422015	0.38466096634136493	0.6170121662832431	0.7233927468262945	0.49278976161386084	0.5065886222712386	0.6290599816332163	0.5776998553321008	0.5406455783805962	0.637089038824651	0.6105196796058759	0.44924703050945514	0.6694285073157276	0.4631846749405344	0.5390763354123709	0.41596164448053274	0.3426135647627659	0.36767930853713526	0.4011705949882744	0.6272327865032563	0.5139661047060702	0.34881251217203935	0.6566689571872595	0.5472824008059545	0.24629599313439843	0.44108288166236426	0.5444411560647355	0.7654117453408582	0.6145363342298029	0.4740573141457053	0.3457073678876733	0.19456662845913208	0.3684040260289677	0.5569635146452662	0.8699209170640279	0.41538776490804385	0.6562556850033019	0.6281989593187122	0.7385976962006362	0.25763330291740316	0.3882177914948885	0.5099913708760894	0.4186916674067302	0.8363324729848274	0.5367211967288782	0.23118324134578414	0.5867755615345027	0.1993190010927246	0.5672002408247185	0.629591426316121	0.2860381830530494	0.298020775470072	0.31108387330026926	0.32237184793337553	0.6311988101447965	0.3272664869544256	0.43389654499091357	0.5102228526648451	0.24991488553402746	0.654024316825576	0.6145631555236735	0.42533146356899243	0.3706502930294987	0.4396790234664547	0.7586393217198923	0.387006464952909	0.24865590489138623	0.5815054044187625	0.35091043869584115	0.5022103743155543	0.5038193793157375	0.5577792401323423	0.30399271767963965	0.35992451820010113	0.3760387751480966	0.6361520215039876	0.4374248165927062	0.5528224403344193	0.5386651667120823	0.3582808324876279	0.7025866280561289	0.49482278744343944	0.393433013253848	0.7260493873022481	0.6509699584598652	0.5086803746500599	0.5185011153959644	0.34595886735781084	0.46751147873865456	0.3256991625761144	0.5391714424905755	0.4810372325023498	0.3925753632249531	0.4927478189224804	0.33897574899135163	0.6792400263138525	0.45501895465601183	0.43976820907920455	0.39680554083014763	0.1871233189462322	0.3625180973519361	0.3183736774854816	0.4855815658161349	0.4496051134761495	0.3697072250303323	0.5641718178958582	0.38764636116110956	0.18860326814987677	0.4803995644796298	0.49001559222701524	0.7176577516989109	0.4055741917120014	0.33408452432712926	0.4219022341356127	0.463270484511648	0.27536123461309264	0.4266364798794114	0.3801495742094071	0.40035011821387445	0.6720344964395284	0.36921654312476154	0.19346511741453248	0.5571536419271093	0.5890541259534967	0.37546470576863744	0.38193531277552073	0.7679670532562024	0.4910875504134582	0.637290529297577	0.48610341626347703	0.3059830683183454	0.17808722886602057	0.41100652563164397	0.2508947202355992	0.4850468639145445	0.626908802073901	0.2879658755295022	0.6799072579307442	0.8338284606376639	0.512287625187724	0.4008793001824417	0.4701459028442858	0.39573556738779697	0.4271765267959428	0.5467264084000066	0.24269171671466305	0.4566284453101483	0.6690457592427996	0.48637472307479007	0.7635942786875082	0.5916648344955396	0.620859436684718	0.5114729404848062	0.5619962917489121	0.5954989674526716	0.3537650075086288	0.8189571391645365	0.40356249495234336	0.4029068730502339	0.5315189146247288	0.3436527373742861	0.8989212511037714	0.48518139258417115	0.7179183539999906	0.7696285817639199	0.29117026425286785	0.7684803462228535	0.44655185703896233	0.3892285730769539	0.2734147815254585	0.37066993851566105	0.5800540887299124	0.9295595096261267	0.5520837167618994	0.612357635108682	0.17477166216624823	0.28089670721719096	0.758139430947362	0.4518765029071439	0.6604332950450402	0.8305240240305296	0.5504927529116929	0.2972250711565241	0.6515388104311595	0.6908319955058438	0.3212708988213664	0.5956394310608977	0.41334116078685	0.46150780874780223	0.405186872467568	0.1890029077054326	0.3357156387482363	0.6048416485939099	0.6209124904116019	0.3626720027412913	0.4489758940507296	0.748678754851291	0.4161127234810811	0.6645552290163997	0.5159820030929133	0.8212776627642476	0.40411825695452774	0.3162680564300418	0.6633912549654915	0.45940890299426584	0.5613353366951959	0.6413853905475928	0.569259653147689	0.5485449059484404	0.23261383566720484	0.3642975944543798	0.24581055514401134	0.7555816779814648	0.45457005169883613	0.4214161953598777	0.7336664311203305	0.5370860638361231	0.25457733862915816	0.4402423033285389	0.03550642548139038	0.4456476765222804	0.045133234710508785	0.5689918847166993	0.4623553136774692	0.7027509039946203	0.6789779200651628	0.4072639644407614	0.4699556614665196	0.3670630307446286	0.46469274111007464	0.5090740680983687	0.42463411420292874	0.5787376532777702	0.3163030085969709	0.8913395846625158	0.6506043279499438	0.5796798801329209	0.3539345901715687	0.6794170842739433	0.3703553204222602	0.2775295810318459	0.2607967625621548	0.6742365852762024	0.5040728760074267	0.6554687220638481	0.31461611377758025	0.7087818167341915	0.5856315963538237	0.3051653668564131	0.46964777995710244	0.29518463366505165	0.3248487660868831	0.6383530275289923	0.4752001619797491	0.22487635428262326	0.9999999999999999	0.6488879702439566	0.6957485260463004	0.32033373568631046	0.4895164234702692	0.34542163715261137	0.5888216193562403	0.6252046599726525	0.6661352153289173	0.7684171848338807	0.4243774421670326	0.5644512144803179	0.44109117393660746	0.5547102613703842	0.4794608923995355
marmot	0.20524207787125126	0.42819898560475017	0.6130485382529552	0.8985595313770052	0.6941108782048743	0.37624241165349526	0.6519782134799295	0.3382239284193969	0.4972101544621504	0.45043113405871715	0.7546704153911119	0.4441013547914554	0.8861166866058033	0.4748099143185296	0.46143732533488513	0.5558910674988842	0.4361030963677337	0.27007501357507224	0.5863164745805787	0.4943327576928276	0.1962597276645578	0.35553432988842304	0.38855425128281396	0.48650938483892636	0.22315105450240294	0.6073056567091903	0.4034121999659699	0.5190066807508105	0.7351577936587494	0.49736143560137963	0.8953899640745782	0.27156012363045307	0.7223455602917705	0.7208910369024095	0.4539690212173732	0.28742040860380963	0.2604731574824381	0.45846025424848624	0.3465984507906388	0.5793588324195749	0.6099190553192576	0.4384677599007387	0.911254640161451	0.47076811143141767	0.10324756888944475	0.22244354517828352	0.25866582465645827	0.3669767865787044	0.7580035237119628	0.6039887320985502	0.28084650214515305	0.5980972272766008	0.346606090432662	0.6534289248990031	0.39796845620874427	0.05777874912376946	0.48371744640323866	0.3575617487194592	0.3045327826237607	0.8252911409481285	0.4003907322452779	0.33311866996719586	0.6009989486490797	0.3598827345982758	0.7747732433366831	0.4185292112771703	0.2877960347598958	0.3131465333371055	0.44533795035068174	0.5533210478679834	0.6276678083801027	0.5296124066128608	0.47924169319808685	0.7389386340346085	0.5031224459462483	0.3065572566097666	0.4704379478854843	0.7024426806347277	0.758442220895044	0.5267485790230866	0.6128443560531405	0.6561731059857068	0.820631325940395	0.6331447102396014	0.2797839875220863	0.4687524692397439	0.38786391037953094	0.45545969875016096	0.9399864588771187	0.30153245868996537	0.2249345654386699	0.7339440280572684	0.5200079674613854	0.5426790793791466	0.3241745201769763	0.50113474409363	0.3518347346733236	0.5267625947412591	0.5636660773119366	0.31811443208699036	0.23845702283493914	0.48138724093269614	0.548788004057252	0.5943691889856808	0.562546639219075	0.49797329016709657	0.3589344655066596	0.431639099510576	0.38600543626709877	0.3613534745587372	0.8747268499756105	0.7297954864123497	0.5569031825005721	0.5886884169468294	0.45327569987171235	0.5861809518539807	0.4506411860723277	0.548766587189061	0.3892459466686459	0.41649728931065993	0.23074542325060154	0.638093266291103	0.5893023806131199	0.7298902276317252	0.41342378877209074	0.6603792891397768	0.49995103867354684	0.22792038327851968	0.5441600762455066	0.375678185244091	0.5550630075225295	0.17228744175276633	0.5356442835058765	0.6797995975632032	0.3330774556497855	0.6001490387790649	0.41315010498396476	0.28609850273124066	0.6335248868746555	0.4796730407479472	0.46886243404697414	0.16840198231929365	0.5231362923169081	0.42188423153664834	0.34845085573544593	0.518867463218599	0.39115631678207835	0.5847698868978737	0.4142892406564051	0.5072976467108696	0.5244773000000514	0.7958661421259647	0.22278989859206466	0.5724120513175897	0.4046520150828621	0.5001333582137135	0.1465760887003128	0.6491062461529113	0.7581539241058435	0.61428289488737	0.3568722264885304	0.5282781497308131	0.4764309126032634	0.4863494441731984	0.393124970775715	0.454622522493442	0.6640689780983247	0.6652500773784673	0.27483492595695513	0.4523650280866709	0.18613128362429104	0.3652403065044433	0.24886413522459605	0.6449738657802412	0.5643696878838649	0.5255979378229082	0.29682265190065504	0.7668584951613242	0.6335162055822926	0.5123158535287811	0.5834835460335429	0.22145767689624696	0.5948188211423556	0.6982705687887667	0.4612060390750487	0.42682895833633017	0.20320793015268868	0.32054958302668635	0.3290396675262476	0.8373707437061326	0.7058211411608906	0.4855511414090385	0.5091253617364616	0.16314246936122906	0.48215350925808076	0.47223205569029636	0.37503619206689537	0.4096057360130454	0.40899718276231967	0.2891566199825937	0.41107322514638567	0.6008114908281151	0.4371752295032795	0.2591451244231698	0.3693083541630583	0.677433448218365	0.5506631199774722	0.422899444966533	0.665546597509824	0.5945835880339799	0.45264445946793647	0.35313892539979913	0.6363807111018223	0.6236622297850004	0.261521319412682	0.3333017351967893	0.6149767375568088	0.4210896657819405	0.4694855904746313	0.6948545488776574	0.2169251572984074	0.3314588682026751	0.5064319926668172	0.830723976362908	0.4360964044152747	0.5619822113758963	0.7587131132490484	0.4301125273804434	0.8153731922227089	0.45966187347743537	0.6977091443211574	0.6962835056254526	0.574420357923631	0.2947513732875856	0.5148450183888935	0.22044987539042676	0.5153661252089248	0.5866171803678942	0.5004941916288972	0.26004517199739574	0.5971536464385157	0.53285560736496	0.5825182983195851	0.4553394045053164	0.6006904140096171	0.4251881920716153	0.6395698005976134	0.18163625291361096	0.28031665386928956	0.7214994575430296	0.29008151430338636	0.5200293794029389	0.5009330036239592	0.550423514531389	0.3933808850408352	0.42299853731744724	0.28786665805996187	0.7159288407986119	0.5125361748720926	0.36378983032958556	0.5739679533112356	0.37542127563738015	0.419638578931914	0.7234028168017332	0.4575413041878547	0.6657071872947073	0.26650284330217056	0.9806169811843153	0.891031574384058	0.7284979300596531	0.6209480224070757	0.22919466317103337	0.508048932607588	0.4247351134046473	0.16818206072357078	0.48590903879542613	0.5893764967354019	0.19853129149845566	0.6533176084498217	0.7381452352518358	0.8235560108628086	0.47295998909251313	0.2950866762080121	0.677201321285502	0.4533895788469393	0.51805742668961	0.720198494812454	0.5319620770792111	0.3614938752066051	0.5807329375529551	0.438211105650374	0.43585450833641115	0.4384922958792705	0.6677992333279947	0.6879944355154479	0.5057283061677003	0.42544247306654037	0.5088197242530431	0.24896934296681889	0.388724093453062	0.679734694021193	0.41673303182274235	0.6255012641065484	0.4282958713652847	0.4522831680918934	0.5202334188190071	0.460612896078637	0.5608806864168351	0.594895221176702	0.6529261593909862	0.4832791152652918	0.8384758050430348	0.9057369436111276	0.6526670500503896	0.4580308762999805	0.5065337469971787	0.6646508717573857	0.4056683037133241	0.3182756464783097	0.5785856436567814	0.4638257673835953	0.0608284240600378	0.5857707574034046	0.4375767658783089	0.5018404088895171	0.48263968510200916	0.3776599549065369	0.31822076432469165	0.5288050602357947	0.3547137561010447	0.6735280771033826	0.4187465244977783	0.6768067958021902	0.5367945911804983	0.572512683702184	0.3443536925624541	0.3099367937444696	0.67293271751687	0.5887409254835854	0.22866724151651246	0.5240759349539577	0.425282649572171	0.46910149635990533	0.7137228960434028	0.5065946424267882	0.586389398378938	0.4704204538338749	0.9415555160421243	1.0	0.43299190616342725	0.6879285470318663	0.45501316093627286	0.32832658860740305	0.5155625120391939	0.8458403559856755	0.5374204196487002	0.4126410430842708	0.5348114573399516	0.27326399363735254	0.3389843547427216	0.523865234856012	0.1874782095644793	0.8455186047582223	0.5977308960425638	0.39532875281639035	0.46216730422418795	0.7464422133032059	0.21072446182042126	0.493202349943294	0.7556224531886587	0.686577368252532	0.1883185944840967	0.630538358686545	0.42666120412822217	0.1333427491274859	0.5856027365619945	0.7838867766311399	0.45552078003189295	0.43294729484610717	0.41658834365846803	0.19265229436783698	0.8311002696766723	0.6948118665994039	0.5496775923144845	0.3982173356214228	0.692369133064648	0.5452198467233308	0.5548286014736261	0.7274312079888483	0.44482320341932574	0.305432409603199	0.22621456615885954	0.5782949276783105	0.2954937741660484	0.7656922571646716	0.509586061464582	1.0	0.36662957481440195	0.46379114221333195	0.35129749089585927
midge	0.4496802893148374	0.28091740558042744	0.8274589637158762	0.6409078858513195	0.5290807822631398	0.5648315404488468	0.25293527697003937	0.3420845226223099	0.42056924502835624	0.44409484042687614	0.452691710555055	0.003403311195498304	0.43778981590999255	0.6988043345142314	0.5407207918042537	0.6443921072584478	0.6819112517052628	0.6260527281053777	1.0	0.8329455882970132	0.46982443833459075	0.6392430263568537	0.5399876206216176	0.4001087192658688	0.34011031924392643	0.42038071069920047	0.6630707203094486	0.17071340756427922	0.5927392854999044	0.6490201791200239	0.8063143820142705	0.5732514759951863	0.7103911458439168	0.44406087888088874	0.29960323409545486	0.8737040329085624	0.5873249217439118	0.19387524147916713	0.2363529685058386	0.44084359801678585	0.4844711783936893	0.5341525819506391	0.4873883872766769	0.7062822263348768	0.6854562894145463	0.5760766678587693	0.13047208231845248	0.25700798710563594	0.6519169876985778	0.23696091541235836	0.575175813662082	0.6830065430682705	0.3821467285550832	0.5493003973689314	0.3562232536712936	0.37930763499362136	0.726489358101075	0.5173573886567456	0.2739762299377014	0.4313136391887495	0.7144849265167885	0.7055472646565931	0.2695425061560639	0.7078839704359706	0.21987757986023163	0.05678688215984545	0.22293637024082155	0.429860751422117	0.3196428919629286	0.5855382372939011	0.5629562982409206	0.4262805254131152	0.48803985855331483	0.4172783161921332	0.3051867805469084	0.47434674564209656	0.38514740808793874	0.23426101076618877	0.5970064514363405	0.2965653100293743	0.2717744666082017	0.4879674642625733	0.6451380446212821	0.7286732533714915	0.45093885297739195	0.8206094871650385	0.11316345450957627	0.5272468013177507	0.36415038690798435	0.7756154869435328	0.06763520527735217	0.5665229835323164	0.0	0.412625748641971	0.22501451597476918	0.6626207641106628	0.5197546105886243	0.31518363390682214	0.22184249741191975	0.3115826223108105	0.3376896807771286	0.6758074563614813	0.6007238695944076	0.3452557146433659	0.848781045382045	0.5190334467260888	0.6321811596026796	0.8378823587570732	0.7848744444253977	0.39105585395362935	0.5931471375222679	0.5123053183836704	0.37480918470613017	0.6847863101665015	0.3430682452085151	0.6581876524423735	0.7118792722899024	0.5180870253490923	0.8169145920760582	0.40211875022307414	0.42739878691451383	0.7122755372857859	0.615257432156054	0.8444773928820302	0.34859822455472356	0.6127236835902465	0.41607317287767753	0.5461216069744002	0.4554511649116467	0.8072702374272386	0.3195615752620082	0.19428534679256604	0.3681463995488272	0.7085076673833711	0.5046769423059991	0.7391251167420525	0.6848254760188961	0.3810318583070164	0.8881320228398956	0.6695086194669669	0.7364912546900482	0.14325998742665558	0.49804700785372236	0.18177693024485458	0.508689075065038	0.5473188761004523	0.540409576136094	0.18541638699055135	0.44485775757491774	0.4877924926459306	0.736060258381464	0.5921243224164304	0.5091715209544909	0.7022072826406034	0.4085119310834273	0.6621077187779046	0.21627597158640577	0.48219193050952	0.3437920785905657	0.2600240655670487	0.7309869336537537	0.2597986331784079	0.6121027821557116	0.3915678771334234	0.379219169538228	0.7544699066253759	0.529059526027118	0.2036839349246431	0.5642613480578691	0.7712552927258332	0.396141345705241	0.6259560331254377	0.2984105895836006	0.6921271248537081	0.4352321024766895	0.5325253034465414	0.3562945853887598	0.9144916377278309	0.5596199516484105	0.767797995399254	0.4206929560215071	0.46974233949146504	0.2596205868489715	0.23736208330374975	0.7067235232711484	0.5988875802765002	0.4820953999840914	0.21205759037290686	0.9535922211876137	0.5523462463590322	0.35070928223292414	0.44359505717734493	0.298256967674539	0.0925319026521027	0.7033744453495259	0.362583171435591	0.6099622987700516	0.35869028683134374	0.16726237593982485	0.22722676452936358	0.579687928667622	0.4292066237619194	0.2952360213873389	0.2783733542039371	0.4852745227663645	0.41010856403296597	0.28548055189660615	0.47446446571774525	0.5650113952622652	0.41283696708359763	0.46778557207999194	0.21712699491030896	0.5703241835675807	0.6610142856754516	0.41140536824653196	0.46177761739784456	0.3580999897784646	0.6554093355746777	0.35698978224128164	0.5641202062259576	0.356887305410384	0.6440310190253999	0.26350019421738385	0.5370503074644953	0.4923707027009861	0.3991661763817992	0.3783051880815555	0.4850065531822957	0.0	0.5459018597990565	0.33562612231521965	0.8094361492908845	0.27153626952592336	0.8376949577508147	0.44178977930004815	0.5871051934350031	0.32855416089691875	0.0870837388508196	0.26108288964781523	0.6307838292849441	0.5830201060451007	0.19885758413680338	0.7391588709123792	0.2901621137629632	0.8111410926350371	0.12495600703879095	0.43977900641528134	0.6428296567218972	0.4619617190155757	0.7410951264137953	0.2787777230274003	0.8128518341737732	0.37226287044684414	0.590731780915867	0.2984722458564356	0.26835576476365186	0.6966014401217483	0.7227262980799483	0.5050049400444654	0.5676951224077722	0.3724627494481959	0.04023396793204659	0.6353468210229661	0.2836073739323173	0.3142931896791523	0.5932024353844281	0.12688037306606814	0.5340254555782689	0.624071155554897	0.12535146854831342	0.4319049345823217	0.4706228948054326	0.4758324331179506	0.44225015027911896	0.2575830716385209	0.44998991244830266	0.6918090185889219	0.7299630908630432	0.3963794647333717	0.5530645327833569	0.4862306204667375	0.5652731715138162	0.5696995771099724	0.24701420756790216	0.6179975361691757	0.4318451728917068	0.737326048375742	0.5426817627304165	0.5959488641212555	0.19264841714984948	0.9195679291171815	0.9814978994691986	0.5473817829453803	0.2602781229686544	0.4462927137073706	0.2688358068709898	0.4913677674285544	0.5626824893361476	0.7423044766821674	0.4152033075307641	0.8437378219514162	0.38585448001172024	0.3761903938715916	0.421771590100948	0.49763740994837846	0.374339829224048	0.7548186108397865	0.5777493037600578	0.3306604758824286	0.656677566318997	0.9357092537571787	0.6522666019888094	0.969253684971523	0.5589451933130658	0.6225312023655527	0.662831673092071	0.6621866057437957	0.5877404679077392	0.4519990506424804	0.2304909246951639	0.20004975803355407	0.5017698838749549	0.39271154687893917	0.6000158963390474	0.4928754568996405	0.7426279936841281	0.500396582945656	0.5668776058535341	0.4480666991573879	0.5198095531443836	0.6737914653483413	0.6828179092131648	0.13071082860747396	0.699937357798823	0.6953647224632322	0.8575335688531032	0.5733157104598914	0.9501789822014339	0.5799710901287614	0.4146851796418372	0.9315100513396397	0.6127945572016947	0.4080313579706476	0.5655942341550197	0.47839360815436294	0.6793183934124569	0.34019182495183375	0.5915002110935655	0.5859126052316755	0.47526718867561796	0.6513809831962907	0.4063431009611522	0.6942659595341532	0.3500917415047658	0.09674256109303248	0.7526214452404192	0.7751783991661811	0.5328178134722396	0.3637378240313255	0.0	0.6967242048723851	0.7081215581268469	0.6484850715359037	0.28163379403607713	0.7754071880331502	0.3975218027701291	0.5311656679545911	0.8818103507988291	0.5264599948045191	0.2520881941885317	0.4826584903220836	0.3137226665261631	0.5477258017064819	0.6778823449159425	0.7387888457672863	0.5371454830885197	0.7994962866657769	0.4408249361460702	0.8222741153063198	0.41268518385865316	0.3321187621641959	0.4638965797372358	0.23581930452599953	0.7407944280624216	0.6510538590578839	0.6255637732524411	0.4073860504624219	0.10561723292432842	0.3904647669870234	0.6794901464122902	0.31781723020608615	0.3420121478753434	0.24946499830790297	0.37779033924082384	0.40049887767883197	0.7551009751255617	0.02452237297554738	0.5962050325924492	0.4281438025817147	0.7275015631707338
millipede	0.6888775088153734	0.5081372796974818	0.5781011919968605	0.5092553975247098	0.5344194756737864	0.44295605999598675	0.44475220422127504	0.4425836287025158	0.6550797302587288	0.6267333157290544	0.7371864482504736	0.3687234981299759	0.6367664139272395	0.5819420648739012	0.6498181182209384	0.5431394763449396	0.4826153392318117	0.8282217802545988	0.4736644449422245	0.28902521062811865	0.22694409263731286	0.5628780904102648	0.039161029401084346	0.5261901997164035	0.08750950599246721	0.20727583112980835	0.17649221630339285	0.4725581837650908	0.6753423941334005	0.608859187974743	0.5782031909215922	0.3581607833846334	0.9720480567389216	0.5984754652985136	0.3816902145722999	0.340645601314403	0.4738852872475523	0.31207193767958996	0.6485806890337585	0.1626411474461747	0.5602290971786339	0.365172220701617	0.6504080167090867	0.864407034456957	0.5087748667977394	0.5365578954991764	0.7653897651680461	0.7772385878901238	0.06535025254757154	0.24910584275191017	0.24163754320315706	0.5326185940964565	0.3564160539715319	0.5463140655688778	0.5821282276299273	0.583184953772523	0.44173939780643345	0.45344782605686484	0.30602196134821935	0.37807984080481943	0.8368392415227341	0.6360055563250587	0.05037383611834456	0.8663983108454163	0.5343628225498043	0.5082670728705639	0.2832129146375675	0.4797947425299106	0.5477763576427134	0.4280462119418962	0.3295153457096085	0.5062584323458367	0.719643473054962	0.3860052758504865	0.19956619212442994	0.2680172996628828	0.8249624063768898	0.49232289698831744	0.7164645850699263	0.3291552108635264	0.6659111591483933	0.9054380518574904	0.4666149146212038	0.4338490648305607	0.43294383748817605	0.6116602851478465	0.36550326738726135	0.2721331154424007	0.6835789552974018	0.4130563966673659	0.5333336318522723	0.5670904502933507	0.42679981777918286	0.5752464168317114	0.33735164728562855	0.6328183508671973	0.4733682966114717	0.6940561348283978	0.38003328852174323	0.42997613956664804	0.5631963798786788	0.3261383824864138	0.4259279227873827	0.40689361058072004	0.4763843293869088	0.24585970499845186	0.28066503690390543	0.49542020774270923	0.5371814121287457	0.5741636825894889	0.2902251074864961	0.6546086663814776	0.610102695131887	0.5735734965645849	0.43425435157862646	0.3928510314160867	0.425464162162132	0.38265750395242354	0.5462190019366693	0.716232332381239	0.9046480397409784	0.35929820580479344	0.5714088092031596	1.0	0.6775450162805385	0.5495012508946747	0.6958675809427228	0.15570643137802748	0.48546033750889217	0.8273929968153033	0.4750315918360862	0.5681213947648263	0.3368732774886951	0.5651901201111298	0.45080327228829936	0.3500934377213535	0.6127856825803093	0.3995575020795786	0.8083673810394136	0.4870955518598165	0.9369788490469211	0.477215653626428	0.6126870313947743	0.5593936646304565	0.6100779984107199	0.23000722571524412	0.38769489390806333	0.6976783740777782	0.15161468209938833	0.7156341961800194	0.5341387799040441	0.4262411530140079	0.6239497038646009	0.2795941944983411	0.6658453896064108	0.6801034924894286	0.6756818513529607	0.5472839740699069	0.49064661960597256	0.8181837755506631	0.4150215644016853	0.5530131161546775	0.6477560970350691	0.5586316209009662	0.3991802014398589	0.3114446939334071	0.6860606710255245	0.7355404300332904	0.3668936177045231	0.5228339968816474	0.7893284167610547	0.4388563803872868	0.35067290200530554	0.4245805169405244	0.159039021423529	0.46866425084291813	0.46075657880591236	0.4381093259708854	0.6372727380204124	0.6908283660260943	0.5817657426949137	0.29047231752128294	0.4097650408122812	0.4107772080683633	0.6355281722497618	0.607629943920291	0.7446207879917901	0.28280937481556356	0.08958156164333797	0.6027630527283914	0.5957858434959364	0.29655028855454346	0.4663763657166365	0.7680324935787664	0.5592669245818467	0.624325963835012	0.11886188553479932	0.6949853478497721	0.6279517809414661	0.5060641452378223	0.41570019143974724	0.421112516797051	0.9734159321010791	0.5719087916180495	0.4097772032267232	0.7738015110473415	0.5070455585856661	0.3425490374103692	0.6023628820822043	0.815449571456349	0.6149870604921477	0.2619186269561539	0.35920249679151883	0.5651397193319364	0.5664548595273476	0.5683664618321023	0.19676037090542825	0.7401924642807826	0.47235372981611995	0.3590805731856049	0.4727465860265229	0.48154057173847714	0.3364017960796229	0.4509953665050594	0.44854157698991504	0.46424485671142024	0.7778596816694336	0.10764953715934517	0.49686292832889367	0.20520546081603058	0.4660520458415605	0.6508759967963551	0.5996621726553941	0.3228100448611497	0.8942959672893733	0.6062518717018044	0.7676257150239021	0.6616465592423422	0.5517484253308849	0.5478122678263746	0.6468342070982784	0.2782059601228606	0.5295717123146633	0.1376014036411742	0.4284588116243549	0.536397077751551	0.6699362526869131	0.4636690124813535	0.8003226297402164	0.2752692267969512	0.5693885254390422	0.6100724450222204	0.51504295089385	0.3370321778765137	0.470282227903438	0.21893552430602242	0.45844402628087316	0.4098608382610528	0.4271818486095104	0.7542268556873354	0.6132603085986406	0.29107632721267834	0.23439303360583794	0.6456810550842779	0.42337987739347416	0.7273439245407409	0.5041221719253807	0.4538858415301318	0.5401197788706833	0.6531263280463483	0.17112475447318576	0.5242237096298127	0.4700894061663358	0.3760809469919411	0.3245258819142279	0.49649250594443495	0.6750420067166424	0.5697987299712478	0.5226977492592983	0.3828637878100636	0.578410148202357	0.3463083920521662	0.9999999999999999	0.28997735676342884	0.752895704307271	0.5540997604135321	0.483634593301839	0.33220875780572934	0.3904700895414168	0.5511651555749655	0.6167133511199835	0.3792137956207459	0.6975917287877114	0.5183219722204288	0.3916862573479035	0.5446633632529745	0.25499041149219337	0.6776501281077782	0.5436327387250866	0.1654802347216645	0.6649535312206991	0.303466773406847	0.27327239541259757	0.40012192095895466	0.3282883354365679	0.23488900309280739	0.3180249749913894	0.5091242034101658	0.7911471840445073	0.6108739414757695	0.2934323332190322	0.549701863365639	0.587852256132353	0.6075898681166679	0.6307275694951257	0.5116793824400053	0.3971483807190753	0.16761394947945873	0.24954738267008167	0.7014795881744128	0.20614041390978954	0.9486172396258525	0.4508020468105884	0.5592322344520253	0.3041360476746872	0.9457436789620818	0.39980374980206157	0.10887000830927535	0.49872305518890286	0.33504169620502977	0.6816662106171385	0.6171464103198641	0.29410709643088084	0.9459228559776824	0.4688816644367365	0.6216152536435351	0.384404650957539	0.03120590901604481	0.3171079292773881	0.5895633894887544	0.5043415808962134	0.6233382876292926	0.407036759476453	0.22273596492166606	0.4622710678341252	0.45898274267689787	0.43142975956549534	0.32899907611959345	0.37847875631417327	0.36458709520595023	0.4873871853820854	0.4217101900022172	0.49678952003162297	0.21499989071992248	0.524604836010276	0.7159283320985139	1.0	0.5046683917589115	0.42454808708285785	0.3293246615033085	0.2519333216920617	0.48135114635122955	0.7667891892874565	0.5922467882305101	0.23332225350619196	0.22390726830759744	0.5669247888753134	0.52666924540748	0.8121395539816881	0.628768230262618	0.464322332583379	0.30018821822740305	0.48746332095310363	0.7371140754629613	0.6679480031783978	0.6445074097045489	0.29881082944772624	0.37302205934617644	0.6485632580516398	0.5698568047231848	0.2932204529196437	0.5456148266230745	0.6201530196652285	0.5758028579866609	0.22059337949936036	0.3588362140835646	0.531916207665265	0.5703866162664257	0.17883646157298289	0.36772079730713303	0.3352278528372257	0.5380837664417452	0.37705806350821003	0.48274963469506943	0.7016699468830587	0.7329703166209189	0.20179445039453303	0.2337309980785972	0.720492147127952	0.43520903692664203
mink	0.3994126513801898	0.76777072083001	0.717735506534009	0.5057426279649806	0.784896332896922	0.8116748178987232	0.20871733343510573	0.23627146335912452	0.8507011274138665	0.21957688056825886	0.4973047151934464	0.7848783884807038	0.6755958990513675	0.7249283378519221	0.27117429579630387	0.45396316600714415	0.15973381753893684	0.539353682355974	0.42718452353390696	0.5030851724379108	0.22836902451338137	0.4087783887716135	0.28038149490711284	0.19265211950462924	0.5332432178660819	0.6774334135922097	0.7036021752111725	0.2231225537964918	0.5137913392352098	0.688603570838077	0.7816256373923363	0.44642801723295317	0.218461495394444	0.38377504256044925	0.5051793689856809	0.3128085305351533	0.6279619098615544	0.43403638805523415	0.4534158826107489	0.4552228934459478	0.4185140726811684	0.7293209442710689	0.0	0.7091368183613055	0.6719020497098908	0.3964606131250166	0.13866439158411786	0.6097777970182363	0.4675526615151393	0.8039197289592624	0.6111156453899658	0.5010715502998282	0.4960395260113325	0.41273858875508873	0.6318352347882231	0.48228067533717717	0.31387990291425916	0.5176076415213323	0.34886084052461586	0.3781679797815321	0.4899520333863158	0.519852336505274	0.2747617336018223	0.7063806033307084	0.4926529069236238	0.5890515279326758	0.5925172218739132	0.7203291021229534	0.46586832243908066	0.8618532790259317	0.19868011105134614	0.3163344521814184	0.338541612821494	0.49736951799875384	0.21712799818869188	0.5938925336991276	0.39953599024071507	0.003156878642438632	0.6587847490697629	0.38209016066857787	0.6589220787790847	0.38252779578125085	0.2845821791108896	0.42313458076407523	0.5752078389121952	0.5895577331770778	0.41181520232298163	0.4170542333388384	0.5322356858074866	0.30916753142180287	0.5760584066185388	0.28755147602166387	0.44553203994792334	0.7007285695203511	0.4982403018045042	0.23329813689097634	0.4316615069085038	0.6425843990432702	0.5068622551645685	0.007407863167434303	0.3111546041224902	0.7486759936551961	0.32220333197738404	0.537301529972375	0.5087047778258326	0.758871806698501	0.34149318800832346	0.6572630122247732	0.4601549961392246	0.222849938600499	0.3945988718716579	0.33683780033035443	0.3173139975325476	0.652403438215973	0.14142623822626643	0.5056981544887198	0.5665320315052293	0.2974546672980563	0.3423176844463911	0.4882998060084595	0.5838222698380369	0.3716868378893009	0.4848897822953421	0.36524159683142676	0.277445112312522	0.4494206193859969	0.5904231896570766	0.6232755000877851	0.597847944180306	0.5826398409953041	0.8624478470569352	0.2007036848664882	0.40123952511282546	0.32493984305993856	0.5480226352033354	0.9325891785535967	0.19271755791206635	0.64247588534752	0.4542966956371336	0.7010225117602022	0.7012277546046534	0.5006807004295635	0.706759851922447	0.004537585896864926	0.19482410659081772	0.4826194705135761	0.5572710991816127	0.44557334122747594	0.23899279179501398	0.09939476436411729	0.6743795581046214	0.6618020794017201	0.3810296093661171	0.5899409915089575	0.27764072074421847	0.7799293006708938	0.9258441083953652	0.33808095560644047	0.6709956038866554	0.4591126307720758	0.29591270525697067	0.3294746239078219	0.7486707415616624	0.506683324451	0.31815582242398965	0.62376265824963	0.8527039319898893	0.49237147984845603	0.5729676988327316	0.617725556529064	0.6519731363937761	0.23107309216235083	0.37873945952586574	0.41390945585937383	0.6466153094350969	0.33432183089232614	0.2373871391558457	0.4352283511298146	0.7406271069982163	0.6385189787852054	0.7433516991278997	0.3461918593704834	0.32800837568075697	0.4865658762727816	0.3898726037201081	0.5049937889563012	0.621018449335107	0.48716447345792957	0.5326400840559542	0.7497524023121591	0.8721326003171608	0.44493084964989627	0.22134617582348043	0.5336826069870093	0.7643585005374323	0.8552307095051637	0.583480980929508	0.4964459086455513	0.4696303407407137	0.33449169353385294	0.3211163819819235	0.6035547513527937	0.34608927640228854	0.6513330903291923	0.5510764569445004	0.5838925450687568	0.7363071382379934	0.6712953297881278	0.32586057781387634	0.5411390158279981	0.7242102664194354	0.44057156203399594	0.6517755534326135	0.5845143053485348	0.5565925782069094	0.24483227669518187	0.705168121111607	0.43732366237592035	0.526949036071704	0.7748602132722041	0.5220063520561053	0.49469890119963433	0.6002593018345458	0.37814072154196154	0.53432909480951	0.6246645294830555	0.5705239077246156	0.4466878177921682	0.8552918831422048	0.666046105159094	0.6120110843265107	0.9120251947696166	0.5429146190348542	0.4801623236337618	0.4213686425601628	0.4643194938627436	0.5835006295081879	0.6491503476121027	0.6814564824026695	0.417441983933469	0.4798304591819479	0.12895479781550473	0.5954254658722983	0.5532927295753828	0.646879802745527	0.35918057662223585	0.5533674554789976	0.40390396519627164	0.6463311177132832	0.4578214090167053	0.700532659583539	0.7565939342647738	0.38592143891619396	0.4287996140438123	0.23148805298480646	0.37843911292453447	0.3766534085057865	0.5424241563875215	0.9536565371876197	0.47616981069421066	0.6834135495315332	0.5659026071902864	0.5412292330593033	0.6831956483184136	0.32149066176068697	0.6532494480053971	0.5850610901202055	0.5553092727950288	0.6147195355222135	0.5570127048177641	0.16626574198486738	0.4203621381982916	0.4218910850744518	0.700452517508218	0.47016372811189644	0.07622959817058561	0.6691179371923577	0.22401228441012966	0.45991696989598363	0.7347956879511508	0.3133293506220238	0.4087439521609953	0.27381746779641647	0.42118270586671697	0.7277258138463348	0.2841326784436591	0.6318727860246357	0.10605906733153542	0.5572612376286649	0.3320434784619216	0.12322252165023329	0.28368262748101397	0.49484406577200396	0.8254459934846186	0.3221384752310066	0.5240577734007679	0.40875612595230687	0.5685297405998944	0.18408749633129717	0.5398848192168048	0.3061161342283186	0.4243493165317342	0.7733841685597194	0.16336782511165732	0.6508292816107724	0.516065629592212	0.7715535710133015	0.26104055943310217	0.5526378730006211	0.40837433889123204	0.8199350286000996	0.48414997777910673	0.6492075540452871	0.6901435825201462	0.612886362398528	0.5036677814707	0.7105871442065794	0.08698939009508388	0.35516191465004116	0.815868055795534	0.504175423419413	0.3234792782695909	0.4383175103077249	0.2769605241662979	0.13814323989463645	0.1481557701478876	0.6905247377407253	0.37067527506987274	0.4501651868697079	0.5744166211120714	0.7235177050991711	0.5339653609179439	0.6017459462861476	0.7353097086348878	0.6881183178460852	0.5759325584196088	0.8408946125691352	0.7770895248044866	0.25957941651397004	0.7373870195485213	0.6060925808121573	0.42775762227347114	0.5598675354053685	0.08786501108081585	0.4828443208895025	0.6208160019468978	0.2842083274238569	0.3703502099607565	0.6362602159483037	0.29655267174335626	0.5594973000126944	0.2274361409372726	0.5912551123591127	0.5455903911884868	0.4925467468236568	0.16993804062298207	0.7148709068544005	0.6204609271385447	0.379815376249749	0.5240933966820615	0.3912389625834452	0.587279234977253	0.4433487122330382	0.30827312522150385	0.5419772131168716	0.6716099401167888	0.898634609141996	0.7050439207985916	0.8251777358317005	0.5934451391142233	0.24443380681292118	0.500949745986792	0.4909597785392623	0.15223950064644992	0.5598937242981665	0.10116196762992424	0.6761593398584509	0.766009003837635	0.5550137502959424	0.4525805266066047	0.633140035972424	0.6398293303491986	0.7869264106958149	0.686810435333908	0.2023240721387225	0.4448571893052894	0.19215689672763153	0.4369866247169488	0.46481219185832545	0.43402604326810984	0.6013166145463129	0.7687482509000974	0.7428204979517733	0.4250106835884348	0.39031321783434414	0.5192868879028161	0.19279184803989247	0.5351150173565639	0.6912879588423863	0.3270721624950896
mole	0.5341984305039819	0.2680829873668547	0.29370318391650224	0.7046786116101262	0.6264405391245412	0.7846629327731508	0.5945547992592544	0.5356824291557934	0.8156511354823999	0.7892431303273983	0.7929547351473375	0.6666743025225239	0.7673593532280606	0.37475784994540173	0.4087438454499503	0.6934517045969328	0.6089748731719112	0.3961765402836163	0.1513281396971024	0.2153332608768918	0.4419174171211966	0.49367164717582795	0.5631616966933719	0.03762322597758305	0.5204360532889083	0.2079136097617883	0.7077018773030057	0.7252265745443436	0.4116109289131147	0.4901210887999188	0.519331354636285	0.7356514391158249	0.5188450468086004	0.6432981589020131	0.7963077014817852	0.593252716931351	0.6250113211609548	0.38591805399827117	0.3589164593476274	0.6376358594588838	0.5371260662585104	0.2643448248398161	0.6210429876895877	0.8658346323918957	0.5494465772467618	0.4169453791940535	0.4997520479725587	0.49564710976892684	0.4958431114141382	0.1431585956420729	0.5845042792762132	0.4592254075411858	0.1633919398359644	0.8381401740859866	0.4959545677616909	0.36939442497050007	0.5268099943235578	0.4890059810812869	0.5110039657211972	0.9151170290083741	0.4081091150707777	0.737664586257631	0.5328591287763782	0.7318903814190154	0.6681127915162833	0.494984720988232	0.4286169491565711	0.9186838016167443	0.20980106425357647	0.34490441931122817	0.6222771976853801	0.7658923568076951	0.29715348805244574	0.530584079301146	0.5549722528953092	1.0	0.7274297352430411	0.8179683683232688	0.18883565818247683	0.7545095934410202	0.41325263239105214	0.5537796474407612	0.47486151386242276	0.6126011887910394	0.3798218979140412	0.5253861906278096	0.46111459382378084	0.3225283810877909	0.4598052307820027	0.5452287165550546	0.39120486056110604	0.259271230956487	0.35479916063697253	0.5292685380037605	0.285682786841623	0.24854339539679998	0.36486319079688034	0.37686122822866097	0.6973552192778742	0.3424846671624703	0.3828072480248951	0.5838227889132215	0.4156191415427782	0.4555169852849018	0.46915694517294304	0.5621550293078468	0.7116308571007759	0.6468701206140923	0.5729628515825742	0.41215988026255307	0.4012468124686573	0.40155274074092673	0.5180120336324698	0.32919148363962053	0.3209155172217619	0.6192758355628478	0.7252382871964392	0.6893742331434357	0.2622759413806753	0.36507509275572514	0.5932204280760954	0.4727551878517692	0.4483527118607847	0.40820832420562764	0.39500675880730485	0.6325521152817875	0.3453424763402936	0.17476302320853015	0.5746407950648396	0.583305460287491	0.7382699562392412	0.6197640784381188	0.5481075853650688	0.7465944051795854	0.5522617527235357	0.3744054007720894	0.6242236155254309	0.5218360041904412	0.6861030107782873	0.6066360027679258	0.3170204009761759	0.43939692330808827	0.5783533742850346	0.5417602459735092	0.5529558871073672	0.11740241479642888	0.749895950010757	0.35019345329138274	0.5451536192220269	0.5254401037123146	0.5752377244503285	0.50772201000104	0.30101693388363254	0.466264540284802	0.30110064999975894	0.3291716885280208	0.7891725346111758	0.5158460423390046	0.6125112645253927	0.2093317270537552	0.4764198548969956	0.20395087925578828	0.5064806687882077	0.7569010085344784	0.46716001341601243	0.2794617425060061	0.3240406999144824	0.6525514347381101	0.7134333963122179	0.5251645885750361	0.4057564928071227	0.5208465875558695	0.4892563166780202	0.7039438290543559	0.8705902761345695	0.6517721611810663	0.576908601645021	0.5090549349199731	0.7438148748203236	0.42517278882943726	0.41001876830118256	0.19174410911197226	0.6463945251528618	0.4768200607139739	0.39532581004812073	0.45126307142949273	0.5995687684511072	0.40569204450586105	0.7445929514009221	0.3609638213260347	0.41644737522612735	0.5442207595689835	0.44884640225711325	0.43160632088120476	0.5118767833016876	0.3493003221132842	0.550692803660767	0.4170018599434449	0.36285188540074115	0.19992170687724714	0.5615000538244909	0.5777911292545563	0.5278039261514571	0.7057308732014986	0.26325689754545045	0.6375491751852864	0.5908553169824168	0.5235650593963348	0.48531675838843713	0.47890877329112264	0.495837751272386	0.19496337205704578	0.5245449218496913	0.7269101281599519	0.15970663374520144	0.42911881394902057	0.39065676465826926	0.34126625965774654	0.38638588110230465	0.43455130934141706	0.7915295053588749	0.2947539963157144	0.39754088973244617	0.4838573830189089	0.5410215313368888	0.464874435746618	0.6006704919948058	0.3679361598234945	0.7344893506358916	0.22779672809010298	0.45360701607762033	0.3830779809103033	0.7393462185392335	0.9043873930068332	0.5716695554453253	0.6211406174555196	0.42354280636211594	0.43403087866094725	0.4866895940546114	0.6192804201894617	0.774106819846508	0.6046029921621452	0.23363393754781608	0.39075355861188366	0.6542841711233085	0.3549942907856678	0.24460373619641285	0.3467171386742262	0.5736767170504408	0.6854663812697706	0.5107428634192275	0.49958612057578744	0.5314488841750794	0.5953573845899935	0.2992746127997207	0.4866708726854506	0.7245781166847829	0.21659074821434188	0.5121107977972832	0.45256488957975505	0.5077696040442836	0.1589665753807198	0.6986805752569346	0.26638772556688983	0.772758765194165	0.4697184800016779	0.27915787000370934	0.7688596339727317	0.6322347992092754	0.4569157637908198	0.4841623562457558	0.6382189122665592	0.38284284171947186	0.47991978986289324	0.20824209142445563	0.2490344381912235	0.3228353394188504	0.6967588503241046	0.37490247890904593	0.6630234530908321	0.7722344807416277	0.5580504215712578	0.29873210221423113	0.3527445678911561	0.48630445548929807	0.25559722108570226	0.5592028691102966	0.2721366647604974	0.41475022064133216	0.42821284091868494	0.3271028063349106	0.4668379784802007	0.5905198790108089	0.3121752968047484	0.7560258574341872	0.3703780020979328	0.3973533603847102	0.5270229309381529	0.3787382270061269	0.5432130715940787	0.44675938857273995	0.4537696000078981	0.3533294415156254	0.4681011644276485	0.4271885034508862	0.5052815056042644	0.28989556182863035	0.32984721421932933	0.3521736795851276	0.6471455689350977	0.9033271454000897	0.403509968566319	0.7093844257031323	0.9342083216220313	0.5410149184035198	0.27151094990104274	0.44548453161167667	0.40093422618795754	0.5227745769138367	0.36588468171629	0.671090352038904	0.37092790064931724	0.7620628503667652	0.530199218896744	0.5654983118234694	0.372669276533677	0.6052668428473276	0.40149135999927726	0.6791588175445606	0.3251391167945983	0.5991539741922535	0.692064858314815	0.30835829776540663	0.3101048896743175	0.3493376025762288	0.6000882039749434	0.5148307681522408	0.33383064243049165	0.5918121084431843	0.5610882459656366	0.213191365822211	0.5125730961283548	0.2997212030346338	0.34180587415435815	0.5853401556450459	0.5643859975694816	0.5361681430009917	0.6991784390747279	0.7042708205353976	0.10595756924037847	0.3227719827684251	0.23009877919252308	0.6099218646726863	0.6128087557192627	0.7880150516224758	0.3254320747139287	0.22875610778208705	0.46838496966771015	0.5621042473504936	0.5413759590551096	0.5243595473557104	0.3409116547920967	0.5229591034692482	0.5594750220874253	0.5302838132177178	0.44425589485888817	0.6522027272434552	0.5371219594538771	0.49543289320837125	0.7017458912795611	0.29242959664235063	0.5537030346099823	0.8278906677765744	0.31229089854660574	0.6009094837655377	0.3133113468305671	0.757430072212657	0.29950820497805164	0.6401912907219909	0.2884582968718225	0.17072433203313303	0.5790006102891597	0.5609450663315627	0.3724714846180005	0.4277456997829726	0.5779083587092588	0.7448489763393513	0.7278592331016283	0.3937840120726359	0.5681409827399662	0.2658918763093449	0.548751293052188	0.5007038158604324	0.4771049408991682	0.5768777606931216	0.6004087440251779	0.6276517599324504	0.2510526072793886	0.40964639064878344	0.3811719357405551
mongoose	0.7209328549756707	0.4385033785033719	0.3970465460554976	0.6737954450710943	0.5187141108502394	0.32697970129848913	0.2883898415269816	0.6518244134990996	0.6513417837601425	0.4689061978049103	0.16610821989379299	0.35967716041251624	0.6651499840782276	0.3621426559220406	0.6977057414754093	0.465058986196848	0.36358899084532054	0.3922532973797121	0.6527497066766915	0.2512466689809492	0.5354024488315708	0.509441003606927	0.6667515217433606	0.30290965935978786	0.4264640730586842	0.5602955948288816	0.6144987319310473	0.37935032437488503	0.5164735797217458	0.3678895115590833	0.6372278591446024	0.4725663651587442	0.3582951157683607	0.5831185435206343	0.4338529884421408	0.5237306657732698	0.4881562895313552	0.5158767217163059	0.4770467555469741	0.5789745167448836	0.6897605932528705	0.4108445726799454	0.39152059791923677	0.45307768846573404	0.14294332043894398	0.33055444357613206	0.5561100718072237	0.8871361216817242	0.7844232632076875	0.6114571046148884	0.4607535527663772	0.7382851558590888	0.5129006006058826	0.5046153021502527	0.6391362842802912	0.3194881942027057	0.5153384171904393	0.4442102431691466	0.13565646380790303	0.6493148778957971	0.5608908551878818	0.7762532617844958	0.5431320121337774	0.8255122335232931	0.5176517488003254	0.3322678114316111	0.3339223617882429	0.5204106393139857	0.5256910837316178	0.21483219056834812	0.803792833993797	0.5661417788519244	0.7026672190475541	0.4313757486610548	0.3164859874554623	0.4856489387521015	0.7625535048479418	0.5187811738556423	0.4208331211782681	0.5094201888757643	0.47057210403158756	0.6587903715598133	0.7294256909546905	0.6144197185955603	0.21497511018445808	0.6425956926215388	0.48063763257461367	0.6245921853648543	0.504042530285516	0.6541971626708687	0.05239292737359735	0.41154358609566977	0.6861935903819452	0.530633964565756	0.37290501206987176	0.7141095429065382	0.5263463791087943	0.47569706509480014	0.4785501708719142	0.25547411694945943	0.37770519946165415	0.41560240761337924	0.3282988934191718	0.6614987609687975	0.3729809445233843	0.28198136904986104	0.5349826423407218	0.6226775284302877	0.5004485799790525	0.7011302669782585	0.5128097961382961	0.3632147865338499	0.5297942046083108	0.5123194387319855	0.4629643407288931	0.7900778081568527	0.49594808498107634	0.35468191170894847	0.2049816629389804	0.23711069207916197	0.42827522617601244	0.45839135448102114	0.49488718028064527	0.7761341940718314	0.5820340390518554	0.09858812710608467	0.5393966733306045	0.26473957595830205	0.46803553100644196	0.3136502307796508	0.6609198783247255	0.11649244109113954	0.5292495272359587	0.8412826587014162	0.5359871336043194	0.48070347315949685	0.6765670084079447	0.3951340313513898	0.5830845240336449	0.3108223919222534	0.4136035703863843	0.35227010462121106	0.5946670760886033	0.674799610744452	0.3808043872745186	0.4402232422240563	0.7536105110718105	0.850149118879697	0.5706337153078015	0.938261612220626	0.6477851102921275	0.5401029527282895	0.6204490297990252	0.1499952460524257	0.599616148347889	0.41204100529577126	0.5080362606509288	0.43190008345401093	0.24835934781794022	0.48279013731572357	0.7573877620534397	0.5502042065928578	0.4718066849329422	0.4623932047253254	0.4079296612259371	0.0	0.657159656118216	0.583954678272101	0.5709288176488627	0.40779830486048624	0.883928550924198	0.46441593311133883	0.23713999717181883	0.7903383011642484	0.6195350257516363	0.7276784360463242	0.22762232130879412	0.7473314362827412	0.559582762035645	0.40672122686075496	0.4162104354967372	0.6117323470610081	0.4809453283142142	0.6395140715909579	0.04166938789551594	0.20962458612225826	0.47804207335168075	0.541321860757919	0.7913782147896657	0.5858550731680269	0.5104905511208271	0.5697380037410199	0.5807216495195502	0.28722661446720366	0.8060865879271646	0.4637328776553754	0.6361209504588257	0.54824023094822	0.2791502344208829	0.1214332228274086	0.6157951783218835	0.5191778876764501	0.4578988751095694	0.2639795375520779	0.5274868246807092	0.5842656377713042	0.23093351497572528	0.1929794124518381	1.0	0.4755583829124188	0.5929798734709691	0.4339236505819982	0.3967361547318267	0.5122299532167258	0.4999004255437176	0.47138699262196676	0.3383776748461438	0.40826754315650776	0.37516984888718174	0.7318227510312083	0.6378695750427251	0.3857907820396749	0.25961458747932104	0.3681180912060598	0.7957599576827759	0.5876530721501898	0.6010291423151943	0.3954057553150354	0.8240235162115198	0.6273659675089363	0.6191076393705729	0.44953289343126135	0.6492379375556956	0.6864884761667647	0.5015520557173995	0.4334514977075969	0.5225173623720243	0.781131202909827	0.5766431963623486	0.6775833261742538	0.6482415007662595	0.5292365480173744	0.6623312234212909	0.4347148808773644	0.6277198526541192	0.8883410719158946	0.3075496455067618	0.37878008409559744	0.6332283260347868	0.7346105719164344	0.5712063767245201	0.2077813260862943	0.2178998020370547	0.666171497929738	0.4322483184418563	0.6349191688757974	0.6126952390645785	0.5874992988148698	0.8563822963287699	0.16747824637307873	0.47424606561832827	0.614153103187233	0.4494909204802064	0.19653263691687933	0.6274280957612912	0.5212602762456757	0.54983434177039	0.47982101436025254	0.5714713586630771	0.6264943998987434	0.34377720651530613	0.6444739757395178	0.5491985309333692	0.3939853353147465	0.32404427017899334	0.29021251213657245	0.522207033315414	0.291107468779208	0.7992976314770213	0.6846860325680236	0.7315953848882799	0.4409691849137923	0.642974064042851	0.4424201307981691	0.5704269814952655	0.541108365190275	0.6097661736872796	0.24970988490752744	0.0	0.4841145250688163	0.1999858682897236	0.5136932074803999	0.7498194554194506	0.3090181676540022	0.35047575808400283	0.7178567303453468	0.3211607413143115	0.4954061582963887	0.5389940032796272	0.5818747239074338	0.6247713209002361	0.6529513115675265	0.716901734928693	0.3426255357001158	0.8381345368491679	0.20870387125101325	0.3522565718630579	0.433609194017724	0.2203943599500479	0.7119810878244128	0.7128489391629129	0.36027529079442955	0.4794399617561474	0.5023150898689553	0.5956348636961549	0.5184060085459048	0.4971783469978097	0.5155233840946274	0.513687487456741	0.6474493756248967	0.4229410733383192	0.4469052571740543	0.4932544202700881	0.5897538056684208	0.48023539526187375	0.707258966709285	0.5417173838691512	0.7687331230469313	0.41733760721044355	0.34904138442351207	0.386611231470295	0.5661513235887083	0.46506905363433854	0.8093309666992479	0.5806172041083119	0.5529897418601908	0.5526502414028265	0.4273318357893076	0.7689429827908894	0.5028602570965648	0.5145121468979335	0.5841202645548852	0.6425729997555587	0.22061407973031183	0.4801187535581239	0.3101051920749711	0.43279302773010714	0.571855271876595	0.7372979587505372	0.45288557978054217	0.25387323092193015	0.21847861655313588	0.4154683270559529	0.5466138660220388	0.7694401886342714	0.3593573269047722	0.08223961405644109	0.38291444561831667	0.4251224706486841	0.1711464912500434	0.20129573072975693	0.12564095386214857	0.3266216616387913	0.6000883078462528	0.6345268925884687	0.27630029647534404	0.8143546172676107	0.47286266048006337	0.5639096436167441	0.799417133053353	0.3025248787588074	0.3008438190419303	0.38702401534416003	0.5637067590667832	0.49140294302136367	0.7066241254920884	0.7877842825173682	0.3538217308265023	0.3351033706902937	0.48709131147729173	0.27149912690025607	0.4282250617217654	0.6995250868037071	0.43664898083957177	0.46539909478127595	0.11813574754935449	0.40014346825824876	0.45844111813545185	0.5658543883409581	0.33989562810206564	0.46488453720578987	0.40677996860395793	0.306645856011961	0.18486419996432146	0.4618958094876294	0.5293552593849343	0.42824116952889807	0.7793099072276728	0.45303273097696023	0.43073421277390583
monkey	0.38736846305819184	0.5264004710579521	0.49312119170604307	0.6887449065299248	0.7021532288419341	0.6902578035533071	0.9146827542589765	0.5256225539095387	0.6469216092808833	0.38315237761647514	0.42582503141502176	0.8249678417444557	0.635966605586672	0.36496614141471784	0.4150848637783911	0.9435284368915429	0.47550500741808294	0.7778676309090834	0.5216658896456564	0.3047908007121553	0.0	0.32451981504526983	0.4698179765695037	0.24401736899744808	0.32306893524785574	0.7648671487117467	0.17169919361394603	0.6655570605178661	0.2969134519259323	0.5849889317023347	0.7503438179322427	0.2962430697841735	0.5711502724596401	0.5951749313299265	0.47486867608619054	0.4084067983587534	0.2777391255926271	0.47111101536343997	0.6565318360143595	0.5768117161456221	0.499605894232613	0.4125061105099615	0.6940440553690845	0.5086446764272128	0.058145575404570216	0.28845605074474573	0.36405202164624184	0.3947695783442088	0.22436243983837428	0.20909693733646628	0.6883255133661745	0.16141728232012448	0.27996311786906075	0.700282823202266	0.7006606062863714	0.30392275445543193	0.502720953563637	0.4754026076468112	0.6082413141310352	0.5231558607432407	0.48275411092120385	0.49897745439913377	0.431743031905517	0.640500091831571	0.6849824863221485	0.43550256494803746	0.5282656844482289	0.2113649774393372	0.35436373261114473	0.375118879469	0.5655542021958289	0.4702540486468889	0.5066951692194014	0.6758065122625505	0.4089208298109239	0.39863166025542107	0.6011340029488318	0.4222296434445378	0.44460715106201626	0.3829616053107373	0.5368805540874095	0.6289547713384903	0.5602713582961203	0.5921387020418367	0.7680846949768936	0.30033179715856206	0.5430731384619005	0.2570052696373977	1.0	0.709824986814638	0.37727264779713143	0.679635790135561	0.4920953425184218	0.5121803277435477	0.26179162537421063	0.6724165605454226	0.14062246796252514	0.42429485620341667	0.4773371746809702	0.45290326079734566	0.20278891067615784	0.2924664442678724	0.2842554402243244	0.4429968878646433	0.23092380732305445	0.4021689528684921	0.6458982026837898	0.4934189826935229	0.6545039593078883	0.5380417167161048	0.5057886657617578	0.5284123148024888	0.46760991233697585	0.7549749947190432	0.30623657913394875	0.7553112163712032	0.35394314544547545	0.5413384515690152	0.4491092050391041	0.405975070920773	0.4012348044047215	0.42001028067374085	0.5271952699786822	0.5145487383643903	0.4209559480785535	0.554357696434931	0.562662961629335	0.45666829204031106	0.4867937957250609	0.37464758760544414	0.8056779267851398	0.36964682091558587	0.48603473287800036	0.5503218930571344	0.21097034700801315	0.5885698321172684	0.6131637272312038	0.7838129873338059	0.727197222581764	0.4676609898325166	0.703801115166925	0.3097538298168594	0.7052487361404336	0.10017715802759658	0.10959739889334114	0.26901096999172486	0.2117812712998221	0.44631206498196896	0.4392078805911167	0.24459800660244982	0.383225455786929	0.43700097688708694	0.17800010891686896	0.463264243561504	0.3638550929865996	0.5633173494583147	0.4261384725451298	0.34195753868384016	0.5631475525983272	0.504499930713257	0.3101271038499211	0.47899588517189395	0.139879242664312	0.6128388948779647	0.4755826364176886	0.43235570178262067	0.6938289443980632	0.7134244353377653	0.7926240998547083	0.28972455620980475	0.41538822979540796	0.5813069555984428	0.32057156943805254	0.687364228035678	0.7186152528742105	0.6216336003191701	0.4837478232180972	0.28163099575401473	0.44844301315734847	0.4705582047575484	0.6735719713522106	0.28474175384316286	0.542827185017426	0.6067949106641888	0.8811544377037025	0.4467013148041513	0.3523284091184626	0.24869118665243184	0.21370470146100295	0.4999780600727311	0.46220398608128727	0.5562108350210417	0.3712837087719977	0.6002224301801709	0.5111368429194356	0.6345948614367614	0.3642000494182432	0.7059508030438559	0.4210741374227256	0.47439548544723054	0.6203226895050159	0.6094575293852097	0.7614445203990436	0.2821385753253463	0.7260088534964964	0.5488151558586623	0.20719750266550335	0.7880590979035241	0.8117043338837109	0.6484839842925476	0.5056117516209506	0.47359365088202937	0.4345433877135118	0.7227454472453225	0.4998372441713442	0.39346190080805	0.3545259225688235	0.6198000668889293	0.7478493476318778	0.7628313641522633	0.48052616467466713	0.3826788352633228	0.5913125926298547	0.515651219368915	0.17378680172762473	0.3069646963443697	0.47583365812905004	0.34368720293671684	0.6343480926944518	0.39265529707357366	0.7349133737038729	0.5585099594205309	0.7251281401416023	0.44222199691696296	0.6163959874211816	0.5158722947165029	0.4530950556214962	0.5388074353622334	0.5498596029289237	0.6140083499788724	0.6514732098254424	0.24903934485315782	0.7002081208493903	0.4890610923683636	0.6349864878511977	0.3148408196630776	0.6536352984436077	0.16690208747569524	0.2361705176385323	0.7403770200503264	0.6956330319962689	0.5466390836098721	0.43979196232975126	0.46227896293733234	0.5306859513342468	0.1836073820641203	0.40446958889117324	0.44296779932492414	0.16392700767226076	0.3292605079521072	0.4795745250962279	0.5738146140859195	0.3028950980309284	0.6223919668240329	0.37242415368612963	0.7500899558650449	0.526910185828615	0.8513469466117312	0.6584722853213842	0.9025524986236926	0.49897575864534366	0.6470097820178582	0.5900239283846113	0.45698447542793613	0.528744391592092	0.3420857279877586	0.5860327435598561	0.5069262851118548	0.4622465786236325	0.4419130076397789	0.6272923228995937	0.4112088823010797	0.3063303732189692	0.7785029835886634	0.32073087686046825	0.4951817476234756	0.7504816776993083	0.4789424988760518	0.22398336167257732	0.7508428611406883	0.7953760055265207	0.6287474641637716	0.43477402664488474	0.7376879323565331	0.4908433808500886	0.47343006954026845	0.6286403524068604	0.6294736917342475	0.6246493550884347	0.12853613384147317	0.7909227465317175	0.28015867435983727	0.25087036179354705	0.7333324467692125	0.5620230500980656	0.4779891697439158	0.3056632886624454	0.3150243624385355	0.5026466751129697	0.4817741356322912	0.5348006467830115	0.5616538440085593	0.6710075760178843	0.9367744198059347	0.42947495434540317	0.7776820902188384	0.830383336914656	0.4831743344327538	0.5960612584814278	0.4685609094426256	0.7997888801973078	0.40003619364361764	0.22037952974670688	0.5275176363212566	0.41237651190619945	0.47967642985105824	0.5445095252321671	0.30520811304761064	0.3302302440499417	0.4474509367857868	0.6521195420165385	0.6186542586990902	0.4696232282869063	0.5839048137365929	0.6706798274156032	0.6618854877613636	0.421516461245432	0.7730760095873862	0.6268540089219673	0.3866504311885074	0.6352648185479645	0.27655477945988405	0.6329058400579906	0.5716473732366419	0.7402510165965297	0.6456283242035727	0.44458697294037297	0.5765180601244954	0.7580254259857353	0.29991908553102764	0.5027902525845663	0.0	0.5379598584271587	0.48923862828006903	0.3652559271575283	0.7290759981347064	0.48163974521497066	0.5347438718903524	0.6101315972613218	0.4905763728384699	0.3378170849641144	0.4520459549101066	0.561316543239368	0.37650689488529654	0.35711029314167914	0.25592173297636195	0.7004578757237859	0.26794239879402393	0.42195967148687813	0.5071661398442739	0.35040642201702027	0.48555607018129554	0.743645589434712	0.6502692514623312	0.5083921267880878	0.35338049035676966	0.7590909716102288	0.5367032078224991	0.588538157794458	0.2651266652895546	0.21090414497841697	0.44238897247047915	0.5902266338382631	0.6283185962147111	0.3211748428166783	0.46466481674104687	0.7015088365847514	0.34257104867962557	0.4265984053828796	0.1920702130681889	0.4319261495816452	0.6182474464765833	0.5891960556708495	0.3020775942484628	0.7151124109509678	0.49556226802852943	0.505591352639022	0.5032394387770585	0.5914589948528071	0.5148944953467032
moose	0.48649686860996955	0.6323389717239257	0.6603738725276364	0.48980844622090464	0.45410436632251155	0.6225292482680775	0.2733212039091627	0.47568160082361244	0.7572205782497805	0.5337621744170468	0.7048412756170852	0.40341523732837004	0.4402534600212678	0.7663159466778728	0.47501264790381825	0.5811123095413441	0.26100755948097815	0.4977828891572743	0.4084254292118479	0.4905526712729956	0.5413547858794548	0.490777356469077	0.12943344191260103	0.24246329072903283	0.5083220472400738	0.7413030892561241	0.2457337699719535	0.4755648314568778	0.6883042578237291	0.8823262924965689	0.5862849761594633	0.30333141566585586	0.3257176014571517	0.4932937228672518	0.75730652165492	0.2484798653027046	0.47412907873208765	0.7012505476206519	0.9247495536744803	0.4285636861173092	0.75517529548193	0.6686414512522953	0.33405475353097147	0.6288796136566748	0.7410753762219071	0.6262417351723306	0.0	0.6446084362787101	0.7881669096634105	0.5196846473342014	0.4532693740920457	0.6863664061062971	0.7522700878117163	0.6120106412047082	0.29095641360026026	0.4207909527825381	0.5354477023668789	0.6522986065371932	0.6138056917445331	0.5888738220687034	0.6923408146276269	0.9498859329742392	0.4870311178727594	0.7760512535493274	0.41690306086353035	0.4178218471228708	0.5527650797299712	0.3261642805668554	0.7022558917531716	0.553742019295209	0.652405663154385	0.2596757160380532	0.36166632129056275	0.5174595186856192	0.0	0.7584996198747121	0.5698794649627021	0.19584941632977476	0.4683534785784181	0.4178852101366424	0.4145440147881389	0.42760304963285906	0.20207276245256464	0.516761379798879	0.2179409582152294	0.4765321962484857	0.6257977270935033	0.34560368566752325	0.5619966648374507	0.4357567217606553	0.6164018033928635	0.3696739929538874	0.7202681582882506	0.6703634315777498	0.6298208233062448	0.36930607555921324	0.5233791113633677	0.48724044669502414	0.6477419627277909	0.34563896901390345	0.8026543639207111	0.37650693129862145	0.471087446723829	0.7644561324897442	0.3656870042642472	0.2430031053038384	0.5871438655956447	0.0	0.24785507398506434	0.2700093357014423	0.3006820819508182	0.36492035041627596	0.40032757739355024	0.37943248952718955	0.47788117408920544	0.3398877832229713	0.47440965073793995	0.18228417136273448	0.8800638338246352	0.7572457215785428	0.5859141356231361	0.4902768321597655	0.4511769942147506	0.4581763455560234	0.26879757456249087	0.5705329531371811	0.6578486547330895	0.41303784590316794	0.7128744391260496	0.7282450259449874	0.701978722522774	0.1310892954877877	0.40270107100192304	0.41650665786380886	0.261403788091542	0.4524782513400434	0.25191493789290753	0.7135854153792847	0.5766381688606073	0.6410062640344517	0.5527889849653668	0.6199719179245494	0.32764233460596137	0.5021580217485713	0.6318641887728844	0.36235879019567163	0.7120312720289563	0.23118474740711084	0.275640082575126	0.2786331907316332	0.5804467530610538	0.5515462835416438	0.44706365201172144	0.46429384018882847	0.5450796359036707	0.69496153142184	0.7057570181698047	0.5483818068627092	0.5504741169673285	0.596987456486066	0.36833524362124037	0.8800243002674613	0.6301479492164417	0.4486443307452239	0.3761488783097831	0.30400384811036363	0.4369432522456459	0.5352676818057011	0.3073301058514068	0.02361297013233188	0.19051053100878468	0.2516514545694223	0.4420018680967567	0.5448501918635378	0.31915226987265266	0.5867324939060238	0.528700153436702	0.5631727568312034	0.3101663284423101	0.5359742956640984	0.607864668278202	0.3911890931137656	0.5190967994102923	0.10268866960589629	0.567401891870889	0.08161556584912921	0.1978669582828962	0.07086137032512962	0.5222718247574116	0.4215777198737827	0.7134410390012413	0.32758601714956925	0.4979904688319922	0.4473992841454926	0.39385850031006664	0.9050363465183697	0.4543561983020775	0.8245748812795365	0.39706307881421493	0.5252672974062503	0.27484436085146313	0.5602102219398102	0.5448104585013983	0.702387669387045	0.5124280495244727	0.687268917237396	0.7745073290710118	0.2914061548858816	0.4009558227857257	0.45007582439577143	0.4105953467097213	0.5250954083908181	0.6996308070911361	0.4674391692217352	0.4143754207881815	0.324684313599671	0.5996763105026675	0.4256914220059429	0.7926358017080637	0.3042512596268293	0.3710331034404686	0.7214013920379085	0.6312018540250546	0.7510975990860225	0.42694026806894664	0.5580563667257687	0.32287120220436205	0.46686226741640047	0.5970044219101507	0.7008513085856285	0.24885833922662517	0.4181915482164891	0.5870808102678913	0.5699530344110316	0.23205826258470275	0.4527614734500781	0.5508961585873327	0.5050651724099448	0.6250767760942988	0.23614917077685332	0.3480873150154189	0.5609003162938794	0.4631906385834297	0.43746019260362834	0.6927855293638145	0.7388811642623254	0.6403256580844864	0.4988753575744934	0.5095087787402744	0.8052738525718743	0.7967228079101467	0.4675778102955547	0.4282296754585881	0.5128316321504507	0.5243307759073697	0.5829697199538807	0.32902860744576823	0.8256370593048654	0.5311652155123795	0.5367423069067261	0.609386010393191	0.627955930139706	0.5296190370223425	0.7587463463260415	0.3020409539791259	0.369684364907629	0.6367359773824226	0.6161495881666227	0.5010957325119624	0.5272942573016802	0.4652548581722986	0.6557268190980805	0.4162634025967105	0.797606840216303	0.35125388826228965	0.5864134938152151	0.4433306939729943	0.28295478766538573	0.7100175033525612	0.9187349934167864	0.41273785890682396	0.2790948373414478	0.6278689553479739	0.2623754221688454	0.5172526569978316	0.5627336080631622	0.39257776992549887	0.35543307246622535	0.44568240680216814	0.622221322044227	0.29428780447862324	0.31892490147364533	0.2999960724077342	0.601627678300216	0.6437937119993292	0.6085029855857605	0.6044423264239438	0.37765771363014544	0.03091719442503288	0.40008616105982775	0.415785311904502	0.7140503399338504	0.6384934554953076	0.6484213656571584	0.353415778152804	0.2714796086967778	0.5387073256434882	0.47317701912410715	0.4465052989347281	0.35886058639861634	0.6802918906644915	0.4213261268091087	0.14159295833213015	0.3748796020618867	0.31357671574216395	0.48323427830702465	0.3608270733658012	0.5880238830143242	0.5281188836889348	0.8335220387820446	0.42449123337214845	0.4400038367460358	0.5238966396882528	0.49226438775896986	0.2143791639941357	0.4804863192243606	0.7019690342674715	0.20866708481405338	0.26687479449981544	0.4382659883255545	0.41112841736411576	0.83840568127695	0.42313112659267643	0.799656898316861	0.2692310211407161	0.5235888242482689	0.6877945647288901	0.6203209214204966	0.22310111072011202	0.5627870392198576	0.37704489991401047	0.6213352683400748	0.47178841186727444	0.23201644895674736	0.3855578007082106	0.4581320770439056	0.33313920242668504	0.4543221156260816	0.42443286828074783	0.7865435680883848	0.3739737915162047	0.5906990784829971	0.23505008308761471	0.5208914900222352	0.6940976763840192	0.5611384394262579	0.6406189794887006	0.4916195726829909	0.5101761242165873	0.9744672635808018	0.5396205094105804	0.38693502476281244	0.40791984454602936	0.32185393168967225	0.6771470722215314	0.8649657458840573	0.7747337947061874	0.568210420535673	0.5681325018310546	0.4602673391338582	0.376737077891121	0.22684963128438285	0.3473146610525763	0.576831616607114	0.7037396455159524	0.6496236758575028	0.5631507266205165	0.8614671809443795	0.8964593558402627	0.2812393830720708	0.6668257462500513	0.23595147340877975	0.5378530106662265	0.449295420444482	0.23876660428646557	0.7862404267418412	0.28357362794954866	0.47639082585485404	0.2809009511383423	0.2497423583119332	0.9633331355830763	0.4557178942738434	0.710575739903482	0.7301872549654992	0.5773953497764488	0.37661290604183045	0.2999355750418374	0.20917949523351687	0.5815597221615935	0.4964399429401626
moth	0.5797464849046888	0.7755082504710318	0.516125245679314	0.3138620090584564	0.4959850101822009	0.625488005923492	0.6868897560480811	0.44960451971876586	0.7562728265255712	0.48688251531792714	0.7108282676960815	0.39498182550049277	0.6058193516049266	0.31684576331818376	0.15271984410029402	0.3118617308709401	0.1804320887569429	0.32015190245234904	0.18181930722450895	0.5966215674812619	0.5003929465486568	0.6394139271468697	0.44786747487114253	0.38641772681626396	0.5852541626808048	0.5465339998819	0.16287893859406644	0.2823736177317103	0.6983184853605271	0.60629100568043	0.3852337253883335	0.5343744654992746	0.6783374508035449	0.8994839656126485	0.4093158574466209	0.574958617215851	0.5863654749594149	0.2726700501715298	0.29358275217449165	0.7624133617329976	0.5745164018135451	0.5536808747748335	0.5947101709527856	0.358639994023935	0.45703294835083164	0.7427445537953935	0.5618718068231673	0.5293115700397426	0.7538505928922937	0.19205612145566048	0.6128387434275661	0.44379557235612294	0.19320001059169295	0.49818201595706385	0.3612747358481989	0.5803041826308867	0.8149402616309751	0.4010758209067272	0.5974616144990432	0.48988109124929063	0.5735057452151422	0.5393065331410023	0.4577439277644558	0.5154156560214463	0.5694949435791222	0.32942714756756974	0.4927650820839239	0.5440340505827926	0.3847608536321384	0.7221021017254698	0.5037225274728828	0.31014356482698924	0.2792859181402152	0.11697788284478786	0.5326826872001145	0.43673364964824357	0.35808690963356893	0.24231120160134223	0.7923787291458302	0.3940990936954155	0.6734477027424468	0.5031097506205877	0.28513402918598374	0.23503499463353428	0.8289792859511089	0.5336000812369716	0.7075871784888369	0.4576001263332387	0.52298463509361	0.5310395084439189	0.3165788238184729	0.6235967759757196	0.4624349765929384	0.5498458549067716	0.4764076307146332	0.6396260050087228	0.5338091678595901	0.4220887477955618	0.416948482168798	0.38712717947950953	0.7111593812447093	0.5763774997076747	0.7171229278871196	0.7075118104714966	0.34480186159651166	0.6781122895952529	0.33558914122408723	0.5583218914964538	0.0	0.6365918290288971	0.33634625076852714	0.7741247944627803	0.6789686005826584	0.46007029428027524	0.6268025946497819	0.36055018525428534	0.4618160478005769	0.5152277767984238	0.315087578582382	0.6393586972252185	0.615157978714123	0.5859335041318441	0.434117255205692	0.36528566542681057	0.0	0.9913164191359024	0.401204857439893	0.57247405675545	0.5350987749296738	0.6165893202108722	0.6336360880862311	0.5411191428814058	0.4702701862195264	0.0723477395250941	0.4045124107988003	0.3395136907258781	0.395620502853547	0.3890182857536135	0.725401948900646	0.9267499982066789	0.6733671982908179	0.29088876645683076	0.4496886342389741	0.10564487980772092	0.5151832770192935	0.40044685320859114	0.664111931531207	0.8542497761669007	0.237481961497934	0.2914924022982428	0.22460348061408186	0.5033625325667901	0.4644199555734735	0.4160350703080365	0.5291393056844733	0.576945100195296	0.8404870620522051	0.567710133407123	0.34511079633037645	0.05822147513318976	0.6880736891841774	0.37545886495400993	0.7746524497297506	0.408296797470556	0.08430927585482928	0.7020352728759889	0.6013736162252158	0.6425887993224119	0.3768413818449453	0.4146918858056888	0.377684796017309	0.7159518373150993	0.26459371240469926	0.4354797771164579	0.5882559008741521	0.2533449821907685	0.6930977053245608	0.19028875078044238	0.4229927380329088	0.3332958363915509	0.748498127937354	0.14552460590335198	0.6427236829211538	0.5720983102051954	0.8382996178271669	0.2508122214627108	0.3765020813462471	0.39480158971671264	0.8453488707088173	0.5534365259223032	0.5760433984211912	0.7235160827817007	0.6250993340383848	0.28572881872421324	0.5603824871930962	0.5563527874307486	0.677727900153935	0.6239267425087753	0.16444457457355388	0.6086242463980067	0.6597926845241869	0.4324098370403755	0.15149789680827436	0.19322998625849525	0.35687236552628654	0.6333636799560726	0.6265083989916187	0.5630075147344572	0.45963019765726504	0.43672455353444195	0.45541145160443186	0.4502405166500827	0.5494275160945605	0.909004208621981	0.848165178104249	0.504510763398604	0.6566111637494639	0.6450038606366222	0.33986494756203056	0.571293899594838	0.319171538036446	0.35533534032431674	0.5891316740721898	0.4860090941994186	0.289267820750597	0.7011329907218848	0.28075585878186304	0.5599574099580017	0.7962466301390844	0.6217770536483042	0.21675550276875535	0.6746778043429968	0.4606011654338309	0.600903873219574	0.839159433381979	0.3284268156365567	0.694251636040945	0.4206397667074208	0.3906368415245547	0.4667538599790474	0.6663923401734019	0.271530595731304	0.3961773310614515	0.5192330644932794	0.6725683320091848	0.5211461543587373	0.4141595716602748	0.42061500786039485	0.5443896269094929	0.6899804450169983	0.3405207369684268	0.6948964300933634	0.23423655005438435	0.6267403104343783	0.44559001716848623	0.5436533711772632	0.48962214930262626	0.8025000620664628	0.31544876337586175	0.7517488717898558	0.32205805725738695	0.2977346360043611	0.36392996234504016	0.5557335946762919	0.13318371209103191	0.40418030330669086	0.6428119039343084	0.7393809819818952	0.8707779056820618	0.8260656299696016	0.013392939111928182	0.5115385527787132	0.37416623415338524	0.5741216362272786	0.3011640725718525	0.2704995240324408	0.7706754326154456	0.7819437373010247	0.4285151405129611	0.5734757237613237	0.3982509685136201	0.629218966067073	0.5881475185945431	0.894689033134934	0.7040642332214659	0.7342839172081486	0.5885403125596427	0.45710489837842766	0.41324157337448	0.521892970203828	0.6116198867075435	0.5394683103306508	0.5288655396906292	0.5121569795594547	0.21953128947764322	0.04928295304939939	0.45220460596995615	0.4116713807246398	0.7269496568895331	0.5945675450980921	0.24363530338255326	0.5089674475371687	0.3223761020540078	0.10299874732268943	0.46172315325322155	0.3283825239480926	0.7443162509717928	0.32317216085499834	0.33136586825376213	0.841249885387109	0.6541302170623284	0.6221411912416237	0.7083305365680342	0.5633818028865537	0.6481254793842723	0.561183967014368	0.501135066376045	0.0472933030118704	0.11403461895455619	0.9163684236825591	0.593931917330784	0.4169402202862783	0.23916548982199867	0.7657444096674422	0.4980336428590668	0.39327394028627494	0.581605443945127	0.5893905784831731	0.5491354019268289	0.23053675742829172	0.6979879599028153	0.6221504462630235	0.39289328704666304	0.5118925981158681	0.37365320257791823	0.7311106165112602	0.46971826527950455	0.7744560914834413	0.3856408498338559	0.23192505661024043	0.5103356977909916	0.28452076963284795	0.36653924467156773	0.047144604801342305	0.4303355696472618	0.39384363036817494	0.4738172526405473	0.1650821352187996	0.6286957504685522	0.3164485161684695	0.4117096374870667	0.337347375529473	0.9738763194793489	0.4567064064995953	0.6494567058746197	1.0	0.524292595105595	0.46124466632556693	0.37837551226106314	0.6801455554748711	0.7070264659753683	0.6606962187240103	0.5399862706266676	0.5794423504061099	0.6855260870085771	0.408567498499778	0.5932579234846647	0.7464375971130669	0.31823341398775423	0.6216151806527217	0.42783721134459635	0.174309482999011	0.412207644774382	0.965987246536717	0.1455265432995072	0.45056685696692245	0.485045181403879	0.4263016321177922	0.798289081702445	0.6368170821617234	0.40426873956145126	0.7710488730543856	0.4790518729226202	0.574912825481542	0.19474639933951415	0.9368207716611568	0.28179931355592674	0.19281707027238015	0.7340823268934924	0.40280759604028127	0.5214203325623007	0.48901433057282684	0.43717997543649284	0.8111996683522044	0.1662743081822352	0.5365485201410406	0.42523350166793644	0.6209668489908657	0.5669701897087567	0.17196714502010024
mouse	0.30254288802390067	0.4766125422450202	0.5667432237311348	0.21985461843211784	0.7693731000412405	0.26827309102646085	0.2556945425421909	0.5678097664378065	0.34509558795813233	0.8382287086475606	0.6402208718811409	0.764970596143255	0.897846227474159	0.32364078406584557	0.3479597107751466	0.4954805073760221	0.6637627815219271	0.6419312985520951	0.348426539676574	0.29711364488142	0.5642175949054951	0.47261231352610644	0.12654020546647815	0.3775138864765344	0.4779189113207691	0.44085672479409954	0.5372423481665306	0.5694176055401895	0.493758174801718	0.5373141486788446	0.570769770806044	0.5159382863353514	0.45873653200962916	0.6724688653123331	0.4883136095228181	0.5344302892830058	0.43917017506370376	0.5996992636380227	0.4506072844922079	0.6915077991236038	0.7707585421503741	0.30953838774375025	0.6223575590031902	0.5290681536114383	0.39908049560337583	0.295120963322646	0.4893976114274097	0.5434792358262519	0.40733279889778473	0.3097412468572162	0.4338039877629206	0.38595427833677665	0.2198388968600024	0.4493436837119832	0.35614533254177144	0.4812513169981101	0.5427309052243278	0.6058895432084859	0.4736814678605829	0.7110670218998372	0.46793809426912947	0.5932898238773749	0.9240621509118229	0.4738585285097759	0.593235438467506	0.5035117095144812	0.36275494506934974	0.3940956217333911	0.32271259048402445	0.47289077136421775	0.6152456886880695	0.4178855115944806	0.4432378299360681	0.4003918330680654	0.27953814791756293	0.66816602086998	0.5790408039195668	0.35718494053965233	0.23825145809760379	0.14746706592071152	0.5391402688238411	0.29592671277424626	0.6733604751435471	0.3987061444890684	0.25409722131843077	0.1687047919642104	0.6675413750126366	0.23292022290798375	0.6005176765967847	0.4953605041574634	0.6028985488741697	0.5306474939193386	0.5005954312680718	0.5510357717555319	0.17558456627729813	0.5579786034503076	0.3196780851083352	0.5751675218733869	0.8269122403532986	0.10996925521924289	0.38445395668218274	0.44397053942128667	0.3031673205136133	0.40672972604854335	0.23601652616991514	0.1890708238068122	0.4841931997193906	0.6871855266422274	0.42969086078775576	0.14580880734314006	0.7004189692762748	0.5923406792917789	0.6246156602916495	0.46496882048219434	0.6309629160058126	0.5217243442979107	0.7530570482509532	0.48008549295159275	0.42923040952018043	0.6248673369107529	0.6336443178605634	0.15734066182175926	0.25118858998237664	0.6518234136636227	0.5800663679345549	0.44567584368368035	0.6054883331404662	0.37079851220330634	0.5365855846889191	0.6381207791666041	0.43247181626127545	0.5616990156950993	0.5818850237498847	1.0	0.5047922305045507	0.6362310997836375	0.6781180758170258	0.26152511286955155	0.7192309848976658	0.5933540881386364	0.5439302594625793	0.351792375109472	0.8150209975260336	0.23740064524131843	0.5556860968601284	0.3250755258456695	0.553384094341853	0.5522595691849025	0.38104052977133807	0.4013362326592976	0.657932040422272	0.5976229244245067	0.2870685170135985	0.31207953561468543	0.25763612261340674	0.11207893976480932	0.7083167750947219	0.45015093415996676	0.5535742516440717	0.37889517507251874	0.6986937646481054	0.7155822715740012	0.11059724111431846	0.8544382513775959	0.6102302660074678	0.36943006198837736	0.46570308284567863	0.3969006981371655	0.49680134798029585	0.5953100364056904	0.4668494582630007	0.6764010961302365	0.3319209793167107	0.848818007050218	0.4327958671322375	0.6565228420109008	0.578850259447231	0.48790868131894066	0.5274542346555217	0.16571615738367237	0.4072923766472233	0.36273013093303086	0.6426766870036036	0.7124047527084885	0.3466775220345695	0.5221938590529556	0.23137632270366054	0.7039892691222494	0.619454625308518	0.667332263046988	0.612464561285162	0.1686657021809842	0.4063519753162977	0.477908611305712	0.3617935748472206	0.5484870410628734	0.7129216413085431	0.7715315028478162	0.4448628154761154	0.6365035929213507	0.4829242659472633	0.42543452138511373	0.4270014762396154	0.6117864129916721	0.5966080889531055	0.3874880911109593	0.4244245018208052	0.12118188658158074	0.7264932145355193	0.5741257228884409	0.5610448138303172	0.5418755755247736	0.25768086396036816	0.6160527017996925	0.3537570566738125	0.7378224544438895	0.5188099214369541	0.5811992435821891	0.501185109250761	0.3834552876444633	0.4839248027751953	0.45241308139981296	0.5702245183618695	0.806628498934731	0.812129740043171	0.4341572870274981	0.34518163801669655	0.0658856034999088	0.7495903390093765	0.36690341995190456	0.5019981006608415	0.3296633264904336	0.6785386591447791	0.709311150740082	0.17510494576583027	0.5691394189630492	0.4510264899851606	0.6259847077307783	0.766504056495262	0.4754224758372769	0.5257515337023178	0.5780356826793074	0.4958623227453681	0.44366254204953004	0.6877912935923313	0.6855039102188294	0.677763247093312	0.07656652364367689	0.7115320982698072	0.4891827935301261	0.168181544596393	0.426601604094189	0.47210724164595913	0.20410255142939	0.6002668572399241	0.5435702493459387	0.43379354971799233	0.3679790882256175	0.1851297911105629	0.7116820253183402	0.669046622040752	0.40737800760194764	0.5439292192757268	0.7736083168934682	0.3478959168490111	0.6384718354666107	0.3526510012288096	0.6477170236461003	0.45535903866378724	0.6076563387435727	0.4564227653212087	0.6439226305830839	0.7192398912244546	0.5144668189881928	0.5826560632052673	0.38377400847339055	0.565405672848017	0.5329485660918908	0.49910845427496253	0.4654371389852459	0.827936098958252	0.587330912708675	0.5235769999299387	0.37104780179752167	0.5859972082223364	0.08440369033195516	0.6014672450363155	0.2547863870870275	0.2986274317834263	0.526967503920525	0.4587963762890632	0.6900181542219606	0.5207091400658916	0.5674254223895947	0.4601992170895551	0.5526013897290418	0.5908193266856879	0.7832268277421423	0.2882723010450623	0.2148560774529139	0.6483242131534919	0.629683830328547	0.4148007622040053	0.47190109772890004	0.3367872112827757	0.5557117335601931	0.43838786938185403	0.33211321587022136	0.3932063072974328	0.6987357283481083	0.2866458790411429	0.2752539099606137	0.7657672204640869	0.4985677868013619	0.5901408912271316	0.41711954968307946	0.5346368644799312	0.3800450853984047	0.49569290689321777	0.22449485832225147	0.43241541211556417	0.7091599789915344	0.7329287537304912	0.5642042140067041	0.27971690743459005	0.3489350124868833	0.0	0.37977806773382133	0.4686656884297919	0.16410002844676252	0.8050884007620732	0.24273412192097477	0.3995492300202394	0.6262610439809175	0.5311595503148533	0.6973011665117593	0.8028152785437914	0.7445381227903569	0.5664111925955837	0.3035968999027883	0.46367406380261056	0.7037785492594093	0.5336412427154935	0.40199358319446654	0.6846824645199273	0.6677955246725673	0.7522299893629463	0.6226095296017744	0.2937914222326558	0.4227171140684458	0.26580694570688235	0.4842246454883241	0.6403513917522818	0.6459863865225502	0.7277175684257602	0.7555364108223792	0.4575876733658999	0.55281021898932	0.8233394625972534	0.576361150344309	0.7736983966711433	0.24329541489626944	0.6715623177327008	0.7297672615800035	0.5893198320464688	0.5168712640159299	0.4922959741342746	0.34129551220817056	0.5757974990509513	0.6957744800590389	0.30775380578762734	0.7688096846764552	0.5277318505974319	0.47940362853735574	0.4966902757184245	0.7317049217389704	0.6088467173604429	0.4847037823288307	0.6927664743835045	0.43856505458708883	0.38843744817244147	0.49167919681459665	0.33597007749326324	0.4766821813151185	0.2994403721513685	0.6396991829961107	0.36293340186205747	0.6502710929274235	0.49780173029662433	0.6862268528054722	0.3900406688287006	0.388359181505637	0.6406861164495267	0.33839776025587376	0.5450802462199206	0.5945246081061916	0.4252899707957112	0.31089944795803226	0.5688662158268768	0.3878369392843198
mule	0.2100538170744215	0.6245697570564842	0.471458941146735	0.2954279627044384	0.3431515806089045	0.24776649004643952	0.3445651136408562	0.4918395878150252	0.3389507568539982	0.4670060334121277	0.6959852470575253	0.7467767775781107	0.7200073368357358	0.45544953038525476	0.6719805113480172	0.21745509185003092	0.48457920407783	0.5960677958016751	0.2604873723778658	0.29503702942324656	0.5508531025357524	0.4796021150547973	0.3177727549804624	0.29127161803933743	0.6753133637381461	0.794339778174258	0.6911170997310838	0.6328017063789022	0.19367840355097543	0.6346605922462623	0.6568853857109284	0.4380612451461415	0.4882340672507653	0.6037170588403431	0.5157284726396832	0.49022722348592185	0.7699467206986375	0.5665847284036435	0.27702995017519877	0.6658631277736096	0.642245622655865	0.5627070708454311	0.2355561494473945	0.527667969884212	0.48965165353149687	0.5897624520380345	0.6059050635463468	0.502522638267435	0.4503032426290909	0.38443489401961206	0.4777728071737549	0.16047341856260972	0.1744760781255661	0.8176658089174036	0.47647794447929975	0.35856035359045885	0.29219793464603955	0.5839449557618515	0.24004353521483102	0.3310932353924475	0.4008408270470776	0.68903205850005	0.7740295913242714	0.5774907550674763	0.4272538002245826	0.17327638893128738	0.3037310639830059	0.3612538348079339	0.3899063342263836	0.54992983583009	0.6611232533842606	0.2953624679459316	0.3865516990915637	0.5138232298522817	0.06224573336962397	0.2803658216571331	0.6309503043915319	0.30246273215198716	0.4753347313240486	0.4687990296831459	0.6566457394831448	0.6567040279364401	0.5583838429464755	0.6180117774751621	0.5018160637944494	0.32285488627497216	0.4284900450424972	0.48327245636758576	0.6568847715192313	0.6149844112304038	0.2328448455328181	0.453557185530388	1.0	0.2619253922881012	0.4435245190645478	0.7047275110622055	0.23079736336655882	0.5811534314783006	0.6276436913186247	0.1397886613420628	0.4896744569603551	0.39554164090011756	0.38408944326924804	0.6730682448196976	0.20400507745097884	0.4852587282856136	0.4159482192838476	0.25291520483393376	0.352206455454606	0.38439610340349983	0.42079417414531006	0.3431782890352048	0.5819188515501004	0.5917754486421202	0.7483610386220818	0.3610629899384073	0.7500309950461	0.5096098526823949	0.49944551146132626	0.43762429756232635	0.451203040331642	0.5058581459603378	0.5226011978736306	0.6815328514549631	0.6148081098225173	0.7519711700111601	0.46960523114615244	0.2873175737772319	0.5373839135583685	0.32493819630957094	0.7481505141514038	0.7980079854227913	0.7243459051444886	0.2243079033200034	0.5958381023462782	0.6567961218863774	0.6168077250873828	0.5328646061312681	0.605101826759782	0.4965261522762152	0.609895430945263	0.4073345752004935	0.6018392964901085	0.28185016787355904	0.43387920124867657	0.2525117121103857	0.5612602564868211	0.8689800430602863	0.5108342006639214	0.4387190292269818	0.5656108061814586	0.4906011330125563	0.7701408347709227	0.5623363902603268	0.22386810602778884	0.6651633272900488	0.6149910768529844	0.5878449470266547	0.6397708558163497	0.6359122991980473	0.3068005503075814	0.5619490651383274	0.3971104601560239	0.5824287234721715	0.3978709164719507	0.5356226560022375	0.6030853022200551	0.650920474039271	0.5257717103707025	0.5249682469834066	0.20037275892383632	0.40204380933413086	0.29332213402628166	0.8528673949983143	0.29465230398255965	0.46582258107151425	0.4532901939094568	0.4535087861898307	0.6967440617318006	0.4602182237450406	0.611539840697291	0.22141705243770338	0.48791683312012174	0.2769375839264164	0.9137066767435085	0.48756531487711285	0.25799814604470317	0.22439301232886733	0.9080053675485937	0.36658719076137575	0.5683929642960373	0.05645535490112191	0.5493813204712431	0.2803287911669421	0.605296891551933	0.5087976188413096	0.4475778778036424	0.6116629897707931	0.3134464519564713	0.5591347344121271	0.7207700682156039	0.6197434665322057	0.5477559994104129	0.4658381575416663	0.5039319225894141	0.7026063444204673	0.5618966301314341	0.5944953381869054	0.5154108649945933	0.6869800087392952	0.32128661463856795	0.3377506581599856	0.4811212599769703	0.2532476079360683	0.5264883716486523	0.1977084915447963	0.7452418645759549	0.21812015521152084	0.3929344601210478	0.2092196649027353	0.5308107275034382	0.4513650618844133	0.4984279794265306	0.9726985654978323	1.0	0.28267616892027814	0.43651782754761137	0.3455777175482394	0.6706574068138521	0.4754956704641696	0.7273947293778973	0.398025112302739	0.5217364702918195	0.3665885613729396	0.5273680130320928	0.25882433285345374	0.7483930569387932	0.5040121606960565	0.548558418689456	0.41446441590172567	0.6940047792877034	0.4734937648339342	0.5627793062746045	0.7152330516264083	0.6583727793846558	0.5458603964895696	0.43523341781551106	0.20844577660242197	0.10735319109815067	0.42003915493143856	0.39697292221751174	0.7444588916032644	0.6172387325047357	0.7277974404618995	0.29502887782964543	0.5306557443872606	0.7878953595302027	0.3178736323543869	0.5800573588995778	0.41879296093235197	0.5461712946488323	0.5773945309497936	0.7171239124905184	0.6713531994335153	0.7737637293427587	0.5657287459713979	0.6913475921704333	0.2500975972426775	0.4199758278859957	0.5120716064951548	0.47461757659494447	0.6291675990078273	0.5600705030235368	0.577925377979809	0.3084778383884724	0.6256084465944556	0.24969150502750018	0.34444189226194577	0.5525582036712182	0.5285562795606051	0.8836890004570239	0.5419056831565531	0.4361666623672972	0.5634408510258916	0.30940063531350087	0.32868994445491384	0.5767150842127043	0.2347443707292268	0.38346484851838336	0.4414908306799624	0.355942467957843	0.4133451631514456	0.5180780913245635	0.6080862742838519	0.6081349152742964	0.5619812056750961	0.3715742761734218	0.44198475519499997	0.7037397207150561	0.61802741774179	0.7320623504465188	0.9102909478772255	0.5398824339944102	0.49939601499811714	0.42782271981795517	0.560043069179113	0.5676046236630496	0.5985859914812678	0.13698722373217875	0.43841884942158715	0.5168584660296719	0.2885691309617214	0.5281162306534172	0.9142518447765078	0.6078436589524909	0.5501310811291708	0.4478535583005483	0.4566789987603599	0.6436401558186832	0.2111918259736914	0.5306580577488692	0.5245054301781091	0.274352378231052	0.6307489907384406	0.38656974382085507	0.3129924022133373	0.4801497928014762	0.5706603147509413	0.5503253899725307	0.3680634438321106	0.7924488298739787	0.3223905787112881	0.6398111602728744	0.7703503018325301	0.5035885996317704	0.5338649165470651	0.5333734591085635	0.5967156967883354	0.6197210650527255	0.7167388605638558	0.5578156485211426	0.6317257384480115	0.2548071072128298	0.3460510509161402	0.6712364594070208	0.721806683126641	0.7420958094182197	0.6315088009701875	0.6950654457376397	0.47315669342926875	0.2568113795734118	0.203733767748835	0.6391920145908377	0.42595278299759814	0.6725032885285163	0.6185361506623281	0.4746926713213502	0.501190503661959	0.5634803759198295	0.5696650308613297	0.6753470903426441	0.23752318863236532	0.5680880765585653	0.4571790599099611	0.5528416307134729	0.5118448663302423	0.5413619286891637	0.36410408731962796	0.5425688685541806	0.7399467420324514	0.28589253580585827	0.4133330027971405	0.67321698962253	0.4124437561446611	0.5262569083721703	0.4807550435146517	0.5095312761016209	0.62454699740499	0.7261574385868459	0.11833394999509816	0.37635767009740595	0.49967442912777044	0.43378387991861744	0.5525781342396583	0.2778010668012752	0.33642207898149773	0.498387041343608	0.45315388304056403	0.26759454933271626	0.3464832064385559	0.6863746157742161	0.35467633893911055	0.5691080558988	0.44053624534434643	0.4348475573073077	0.6318893018190536	0.7455803034382148	0.33798036291145833	0.2549096726026533	0.39729497488934185
newt	0.39524293434453306	0.4965745261325711	0.7528514726918233	0.5564478301245837	0.5806931700665264	0.6842645186386658	0.870696448984432	0.5151428610063736	0.6320493043338875	0.5793114558746388	0.7348315101774605	0.5606705206110553	0.861163027336925	0.45164273401853	0.38044040386255984	0.45302285674373205	0.4422921058609161	0.3722036390663078	0.6158914735342693	0.46327079672499166	0.13839313135880993	0.40046298628340965	0.5597992060934784	0.3027356333780025	0.3856772616292985	0.6000704110852451	0.47720356834837996	0.26501318053840406	0.6147633174565316	0.6265530893264747	0.2741392010054283	0.3092090839543156	0.6679055824249633	0.596580220166068	0.5653406756285213	0.373929375446582	0.5925893941005603	0.5259205721209763	0.42730798057660613	0.45779845054520785	0.5880836822467759	0.5179812386691628	0.5131430347228688	0.3002754927215988	0.0	0.0	0.5336484938862263	0.34817101042516185	0.5236965200787782	0.5000542043266132	0.4198515931596799	0.5704005136207103	0.29758085007023244	0.4859229357394375	0.6510643241018691	0.49832464823957173	0.7173521369910227	0.4909019726414029	0.4240022164033939	0.670988969036937	0.6456843769975344	0.924978590470759	0.37796419148146304	0.8582217782440162	0.6977837262745225	0.5205114976283972	0.5891893818060282	0.6276286477167135	0.550521486741662	0.6624499446494191	0.6147915375659485	0.5244858047203421	0.5074702820607652	0.8150849505796667	0.5714587107762196	0.3100650860900044	0.48909839415326867	0.5253838529764399	0.6780935905881611	0.6750250009702777	0.3992680614943361	0.3436185606042119	0.4888231870785812	0.4648202607540749	0.340483582607623	0.1724821150431574	0.686949767394281	0.6353419957633355	0.6041860396768971	0.43107162708993063	0.35312171144266935	0.4516545151573665	0.3719734076036966	0.5841721685302884	0.26634087232952264	0.6919904692593084	0.20997505783705922	0.5316848712077078	0.3542113450367792	0.32786421297292484	0.46960331213899287	0.6417985511562442	0.5749348633051117	0.36159947543596266	0.5382229546712018	0.44101299084585993	0.13413379073696563	0.577620977277645	0.4243574058383242	0.5547048930462688	0.4419992283332733	0.6518667788681511	0.6957134720663001	0.6622696516731021	0.7814648207960659	0.45400733878641075	0.41707564302046685	0.9309444080520328	0.49924355056479824	0.4895754557243766	0.2821679813915613	0.2812739187584863	0.6026593374847454	0.796890045012214	0.1341693286245358	0.635410193174191	0.4366917022452469	0.5274600920413873	0.42894788827664326	0.47337380211205266	0.7545766024708411	0.48293593085451064	0.2565302759858027	0.5634324350429262	0.7163411952245669	0.4212878751411127	0.32049247758079735	0.30930977822220124	0.5014492018452683	0.558429532285811	0.7219309510543285	0.16666734151590878	0.7293548505511053	0.40635496674570787	0.47696232729654475	0.4230560037427962	0.4639631493603846	0.6620263679136176	0.4979142139560624	0.27297461549903035	0.467177017565594	0.5387887031996941	0.702014587680607	0.2787118196987387	0.6650317566259661	0.7469446714046167	0.5636956457870959	0.318825888583395	0.5529034302356074	0.8861213236036212	0.40822903218021267	0.4771494409779391	0.6702360461208455	0.45277255094446944	0.4596443806701422	0.4670540161196855	0.7451221621982269	0.7843820036380755	0.5682827956220685	0.3096159599534404	0.6065617126515038	0.47303766413728954	0.3033036010943112	0.6754108299289698	0.5217758973317967	0.3641290572551061	0.45515694235301773	0.3575767305598787	0.6539901037320329	0.4912028232957102	0.5845955630669594	0.05044602515148894	0.7240326720186108	0.48968884095518395	0.5148495334976656	0.41256805079283454	0.2866906250692278	0.20079351021235747	0.38967244026673353	0.6307591097424934	0.6167995572516394	0.11323892239916078	0.314204433076984	0.3763948477370765	0.2876117862496673	0.48707174758545496	0.30567149818261974	0.2902024423254053	0.3961089478925634	0.49615204544075675	0.5209229032353132	0.7153247440905115	0.3260630628136318	0.4665073395389938	0.6107415093916355	0.8373167284303211	0.7471759614795788	0.6878594076955517	0.5222322617866594	0.266510021867884	0.6771571963095647	0.19601364543420824	0.5905361943005216	0.4126062608008536	0.788398916917423	0.23909944053849952	0.4421679067537403	0.4058504532966292	0.4065990226006883	0.4997515059842879	0.09451220237420971	0.19512038131475767	0.6819206401330824	0.5125701363965203	0.36216827926276096	0.6067926766758827	0.5158153371338957	0.46306036461032274	0.58872682353037	0.5266344013034762	0.5105883683885947	0.610301513212562	0.5089124223775323	0.5353652889252996	0.8544173275308091	0.3472960827778079	0.5172736005955613	0.5837625611509534	0.17460174007297602	0.34177740808246804	0.7832199055262925	0.2944171283429825	0.7246895077544432	0.5536200808627673	0.5621904926423994	0.49481165039378505	0.6352797027350183	0.2806986658538302	0.45786512697956416	0.4696710123815983	0.2694759318870166	0.5991572417094033	0.4937885495883263	0.7312249694891371	0.2069786262064856	0.3929671008042977	0.4276922111962033	0.8219029044200409	0.2888344944183656	0.4478114756493027	0.5650964735422976	0.39460692517937856	0.5425371259719982	0.12888942769431322	0.373989489570102	0.5592516577587228	0.2549354297513194	0.7177025932976114	0.8429535883144805	0.7656438876171261	0.37807430438311956	0.38342527739414667	0.6923466122996047	0.432147694989428	0.3122302249592835	0.28811495971045453	0.6318833484380779	0.6604745923511144	0.30693814294791455	0.5855573808147618	0.40589388520700065	0.2911718667947544	0.7551496232166328	0.46124547609971606	0.4416980288748385	0.3014362275160342	0.7238397107810699	0.712743293974803	0.36531257954649377	0.4964265340009032	0.2790237799073319	0.46019164481955516	0.3602515822359827	0.3595687068140744	0.5611601690795893	0.6691898403785185	0.5204599717997938	0.3487193234020794	0.7784462713289815	0.47479213054018743	0.3057522361448362	0.7086284213211785	0.5101298443033697	0.19930890464661427	0.6664673495412822	0.4063591347533836	0.3234704654811441	0.5526476755635049	0.5881303431433526	0.5468791643830898	0.5668491023683355	0.6660925829935647	0.6789323578751204	0.5369553064609246	0.4960213961723723	0.6714020592948043	0.39723138365843935	0.27997165014207054	0.26906708220681397	0.5937011069458907	0.45108431783658065	0.3900384902416011	0.10723722665081292	0.5247947318887568	0.47469954591918506	0.48167353575830424	0.6253301227515198	0.5926415749338306	0.33793835928679905	0.2847309047281362	0.8113770435002653	0.7323591311327807	0.5878328784692757	0.7135446530547841	0.6735512982264227	0.4573617064438352	0.2873405287262243	0.6095174478237232	0.46796763498751703	0.41134689054708734	0.7828258109802777	0.6576160943093776	0.6347679080833124	0.657390247454433	0.5523773382201232	0.57183012191597	0.32055894620656034	0.37740637204966665	0.6632283595782267	0.5848150502487638	0.3892811024303909	0.3265900481278848	0.7364167254898918	0.5520758224262484	0.6419660096613959	0.3312454354475734	0.2102401055460677	0.6483058117628036	0.608528655722837	0.48306924413380775	0.32325499420575415	0.5005083812110568	0.7401710579598111	0.4432011737560935	0.4222608596631341	0.5132849352302195	0.6919622220501156	0.3041749789167407	0.3880640578186288	0.6064031331791968	0.36898842218991834	0.38951172459196687	0.6693865942100101	0.5656467206183401	0.45181416692219295	0.566434127054705	0.672797262845509	0.4614843187818893	0.6084310015542856	0.22912959201194533	0.5761867508739992	0.7709479377718732	0.867469684571536	0.7753958480078819	0.4069895968030086	0.48181018277518983	0.7265547651746682	0.6135699423458032	0.5046804237533253	0.1510787701155697	0.46662532663263434	0.5479799720103682	0.2510173388813765	0.4126133349173874	0.4172344827916135	0.38919974594866424	0.4509016030603644	0.2875582669194103	0.4448410642661364	0.4153035885454042
nightingale	0.7364166625219302	0.778361716596071	0.5250948164317951	0.496101192175922	0.4259757306026051	0.6945378371563271	0.3136080785434364	0.43659379679069027	0.4005665020407673	0.35891089376900553	0.21122188565360472	0.6111707265262483	0.5899090483954725	0.17764554392262055	0.32445904389786245	0.3214584651611999	0.5075584930291883	0.41443777073808596	0.3751254619074439	0.4331209612437142	1.0	0.5681562028417856	0.3398622048453949	0.431889166316633	0.2522707190714853	0.9037556733435158	0.44196112388129094	0.5665599095885727	0.22846516187741595	0.16712366687983315	0.5706442961530547	0.5090152402174016	0.5185554276950761	0.901445467444294	0.4898414512146995	0.2735086651229013	0.30551738600778505	0.47830461906175004	0.05929707038916687	0.5459238892282399	0.8642603731633975	0.7147136319296362	0.37454782673821657	0.318227198661566	0.5243243555423277	0.5722059868669411	0.588221339286561	0.878818898130362	0.3488600737727947	0.6190771181655942	0.2886605320562253	0.33465275648458775	0.47779873398287387	0.3203582272060536	0.380585402595119	0.48050050011634204	0.48391300343194843	0.25604778710810183	0.5594467370614461	0.32660631751019636	0.48576039988262537	0.1539436563796251	0.7158320084431022	0.5776349838256094	0.35881067931041677	0.19413142363204788	0.5153925797996051	0.2744314556048872	0.7428734945408303	0.3481477035117967	0.4997319198720975	0.6363158738258248	0.38595000796647305	0.6493893058977098	0.48049467639380883	0.352157524903413	0.8721331630056093	0.8458857235179915	0.2724346151647411	0.6029104541991626	0.2938105392824831	0.6217709126980168	0.3237923390430985	0.4785617037126274	0.8118550371036125	0.7467643857615455	0.6523723186198294	0.5415031787327088	0.5321731330301678	0.5901447926841068	0.8743980032617917	0.3861820143642576	0.5093911543123718	0.4352387473354921	0.5262295342255157	0.6002104268845243	0.32108550626372795	0.39367193302666814	0.5096237947650906	0.6357000665931056	0.6009029003488366	0.2658390792173444	0.7377713868555879	0.5479365595059371	0.27700522792362825	0.6204277927965779	0.8610677845499703	0.5102422142110228	0.5328666759726974	0.4889803177496207	0.9260989580660526	0.6743406718043418	0.5259938571423166	0.5709773063764407	0.33409496592421817	0.4604792427094316	0.5593713415792096	0.19289272228800597	0.6575275559781125	0.46651656461991364	0.4846848360864504	0.26248985324168256	0.4112473038737937	0.2644518398646869	0.647885811957769	0.6178197006310935	0.608636874154248	0.44160297098704426	0.5349576103837907	1.0	0.5454440698477735	0.522648042066727	0.6004183732908257	0.7065349153936007	0.6634305910876876	0.15403675571850062	0.2382440393918629	0.4359218641795577	0.7249673039574646	0.3700712264887693	0.3600036014392676	0.5709653807415693	0.540561457151059	0.9450267696942793	0.6827712913179813	0.3084608215900994	0.15572765461828597	0.4729361774425499	0.38442848359651655	0.36608702268781707	0.6379018933525126	0.2170659835280333	0.18342323776860422	0.5389131750925108	0.5046826422946825	0.3726449171665703	0.6812848882169003	0.21749844887407077	0.3407993323052608	0.4121051208908625	0.5825240910300352	0.731640719595104	0.5605407707763831	0.6626841746156902	0.6479897054610265	0.5505740178229522	0.32464336545521877	0.4076432524677865	0.5258998637035202	0.35397438925113517	0.5483071324714184	0.5112902437997693	0.7021929753301565	0.6547811366827543	0.37088760594314946	0.20948109911214405	0.48408003347821305	0.3850470756876721	0.5316174154000799	0.2466866453944407	0.4383604473795564	0.42475428603031423	0.6643093280855416	0.5910268426895074	0.6965943652328193	0.506627903191558	0.25112662412747944	0.6091636271121337	0.3504917603219642	0.6575863558207922	0.1617566240501765	0.4211534187970583	0.3683319113353521	0.5360907944568889	0.4446266834032632	0.44442910244768147	0.793591467135647	0.6363226126055934	0.6278671157258656	0.27777813252890926	0.45333348814396923	0.697329838857303	0.4418155197887963	0.8756545304498822	0.7023293255926536	0.7862227535048993	0.4410675053710289	0.4795094539822361	0.7036315329596231	0.5918193919221016	0.3416166391777437	0.569288258115558	0.28602224308660656	0.3767093281673567	0.47023882890254376	0.6278660853882685	0.6397144494519897	0.42494976160515896	0.5251381875942691	0.8612024179221383	0.8264790423637229	0.42891689988095816	0.42754582666195684	0.4004626701213323	0.6896060732852144	0.773532296068171	0.35194147066731485	0.16988427160515351	0.507660465952039	0.2002759852366386	0.3752908226666499	0.32005329148419004	0.6108830508752521	0.7797398506881044	0.4769665588981894	0.6947734693700378	0.2857584168938875	0.41400135908017227	0.8874956060144097	0.590560449719256	0.883134849675109	0.41258187781509403	0.34915641646746665	0.5045304854101831	0.8106092830112585	0.4502718477054387	0.5349544193160575	0.3921552026400554	0.41956041397833604	0.23635629454243734	0.6824416702539264	0.7068876311243839	0.561896906116631	0.2610255468918946	0.6201516257843478	0.531825606186176	0.6539331284429752	0.35792462064892216	0.5735062401189898	0.32657584784748284	0.34861221810170473	0.3788043890721939	0.44236186262925814	0.4274496637347982	1.0	0.039712519618263054	0.36149494456019615	0.6518571674898438	0.4272606138662545	0.8445667561064887	0.5017786517152154	0.7257484319021268	0.4717517467751793	0.2861533204505452	0.34809605136048566	0.6716400007622823	0.26199262922986155	0.560754928804265	0.8812746045976123	0.6800109466024434	0.3763474599119464	0.5531096160088438	0.49367974393901637	0.6458534410456744	0.5457979953024987	0.1947240676831563	0.4633252958485179	0.3761791107643462	0.4029759134152804	0.12338712792160861	0.5137545547271877	0.27007134330936583	0.5842399794541959	0.4926080874315902	0.5688803086079027	0.8311807605844073	0.1884742042689094	0.6893230381528582	0.5479664292226193	0.5341144223651373	0.33712584125272405	0.4789866463074361	0.4606572639251445	0.8963263544768272	0.3404469104412928	0.4753057924296449	0.5119132229157445	0.28616598872850196	0.5118763720126838	0.5816701308826527	0.5886474762984006	0.4695907617746548	0.5125703081818276	0.5088786972394468	0.6211607977805303	0.46271392714645115	0.9073183849415694	0.34613606766010274	0.3872883871989862	0.23602748752831199	0.7165730493731154	0.3043044902565252	0.4847691811842543	0.2398008744286936	0.41604196484668376	0.46311280866788096	0.711519942192124	0.36763165930589414	0.6658174913447283	0.44159949935305254	0.49989864911653215	0.3411151475714055	0.2618780194860304	0.19816743705209197	0.5018754820771493	0.7618432739563299	0.7100994435655085	0.4585989058107315	0.2936630451274522	0.2639095866328288	0.5988110421495318	0.3471856562440155	0.7037301632455332	0.5019669227655397	0.7396672655899446	0.350359251405955	0.6161799241390187	0.45376064279254036	0.2618042499707458	0.7879413880518059	0.45450738791067063	0.17837982334661295	0.3820343244422991	0.23480830674332945	0.5713786319227462	0.5758937776075674	0.6811677832103374	0.4434519667874017	0.4870908335932525	0.8123640545170092	0.771750940377218	0.7335309909911304	0.9020895791904784	0.5811785796409786	0.3539316388807736	0.5621571537591286	0.0	0.5844915598568127	0.47701745682374413	0.614125217323074	0.0	0.6041015190598049	0.45844977633204953	0.47247234752012296	0.6502514570152435	0.5481682592399644	0.7102410305607418	0.18992304160442935	0.6800694507879477	0.33749383248047726	0.40266727529603163	0.44718704225716094	0.6616786596832344	0.24006955163584337	0.6123531855506258	0.4764257433396311	0.42118058123546087	0.7661157993585407	0.20932076709470596	0.2387917207107057	0.5524519636720239	0.3485800180764397	0.42667674254839516	0.6283837292628878	0.5540821593960583	0.6734288313830689	0.6095257909128609	0.4125453889356033	0.5893107987026303	0.510774234584512
nuthatch	0.3227762188586106	0.21486120262016645	0.5840221241107425	0.2978417798967572	0.3676287411259913	0.5928513768848702	0.8117367141979277	0.5988630391461934	0.5217556458496877	0.6061463742068324	0.7335957669114888	0.6942362849767483	0.4459809497528482	0.14310428230405814	0.21344071566987638	0.5945806068000482	0.6146635154788006	0.6055770578072915	0.40670977181732676	0.44972952381205705	0.30188992165941525	0.720315290590182	0.28289005265201117	0.7060526173102548	0.6910667848851504	0.37017217605067937	0.44934071370806894	0.5389703405028624	0.42601035939690995	0.7135350821830735	0.5672139985526543	0.35606613463856485	0.7548455067587143	0.5897231890262625	0.3441728774523097	0.4888945722334136	0.672270658672268	0.5031997811112419	0.3079604671573706	0.5548780166306568	0.5791248914375441	0.5186543974615946	0.7658240318793694	0.0	0.4342717445592292	0.6000976040903118	0.8219393949778602	0.5700262159858683	0.5268203714316481	0.41649149321504625	0.3965232485399034	0.16505618989198226	0.3858548104500296	0.1462626595897007	0.542606708918967	0.196356504997534	0.31409529530736	0.39413572641905903	0.42841737369746025	0.3763390988460815	0.5460349493681713	0.6591314001517095	0.421849790675443	0.6376441233595019	0.5329843776220036	0.40137462514688416	0.5112548572091065	0.4546605949543019	0.4779409908668467	0.7292237778768365	0.5966461774671452	0.42200308680364973	0.294233644403298	0.39912842469106447	0.24056413019462097	0.4831198331867811	0.8302539514907984	0.6156595296101038	0.535794654963982	0.24362159893156776	0.10601375146797459	0.13845547907199668	0.45883877463165246	0.0	0.8350820737185515	0.21315224179155778	0.4094520275388668	0.21290414368447316	0.506185998450022	0.5097380172807565	0.18736544105244107	0.8493662708868235	0.584214337756511	0.72511037333751	0.657387261851493	0.3941380869802832	0.5913370683136907	0.7617780925778552	0.5948372703952692	0.18399462797874	0.5624449181449892	0.5783883167200236	0.8314589748775212	0.43546749503816234	0.4071138037317231	0.42373167318150184	0.2735315678696993	0.4832190233978065	0.4147801105042983	0.3881713543643168	0.49682238202432466	0.6800956762753976	0.9549193498085304	0.7506418235727766	0.618624920952548	0.09335028121035255	0.40555017287556716	0.4155141624994363	0.8563719046797305	0.536344911347284	0.498959268881793	0.45948291163250155	0.3482191450859517	0.6463287344271424	0.3359598785247391	0.26871992607428713	0.406622200499193	0.39030188523511805	0.3302415395023078	0.7481572075117535	0.5173388384203335	0.23476702291280993	0.43989742370457335	0.5256464917688477	0.3430115917393237	0.32412298155172287	0.5314913595574146	0.41571861671180144	0.5939710129985549	0.7168747060400598	0.49734886761318287	0.40859094957769176	0.3589976871903128	0.35338270962961527	0.534587522304808	0.16288026437360337	0.40029720343561254	0.7672924418175131	0.658220486704502	0.30560430979517555	0.35615139187357747	0.9197733726012169	0.4049910394883587	0.3319652391177514	0.43910897648182085	0.607872827462918	0.657011667879118	0.5737548319136886	0.7895246483630284	0.6085102660270668	0.4582286461750229	0.2782086385628316	0.7055475467836897	0.4588742445453357	0.553825335495042	0.3419905522883413	0.595949228594603	0.6548462192094321	0.5401550797571415	0.41904782669525575	0.2786838282438185	0.7070379310836348	0.777456593070493	0.4193281210948357	0.4663251636797264	0.3492175053569587	0.6052129709932093	0.7023015113193485	0.6324610707184285	0.45832847430753654	0.4101814964346651	0.26531814397931863	0.7604982550303827	0.5054551340564897	0.4132360348927347	0.645957750751937	0.29645698680490556	0.40563297383839353	0.5814064355877276	0.48645771021517253	0.4231526727827697	0.28290504479618567	0.44871973472804355	0.3508682876987067	0.5201342933891911	0.7269751853900033	0.5584591408143201	0.5864100845830937	0.215032712702173	0.3936381579078642	0.4099955879856478	0.21685400799957552	0.4862088015327006	0.6179159736151238	0.6328765722827512	0.6764280264822855	0.8428925047809088	0.6909663531670714	0.5094164355636457	0.6185635662923421	0.6103206623731086	0.6346124937780984	0.2927099067578104	0.5936823469167747	0.2585480220365908	0.5880053040357832	0.6083846700668719	0.7347064566544443	0.7546967031758061	0.8899896087406611	0.4334662651638038	0.19784431918268613	0.37366827540779	0.6646544121278435	0.17323119091470812	0.46198678818113104	0.039555479312195774	0.43228451802496076	0.8537157176270341	0.5924640297250267	0.38579934464268384	0.22791280877132686	0.7868144996431207	0.38768142250963367	0.5939330257786006	0.6232801946754611	0.2889716446563384	0.12746904097175532	0.46239378154975164	0.6498850141515313	0.9682913279850354	0.19409036184514128	0.5955573436797184	0.47794457675469004	0.621968462176567	0.3837903727654542	0.8123049920585768	0.42075158636006293	0.5934877812506517	0.6325554473154956	0.6154781707368104	0.5716040552261542	0.36482833789866126	0.5417561987449373	0.6386012538681332	0.46536063770234554	0.5819260604639752	0.43586165682082423	0.3056419036903037	0.5879202308871191	0.46428726613472726	0.4731805115869269	0.7241982409031675	0.5784039313432895	0.6468466858756543	0.5882940782786735	0.47065735459258967	0.9391915326816572	0.6337590815200937	0.6765556653422214	0.4311242474527731	0.5028901360170286	0.284573748458809	0.6575836298921759	0.4874911140017002	0.4629548547657901	0.8891594783426484	0.6009173354591579	0.5194228463835469	0.6668411539554159	0.8328265836484499	0.4307652849236498	0.5888472616509268	0.5566483097098333	0.4151357533564763	0.20426917399413702	0.36595252178251814	0.388824953010301	0.4086720123621658	0.5657430545222482	0.5490846752637043	0.5362706882915974	0.1460913339437196	0.5545887014670463	0.5642528681012067	0.15777330190549677	0.6670856058861149	0.17668674577277382	0.19191623866680507	0.47695408939081724	0.5938673791558646	0.6080378701922147	0.6041033619968399	0.28881971583501986	0.38597395674039203	0.17065013496216552	0.5700106283510447	0.14251543732946953	0.31542528081588694	0.5983708636749656	0.6171538880056859	0.6713476280700332	0.7432956127547561	0.6782913909707367	0.6601543442140988	0.2607371234961406	0.5751907042266868	0.3608665045988432	0.33307454791161095	0.40901814321745245	0.32512205456443183	0.554260438302871	0.5157554811036706	0.5998227830174534	0.3192385446453386	0.271556248245579	0.3020521874127004	0.5430020320417968	0.28155328221659376	0.2392903360554514	0.6713874478668884	0.4906845705497504	0.443045605247483	0.5702025909792409	0.43026216911783227	0.6632440953604409	0.6636671570951544	0.7672737888498782	0.46231853233284304	0.32390082305999235	0.2861214916013775	0.746108315103054	0.4414428280215081	0.6543776813898542	0.6906229859360253	0.569299187528959	0.26545375411637684	0.4837503148247371	0.27262830964933105	0.2879879595628795	0.43427431588998466	0.5152288610553566	0.7260621524179548	0.33655624973802606	0.6273850633414627	0.44558174126976463	0.6858853249128136	0.7339232835207015	0.3979846310647992	0.4716747710223157	0.7834998466424802	0.5837444118901038	0.6057330515248386	1.0	0.5077564922826843	0.5171582088222577	0.2972705593937942	0.4440836401186866	0.19209562652014545	0.5970446118190218	0.5436033874120648	0.43764752164431786	0.6689928644933388	0.5479643079185242	0.37178655093195295	0.3697015831446719	0.7458267406647296	0.9124903089013279	0.5128916966492469	0.492775207240178	0.1804778201046039	0.7088553957242127	0.6463244731560113	0.4584535685566411	0.32164360806961767	0.8162575949879849	0.7681159318402958	0.4880528528370044	0.43329050669406743	0.18961408264025653	0.47168675028743867	0.6022295996067786	0.7148217610304886	0.3777757365725198	0.38938830295300586	0.5956060199898329	0.6739831205548054	0.6235147985683795	0.44927910646347824	0.6252710154048903
nymph	0.3605958094037792	0.6757056281320104	0.5755927024728655	0.565254127919207	0.7874630612804039	0.6220109633933906	0.32041585453687904	0.6272346034051324	0.7450874001768033	0.25518232573953814	0.5237633610842332	0.8709461771811424	0.36413265119072835	0.741902705019243	0.6821175197100988	0.17904809420536977	0.1067763437542531	0.45298704091890907	0.4865979513052662	0.1285778723752331	0.5361927845116653	0.5398670599604444	0.32770040071146456	0.3291533606330898	0.24622011251770273	0.8896569119741613	0.38193715318998955	0.05416496797752812	0.4847466549166218	0.3845059987538192	0.7383241448726261	0.4358194880303709	0.3768957341427541	0.7464098755205757	0.5695688850967175	0.6604539806123373	0.6779434295369647	0.5707194187885557	0.35202079186355806	0.6489565291622313	0.8228129530722309	0.5706195138711532	0.3002720369751792	0.4887676936939252	0.7144314299416233	0.4563866719615033	0.3765440140550109	0.9263132475781198	0.8098479681333377	0.5198682351100192	0.33958820883589225	0.23493637819176505	0.28625902207520876	0.4811917276422709	0.3952929937844286	0.5990342526342545	0.42739458217225135	0.43205618653658073	0.7278059269140049	0.5657007116721803	0.46058831490297963	0.5738443267914971	0.5053938121456969	0.36101007358237314	0.6348438238922817	0.5932991736128121	0.4834509910501977	0.6048221431515108	0.6399638697800594	0.7578402315616642	0.4409203475350737	0.15809127985573374	0.7523103732287365	0.33456443596195967	0.06800168094082726	0.35539546403561023	0.5197276157411159	0.3281584244112168	0.5150450032617534	0.42311175550211866	0.4703789365494636	0.4127738447125668	0.43156084780492526	0.37548200466310333	0.4622780429715377	0.42102919045995296	0.5687868528594434	0.5353813435095983	0.7419211499840578	0.0530279505654595	0.5583984568716958	0.3802631856829528	0.2745427471742253	0.7051789803268216	0.6025312815429915	0.4152047020707048	0.398856967186072	0.37760932688342497	0.5507592691589751	0.273373009481002	0.49757789472414754	0.6195757906830968	0.3305833366669355	0.4947466623965999	0.6102855737582281	0.6314490762740165	0.5710330212333458	0.36641713081312194	0.5736167105631399	0.1510997300837651	0.5815856913339177	0.26489443585601913	0.4186707648505265	0.5873017470586887	0.5589197976904061	0.6153991227345148	0.7907690710599928	0.2921844018601874	0.2779356288712731	0.8039431461773807	0.7025399864707641	0.41497498723940696	0.36473884307732607	0.44609040091103097	0.09637261732944374	0.5012771121431272	0.5303961981913721	0.6763925829586936	0.7018272811784367	0.7444851405839881	0.5444914846553746	0.58069632319449	0.4361746952079365	0.5550205430922531	0.7125170190061195	0.6445154078487482	0.478544222899734	0.30291620532909164	0.8793663057776939	0.4898302270332267	0.6174946121168975	0.6138678393548467	0.6900007582397621	0.3137338965080252	0.2519530366904475	0.38854111247555456	0.47997108066929706	0.3173703799227809	0.5399120413367751	0.3181730348416936	0.7492989525839036	0.5020048878931457	0.3133091971636511	0.7527089535992193	0.24284119476689675	0.5830514588419289	0.675059681567402	0.3998766454349029	0.07222121083441907	0.3331606799181537	0.8681299025409137	0.24308695992394203	0.6541231189258223	0.750554295386302	0.2790156328481701	0.5522211502112169	0.6913470807997575	0.5579876813932358	0.3530262459062276	0.32955536661221474	0.5987888288004083	0.5922370661251459	0.45011700721650616	0.659693933794623	0.6839765147677053	0.15075302475381713	0.36577605790535084	0.5684020884143139	0.2530975206237782	0.4301837816508483	0.6198104404283138	0.2444390698340753	0.6177547178678668	0.5457253553619603	0.3360637351211177	0.3403630564530406	0.1483540410853636	0.5864937670922876	0.4620375232828816	0.5691641768739917	0.38487961294424833	0.4714036807746722	0.49742297247723194	0.21146740075158124	0.4728647096983819	0.6359965414860873	0.7437331921555916	0.6784434877565636	0.6500386949597662	0.8990739770993172	0.4730957038688477	0.6072442377958994	0.4576903518641787	0.8750863440606088	0.649784555408982	0.6828380950474594	0.39153608337653095	0.6926228870881417	0.4650888986233242	0.4900318838915766	0.5495444240573248	0.5649742060998464	0.5847731016980087	0.5320288076214954	0.4562503420048509	0.7870389127571402	0.3911106545744458	0.8279269415035526	0.364122364636739	0.7356432320063068	0.48887101483774786	0.5465213910213192	0.7075165265441028	0.772835180835022	0.7573626261036741	0.7580018221422681	0.46559662538173197	0.21486637907755718	0.6463108155406546	0.6845257910865079	0.702133393892175	0.37870128241227213	0.7046337134742231	0.4964881562884279	0.6346139358921972	0.3753590316421593	0.5291870987815182	0.7863496899116236	0.6824692870474414	0.388234417843997	0.5242952745843135	0.48138755689070045	0.42302247209894017	0.7047417876211068	0.7895286443188203	0.4678916456244734	0.625449970038299	0.2926669856633361	0.34125872687269737	0.41679824045655	0.8513296025458158	0.5238120378622496	0.6114403124746615	0.5654731330885386	0.4193380668927309	0.23102760371228628	0.2717784116838864	0.898298776170552	0.5046526003579128	0.492241727445876	0.8930121673116558	0.4557807789402455	0.5225699230774813	0.7762921144974978	0.331903387323502	0.39207822704397544	0.5387218701973482	0.49208246801040334	0.061176227385530746	0.6258270355182041	0.3246028100051117	0.6380700416089309	0.30317735295641896	0.5881960405629718	1.0	0.5022093473285365	0.4642901163787555	0.5388265809472645	0.49889011612940615	0.9040684134540176	0.16215685652502715	0.4128875127845967	0.6727398857325565	0.5089214189131473	0.7492866371838047	0.7821730870968366	0.38661404542444033	0.3051218991364447	0.16891866474570644	0.3410174479524734	0.42808597863038983	0.47118391507277735	0.42254456756713077	0.7114674157320342	0.594769964812903	0.5603277715155254	0.3435050148537446	0.6462811845526747	0.2860941458145357	0.547366611611326	0.3293743439133755	0.6098580552530515	0.39107235078748837	0.2287584353071937	0.3641666268576635	0.0	0.6647268776676916	0.34232037955276273	0.4193518876039053	0.4880541239943882	0.3887040653587426	0.29417898745684423	0.526793541697789	0.7816689772921898	0.5667986833830053	0.40875521500011713	0.4307674327925608	0.3229841987397874	0.6687885465051266	0.636781035676012	0.2471613665764123	0.40109904124204254	0.4986011630639011	0.2863194416430474	0.38264125459444664	0.5270970520905485	0.45224601994010855	0.5583430423293119	0.29201149980416125	0.3721621970629535	0.804105752938729	0.3248812717578534	0.5635794987497634	0.2412295107882837	0.3804899147402717	0.7017738865840757	0.5600129390658757	0.37698143769459114	0.17173362818148646	0.3662394750915265	0.3828931300131397	0.4200700460079195	0.7693313824594579	0.1920829273543774	0.6068984300825728	0.4429493430233028	0.6665165579609005	0.3577457900480131	0.3876634743978692	0.2597908089098343	0.22233798621786682	0.23635960284712743	0.39209163062005925	0.6924210377745608	0.3861022052690929	0.37001652225749826	0.4815208995684094	0.5849403445821841	0.4432329421061343	0.7847620363386041	0.6004839933781309	0.4232476929604221	0.4474868776691545	0.2336817078091616	0.699737003897942	0.6013743145295597	0.47879731767176287	0.40308731097992534	0.5976137215965216	0.563145348922178	0.30339946701697557	0.2286950364209757	0.6672874288065735	0.2934395484533023	0.3811705575046374	0.26831300135106645	0.6506027058484642	0.0	0.562770954626939	0.6687849609623339	0.8930751527901801	0.26252011028486255	0.7863927643285251	0.2807171830473207	0.05381005312224918	0.525598727804864	0.28658327629801983	0.28873189190931275	0.6482213120942002	0.3734706199960317	0.5917911355749041	0.30599890539344865	0.6161153433200096	0.8141042089453266	0.6408651347884007	0.5091445360731311	0.612092466106314	0.4977957322143441	0.36274376874650804	0.484559280452665
octopus	0.2819182580341972	0.31479594353498225	0.3400369076149239	0.7076288619909982	0.5660194096630325	0.3803954086467364	0.7422809073623254	0.7094271000505129	0.6987320957114747	0.42050372399514424	0.6113286784602865	0.5518753939980836	0.7556864000556174	0.2821879214980468	0.42395964104438755	0.5923814798689387	0.6074868865330346	0.376744032171055	0.40052228001894724	0.4272281947843264	0.3782175884462551	0.6470978530961562	0.6115615854199055	0.6106175894709467	0.1930864164193011	0.551874291921614	0.5228319492557862	0.34296621177419406	0.41217008594876015	0.49646486671363	0.6555333381382964	0.4290596744005955	0.4283547888573492	0.801192162283789	0.6628487202755438	0.41538727114325774	0.23631252404895814	0.10596393511651486	0.1457356393123896	0.48154333576375086	0.5795231560376732	0.3189980241443806	0.5155652004336723	0.678412036461107	0.49564548384569446	0.23598733923696713	0.6866902631116246	0.8180944527425016	0.4216643957321332	0.6793822750456193	0.5347450857678728	0.6162938468333794	0.15095275007603387	0.21611985036622755	0.6689896713473413	0.21243892750486257	0.44228129865034443	0.3365030169422521	0.5125383761420491	0.6899771720402985	0.6037864421047677	0.40126251673722274	0.997622014060932	0.6177209611022259	0.5302472187651183	0.6326374303603272	0.45656451437995854	0.2300479270685299	0.6340832948769274	0.7046950853139428	0.38664718244118645	0.5745084711992982	0.25341957205293375	0.7234378123471352	0.9078738055350364	0.44483803460518617	0.7201901927832707	0.7237081262904772	0.5819958138081412	0.6537426430904807	0.2883218285956278	0.4622519636952914	0.46557572201625763	0.5276009360725497	0.226174580875167	0.4279006156004974	0.3860686185863083	0.464574861058667	0.5661656103155448	0.7945250343655634	0.42834417708657635	0.461839839074552	0.4336301078039255	0.730471145078037	0.6079489303537373	0.20943067476163196	0.4631344806945341	0.6657485092617477	0.6156692795575571	0.09807541799373687	0.35873584987238494	0.2007998792079982	0.6828116611419642	0.2766572820915683	0.4080434299255119	0.158515889538131	0.3412765860694472	0.4748664782629372	0.5924539653573999	0.3054243368500078	0.9296545777529535	0.8384456801302764	0.6857503671308345	0.8201165584344026	0.4408026281877023	0.3562877035684397	0.8509483522881495	0.7330027236629124	0.6511095029699919	0.6107696928574523	0.6384061744895255	0.3596706853953924	0.3786280638664149	0.12399920385593866	0.5518857366075244	0.12817343676216242	0.2867669341106124	0.36414239736459036	0.49370447767760217	0.694679395326717	0.48755377166895275	0.26001769027947164	0.35793477140224234	0.8185580848589485	0.4419826276087649	0.07302053467860181	0.5279279371295196	0.6318294113104487	0.721729713153503	0.658748601932168	0.6115845148851398	0.25750225229725193	0.554614636608055	0.4380692097946992	0.49156754906609224	0.45470535763063435	0.4886916679337655	0.3889407809030937	0.6192483983648486	0.5511241364063547	0.6761171108607342	0.4189415808888045	0.3954032998855026	0.5479479602492879	0.25542726986829717	0.6719048866012083	0.5074036796214603	0.39878915052422476	0.3639892746410064	0.23938112404227774	0.4929405744377456	0.4542757228238682	0.39501109764494036	0.38604573165578726	0.8166648742829921	0.473840734602468	0.35279130915703316	0.5049492133237834	0.6192651271520266	0.6174441592112729	0.5863285730392073	0.3178142395907954	0.5902117501339779	0.737021626808832	0.49982829036435195	0.8008265879649481	0.5173244362350377	0.6241716661375555	0.4937576872895611	0.23946790458285708	0.44922590713162447	0.2643665632026363	0.7130244498821907	0.630389747785798	0.6667330500336004	0.5115427916273118	0.4340054084818295	0.6877367260485292	0.8782261579111759	0.6282128173366139	0.26729684138552434	0.4007660004907898	0.5559380681364672	0.2215997046207837	0.5408232776848186	0.12315752885622838	0.7172387590903834	0.6753950969228141	0.5930242516067215	0.30468982445361137	0.2230181623289782	1.0000000000000002	0.5318482694635887	0.8871066874836556	0.32813899914184885	0.5989532000412687	0.6138746022179724	0.1533414355829335	0.7761854319523488	0.43389565916042194	0.49174775733105797	0.4372382566069258	0.798680949702981	0.46193421401971557	0.29589896849402253	0.1850027461200779	0.5369317096126944	0.7484980400549771	0.40631046319557873	0.6369644727241836	0.5536977043089449	0.19912170458518777	0.20518702626379842	0.7021872025935008	0.5137832236203083	0.2505290627998416	0.6682490434107071	0.1431555711576184	0.7004847266825646	0.25928285026495035	0.6170556164087828	0.5996881627545184	0.3703963180197245	0.3071163435556301	0.5549976405522177	0.7133379056277911	0.03593127397780532	0.4695685269521636	0.5782276218445378	0.3704007111531315	0.7192849408945973	0.3489048803894147	0.43073007725956636	0.33722313469459053	0.7727461301371605	0.3638715180720874	0.43670231192377973	0.3497957624211488	0.4851486290296458	0.38175498511743133	0.21567945311726636	0.39051955158631946	0.7710230841519068	0.5899724367002906	0.26166235080083955	0.39675345478633545	0.7819744091220493	0.5779367913446213	0.7948861671497092	0.5622490677421388	0.26734802783672196	0.3114735888695418	0.32400882486311705	0.7118852516102425	0.602078455711402	0.31127127715965647	0.49539848459747315	0.7351150775685262	0.5691164537593744	0.5753892711276314	0.41478291207768103	0.2584223620642569	0.5140819107408626	0.7933082350569035	0.47040127661062997	0.743428437715875	0.3625245965890428	0.6889329778826928	0.7415207820440046	0.29588250742813954	0.8863562249744958	0.5908521416708102	0.24795124276148983	0.2299275395653891	0.423453895533473	0.4313816865808842	0.40135986798066053	0.49629459059427994	0.2650195987818804	0.4761282595632873	0.4531816726000581	0.6385739152659453	0.5246670672693478	0.37537613264675235	0.3463293105673624	0.5180992143178508	0.43584490162916245	0.5981687097203313	0.7546558123138576	0.2636304320624985	0.5035094918974551	0.4322914949295645	0.2908504049771693	0.6057410789440402	0.6828960573580813	0.5025393477113906	0.49271193625320114	0.4280952439491727	0.33952480760377085	0.769962277810214	0.29542148755212383	0.429514412942977	0.6376700262135945	0.8083010613241011	0.7208002080879081	0.25634101947023147	0.6658619942713145	0.3890777146447013	0.4582922504946745	0.6310484475461563	0.5438553393213458	0.5282645935885719	0.5582193005192845	0.35720349319204514	0.5336066472910598	0.5959184869251483	0.5814105964835374	0.46161487181707217	0.6087640322885598	0.581000641358986	0.5048887003972133	0.614465527641652	0.47982616510796644	0.2939952186563086	0.8011682580755515	0.7413205620770312	0.6572233017021747	0.33184728029351135	0.35256913598480455	0.31527251788212124	0.20683281868651837	0.5085334748755064	0.4122072328696478	0.41561804544439745	0.5577001599543747	0.5500526312208849	0.6170241037301529	0.4841409118325416	0.5725287091543207	0.1649844943349183	0.17888906912632907	0.20580692434678943	0.48886641350547766	0.523922189741398	0.6110019238972672	0.48686861599657083	0.5001139504284516	0.6111579532664755	0.42590642341301627	0.5785247872478061	0.8131642446995095	0.3707235767105543	0.7912093554663749	0.5411803565537976	0.6633497551040322	0.6527919996374363	0.12020549150732174	0.3486322506301501	0.36479612955456764	0.694196718540212	0.34784442211598393	0.701002932280967	0.7204646018912924	0.45245171417192565	0.5713132720596916	0.4742699832712246	0.7470068311207918	0.09250729741343822	0.5327551239980746	0.23291922853117764	0.390860197392572	0.5134603003014209	0.5219034080494906	0.3390854547544607	0.5401571480695537	0.32713458058849376	0.6385422201824102	0.7747345322197237	0.7904302424406939	0.529620480735749	0.693324273372187	0.4108607288263949	0.6110797563710737	0.48527852183747705	0.47801925280744534	0.51088384264581	0.3505893564149347	0.4077836016012607	0.40517537707715817	0.6706671112542708
okapi	0.3069983824525462	0.52044277469981	0.30553892610538524	0.22407874396403082	0.35034927590334264	0.5621881763563681	0.3854302448374839	0.5841688514130786	0.5141336360598073	0.7340315978129694	0.9999999999999999	0.2838039998242609	0.34535583205638326	0.2475443561677574	0.5825460927597046	0.4277609293997979	0.7551417600387137	0.5816753865865065	0.25604646445038737	0.7461387827459354	0.5939438926919296	0.6596034082520934	0.2127192057605161	0.5886311220152561	0.5779543709930199	0.7138907537140481	0.5442227505495082	0.6444099859984553	0.6637893587337085	0.4311508875788609	0.2805666764115041	0.49924115370880306	0.35935080910806316	0.42175287359019314	0.07054671142272423	0.3510010951813889	0.7137672709916323	0.4179796473484117	0.0	0.48433163000408375	0.7721069684836392	0.7142866386466367	0.41247148052136945	0.5253154858543699	0.786830145603028	0.761242910770305	0.5237210403119394	0.4694308857349594	0.6493356952015449	0.523989219807123	0.1677163775490798	0.5294034123289024	0.39754445688961204	0.802176010851138	0.18491866051131095	0.6899196659866312	0.6416037148375657	0.6599471834297934	0.33616199482765424	0.3548352432735707	0.7314765313204381	0.47141933027221183	0.543519110286688	0.7811336247663904	0.2785636902765066	0.42934366997122636	0.38385098656959654	0.34661057090339964	0.28454452145160675	0.506079882020255	0.8669094277409846	0.18330609717354102	0.2962461923533286	0.41909142138444133	0.12661872686510978	0.3080803712198975	0.687168994354066	0.4715478811848146	0.26136829952130775	0.5678048587688682	0.3720510739986449	0.6020679902356918	0.5784010827584568	0.33883691298744123	0.5660481119544233	0.5907200905955354	0.43234519616390915	0.29234444575889196	0.3974629696334267	0.37818545068576903	0.7936964483190476	0.6826788269031411	0.5158643387003595	0.5025451726205622	0.3665415577083557	0.40134357904037127	0.30203463710439726	0.4307010759205854	0.4311545033590719	0.6823371120671619	0.7860646005210892	0.6690192988851942	0.5441149249764322	0.44679875001165337	0.15723444483350035	0.2685822515424532	0.6045310720424091	0.4726593996265026	0.7397599624420359	0.13325730423937893	0.4450226771637589	0.21388151942331698	0.45987345401028296	0.5980589851210827	0.4395501189149017	0.5839772576635349	0.41193434336338364	0.2303875827043446	0.3794363163698635	0.3129341322880204	0.42587641434367696	0.6457209203951942	0.33186110639632466	0.690473963929217	0.8355578980958438	0.6906707549081187	0.7926414949909452	0.705534346695942	0.5125001498887733	0.41230206741597	0.5112757222992633	0.2399886039576114	0.26136022197707365	0.3146555689999736	0.5024462150725737	0.5087795049485068	0.704186845357966	0.6067536328441135	0.017305653107145935	0.4597407873646332	0.7593675163432616	0.40366014689138974	0.641854132050527	0.3784386905564243	0.5708298754848984	0.49314687033586885	0.5755524589940089	0.13352660760153143	0.6727772860769781	0.3267173439128728	0.4728221923382001	0.6575362832029602	0.22213079339535385	0.4399649934595305	0.4675350250464	0.7799317117088093	0.49063010395329576	0.636109517820177	0.3874310309437868	0.5224744829199611	0.5464685068359749	0.240487638921017	0.5645471637832701	0.4541222193502808	0.31994114903362436	0.5589220421946689	0.3398950665382492	0.4630805222039515	0.4337152188080385	0.6627311906688775	0.20012122585567843	0.6428160113033703	0.7339427009657895	0.5938513955983606	0.5566133054131197	0.5381240289177258	0.2370128620208264	0.7416923187540504	0.6008169929072958	0.4029892809229274	0.5653425118993578	0.31887673356699875	0.6866177731978962	0.47115205694857887	0.29743018204429367	0.589253412125677	0.5736404442093106	0.409568081196944	0.7422568876399193	0.34613810112056914	0.6141208234804908	0.6169850001813766	0.36007056454534975	0.39214885692792534	0.6605610421743419	0.30575187220803357	0.5806813780537846	0.3694446550066136	0.3060533782299537	0.5163919624877857	0.2704227481599129	0.0	0.7878930810432179	0.8660620112214228	1.0000000000000002	0.8718788667120989	0.808929175026305	0.4623883790357978	0.3945158235900992	0.6815868588794799	0.5287479392408724	0.6492476935310503	0.3885145350560095	0.6284138759403395	0.6982983094386291	0.28613182152914707	0.6356928280127182	0.3495511597748749	0.7305813412176438	0.42408112644078627	0.61844013682443	0.39070046389355206	0.6621206723685262	0.8251892759343366	0.371902296422037	0.46153118252532355	0.30880556656273617	0.5926912057351822	0.5025495343881643	0.5107250925516013	0.2794747239231435	0.6608257783623566	0.6963181035034953	0.10751817495840349	0.533630551967274	0.39333486342471585	0.4920454719629398	0.6359370605663851	0.5895794698731214	0.4326180075220543	0.4995479064498525	0.5124127624575628	0.44133987040178135	0.4833505620877341	0.6016918175789983	0.2486413119368151	0.3441118923250983	0.6631235525810578	0.30164820367794354	0.94765882215938	0.46346389085918516	0.5066482953284016	0.267608375506582	0.06923134061969427	0.749398212334058	0.7711794229135461	0.5439013533021652	0.2920514387939114	0.15814866019944773	0.37870828840612525	0.4974744667141344	0.6468832788855007	0.6913701991417458	0.8909896077458999	0.5144708705364484	0.40102841247148224	0.328694615856601	0.34589945489664853	0.48454257578032217	0.5753455841010197	0.6319949614042079	0.7834652180754051	0.5295472706555421	0.45295436249077753	0.1292479118036299	0.49322448333737373	0.5471602859622438	0.23221910266135354	0.5513674403033888	0.2120322286084338	0.15998341997000096	0.4362860846711329	0.8127042516187355	0.709627175577891	0.42076841215768207	0.7352151630469197	0.6559547890372137	0.5355440736172701	0.513048343997182	0.6044255409811218	0.1753238852548042	0.2651829943816833	0.7525589288232419	0.5041108846500936	0.7874373442151379	0.4782586036892904	0.6128971297435748	0.435388270493969	0.7200335671650984	0.78050739210348	0.5006086635735959	0.3523761702502093	0.36798450352445344	0.5532707335184194	0.2637950613973261	0.5325255441659811	0.3880393049186841	0.6331795952493703	0.47582309244801607	0.755842543601113	0.27535254365670236	0.19085648701694125	0.6859445162760497	0.05825260299140128	0.23187275837475513	0.5865928497939012	0.4092253365767732	0.5764785173149743	0.5652615809853612	0.33857460592949395	0.4619572493142391	0.8047317982834465	0.24137073072106036	0.25732181759013806	0.6303694273182519	0.5108853842126391	0.1885188460371302	0.6375998691283546	0.2753048578273588	0.5988826417045193	0.6800019497741536	0.3920669837519575	0.3936908434556122	0.6664870946406476	0.18838491074549962	0.4330009335714467	0.5331653604383402	0.8361588283564035	0.5583204039227344	0.47563851845297594	0.31787173662307333	0.6630565160004056	0.702694573166172	0.47454825643841686	0.3549449687659094	0.46610414363511316	0.8820909340939344	0.49290295186142974	0.4510037341796348	0.2528809298830578	0.48340885817618895	0.45467903538611193	0.9461520451056992	0.8667135967982731	0.6576652840390173	0.5055389517201782	0.7662032258465188	0.5111797363465327	0.7188795020073577	0.6513064177003964	0.5213510941370445	0.3382301858934454	0.5610447719398919	0.7821258321337456	0.38092633652856045	0.49095272739296086	0.5853059767232799	0.6482449058087648	0.571584632714107	0.7309508379969437	0.38001378720843104	0.39952858288316595	0.4134901144418935	0.8469525691113582	0.5933417848100886	0.24915052036357244	0.3708285306822838	0.48330083952833974	0.2644805872303626	0.35197494117868444	0.20197370789822688	0.07757882143388939	0.6424956691251302	0.5383114250942459	0.8045385876834561	0.44116061246580063	0.38941061488315765	0.09201937599471521	0.5143502101859097	0.3918859242678714	0.160409267521737	0.9966279392633856	0.45494427633791784	0.6618779622458059	0.5927012605460852	0.6585814932766588	0.34339323652718456	0.9837916263526423	0.46594965673342265	0.12896734801520016
ostrich	0.8762864745873302	0.6407201846227879	0.45618980761202066	0.6722749167954654	0.893760773508139	0.5636405620286127	0.5076761142650265	0.39338638270328263	1.0	0.6168996391699823	0.3137762781481108	0.5355500917475808	0.27621221726054446	0.6894107041811902	0.6899700438150069	0.3289705577536315	0.44906008444675943	0.8712565529693961	0.5237148009238809	0.5412287596460168	0.3615482850329809	0.49706717522042293	0.6026284400709104	0.5940403030271174	0.08227776752712268	0.2506366103398977	0.5830673123736574	0.7533965436997241	0.5431084808433807	0.6153989836639964	0.4512251945690629	0.1902963881001175	0.39715290050195917	0.27499681079984617	0.27048031333715217	0.9092632399765406	0.5626998309509733	0.3454915009519469	0.49950836604146387	0.38906617355993806	0.29471919473747854	0.550679429949646	0.30536823082773423	0.6480159639989242	0.3929792763222184	0.6382934867438682	0.3393857690930601	0.8168870586002719	0.5345662476357759	0.690719032597221	0.21117910821592478	0.6019002549437205	0.374708999150145	0.3880349374427672	0.4788363662726821	0.39640885070984977	0.5042819114809965	0.6449350981959248	0.3615003226511122	0.01113191928236601	0.6276641120615396	0.8775071069621851	0.18571430621284582	0.6655243718188781	0.6134250741489655	0.4205475281276185	0.6772357726078178	0.224046802532413	0.8526857637087093	0.4871752202537691	0.411707679625414	0.23856937171598927	0.6246828886303708	0.4599234950663474	0.3100510995303487	0.45830382372704276	0.6999341505707983	0.4980783925801036	0.156203547213644	0.34123926924731146	0.474348138460332	0.6199231070448012	0.567826485986151	0.8436192382555113	0.5349539174989085	0.7427347318797817	0.4475063164611564	0.5092875850966747	0.38239349845837595	0.5555346263493621	0.5493791840425943	0.48670427326504273	0.5421249920954225	0.5011452188534605	0.4793628127724834	0.7763390282093421	0.2984075340077344	0.5508240662815465	0.8759155293914932	0.1242281687984948	0.708814456114088	0.32103493327779	0.28685491024856785	0.7098059227085797	0.6392580398880316	0.6712916507100563	0.5209610184323014	0.45685105116320496	0.8243292688840331	0.11936374300322594	0.5044695647815026	0.26890693044107583	0.19657251644116477	0.6570898036178647	0.45564583948694504	0.5361874071795707	0.36771149736177844	0.31556736228427007	0.41792255575998605	0.6051782105301231	0.39581219071802687	0.40297103545616686	0.633546679013784	0.5035342715262885	0.6403452092288564	0.586070253985499	0.5578694801114454	0.40460882685158167	0.6333719242553953	0.21338208597373437	0.4733020407785551	0.33310475387718713	0.6014316422953696	0.5837080937902712	0.5005151543257151	0.6388710436844826	0.5478150724113674	0.573268326452941	0.5302385097079357	0.493047984361154	0.21872570260382979	0.7131335203458651	0.35732372838634263	0.7155762494388914	0.5092456586395264	0.07361494653490841	0.443149261669501	0.40308442876207484	0.23835239897108784	0.40079057011577696	0.3371866961101263	0.36199413538930963	0.3621368921666481	0.3223934709815539	0.19966607074621623	0.7626302921367023	0.2776675034362709	0.13870785949387793	0.6168423335715664	0.7799466404957012	0.5026279435774919	0.7621471472177402	0.463854294737259	0.2856148873864203	0.3890107142297988	0.3970172182682241	0.8570958243536182	0.6318458319539999	0.34395644415660864	0.3200413695615185	0.8844330302005813	0.6136209763773595	0.2559792573532434	0.7651787693339471	0.5526885589524939	0.5929337683808829	0.3226999796123071	0.627548235653724	0.6397771383861206	0.525714306590952	0.6638504619499697	0.5414558470284357	0.47281242885701313	0.8176571705425304	0.44968346523977276	0.37471952940213504	0.5500615602355255	0.27670810183841865	0.441048674633404	0.609600344747823	0.19814218864596067	0.6231180410184979	0.5616090631354557	0.6726438672277564	0.6907309523513583	0.40921370215769803	0.3552995253512611	0.7043704814684104	0.5644086248270106	0.28073241393750537	0.5593344200018598	0.01555770054495803	0.8971881570824968	0.6781796103242429	0.44960056587634717	0.6939785963380983	0.23438089053716255	0.425168290049647	0.6499997270775427	0.3110460494124625	0.3645941474458621	0.395858295147463	0.35560355336743243	0.18962861592494978	0.6743480519233452	0.2530868169789342	0.2542238966157325	0.49909902973290915	0.3911359526346105	0.48423479598810004	0.7624217400797882	0.54490210465766	0.2700625885048987	0.5224025310330473	0.4355936226310432	0.27809347573071974	0.5397059611440256	0.505392038783784	0.21041609950944157	0.48843595206708856	0.5087448200767275	0.42975397109148755	0.8873992885475857	0.33464991701739394	0.6392966922615408	0.4495136321192774	0.4992873554343804	0.4356575712641322	0.7508842076972788	0.23777695872199428	0.15176230655173684	0.5132099953658795	0.5504181749050772	0.6961772627285183	0.9017151364869574	0.4592753489761593	0.32066202229231083	0.6895845587443048	0.8312648028918361	0.4530775175618241	0.27238957787327744	0.13587533418285908	0.4497169232779942	0.6926301474131951	0.08927190143834662	0.6318117405847757	0.2160256403438821	0.6993556396774188	0.23374925619816547	0.5915381838342394	0.5508281211435311	0.599656384470647	0.8307345027595814	0.48489023629245637	0.5661665558174547	0.7700324555500186	0.17091251102503485	0.4128740852974986	0.5914371464160191	0.06232732664257323	0.21867629096889774	0.7360041526379199	0.6535233775357487	0.3484471237786054	0.2738782098610558	0.24801590404373502	0.24739676855981327	0.7291570892745236	0.7171832469150196	0.2465233354160355	0.6282858152290407	0.5229410170603511	0.647110241823067	0.2743320673374937	0.5986693454887758	0.6614057207508816	0.4656120760778508	0.3703052627002683	0.36818417380646895	0.3385946020147272	0.38788223224180945	0.13207812845924716	0.8082652058939863	0.37209700581031224	0.6477405768020543	0.6991822504424583	0.4447280441916059	0.48555622892455363	0.47352732170647666	0.43698729428352134	0.6850512521221255	0.4875882079012932	0.5834088100647019	0.672510279744714	0.4570042946423034	0.6781602215699253	0.16690446381901702	0.46929765895073405	0.6288017115025021	0.5058709515536483	0.3387811281253973	0.6003854201738347	0.47494331103350296	0.7479311996076796	0.467515862719134	0.5174461863779326	0.17576772154594672	0.44105477427572304	0.6064838968647532	0.7657984920518903	0.51405498668993	0.5380171291395677	0.40410064517986655	0.3203784365057845	0.32821886296425884	0.8675414260741477	0.7711402482166951	0.6432914695236105	0.2588606150883088	0.32222719153266627	0.8575725119821414	0.4473352058906028	0.42420074314448836	0.7693411296275321	0.35684280651204714	0.8216480545580362	0.5132289669668328	0.5040494459437836	0.49924714867700837	0.6350649743909867	0.5932022982686376	0.4921314206461592	0.41814696885817887	0.37409119368494026	0.8230266876451657	0.8546619186184572	0.5845386596862704	0.5200438591655001	0.6123694404638809	0.6384993763536757	0.6157727729851572	0.21187851155254517	0.5253656976675534	0.26583709374873626	0.8153522210607148	0.3892163131663071	0.7173356365311816	0.33062143371931263	0.5217035916030885	0.5616261006652682	0.6610630162886474	0.5672105562977774	0.290021990823719	0.3827599978354615	0.6303978729991286	0.16405356555924225	0.38732954359154315	0.6558519763879271	0.6346017076362306	0.6636047902577915	0.5097149581251137	0.325492244378781	0.49949464032150453	0.3645482440204937	0.6220589831439353	0.29219102223929505	0.24423209499032164	0.30655560731109044	0.6762847424614458	0.5321339835912483	0.4778693290133401	0.4739600254987502	0.5383770884992768	0.7887355502894713	0.4971177065243735	0.030038554565375408	0.500711163917548	0.7868517131988151	0.27214039829243575	0.5267682122559222	0.502683290585625	0.45632799362361054	0.6369902116122547	0.5305974693532367	0.2864963066718819	0.34214705961894	0.4315378156962954	0.5607641462273064	0.5377261202606332	0.4874356079760061
otter	0.5866800146073381	0.482151654756669	0.8748145030090897	0.7181966576358851	0.7296666831801684	0.7849698864871764	0.6669604233334031	0.56040469057968	0.31508831597557496	0.8053037320364369	0.4352768935428453	0.6339488766475248	0.47278279885075297	0.7285837664563659	0.571744903702863	0.6938075375344587	0.30422868376375567	0.6683116810014491	0.14998715248355682	0.5949239748876575	0.3107861254863954	0.49041011176356974	0.16004298685103036	0.2355289657822779	0.3577274935849647	0.49916265524386383	0.5709597726405297	0.5954055047645	0.41040753451904877	0.47581226102154234	0.6436938625680815	0.452110578795411	0.6536146643398798	0.4550145583498824	0.6842832299328482	0.3767348838836636	0.7216747040714174	0.29845405175903755	0.7913582180273424	0.4806378117373124	0.6374640343238485	0.5458996633329998	0.8406816338979947	0.4887769969875013	0.605272690165257	0.5233047294946962	0.4226611085092824	0.5733825847229934	0.4403952296676438	0.21268397599603617	0.3356503978879661	0.9425762107512055	0.459975041236251	0.5806664090773309	0.47107847312447326	0.3590543588597188	0.7316016594818128	0.4537684510475121	0.584419667747559	0.3993683447551744	0.6493463051253995	0.6516886364204839	0.086140959252961	0.6840389436706039	0.869926084219775	0.4761643149190073	0.5970529740934152	0.5505359530975199	0.3583391567973245	0.44912613343982094	0.529072679519904	0.8317729893487056	0.29873363619287047	0.5364614595123294	0.5149031359061356	0.6774208982294587	0.6572194614832418	0.49292747594844916	0.6100488282698795	0.4389658626229701	0.5721031197604203	0.3568831095205381	0.291772526016865	0.7070975722207565	0.2699041059376688	0.5366092611701622	0.4906450922018063	0.13708285672919815	0.5826282289574045	0.6077364047393803	0.4543493859755815	0.40927609387981767	0.49726395314965344	0.5599604549215842	0.17827782963037775	0.1862895025131155	0.4653697992562619	0.4461309004196922	0.4767028043531395	0.4456603247905817	0.7321163759728795	0.5996978780918614	0.6729266401070975	0.377125484475855	0.45831238036080213	0.15781573648687391	0.4114558155934005	0.5388361151733186	0.607399911866254	0.35498947173109513	0.6268362105722955	0.8046908973671412	0.7098840504676759	0.5535470732469658	0.3158784174362118	0.3349501145980793	0.38970589307110504	0.31952561389164846	0.4973981963131924	0.42132411727060237	0.4965051397690863	0.6441986188805989	0.6624555494726041	0.594871990738655	0.7117417141915929	0.5613478551255184	0.660384151302442	0.31153026024621117	0.4578167764621855	0.5662604364270248	0.4804618769469341	0.528702674715804	0.6004702614388249	0.6249085337432088	0.4374570617360618	0.5731334244288118	0.34853713990072843	0.2873443555123486	0.7058145410246154	0.5105030229772315	0.6088621835482716	0.41264730526360777	0.5521831942759301	0.7040029867474518	0.3278540264748355	0.4655426390054751	0.37830233761721804	0.6476558207058825	0.2376421520980248	0.4885500298732799	0.45316044437962943	0.2827413624363394	0.5471916465011413	0.26572396708862456	0.3214990476609598	0.5421111746433835	0.6230002688313563	0.4802199530099432	0.8499908176487188	0.7235780950126952	0.5573832714819583	0.5072237478076898	0.8835555958819933	0.5342783497186395	0.6941497063175223	0.003429623993415176	0.6520032019523955	0.661093898960361	0.22224920666539102	0.4259312629439091	0.3465414383830905	0.2085384921497269	0.5449310133416524	0.6071542209739892	0.568546960278208	0.42004562830336106	0.27273423988609646	0.6098372370140919	0.34383876306117084	0.40402175069548213	0.12881764707880117	0.11836346468378933	0.7369563926570875	0.15172002259779738	0.6892445875298375	0.4334875526276231	0.348759499318682	0.4524102087075263	0.5641554820095539	0.48540507398757343	0.3258442714176961	0.4629913542433446	0.5690740045001318	0.1714637866363837	0.19866141401996917	0.28769228169388933	0.4607654897224742	0.74287971115698	0.4361411703159582	0.35510825554445824	0.11774917997989548	0.2821348376476575	0.8244013882180246	0.9117704147075036	0.5773671111209415	0.4336703146169989	0.22535089073031594	0.15609765277290796	0.5015453723443725	0.7068615868780137	0.7162118729783234	0.013765273591813842	0.5737871557608275	0.2812583749942775	0.38282628777315636	0.7191655395828801	0.21917783383048112	0.46045507223545157	0.927962818703864	0.4188127361862196	0.41765633632390786	0.5780617323898681	0.2676247434421177	0.29997666376034526	0.6775880603559484	0.48246478647367824	0.41077014229612574	0.4249076222362021	0.6508660573945104	0.40359934725820523	0.3517139913481265	0.5000759481488618	0.7999224436916932	0.5895703434391129	0.5403460933529894	0.6811211932034508	0.33574000990004327	0.3453521618569211	0.28023885661017	0.2380065378171603	0.37207682047043744	0.32306520170150765	0.4997613337068566	0.5503154072304014	0.6962960515560026	0.4667448818896111	0.7465176161310251	0.1286643647898904	0.6825273360087223	0.6514068305638958	0.45809458829865746	0.5633641578356214	0.34674545643780247	0.6634662341948298	0.09323674119121889	0.4799814695618214	0.13166339011132583	0.6688771540771955	0.27665464737908513	0.6084241603948001	0.8480781733517316	0.5896620501662506	0.4486963569037007	0.5115089859552341	0.4465026594863343	0.5577815978909556	0.5180465601084853	0.25460121465393926	0.48459654697163834	0.46753128457648685	0.45335725112839	0.45191329736241814	0.2455567407940886	0.35630789869231155	0.49698272544690764	0.727177721051145	0.40530081113180155	0.8215426437033818	0.431991932663267	0.41700955078559604	0.5401538192541006	0.2556198570504943	0.8017041311677351	0.391235831821791	0.5841036194078933	0.5575271921593246	0.557724404931251	0.42127672409189837	0.6178073298503859	0.7735580992834769	0.733504326406156	0.564935041732264	0.6798070216062368	0.09616337464623942	0.7280827691909109	0.6691782224669222	0.2963289561270842	0.5367660504118085	0.634416101979522	0.34600462629843054	0.8141286262579602	0.675405373355896	0.5812338201256946	0.7523522657548668	0.3179763657816935	0.4075217171426	0.5426771182614765	0.24721090255217634	0.32989637094554086	0.7721969909647952	0.8412568955365491	0.42675142057377413	0.4607002129728287	0.423771529301026	0.5881446904451995	0.0722498820463573	1.0	0.420778481704169	0.3735676331604995	0.7023202559020094	0.17762966849443224	0.3908473898342647	0.5429236689807788	0.2749426337523293	0.6675826827457817	0.5839753408845023	0.6367253492221643	0.137647988574501	0.8681756575483779	0.40440775114977323	0.4882862627898092	0.528984690066705	0.5924093005980139	0.4861808140056385	0.41486958044907846	0.7741946991727553	0.48080570553509416	0.4501820444582737	0.618309393062106	0.6320655003014919	0.6400234509885742	0.5033736239415509	0.4545638945008618	0.12293356868021665	0.3735215544856877	0.5841091074595677	0.5701039922807609	0.12602958460408664	0.6437186353091221	0.6812548150564086	0.46154670816763993	0.4999345223425604	0.5833156293817766	0.42230928093553655	0.3967832872995573	0.6127355136890216	0.5517603735375015	0.46453036243834883	0.622983536809113	0.8494160234558654	0.6343564522280134	0.36252101525331787	0.6807778350257809	0.75439272364714	0.7944011398443833	0.13146483436668183	0.5950391356826874	0.6729593998736022	0.4587033235157379	0.41596183749696414	0.44512635618308466	0.22802492669135732	0.358356310911176	0.5601479071716841	0.3207896905440303	0.4760475636634467	0.6530196095194302	0.2674312964558644	0.6264170733632001	0.6852682941783088	0.5611330730900742	0.3646980481062567	0.5958469123806696	0.6211076333508554	0.4470214429484942	0.8111870999602862	0.27965509191521276	0.46486154482731434	0.6523062617054987	0.7177331661600689	0.4717087480967499	0.28199991860104207	0.04003218127085806	0.4904053015360756	0.4511094836311732	0.5482551618027678	0.48133919005650255	0.1135150589814275	0.6614462308040341	0.4847915668445549
owl	0.49873163242316276	0.8827351335496871	0.8234919265163801	0.5022620940772475	0.49219458331552224	0.7819912017950166	0.45375951561277206	0.3360465030254033	0.7696186314591893	0.0	0.5081176353062594	0.6379318784396049	0.3274532077492963	0.9302561955132262	0.4945986686204083	0.26962270573038627	0.26360982647289444	0.531513883369936	0.39192122715171035	0.2605878006279118	0.49273568769686227	0.3799029637966086	0.5448753859917986	0.28664390221776787	0.5139019442242846	0.7877091881597786	0.5838961592112433	0.3593794477929114	0.7106573814862068	0.7330776680822573	0.8206541397441515	0.2751970980819539	0.3687798940688031	0.494319531434635	0.504727535147197	0.5131887197539308	0.5879601055031446	0.5645772941846652	0.46673178575871127	0.38051501850406133	0.7221250840729935	0.44795186841519136	0.2581052167085967	0.5514289794832496	0.5809615799418266	0.43389892590313717	0.2747245979797388	0.819468239772164	0.7623473840402103	0.7897375752276847	0.3962034046449547	0.3075205009682409	0.3143907234384218	0.3012436596317782	0.6134767282437796	0.5807554472868853	0.6444471783932045	0.30783312436303634	0.3407291790516833	0.25501926150259113	0.3463386512913862	0.6034380947413895	0.708803718602768	0.5184976253152345	0.4635388206729636	0.499661936688926	0.5119608788330876	0.6082230191184589	0.4676739310917683	0.8415273921680436	0.6041567221359976	0.3323500245895026	0.4541729836428452	0.4762464336132612	0.01389203825948504	0.6767380070320451	0.5160303425333275	0.3527698533299797	0.5243359299569094	0.4299820509472281	0.6438183288196555	0.503372233722086	0.2550100068403155	0.3331348059353019	0.5844222467025587	0.7758982138250474	0.44224253158297944	0.47010425997512806	0.4879206965844534	0.2407611810594681	0.30606685961189783	0.08599310869422411	0.3379221297742767	0.3576060119073938	0.4081059119663909	0.31264418303619324	0.41481315768526716	0.4044803589280006	0.5443043541117769	0.2964379385516908	0.6869893119811514	0.5336567273749016	0.7320873765064969	0.5635857638004378	0.42123661467921203	0.6165135882345172	0.12414972580692002	0.4412544549113225	0.44307088062538746	0.10846334000642677	0.47966059798176686	0.44942092263090355	0.3494437232518259	0.7385400942704654	0.3820089537130682	0.502667799788236	0.9102649602316123	0.3128811864576692	0.5201534200100125	0.5147458952424453	0.750699216457974	0.4989851627939316	0.753094684704378	0.4799903187367621	0.20109687358765388	0.22872254225210314	0.7081168779028035	0.39174757033853863	0.7987459320553221	0.70743720174238	0.6244711668124895	0.25279334430936495	0.7749703163996028	0.4457188952826867	0.6405585497461486	0.6886152671340171	0.36779400162073	0.445933164065598	0.6685741511548932	0.6445747039897425	0.688853682509431	0.6049443439826276	0.494672977909507	0.11264769054813634	0.4368453218459213	0.504894700320247	0.24836353503096847	0.37294119421369054	0.3013391343146937	0.2226118058424125	0.658350737441136	0.5563864153912119	0.32006490768016455	0.6670369431878512	0.3996156479920596	0.6828096661048828	0.9969031455287634	0.3881908304103131	0.29124461935670787	0.09873863688175588	0.8507498646128007	0.4469440878143133	0.7308540402568726	0.5103090315567542	0.10245699527896834	0.5085636798272959	0.8685451322130155	0.5006737336352904	0.497051138377316	0.4424785648671347	0.5041154956919616	0.10933816089004422	0.31734554067312715	0.5871289207681165	0.6233563702048364	0.289749599668086	0.16862458718011408	0.642894606499593	0.3940798158097404	0.4295079651134227	0.8566827456081806	0.254676777942239	0.4094286070860753	0.5540977233263993	0.46716173679636014	0.27141202629857614	0.3085228031582724	0.3173507655306006	0.5374569917459096	0.8256555448517123	0.7421418832167499	0.3575433567874978	0.3459467908552253	0.6680334837759732	0.6563421793521395	1.0	0.48716170070601883	0.6561545605068128	0.5373632851024531	0.7301386876187085	0.4576660715557024	0.4944498345353219	0.40716037721693865	0.7488435729728157	0.5805924213965473	0.5167907704571166	0.5836593956156664	0.49495429896202536	0.48644719275360093	0.2510868355243531	0.6636820409591313	0.19770447280414016	0.7434833300929367	0.5173120212174668	0.7889113640292268	0.5449613801904752	0.5829623934433918	0.3059168206227506	0.3060135455117374	0.8075228580647815	0.286923771254814	0.4800674067213005	0.7056130608093674	0.8360023714569458	0.6739718555045746	0.5100884082016022	0.4260942909787293	0.1414595971005953	0.6744546348970825	0.7040739260914785	0.6598602946714722	0.761415317907517	0.5922705931670972	0.6648265271179837	0.5766628287650769	0.4571996281413422	0.37030264151069286	0.7909159519757829	0.6127095867022324	0.40094173294930713	0.5324838061010692	0.46047643873995875	0.7598828391293813	0.5188131673907473	0.9802414694812494	0.8799952918487184	0.8231215511837346	0.16495608741652046	0.4593632535578745	0.047971522940821354	0.424849901740271	0.7474745337678284	0.5176932088850789	0.3512101824920093	0.5126574826263594	0.49303263974391587	0.16753303499708821	0.870547871548341	0.9360602620740903	0.45627426672114924	0.6222928898274999	0.6529475130538244	0.5776680229276816	0.24981584371275278	0.4659458116182335	0.5446816237240923	0.6168297999578762	0.3159636935752939	0.42587150151521047	0.5366380188241802	0.3747323412568735	0.45339244680655366	0.4735910102822213	0.7030921289274765	0.6450538939364074	0.35315307068470037	0.45552541757209225	0.28601642712681846	0.721018698354949	0.8111724754604169	0.03275674506499962	0.2788953534555611	0.8378359561963702	0.26053063871026944	1.0	0.4336239384902666	0.5287635857626504	0.1426626319515274	0.5275533121932298	0.2976765498164041	0.04397490095740325	0.526535470311419	0.40705040424085237	0.7535353924945097	0.39664573482661364	0.5640210535114513	0.33182828796287067	0.3860109155711611	0.3299421014656101	0.7207708529130509	0.4828497192076905	0.8552100762355013	0.495120538386338	0.5899107412328467	0.5757907389243223	0.17955790008013783	0.7675836875466554	0.21222633729246942	0.2900571311364821	0.6191910227537327	0.444065933297021	0.6280356217066281	0.47584392138381854	0.38310366089015546	0.45088875018352487	0.4936827646585722	0.5138037403419289	0.5058673633539478	0.731923604954362	0.7828236030443907	0.2774945423173037	0.02036237070035346	0.43235496387929234	0.45561934576889174	0.33767347374319934	0.18509234259454155	0.5725255611647865	0.323726222907027	0.21281772962176532	0.6287016980550245	0.8281317108600502	0.36134504846010956	0.5355056806667466	0.26712391572533517	0.6231942409708113	0.6991489530619852	0.5938480586884597	0.615436664674657	0.3545433468918539	0.5761142916614692	0.6486483512037194	0.7019890591973332	0.4292359758797875	0.14481060983134478	0.4804881470194172	0.4980781599171572	0.5722650029921048	0.05780788671998438	0.5662690376794857	0.6852534078968596	0.32632749631283275	0.28641195547677156	0.4821298907805305	0.6729862847241312	0.5755938548726464	0.6973490367744746	0.5313010314224551	0.45654313463185575	0.5907724281485568	0.6062177394728075	0.6443343878305124	0.3971356984292944	0.3718591249108998	0.2141535360403543	0.5377600134187415	0.517084738422009	0.9661279872288044	0.4558303913101539	0.6281238778987286	0.557890726354182	0.31363094228377075	0.5200730461750405	0.45644203530583627	0.1756557602613371	0.4769611535349743	0.1291305746810938	0.8260588630970329	0.510353907163428	0.5380381831334705	0.5757783839022435	0.6363703829302971	0.35861241840385033	0.6555235331390227	0.6066307011489634	0.24013144529330022	0.39396596095688197	0.14685742520590106	0.46692315812698154	0.4418730864971307	0.28919815749428285	0.6741179546917281	0.2260728301655357	0.5449974573064879	0.540261533879885	0.6632326462592071	0.4577847183350924	0.6491783788773474	0.42794404332419855	0.4326809534952838	0.40864726020374936
oyster	0.4089017692191612	0.5707283986509385	0.7257595102563755	0.6356990268707756	0.5140303616324822	0.6434768197098042	0.4243089936678386	0.41907561865352305	0.5201566693404358	0.3424706401834043	0.5198006715039761	0.7708769997943969	0.6485087266939902	0.44219163008697665	0.6762877166498327	0.6140718444959441	0.2750924042353834	0.6986228846835585	0.07998441475557194	0.28639133665233774	0.377392221983722	0.5727393723617968	0.5300924426053417	0.30560603445365736	0.6686219228763424	0.7381684397823154	0.5357341816011125	0.5222987989379243	0.608878077945532	0.686888575548751	0.4467677816897334	0.3503364958052814	0.5331059768194217	0.43437632862355	0.6064923689918815	0.442473457452112	0.48792005051076914	0.7156742081993697	0.49798009942456817	0.3871012114395631	0.545694573799229	0.4644915517992416	0.7286390685572441	0.46021009225969767	0.5866432146560923	0.4186129829817732	0.28696734606117386	0.4986411652631054	0.4609549557954725	0.4034745702504632	0.48290508406417265	0.34440277855615786	0.04820868573253445	0.5548993723449291	0.6030533934653032	0.38398239785906857	0.0	0.42334085306032615	0.1478331636924417	0.5368360627471165	0.528446406693936	0.7555957288470596	0.7741166839874956	0.6270836419289795	0.5301567676280851	0.3989572909267451	0.3660569907078603	0.5001778037187407	0.5252187108952431	0.7195322458850809	0.6113169436950375	0.45049864387320177	0.5555403020807441	0.5534892326944938	0.38185099617797497	0.3918581557645082	0.8016406461081904	0.4392058520454446	0.5034051979008283	0.3928957844432789	0.5749978869859105	0.7512394134507399	0.3397817123581286	0.488639276623274	0.7326126273374088	0.5271708180959965	0.4262557522023806	0.7936615789016553	0.8422915347417776	0.45812110152820373	0.2626853296645467	0.5510439458024132	0.9336572932276987	0.3772475316124429	0.271612457524522	0.3348256139683181	0.3047371717248753	0.7990520045445093	0.6714264730067927	0.5336842133961516	0.6765475759610976	0.5313154216095802	0.4737216898015214	0.4485072343009845	0.5086049236514262	0.5551548878958689	0.49804168653844083	0.5051320526712648	0.627207545579417	0.42407046368903484	0.3905765590726157	0.5551553363705286	0.6206287682979084	0.629751569576876	0.11004082749597993	0.536981080499388	0.5577355229531065	0.7484776348698124	0.318558012802551	0.45361490960843104	0.14439086729845696	0.297340669532767	0.32962234139827606	0.10481518555645614	0.6134563020530408	0.6137387828713012	0.5865140681542907	0.2855390069320749	0.7761947814956889	0.42941608453403735	0.6249049943314361	0.2963778027077683	0.23758285624754844	0.3800900601252005	0.45145949247134504	0.6764335049470119	0.48273864475598693	0.43572726772793846	0.6011475282381458	0.5548406222761284	0.8028811168150611	0.34814627351049254	0.7555416535521373	0.626386720953056	0.2254595573727598	0.14727683211535486	0.16715089183008386	0.3731947139539354	0.037256199374643306	0.3540364860970179	0.3882462310070094	0.6224232407603552	0.5536276658967927	0.4535860744263446	0.43642421864565933	0.6093028332786659	0.587975531317225	0.610310511343093	0.8053640920271916	0.4102947704105677	0.5040495447230066	0.6599343654718066	0.5307272319348036	0.29627179356807976	0.35754023864406437	0.33822246730804567	0.6337536252973961	0.729134490126081	0.6144926894004381	0.42545503174163196	0.3813544174739415	0.48540889505059237	0.4596406739085781	0.6658269018559348	0.24855435050197297	0.5109136948251626	0.6469426833195657	0.5297957314474664	0.5961597713287717	0.4736766720305458	0.4119273394127646	0.3394849670820915	0.5177197581024826	0.42445556411404917	0.9841963284991696	0.3526811109286059	0.3844129658902691	0.40508051049225896	0.6959413005218857	0.4693146044642394	0.6528341498743194	0.32869062267754295	0.3770339396560457	0.3504944596277259	0.5762249402194706	0.5865133992068601	0.34773037182938726	0.6742856028691934	0.0	0.6777383217313129	0.7244524621805251	0.5815725660238774	0.5207052613608669	0.6840552069351169	0.3484584304461682	0.6300604051780109	0.5427198041268165	0.36961929618244904	0.41192770821013924	0.5652938448431174	0.34306455953491244	0.4282357934472397	0.7707308260096923	0.41262523926734335	0.3181625982429031	0.5427757090641316	0.28161477428830495	0.2339587267580242	0.5040666343561061	0.5836487812152338	0.680233514703261	0.44250374800935116	0.6073318024212487	0.495352892069496	0.5189809587951854	0.2619854906790039	0.4648833854067991	0.26595921344374646	0.7276610447889196	0.4294752575889686	0.45247964312595984	0.6039261176126348	0.6286182115941185	0.6186087857199164	0.7128765299919079	0.49376985497321285	0.5220862706195458	0.5456141067054079	0.49886546133657755	0.5391466253724143	0.4352204001394648	0.1577518629121189	0.6716083562136852	0.5619484839218549	0.807539396275923	0.09734817253249484	0.09961061045446429	0.41589120853806494	0.4977668097573615	0.6723675839009521	0.7435425376869884	0.5721300263274535	0.43339555912821404	0.7212169140778087	0.6958406565164447	0.5588463799992817	0.4333653649976521	0.05148196895001378	0.4183459068772704	0.6909251999250873	0.9074555851318373	0.5330410351487591	0.4765355297226503	0.5332460111442373	0.574178664824198	0.8762033507650862	0.4589707166848077	0.8763533394750995	0.4958914874059591	0.8160964447300065	0.5794073508600838	0.8361689569745181	0.5448849122582474	0.8333910103120054	0.5613445004190392	0.37715345693974955	0.29953074566188775	0.3488902427130771	0.4374248287751755	0.5382093174148392	0.6216290255324037	0.2815922754775382	0.726337397278953	0.45826458493880035	0.33903382404450744	0.5119833478700809	0.4344929560289291	0.5253782164732949	0.45448811171962855	0.46855952751412283	0.36330700251958437	0.35050998089145974	0.426196343896374	0.9096107018792938	0.5072477384414112	0.27378263642647727	0.47913947066968543	0.4772397368633265	0.6933950451019701	0.4361857586826452	0.29161125698717183	0.693721589698912	0.5083619103027411	0.492078899924098	0.6628881109261611	0.3786536536598226	0.27409538659469845	0.27532768868018664	0.32762609845933194	0.5837473179726627	0.3793779996533467	0.5026070181958163	0.7213289705705992	0.8617265687408059	0.6707479348413037	0.432191232084143	0.28737010428785004	0.33367443805102637	0.454385349216731	0.6697464059351149	0.6992863733294311	0.450644107734297	0.5150628188460424	0.5459302216547897	0.48630098783801623	0.11806338245226966	0.614876558789846	0.2520351195357011	0.4376622153602293	0.42388465354700805	0.5996451197311905	0.7371081487925272	0.6056247348196075	0.6363413926301513	0.4109154359598352	0.684634796569155	0.45800032333069024	0.439731681024588	0.5137755012745757	0.7044737647548496	0.6998023677649282	0.6679997224986036	0.49562849897970174	0.3672545417691662	0.4363354973467172	0.6358191993054608	0.4479998743095094	0.25584895242822114	0.3313382802823899	0.350574425636216	0.43758034164103055	0.4603988711410014	0.5919433241786654	0.7234401736494196	0.661822714736504	0.4476452292146877	0.3474944344941225	0.3579419308088005	0.8855447750496792	0.8080453410904084	0.5229911151056756	0.27852739017466527	0.6886505209538787	0.604671275576161	0.3147867678136481	0.4658639297782216	0.48542504632977224	0.4859028628507369	0.8344707024264313	0.5362158953313375	0.21229875122958994	0.39466414820605433	0.7108742044597649	0.41640010238825287	0.4511567542848324	0.4626243356125256	0.4972444681264042	0.4208409599357469	0.8234185697813655	0.3677204300797612	0.28760932163710934	0.46353157646875615	0.4443899810250215	0.5437575364138283	0.3531331776147518	0.7142496815956666	0.318113723897867	0.3323968186413651	0.316008653565767	0.37699098455163305	0.5274304179045527	0.21601290852571903	0.36086935326928826	0.28547842750797797	0.5562196124726428	0.326173957598904	0.5579897588441101	0.561453944418242	0.2419784064871891	0.5364522691127641
panda	0.5012426886504141	0.672498665385673	0.6399220047750179	0.9999999999999999	1.0	0.9854274735391002	0.5118921116194866	0.4903060910619899	0.6744376617813063	0.34929386513962246	0.5471268579909127	0.4496019130387172	0.7861477780622672	0.14943475581406598	0.5869061268515673	0.287057984782607	0.48394710608855385	0.46191913071571583	0.5114016276318016	0.35410023038099253	0.45741277038362205	0.4934035793819771	0.7467664141626147	0.542400677407311	0.46526553114066477	0.7262370048692461	0.5383611705409771	0.227843303263915	0.47688377097590606	0.5087224588224916	0.6979923864687875	0.25082593944962017	0.6953317082911532	0.6153568323011785	0.7463807976976182	0.6612439257775335	0.4618557745545963	0.44857420201408943	0.6405033104953555	0.20835650243991155	0.4676703077750263	0.49956401462136824	0.4101807495178103	0.2996281358615278	0.3707458423491049	0.7939371260606316	0.5767223193080553	0.6558205564300258	0.511209150953316	0.3596337091111344	0.442796944583629	0.5664876584161089	0.5163808528505657	0.4916071224136374	0.568250172323005	0.5312714715280406	0.6591340189849634	0.2871180550373751	0.5855672611868183	0.578927774490357	0.6102620255726993	0.7363563939739579	0.5481480804609533	0.6137493619202582	0.5231698000629355	0.59123772747423	0.49687221440596013	0.681593463238608	0.8671785996604373	0.5419897891230236	0.48197432689200564	0.7291185670320913	0.5761045709904937	0.21646916062233704	0.3884290674924503	0.5438155949469905	0.32270925316693966	0.47608881757393756	0.8166901855107557	0.5829742891645427	0.6121207820001018	0.4500247735539836	0.42365145977604224	0.7418608205982041	0.6043095298360512	0.41613682759753046	0.553043204738139	0.40038241233947997	0.4527283696185333	0.44148755625882913	0.6609715262713092	0.28003771795971116	0.32316682950159853	0.7442002182478404	0.5669969533590556	0.5032588847041731	0.2531469723767006	0.38943050008991903	0.3595552283340874	0.16563648702730702	0.6139564946799208	0.463282128139786	0.5533176488557825	0.6986695256324265	0.5809126213908208	0.7241536336692469	0.22408062340032192	0.3397795197646085	0.37189496985637344	0.8426849702662889	0.8586261747123156	0.2846405672844208	0.4766932566462483	0.7950734836111555	0.5988546596704956	0.6979006046722075	0.581502689543465	0.22029821272677236	0.3776554407473992	0.672203713810237	0.46798473813161895	0.5252304092868175	0.3603128434509326	0.3502219753494202	0.4611103376200297	0.24087297526855056	0.8229960640601666	0.15392242582112967	0.6373434551117518	0.5222247398750447	0.4539505341240273	0.3774221125213955	0.8158992640254905	0.5051059478771895	0.48850472200997497	0.4735356644518526	0.4910764542825209	0.4865282292901274	0.7652902632265469	0.4734927303420842	0.4438888885060497	0.4516755850414467	0.7283726254792455	0.2982028450600238	0.4027872852871586	0.45868252447785224	0.4943296081816546	0.2400494614415815	0.35983680878633434	0.48107015961794325	0.33408623892599826	0.1543016778831216	0.6446160509001644	0.32792637296723826	0.34419825710769564	0.6046401249770007	0.4303615379115685	0.48964191987250877	0.35183244622630966	0.3615710507244666	0.647389912903277	0.33321264506015585	0.6746551207760437	0.5360319326438494	0.14275831066922268	0.5873251308890173	0.6679106652336442	0.6365258657122734	0.3239648093244832	0.35978922897352805	0.5784643742687398	0.5922324925879416	0.16561724811496042	0.5320959411466002	1.0	0.3942564930296618	0.40831489335641646	0.48371173579646154	0.41396666591376274	0.3350693129131492	0.7243929714904944	0.3739832619473124	0.778371987595842	0.49331031735938513	0.42284057214193466	0.254789392592779	0.34211268661678823	0.4129519869636664	0.5861307883868699	0.5852840171903096	0.3677381634624506	0.5052966929688455	0.3782644686185876	0.42064928170442956	0.6123638971348244	0.43603529635572164	0.576503493668221	0.1984044404924727	0.5690368105227768	0.2648653248230999	0.5566164340295864	0.8055182562652381	0.7334219173489256	0.8460376649688621	0.5460440137410902	0.4736385998895482	0.6038989764564691	0.7778770406972528	0.9859236424729741	0.1424923096800892	0.5688711754816653	0.02677229976836054	0.4272012362191722	0.5701975089554026	0.7737867624257511	0.8072991176008573	0.24275254316674927	0.6679287394306207	0.14078143350082012	0.6218193898216304	0.09325712653399715	0.3663285328045647	0.43046881029636686	0.46600394896513575	0.33953065751822475	1.0	0.3404334029858246	0.2999975719062289	0.6081844194124044	0.7564521478279933	0.4267008377050797	0.20401579722787094	0.4909321318841666	0.6996672812220849	0.681360887728157	0.3332250571370413	0.6417257962292188	0.47835315180990384	0.2933675495235435	0.6107518603056001	0.7751562834232932	0.3453624526574962	0.7841142597793131	0.6689440159983097	0.7877331999564066	0.35331631909598665	0.3955761173577916	0.3621383770135749	0.6816804942208284	0.4021086621468939	0.40642387000732766	0.6964509723915759	0.4549750568676267	0.9632182207842874	0.5224175097826236	0.47340577849220744	0.1284709928517252	1.0	0.6315330134611157	0.5519851123030861	0.24502993613812302	0.2402585776954712	0.33825385088673676	0.42880068294915485	0.42507476615760836	0.3870117853270986	0.5724392134192956	0.5766452639666901	0.5916808399142663	0.7174045791981679	0.45120077753907506	0.27388435414296664	0.577900604120205	0.26688408049440693	0.4190609542280755	0.2962607281766137	0.5504940243718195	0.6186967762434549	0.5779667876684862	0.6296621119832775	0.4709843959388498	0.5729367473505946	0.6842880655218608	0.4090658780051699	0.30131992048654377	0.6623473004317116	0.6591677685245015	0.4272228147531391	0.6098957033885329	0.19598386991007283	0.4482502118906052	0.7228867822752212	0.8900102949275897	0.4712579820586185	0.27892940881764805	0.5686079024955377	0.387369663132697	0.3200704552308115	0.8731374010896291	0.34588543910939634	0.37824970896950527	0.6510375966791708	0.7887848752997602	0.30250962789530633	0.4441227206802296	0.25122901062875747	0.23542878200442457	0.4452153564466599	0.21171810242601252	0.5358021770445514	0.5169315030440076	0.6817798301331509	0.1673364707524519	0.5881587585338297	0.8693875091697761	0.36887751752353026	0.11469735028143768	0.3360182619540962	0.533380278220124	0.3799592431335812	0.29337329778847876	0.03160360007535956	0.28075340474194754	0.3693184660490222	0.4332420390661912	0.9341177344950577	0.7167087878954288	0.6888130881559598	0.41670253064923823	0.5508098142321498	0.8620675829289828	0.17726046520212446	0.32018701891475854	0.4574638757511461	0.4704594064393248	0.7012114734704917	0.570993716751725	0.3957826896945061	0.4882899010029948	0.35610528866063684	0.32230058264153044	0.6080825515585163	0.7563578465871538	0.44154208637537323	0.5441424425692357	0.323328939882041	0.42895737996438743	0.4366794710280946	0.7054960541447302	0.46672504531589193	0.3261940981642333	0.4987836319301981	0.5026540976044193	0.643491245060299	0.5673617871782365	0.7002313182899863	0.14587613850082726	0.586444448976758	0.06885288454145372	0.2321208188884034	0.5099754165487623	0.3442295345036332	0.3795908798011136	0.41353560367475717	0.423258149975072	0.486810390244284	0.6201817841073659	0.6228283137717839	0.3092671612199819	0.42252786398829967	0.5969792033865955	0.375329511830264	0.41343689171577647	0.4140952204015024	0.35064432602103374	0.3616313168117692	0.42707313953706677	0.21372080779670796	0.2572307525556408	0.5958752492116794	0.8324412752602207	0.2878937350674388	0.6864725332016874	0.9993127942024833	0.2018145695591393	0.18570199759431644	0.6455138616185272	0.46767147144982635	0.48135182334145266	0.6119036776682506	0.2102145200869623	0.40798839395979936	0.5664155858992789	0.5879238982093749	0.49879588766020694	0.4750338342543499	0.850018331515394	0.5113538517237427	0.1893543947743163	0.29709498647338867
panther	0.31664250679662365	0.43849212284716765	0.4856829816352217	0.46266489627612384	0.7176045376370876	0.5555119278252926	0.47340869757060045	0.7405677851270683	0.584149424101703	0.3416281775016307	0.6269148036833145	0.2049376895888468	0.5343541826952404	0.06370573671988211	0.3668417864718888	0.4642001007117629	0.42193256849162214	0.7269017878780007	0.46699208577059526	0.600587265062986	0.46495045762498266	0.7067833118385827	0.7151711004593369	0.49547188711774287	0.13792924608705492	0.3112796032226004	0.0	0.5190801899506324	0.49812754544141713	0.6306909412584235	0.5840871032387931	0.5521153712217446	0.41249397813204636	0.6550810472475396	0.8113613343635993	0.35823434038553476	0.49934367860562545	0.14274213112848066	0.5907319961594671	0.5574381192426038	0.5348475942816644	0.6994886496240929	0.4014555812600528	0.6084672661183723	0.18940664280768638	0.29698752226268343	0.3101688330595377	0.6728494504160648	0.48535925580291966	0.24169934297812318	0.4195586700795667	0.2993403677948	0.7162015284527611	0.4847281011579531	0.2518409393706099	0.17263656590282594	0.6256620765470253	0.3913493038604032	0.6700238331777422	0.6584748564566478	0.5696652865099867	0.6940471533676458	0.4228822080436892	0.8781361223913146	0.6592483545236254	0.47485918908741453	0.39988292500436173	0.7460420072609149	0.21073788237437308	0.6516545121701275	0.5028124971227964	0.4947401501020707	0.4632583784962501	0.5323246911231347	0.5891260640745155	0.5678475886638921	0.3627411375177938	0.7700498922058474	0.69244424143486	0.2850628212294189	0.6185621651156888	0.7716545598206388	0.40967347307129204	0.42006628865486867	0.3541694739561081	0.42220761981626315	0.42676673543342775	0.6837654198748305	0.54817588132309	0.758619842081943	0.15269535123961797	0.6047258818020202	0.18363013704647335	0.1872822828494877	0.7443910301900305	0.577572541082686	0.48627235977582517	0.5992846520097799	0.17923037214143828	0.2848381871612494	0.29893376710558095	0.7207325533131105	0.878510167190514	0.5176492864080902	0.5143135656144295	0.422112800513806	0.5256166014493724	0.67306074122169	0.15546824834345685	0.8360564275927542	0.6606923438133863	0.3524781383172998	0.5990017640230901	0.7210204802790975	0.6840357998037296	0.23604435846735927	0.368096858831328	0.3840969300817662	0.25607360550881764	0.5639195009029793	0.3730442792115207	0.5703816126218805	0.33730448865499074	0.40780095001407163	0.4063701124761661	0.18141123940685955	0.5441519921750091	0.19962645290047654	0.594015489210605	0.38260520978453716	0.5724367268155186	0.7098724491517456	0.33829056019999404	0.6495814570571792	0.7706643417370518	0.20150028908554585	0.3226913865877226	0.4531581679828175	0.5012793012097674	0.7329175594601467	0.9126999474050244	0.13019399767038486	0.5112555515556292	0.7143327762004817	0.7784466898815584	0.35187157722903195	0.2071101486001194	0.6274945774081951	0.5873269646907717	0.5475138177976537	0.3640415114577619	0.3425256094149827	0.31250121793987645	0.6186912504878228	0.7132032041769255	0.4300599082517378	0.7140785767727309	0.4097929695619421	0.8008374109265299	0.7307138331682123	0.24025930223277936	0.44034139168688113	0.594370118502872	0.39459830913963007	0.32418184413852663	0.37243802815022775	0.7287993780717136	0.4488239023383345	0.6475599478689044	0.1612812103909314	0.32816671464437663	0.5449298736421329	0.33862210193205106	0.5244657117949583	0.3370539652669696	0.19163757074482224	0.5993606594410239	0.4599322748865473	0.32806856097605813	0.3087321471669281	0.7027934878930763	0.1684344601444543	1.0000000000000002	0.9135125563336803	0.7610635431527953	0.4599634978215951	0.2956883708525352	0.34476523870137454	0.5495528950509609	0.18603553388852145	0.7369396226199305	0.6785112012674777	0.45895869629831115	0.292519326784194	0.4874232455113971	0.5786215273659767	0.8224620410809234	0.476741434957201	0.3954360911658825	0.630975107351553	0.658331897694612	0.8592372216062014	0.6924019747664696	0.5934137086156277	0.3795059589944796	0.4157372703933766	0.20492855101412877	0.7435648604866851	0.1934594037142625	0.1915196061971895	0.3163067889376838	0.3447969032400749	0.3647323393976812	0.5748175531976423	0.6784746836327888	0.28503572395997623	0.46841945637641674	0.5505554808613206	0.23922645463280565	0.6932782773488837	0.2202406217526789	0.29145773914965645	0.582557370455163	0.5157036818969309	0.565976376195047	0.6785881716897992	0.3300522178705645	0.5016489230236539	0.6434357933939604	0.45156362982984943	0.3011667562793082	0.45554536739264223	0.5128821797865206	0.435750505108583	0.865177419417539	0.4438384686789713	0.503487649859175	0.3069432772831611	0.22758591844707937	0.44591590148075727	0.8418875208509927	0.4944675502844067	0.3013326872182239	0.7199083744866621	0.5094143112385789	0.076998942760309	0.5764567662015807	0.5088905135422477	0.8762240891542041	0.5030089636060538	0.6464397216240023	0.5097294661452708	0.3464489705722648	0.9480168178987074	0.17855818536798745	0.3575085135569516	0.5206105879105867	0.4866806479196345	0.5947008535025687	0.6168888539970383	0.42888202068640613	0.20315891851175638	0.44027061841355797	0.4782448264935817	0.5436539153827605	0.20107129745116553	0.7729586968305262	0.7477391272678746	0.7388588088554993	0.9360106047083692	0.33794130529607597	0.32525763443842437	0.46728506384284063	0.4856835333424904	0.49443528541871457	0.4830359917015838	0.5742358803547876	0.7561198154882253	0.769279272675736	0.5585562021632189	0.5035988910981585	0.5499302778825832	0.5112118728559507	0.2809208428118193	0.4916071570200731	0.537282112691242	0.7881232088924341	0.1370372674639342	0.31573065361012065	0.341985157578399	0.7274342623385186	0.49751236641324686	0.6605536639003082	0.7449995396960934	0.5032789741778667	0.6906203545336265	0.47357716353176105	0.4772052889418926	0.6710407524139511	0.41381696850306576	0.48282818862052246	0.5804383687182536	0.5602066386010378	0.4539061794274777	0.521935687123712	0.611364195419562	0.37996174829887575	0.2546101515616924	0.26260936235918453	0.5264979510338432	0.5244703948355196	0.5035328863288834	0.6525520729601572	0.7294205911180728	0.7198701065048938	0.5313613319014282	0.2538552299246772	0.3308220493338595	0.12373588480377595	0.3245289461548333	0.6944947663108433	0.6787138401444708	0.31084271461861235	0.6112547646641394	0.5893604535203527	0.4211176560724522	0.4957599488257948	0.7071325231076575	0.6614808731195807	0.509940844967133	0.8942584985137306	0.7844277447970346	0.38005509323903336	0.5440270805641836	0.2803966748808353	0.5892447743951997	0.4417336989650159	0.37510432497794777	0.9040820262489989	0.20174582177105355	0.05629456098038643	0.43881354792810723	0.6572877350511885	0.47414939797294525	0.4883146363969849	0.4349534507606346	0.2755288907806318	0.5534296394347713	0.6828413273546468	0.4022118990201863	0.2894844904169749	0.5522991273525203	0.6577636541640277	0.3390431770196644	0.5755943296464249	0.8059707514966905	0.41902849506113105	0.4933296382756475	0.5243851919990864	0.4870491782444647	0.49917150293640045	0.5629806561122529	0.6522024542235996	0.28163348455556214	0.8961200478159057	0.49459513653713366	0.6803671091448131	0.5587505145464658	0.35335434870466376	0.2913146860632648	0.6673122215761604	0.31308295579832635	0.7122327279862892	0.5760201272957403	0.5993179989717199	0.6948923959202551	0.7438434979697088	0.39927690257208887	0.7046152510414436	0.45100911676578526	0.3943395516109893	0.6342175538446368	0.7529764518200577	0.7944359716315166	0.5030957562687974	0.6309947803258809	0.6187141545239221	0.25321473402284	0.49338776509833815	0.3217712534500696	0.518255557361882	0.471199134195785	0.5291156877342196	0.1067764669504015	0.5392455069354416	0.619466675183175	0.6297787713122883	0.3541549016837007	0.1612268329496909	0.3442757161850522
parakeet	0.47902996056762337	0.6718932171427281	0.6260216618371535	0.5341035003163742	0.5641954009454392	0.36286777961784733	0.7569779847024252	0.08911143490611562	0.6797795086969497	0.3741534902028023	0.5945574067546112	0.36109675153236254	0.39603784257070823	0.39910428761762495	0.42947374284696577	0.8456809350252148	0.5797233647852251	0.9473138570320209	0.8186245104442625	0.5837542823485293	0.6771625598794844	0.872402809412381	0.5758819734156142	0.6055781567090289	0.0	0.6550309277738446	0.31505546664909734	0.13375912165595538	0.637983737456242	0.5088904181899636	0.5087316570663531	0.4343183199069078	0.7033331434581949	0.5466961416586545	0.2614649269273968	0.5156645292879622	0.40782423232835513	0.42345547111205756	0.48720499343663487	0.688416709008288	0.656211453496894	0.3559186543812417	0.7431398531243021	0.6515282786423198	0.4568158574439857	0.5383113816047853	0.548388314167884	0.7021045257167585	0.5592538125962182	0.607967629511447	0.2695407836618461	0.27663063578291347	0.5134711568530351	0.5644658628990022	0.5545702751887153	0.3117537696241194	0.3266001382045278	0.7307814181581956	0.8170399440631613	0.7443067404262854	0.4652600301955207	0.6072741004069708	0.38120367126247434	0.601129666687576	0.484858341147267	0.22680410239632431	0.5881903855255295	0.6746000224830774	0.598723491459375	0.5606429687961052	0.43672079154616517	0.7893887627932654	0.38215688734292474	0.19176090028578385	0.8512137750320206	0.48891832155520715	0.6963827772170929	0.6705628593965267	0.861704937123797	0.5974577163223826	0.24474793952617122	0.6884153384541549	0.5562593547356991	0.4468383372030072	0.7958980245431729	0.31017242398213063	0.78677764886346	0.15975435512819647	0.6768997347867398	0.25441479251443944	0.08480411864795934	0.6057413056070033	0.477034796075635	0.6093193013364142	0.1979813228455184	0.5700032906254182	0.5931418668306718	0.5710351006008795	0.4206360849863314	0.39767445636745996	0.3762281304195758	0.45107458840326814	0.35624995101247564	0.5030657093637091	0.3543481385449405	0.8292817173610232	0.42718557664236045	0.27225956165281723	0.8202476554034475	0.5719760304562577	0.6176079536402337	0.6045950146610601	0.2628086641617772	0.49614642851695273	0.5237378852565734	0.4634433128956382	0.6615553818764446	0.37723878169037783	0.6507358683494481	0.3647502451077549	0.4505079816540723	0.5447986127207646	0.5498369159560659	0.42968746954560305	0.7154987510807712	0.6129675274525481	0.5495647119590005	0.4280185604712892	0.5762522028750907	0.619333857956221	0.3170807371608683	0.4687560605649982	0.34914955142038484	0.49994546684590685	0.4665042026052364	0.4268634370854985	0.5577952665563207	0.38606892752917854	0.8474352384230074	0.74094655004137	0.9541149729107263	0.37166028301542886	0.6062639356502246	0.7423745806481472	0.6722296502268668	0.231512982857982	0.1855960556716161	0.7924755439835409	0.6676925166042158	0.1989510431067732	0.23285813473008438	0.6437132585582486	0.6479705936205458	0.6418550363940057	0.7011919847109755	0.620294756658818	0.672794408640093	0.5157475890475005	0.0	0.5384895495034728	0.7744939899034926	0.29512049741350893	0.5368098002946818	0.2750058619139336	0.5493935193710392	0.5768070563548733	0.5240096203846648	0.41046220104290604	0.35119176371329336	0.2245502662833234	0.49596901307480235	0.3848136371714281	0.2334806374288661	0.20588647548543437	0.362659694761864	0.5920273434761018	0.3830600641079733	0.8148636976074595	0.36886423069296503	0.39761324947024335	0.6457558921403838	0.265204082675924	0.5755800553035928	0.6092321142374986	0.6812528332351342	0.606415648865752	0.823693590955721	0.4626727788785435	0.3713986686827897	0.605376405633598	0.5512313763749661	0.5106872327450217	0.6144142155709782	0.3110320704918687	0.5481734541218453	0.3665127259493312	0.4114308033606879	0.29845605823526283	0.6502853318214462	0.07855332938163279	0.0	0.3194031704080477	0.9086780745148937	0.2541850657017951	0.3998606696916168	1.0	0.5457089061083722	0.3357044918967772	0.5448596894221637	0.615181110110536	0.34060194542672634	0.2290018628679813	0.4307128880344687	0.33851743749093666	0.453699840229595	0.42478457903933164	0.5138404464295381	0.412758618900038	0.49310101734543865	0.7329115072675726	0.4703161327202513	0.36401933018496563	0.5257835754989044	0.3403338964818921	0.4895121550111477	0.8700650039300641	0.7263210065641013	0.6043171190254981	0.5340002810755039	0.37699302305378035	0.5018668329125734	0.5169149943204089	0.6456960527195592	0.6226408423985968	0.683189260792396	0.4562787855293346	0.8408692773095655	0.2852411806675729	0.29781130545779777	0.045958724921350946	0.5816753180459509	0.4567461483488001	0.6976447566013099	0.7006712422183187	0.4031576746468697	0.5142528708298884	0.6744825348400973	0.5324235672499897	0.6488540287040621	0.7413528601211399	0.859271861002477	0.5726648194605032	0.4796768803171072	0.4970777801923399	0.429470777695731	0.2895154034597258	0.4782337401273404	0.3913500256331225	0.0969901857933485	0.9422441664620185	0.876514651480996	0.20067317868184809	0.5822666811644532	0.26328492983013474	0.6038230933850453	0.6154176990221575	0.11467143238584371	0.41855868677353825	0.7761907597589232	0.6949126064105288	0.6309498753743751	0.6362725700947003	0.12935076252497613	0.1982097332534416	0.06857702575331098	0.5993083653195613	0.2709814092561882	0.50375159861649	0.7237035678696297	0.4653698437720859	0.5029395968586908	0.5072817697258706	0.7758319022492345	0.4476730751235214	0.4546964212903045	0.7484974738354419	0.35169107525860244	0.7020779567691475	0.5306954993743119	0.7509976986920106	0.7905777994862673	0.5945488081557782	0.5985368203042871	0.39088142694640404	0.6072256608819682	0.752072126578146	0.20423763730455619	0.6952596297865739	0.37707126952691195	0.2776944716915021	0.5106699009491703	0.41678563540312563	0.9677916292845032	0.41952576837819344	0.4287926142629226	0.47637592082425706	0.13355106083937535	0.4209572076204735	0.7086260013891422	0.5744541314958665	0.7421063331826547	0.4281255457511318	0.6688951642115756	0.41554247048687304	0.47346070626736503	0.0	0.6212680567373597	0.8209849045219877	0.5013118239718883	0.730398516012236	0.056502246877869755	0.6404972106935253	0.4465243576702593	0.5238786285470229	0.4909327551325253	0.5178188456872188	0.04854455988098966	0.6422147694598281	0.5221289968451007	0.5912989514090129	0.32960881855793916	0.300050047309001	0.5208234655590905	0.7336769980482323	0.5468082481302583	0.3880404531278667	0.5151470300521228	0.4244678320723279	0.2761438799248376	0.3777051293822222	0.6375824823949097	0.46494970502938	0.7798484195801159	0.32263934766696417	0.4651089635305147	0.5277699598966585	0.3537739999281873	0.4546325612005364	0.7553443338435639	0.6130493915493224	0.5133376343041774	0.2174195954400972	0.05696191949233498	0.14832065701511837	0.5107965424623301	0.4963947026202712	0.5866597542507193	0.42330374028062967	0.5430165619480081	0.297906332909171	0.3798278275021147	0.14183793452389326	0.9610452586613876	0.23964047943723527	0.2841118270223829	0.3357686896313979	0.5684295517359238	0.6010414193374636	0.7244793057584744	0.6872910983151364	0.6292669595841024	0.6554827155500451	0.2796224726970203	0.5085841084519926	0.3781065669970972	0.3762244557693838	0.386850051084448	0.23005356415105951	0.2732603065799849	0.5824096765973068	0.2971384421155634	0.3284344290340782	0.733538664615443	0.3833976845747381	0.41385083042447834	0.31954535358282576	0.21440854049049712	0.032467832884647496	0.24866870603045152	0.55362407698974	0.5883637863775203	0.05854684989216952	0.7486538365990448	0.0	0.7094663399680046	0.6106487417576177	0.14550545977716317	0.15289528805903735	0.7787050515903249	0.374948963655338
parrot	0.32105998306429123	0.10581578903481087	0.3074868443354574	0.506138131746901	0.3425958890344212	0.8972343032057162	0.7453921822107642	0.6995046212124543	0.595857344893857	0.5257113213299843	0.4239324895441504	0.535022472146454	0.7411330954260463	0.42233127839335527	0.3740702330523717	0.6596954929253341	0.6444199602675607	0.34336112992103296	0.28609394099894453	0.6609639155413359	0.5784245391236565	0.6433485696681931	0.4955487038667705	0.35343107776434457	0.40072510156511437	0.7616207897586249	0.4531342320034537	0.5988467247655633	0.06931100334530838	0.2782177750978868	0.6450955412874297	0.4050746698872746	0.606796960237109	0.5716545744931283	0.5903839581431146	0.3603904967325363	0.6837681574337544	0.1885566169904771	0.12530122339497768	0.666517059707649	0.771440306308413	0.5939740807221514	0.7688142744037307	0.1965179678623356	0.5893212909777633	0.2980349349163837	0.7020934631685535	0.6900182348993141	0.4181367963961493	0.47689494633631485	0.4691825885333038	0.24140511863758662	0.559240553170442	0.2985036649471102	0.5371096820062208	0.31684232998241746	0.4359441472356862	0.33681341588149205	0.40496503879641116	0.5616837560550034	0.6597879040057664	0.4415990600040673	0.9308603712210255	0.4143074949944497	0.36044349330273423	0.37642062402967036	0.7913492779971429	0.43139583772520695	0.7360510763653768	0.557934623973371	0.591705180904036	0.43583508097458934	0.24695800167355414	0.5503904309541267	0.9037900063810571	0.3390541079765539	0.583784670654171	0.9791185735441068	0.3806966840885735	0.6538530409360549	0.33516830964707445	0.4026331028750585	0.4340654962280888	0.2820578032869798	0.4368994763123883	0.8147027345796947	0.6341248228159255	0.3044629875323161	0.7353948453596664	0.3799763620821724	0.25719392010336783	0.2480343925943146	0.2784103686492825	0.5384293275661975	0.6128640216144268	0.5154085831401134	0.5665476478775036	0.44476605425081805	0.6700389860737805	0.38005787277288033	0.45067788079490184	0.18277677805323767	0.8628879814197834	0.283494183272266	0.45276472706415377	0.5513184857821942	0.5534144674494081	0.5166133156628683	0.566629891318688	0.1344696802289898	0.8794960422365947	0.7142956815048991	1.0000000000000002	0.7418610942916611	0.8182152111754977	0.10806404323746821	0.4653524698911532	0.5958678207127102	0.5607433714875916	0.4377348160066743	0.6332444956439672	0.601302140221446	0.7628345207835168	0.26152096375841694	0.5296391655861472	0.5240134580293895	0.27602848357430965	0.3009888763133184	0.4774080985170795	0.7023963873918203	0.4677052932792799	0.4294594962842619	0.3692462378659709	0.552032599424247	0.22127845964657344	0.11936127239000638	0.710801926753255	0.53675126177191	0.7418957007078094	0.45552501915993066	0.42128335343217993	0.7258966472368054	0.5923734507078631	0.6252334394702319	0.44736644002380005	0.5244925433089558	0.32213509339676666	0.4934179651359175	0.6866564017624583	0.5689275445960412	0.5086474214430807	0.5652004296813252	0.4310308762194359	0.6246450794222235	0.4110812450263819	0.5259176916215954	0.44214202265295266	0.4900255685650029	0.5999566886884096	0.4541404823601113	0.5510419537403749	0.35108732470398685	0.5463068172393803	0.4537520480457632	0.34733227392840804	0.48220656760785685	0.5703692755023538	0.42568544117270896	0.42137412527880214	0.5221411153365398	0.4119063811063814	0.5002264023705831	0.5219743361130329	0.5653293972959816	0.1780296552887804	0.32322973203694544	0.8269601257067926	0.46983160568075844	0.7600076538612133	0.7024062925974657	0.7052411921879731	0.2590666063418683	0.693762623745544	0.5276226061167769	0.7896510143067776	0.6675099037074379	0.4703174386799385	0.5934360783855157	0.6337394898980591	0.7652681460989469	0.23277997919854074	0.5648906376418839	0.2661201076912749	0.4129011896605806	0.366128238447345	0.4844546362281683	0.5419906026676471	0.46008968625085317	0.45062024887335006	0.2152856510415992	0.14473455575058652	0.7844545749252492	0.4829671609477135	0.6918220188105331	0.7780446096352001	0.5955043847695496	0.7740555992432968	0.06329448869339205	0.4610469979882887	0.3676860864103132	0.4226403333820429	0.6765770651348534	0.3042238852962106	0.5182363784058973	0.7221772788283034	0.20438270640585637	0.4183801715751062	0.3473753118340843	0.45014815132494806	0.6163789808316926	0.9201423402574233	0.43733942955452043	0.31757981774497396	0.5719748024822909	0.663020240475614	0.3153680903855485	0.6084326152378746	0.37353590516963847	0.6275085082538621	0.17447087624392527	0.5623203506626303	0.4841449940807147	0.47615328711859256	0.4117839399280608	0.5245179689783949	0.9999999999999999	0.26926340566880413	0.40069594385861207	0.6714111208044562	0.7650242301990068	0.5697910130471309	0.5826523686487363	0.6719859324923708	0.2973053825847048	0.7202949234901324	0.41837816236573555	0.38701022710340527	0.5634899481261966	0.43255569994629317	0.42042179457283224	0.25447978646700115	0.6042235237154339	0.6752956294856819	0.4887179698468218	0.45219203845881323	0.2944645151618731	0.9773506759115702	0.3606391636950673	0.7900111227763082	0.45631790572948894	0.21286165522991535	0.4871001303273667	0.4411671652512509	0.559529873884387	0.5465618105155545	0.40815190731314344	0.5558570137603435	0.6132315097123602	0.4723592857065272	0.5063408613418291	0.9098332693830129	0.48101283264750816	0.298994438087312	0.3959447943992579	0.24677026700018057	0.8587142729151804	0.5973740046786279	0.63100938148753	0.6580007379674009	0.5816631219074565	0.48967561608022925	0.4244148828701163	0.504625468211422	0.23825096501560095	0.31465115250523307	0.41404005388742704	0.643866609314614	0.33122263090958703	0.3024893906579631	0.20523789597912045	0.44133617410112536	0.49454977950930146	0.6051132195105021	0.41234436499338895	0.2304998561509064	0.5657161424472404	0.42101183894842137	0.4592993022488549	0.5664673963446696	0.3836058963898163	0.1527793709351158	0.4638969374446215	0.3772139359155203	0.5580260681630713	0.4769879546723174	0.417783793598302	0.4893975481025812	0.4510044981696074	0.420071322478781	0.6858354432166324	0.3152816515894175	0.39620598079615843	0.3895300500850239	0.6310183782592675	0.7126980358933914	0.527320597482004	0.4359906383861158	0.4735930019609318	0.43652350705602605	0.6128568763836438	0.5381792987944057	0.32423346850029644	0.35604109061788336	0.49155599492477964	0.46354665124904587	0.44094962944565785	0.5067702561071866	0.7223820152389206	1.0	0.3837461400962977	0.3025613567068451	0.4996501194005648	0.406565801084453	0.1512068139924615	0.6941886363456358	0.42774785418289235	0.45095821381714224	0.6878459773526275	0.14940761609547853	0.3907015429371734	0.5205788450162866	0.3984564085047547	0.3854466765270604	0.700116159732226	0.3633929672227007	0.6185165589623887	0.48591775868535003	0.6540404463128391	0.6458053488832023	0.28857224076440013	0.6434099829587934	0.28187595229526063	0.2959614821520166	0.5277589837463953	0.7624773850517974	0.4190299673332248	0.5883900539040203	0.36793531783643624	0.6551560719969083	0.6538682108397258	0.5079380000286047	0.23407654080385876	0.7415433986568942	0.611711709561102	0.37770927813566707	0.36287029379308355	0.14853293324071332	0.6004378289213934	0.39451659279888607	0.9293710704252799	0.07151032821634185	0.5276617977814961	0.8148289061138768	0.48226882215124706	0.6793810760843453	0.38059642022965967	0.6732513752896223	0.6387097554316449	0.3700290839185899	0.42818058446469615	0.17099350450546208	0.8468757258072677	0.3966668076306995	0.5925392392235235	0.5016543743761173	0.21516936077710974	0.6636432455908474	0.7539204161360754	0.31629896132965885	0.3684080377995157	0.6178296089239035	0.21535000307800944	0.4112259119436873	0.5344606760036081	0.44359151646691275	0.962348796156766	0.6650537577530561	0.5149356829617068	0.5813937857650474	0.28502049553092706
peacock	0.4767631357539322	0.3682650918786532	0.772222964615317	0.7694549269694304	0.6006238633643431	0.6326328242689372	0.9984830934046178	0.7536881241724298	0.7358617473876607	0.4853807163068396	0.3076176624058524	0.3482112701838251	0.3645380378352468	0.4764622976772648	0.4844546738566181	0.8422167904454017	0.39526627028569195	0.5859361968794028	0.5488470901427613	0.6807069177721677	0.624130516418516	0.5256198886509095	0.4964254171611367	0.3840229414779518	0.5436078841548388	0.478083570344899	0.5393568877348242	0.19704781899563828	0.5456975524290254	0.9335525551282627	0.6698592235327724	0.49557837693826534	0.7717458520425278	0.6071413566832538	0.49718426736485644	0.531426762211336	0.7173059486686904	0.6387015966854716	0.7248750116105251	0.6398912234473156	0.5584213256873161	0.7722719348282	0.6775579735172612	0.3860796153502418	0.33525481242856137	0.5384275581731637	0.26270759224749773	0.4631636020921602	0.6056661020069971	0.14119718939529224	0.3752711655057775	0.6454428498201068	0.9520502704950657	0.7489300347327745	0.4037879651909213	0.4095053786609518	0.2548283781035555	0.711995994476235	0.568604128069717	0.48584550254800213	0.9008107943230048	0.6079608710716673	0.144102650971935	0.5660238042019177	0.9485660675338423	0.0	0.5098668159587925	0.3913044102470738	0.6354932212115799	0.3382354712434308	0.6160091415471178	0.6858076088105032	0.6651142028640173	0.3006708783418293	0.33179668477375646	0.6940920994992469	0.6384084637931405	0.4767565797423766	0.7013951537093048	0.3894076349397242	0.434588604271682	0.5609757215451433	0.846884926943178	0.5475055402761123	0.28719684557515596	0.22694728633189837	0.3405774601362904	0.17639042840658026	0.5829974274047952	0.5267172997803237	0.3017362793443821	0.9080079832376833	0.6540436719607534	0.687848989902228	0.09155575992439613	0.2019384844534174	0.300493457241062	0.626075934129004	0.37349110688198517	0.27943733238441915	0.46064837155299604	0.3704409273844774	0.6976916494010302	0.6480102814717049	0.30680101842597646	0.3830767352219009	0.4195602915297168	0.26102588488883477	0.8847467214162433	0.6720100267013537	0.4287788123300969	0.5187049684651973	0.644368252832995	0.7962393134271635	0.452575102521344	0.2555017280311853	0.3292188060356523	0.44061335073901975	0.5705342386033124	0.37577763642696826	0.5723651321499669	0.18096448875209953	0.30101543846541745	0.734709087784011	0.7522563221610923	0.4253497367438707	0.3199828343523814	0.45425183522446816	0.2971111638197864	0.6089752911987694	0.24987498782547649	0.23024746126408985	0.01198315728685373	0.5304096421485284	0.2413547811755889	0.3332373531216195	0.9034471762650298	0.1810642466456911	0.6336404683986886	0.6127587375395989	0.3890926269554441	0.3944103098348077	0.5913451945398955	0.8445860357252213	0.7865580520757108	0.40704695822548753	0.4474575861455961	0.49567022464393395	0.5886781011357799	0.6236050683888106	0.6439338554788209	0.33146469725545863	0.2920584971371311	0.6042161155255874	0.4124586419034191	0.7163393581369044	0.6336242143192392	0.4898375847704948	0.4122985231486972	0.387311301035337	0.7487754048177655	0.6772152858031893	0.680480942796832	0.420411615558039	0.4649479617798252	0.459724669765714	0.51618085390301	0.5267232036296468	0.5014677890357895	0.23462549306790018	0.4575149056765055	0.5378101019296401	0.38377643002091477	0.504942516025034	0.24699635826162708	0.25213575321089865	0.25554278734128666	0.5345143926860599	0.3149512787334548	0.8144619329015326	0.3521924308068644	0.3354918760348098	0.40623384766065435	0.6454279947646121	0.4880209580403451	0.46490518283392746	0.7944075687425729	0.6116054308959801	0.4824455735883382	0.5894905892176763	0.7850189485808918	0.5469350108353663	0.4597360101744505	0.4397066974418607	0.4269875940803333	0.6736992714777796	0.45606364333525706	0.0	0.1724047652252932	0.08002797024355635	0.30050759766320556	0.46110242189194023	0.8169410865542274	0.7892059639117401	0.4781063293837473	0.4114755875414754	0.4108990436885328	0.46978616135459494	0.31980290633252506	0.6661530293304275	0.5563830144485704	0.0	0.42487965385788445	0.41498184451255704	0.4154458663257917	0.4727771305378874	0.25991523310060116	0.2466415349576278	0.8517746871363157	0.44338644835904983	0.5512925015500493	0.5760757696176084	0.350569855818212	0.12637737877505517	0.46406666599492585	0.39829283944904903	0.33354778271936586	0.4805391810155561	0.5623731176605027	0.40592913098270067	0.471804015645934	0.6387145776145124	0.534764052250779	0.5148258228417987	0.4387769291746995	0.7447394065365824	0.4690598657168975	0.4319321370512095	0.44782371694314516	0.5421089841057408	0.12093226216061198	0.47961114450806874	0.7172570089304491	0.6388131245330677	0.5809870104769879	0.18491036088041088	0.6503323931416098	0.3467758624045624	0.3594470510511807	0.5055136533933909	0.4773801989127824	0.43315764106297105	0.4286244032412907	0.7202108704501378	0.2670997417634598	0.2406288184023367	0.6708773787920118	0.3394120221754139	0.4965578038107351	0.7349075011430295	0.5964257784176548	0.490922039381172	0.36956504014051994	0.5171552042743209	0.3876827038011148	0.5694906796786453	0.5346382592540271	0.768654025115209	0.6000813869897939	0.2722493937859033	0.5432273687375957	0.5852008715970034	0.23171493913621366	0.7491161428555115	0.16881531224337573	0.5383992260704398	0.7131684034574177	0.5143550634243657	0.44755700740096616	0.679275027382027	0.3668792021235321	0.4447166436900293	0.7238216287168993	0.22961112681929968	0.546817257952319	0.5006386839935502	0.7653770216467034	0.518803676829253	0.18400444115339193	0.6689229192055729	0.43996395843170955	0.3697251475323081	0.6819187254356496	0.4100417784037623	0.3213265100859094	0.5309674860747735	0.6332129589026783	0.616116352382367	0.7861191896242123	0.36045996407758607	0.3418710710131239	0.619033321452482	0.5951233569285256	0.4578635266010145	0.20554732569094575	0.4239514927762852	0.0	0.34211527373296624	0.6646072768301703	0.4108302262865111	0.4447724984601833	0.5468995977598742	0.5740594062309269	0.5369866868770303	0.1761339635925162	0.2777969454939414	0.4760051060269447	0.6107848483735168	0.3220334639696923	0.7936332708291105	0.45583916898304994	0.8129343708418333	0.44995809697908634	0.597259815921567	0.4314291701571379	0.6838482267075654	0.5731961675691382	0.44462538876692187	0.5056615463232319	0.3227196330488354	0.4548423881849438	0.6409478131154948	0.3040748901351431	0.7183185857685185	0.5730458223947712	0.7795547833172115	0.6042715089190973	0.685707819231669	0.3774355194668269	0.4165078051190184	0.839489617293165	0.349716857569644	0.7437756844605109	0.02640260841698261	0.7649101324280293	0.4011505039178782	0.2744893642150204	0.48549204672463764	0.6714963938544468	0.5593481197243553	0.4525015939992265	0.45110298459029174	0.5143705723446114	0.35729364561602933	0.6252622837399139	0.5487274238974928	0.7031019030040505	0.3461401777833315	0.44129999668479136	0.7076369326255008	0.5112521415751947	0.4712438624041151	0.8447810087859053	0.7323122253678644	0.5624258144310164	0.515521225140902	0.4515055733226254	0.7384692513030164	0.6236179047366933	0.6159188193702555	0.42366056430146426	0.25337336246320363	0.41283704535269206	0.5252798463820088	0.611208665006962	0.6775493471982885	0.25376049773164006	0.6417202300069833	0.6852778324251061	0.36926943375476473	0.41338013660467976	0.5583332920668452	0.7953266361828404	0.576112692133334	0.376855636228957	0.7516791315751326	0.3044372442956773	0.3350449801708728	0.4116918353753141	0.49795432477982804	0.0695610486016649	0.4813988179226438	0.21867908679203157	0.33118442937034154	0.7281016726190653	0.631310580706355	0.1947014820913045	0.20338648352107963	0.5626207344452722	0.40298586023556315
pekingese	0.5093826590177245	0.4834796861744543	0.38005894389182315	0.6295469104508403	0.46508756638080717	0.740366688572111	0.44340432286222475	0.5914756199609927	0.41389312070641254	0.4595303365617548	0.17898108046169087	0.35231495014193476	0.37529372761423	0.6994438747881326	0.5014266630569835	0.31408309117387034	0.4330902974819657	0.6338697258311901	0.41548270318555647	0.696425110120562	0.4926631808432002	0.5893052784018311	0.82799179984052	0.49585323167368	0.39048698178460056	0.35199944757900814	0.5738236940675888	0.39859424969427454	0.6991687347334605	0.4408632283989343	0.33904270811261794	0.3322818946525695	0.5230953901559372	0.3362685931289209	0.3921711814296322	0.40236026338845704	0.5430516236859553	0.4151096120768654	0.2741690890162704	0.6748539902038689	0.46771817983890807	0.35180561375447994	0.4398716025450103	0.3462350992479978	0.6271306743512282	0.611521152000297	0.5823046337552231	0.43785233349737834	0.6290128607978598	0.29835351783579156	0.3967765050103487	0.4096742955283389	0.621832387854021	0.5416496596895612	0.15102296016809896	0.20190234676227264	0.37500116009983564	0.5571394494060249	0.5960608549934722	0.3494960054559873	0.3989406612455792	0.9184673638101845	0.5066538231244611	0.7989472104779383	0.0	0.2547317307960359	0.5886631117588699	0.410019383059103	0.4631451019951614	0.19974078799325712	0.6826783705714662	0.1687330710397616	0.821962970758054	0.46456538375773837	0.4126408407424067	0.031315036542804375	0.4603877224743716	0.7352886309630925	0.28673549957815914	0.6044941590442864	0.7899521866942162	0.4893218099726507	0.5332532458358799	0.5209390364115257	0.5694498010576837	0.6485675780624475	0.5673503902044241	0.5260066111615399	0.7690017847994788	0.8568756878564097	0.6013950932753531	0.5336818411465115	0.6822869920999033	0.0799547047404583	0.7381568493776309	0.7097560722974376	0.423983413587298	0.48790964928376224	0.7299074600264576	0.2876032869322759	0.7069166958971329	0.4245363521097441	0.43179166636447464	0.42104950935017676	0.6849862269542106	0.18406790525009883	0.7382226948871159	0.627346831329688	0.6102004897453227	0.3390038708603863	0.3630333940076348	0.5151386943197491	0.5039477902341143	0.6071070300001956	0.8134226970534244	0.1685889715520068	0.37450991506873177	0.61310525990653	0.1918394955772923	0.3324230960242572	0.647955722597622	0.24481510125585065	0.3752025837576095	0.38839465498842857	0.5972378928320156	0.38644775585393776	0.6203999905041852	0.14240439121963847	0.35387250852019664	0.6132227832062548	0.23248936704789178	0.4714483212878684	0.5900476693896533	0.0653574733211239	0.35398328036461557	0.36088910879514896	0.515644938323623	0.757968376092894	0.5595039180647026	0.35984638233456867	0.11504880788186922	0.4504308353789462	0.6900158785180825	0.7574732323532702	1.0	0.36442822964436217	0.29714528464204953	0.17842175511251918	0.5476691724752755	0.19930004975153925	0.251952483403081	0.8698059611350752	0.7878926169003975	0.27764445766281876	0.13102565088594198	0.5316946969489182	0.39826990599634005	0.4798141245430505	0.5880208550988887	0.9174788124679512	0.7662879303307335	0.25976697885436717	0.5830878499176008	0.5362445154577082	0.9375497451089729	0.08501868455673695	0.3586364162786825	0.6390121330830385	0.5108932284713519	0.5228787313993347	0.6219041941368333	0.886797081562233	0.7309931855193353	0.5088423434150968	0.5818286890239872	0.36604546421435236	0.3897722746881035	0.7513473347888915	0.7757766305686089	0.8279039447960288	0.5646907214089428	0.6055674436821769	0.6946094491126276	0.6181188835425175	0.7144856097207065	0.6442597907980181	0.4522666272681293	0.5652190996221909	0.5254504895752065	0.37070414257546447	0.2954145055555051	0.30819197466521336	0.53139921996933	0.2626528164771181	0.5691041757321238	0.44908122576688053	0.46872211104654704	0.7559668541584277	0.23906414883227445	0.4727736230366606	0.34735554439027616	0.2603346681970771	0.6830778374428063	0.6523562791322765	0.7226441148281458	0.5572671580686105	0.2717086173756847	0.3665462245072323	0.48665218048883485	0.7966602737646329	0.5664992111743701	0.619340677952459	0.4789805852787148	0.6936915783454699	0.4135594987073788	0.3551201237126077	0.3677423170266884	0.6915377339448316	0.6921786780260171	0.532756962766525	0.7683142016071409	0.20159410289062105	0.3228627121577948	0.6349459875754728	0.1816901599148238	0.3028060603836382	0.4966772891271203	0.38340968124848973	0.44032915097344844	0.32314928971413204	0.7149198761716092	0.5662842409296026	0.6515497666249443	0.2912689026051135	0.5801449332465055	0.5351029343404001	0.4866456801723246	0.33136012074144094	0.46330271952330077	0.9521490760715086	0.7261993246101228	0.40139742350721397	0.45646353315999755	0.5214465032747697	0.815905401427402	0.11354766633109462	0.4338765085138478	0.32885512498536623	0.3574672913090742	0.6374751724217776	0.5521878801866944	0.20222726661320528	0.0753142824668408	0.5955173981341251	0.4867777061251922	0.49343315818229805	0.5874562174688684	0.46799377625489824	0.393419755595775	0.482598574713859	0.4830416645357126	0.31501955882858185	0.36840674845628796	0.4674607618274156	0.8542860136980992	0.28657322223197784	0.5578226656071867	0.300649145119944	0.5158546036937287	0.568781341243285	0.11546510947372596	0.3834319172587845	0.46164784462156294	0.45500476426092556	0.08725782318907621	0.7837685143663361	0.39677476511267434	0.7993153933453739	0.44040147263364227	0.3426868784900693	0.41800701719899436	0.49560472199260464	0.6406575493919278	0.41208989299609367	0.47394268353069247	0.3118164279379552	0.41111119191028805	0.5124588985204915	0.5592957579611008	0.6725926470134028	0.5949760490291827	0.21628184457102684	0.5021822782670994	0.7048675510587068	0.30911425548565596	0.32847566018908664	0.442411675006874	0.3423216791805531	0.2852573255057389	0.7904775082718991	0.8498875874448528	0.5202214318747233	0.5025883734490719	0.6746566446006652	0.6681350621727502	0.6084778970725666	0.2665470062087575	0.4535235138472866	0.46914745533236085	0.3484597510738995	0.7533459718293148	0.6415889275191182	0.626297418676525	0.3182713815195918	0.6583371916880095	0.6621099365667473	0.656743514013989	0.6522284888089521	0.5713932422807372	0.49528315021424385	0.707056435084618	0.4612965958566026	0.3846547856389091	0.8033543628111228	0.5323092406345876	0.48538292496237123	0.6249936647051574	0.4639410992495442	0.4536668013507028	0.5452333527672483	0.6111245084466078	0.5784650264613748	0.8821979237618789	0.23949663460124582	0.5740727883075876	0.6244881650026648	0.5752880579711892	0.5133878560218619	0.6613927249728564	0.6293747318308034	0.32939986035461566	0.5969628848699975	0.42340351780847424	0.2726508726577669	0.38999000010131335	0.5167683866823922	0.03768192942125481	0.49295648932930103	0.2239799089909977	0.6277395201342855	0.46387632181509847	0.3975928683264204	0.6295090550877942	0.7346928444792191	0.7283650934913675	0.49993858952769543	0.6659605894083612	0.1933799932145215	0.6297801122690739	0.4180800556083615	0.4742531402910727	0.6329538796458549	0.7491923960838235	0.5965219426980987	0.382051529825594	0.14141491906749276	0.22528258218082958	0.5074349628519081	0.389488171561885	1.0	0.6186294328028693	0.6414741111089886	0.6356822045227597	0.29143845685581643	0.8364817336996904	0.6916179285402678	0.7231604964254854	0.826556747152021	0.12810586196080187	0.6505097010988378	0.1498514903413179	0.2797874062617423	0.38655688298721935	0.4878291112185046	0.4144011975326453	0.520583782207377	0.3204597012677695	0.7160173585315699	0.3285557744905822	0.5587830044837467	0.3537894322028786	0.3292364367383442	0.419279038370776	0.47024884595752137	0.764039848423269	0.7384110739601626	0.7666595225330075	0.520528333845864	0.334165852744011	0.4357785313616017
pelican	0.5232126597096151	0.33061421303080785	0.6635792960569348	0.7045272128569195	0.6977830355310414	0.7446115077846422	0.36550467890616595	0.405157746630371	0.547836779388601	0.49690861258732577	0.5967114241068396	0.3921762018793125	0.8107826485320417	0.502680825674347	0.6171786559825245	0.6846674563252936	0.8655894823277817	0.7448151163986306	0.19134315248906997	0.2974976295100261	0.7710285312944674	0.43416450746656293	0.41483202475323305	0.5694760500134701	0.3933802807143213	0.6539684474257156	0.5707423356607576	0.429047017427472	0.8218910838003644	0.4753985408148803	0.4766111185408241	0.4214634257718043	0.685673739631163	0.6100065821526709	0.6372797517661373	0.6395814777303057	0.17097216331086384	0.569488152078165	0.47177325477351845	0.4033567041809808	0.7583187077137086	0.4178444660915075	0.8770131549572965	0.6659902588301054	0.2143660164073854	0.5602174204462925	0.45514969813696604	0.4297046547712218	0.0	0.4059643846713051	0.33814516685950735	0.47174243707943814	0.23152190096610503	0.591677946412054	0.49112243129248573	0.16396768758816932	0.11755189160310353	0.873343269471506	0.39794060453845254	0.8217420342432871	0.7239856121325153	0.563890054026125	0.28612148553449074	0.7353359678331752	0.4913337351016882	0.42361519009202164	0.2548394457401506	0.22723698547795623	0.5508210159392876	0.505173277292562	0.5935613693962393	0.6079434593730848	0.572986840714657	0.5321426446699897	0.31184730167715824	0.6508790650117449	0.7674193750303003	0.3982954581307478	0.7040924682880298	0.26952203902754446	0.4042695437236323	0.3857639656625012	0.6200426186195453	0.5870784245043347	0.3879585311905741	0.485567584002434	0.4537003775879815	0.5816518451521078	0.5784448166777383	0.43724130842124154	0.4848948520548469	0.32817118167962644	0.3590408403724556	0.565335637394415	0.015132845332718359	0.2712518136040715	0.42149840117214343	0.474183143949203	0.6867181733933372	0.4524156982656914	0.4447588470492037	0.5166455809909989	0.7601971225560366	0.6645885200169872	0.3089714255416861	0.7673953746316355	0.38391107520505624	0.35301825573586504	0.6115203988763241	0.5584852673230564	0.5681766434200163	0.8490813278649518	0.5556442437014075	0.7819537699967916	0.37974208486567457	0.475394250491636	0.20162622129958602	0.5799070841764293	0.3629736098513755	0.7524240416354356	0.4754255958320436	0.4685886635352452	0.5760495075351092	0.6006651085270458	0.45622577533073966	0.6568446725081327	0.973900589169154	0.3014895281851021	0.4580064419515832	0.5285262009148259	0.2277618933647395	0.700312969147733	0.347219450539228	0.8243502099198092	0.528900951916769	0.30780938695527804	0.5354007351398153	0.4441970964696692	0.6396349735552737	0.7443893563675539	0.6215391911374659	0.4372239438810356	0.5993678699671283	0.6226469212437366	0.5153472982852686	0.20998412304720931	0.6336731138695276	0.5287424211486714	0.34430119060303505	0.6220902869218072	0.5166928227165921	0.3663095022195426	0.39857179273055465	0.27398054415411277	0.6294668204241369	0.5988447093961999	0.2578166457957374	0.568490218865895	0.30300642574251985	0.3063558903075142	0.4360271487682691	0.7190116829563814	0.6508213170574393	0.32535503370789987	0.5111088931579575	0.48345002689282035	0.3904586753383039	0.6995749124293689	0.5390408913763237	0.4154205803153994	0.8290425456577569	0.666537126187775	0.5537803311983739	0.6573655890646111	0.3420905698366704	0.5147453953634912	0.37519261583603153	0.5758252705872741	0.24508552363303404	0.6886935160126761	0.5020162837301883	0.2204389731479787	0.4812052720165446	0.6973944238519348	0.7444852576198662	0.419131662625854	0.6204839780666431	0.3470342276355704	0.26447398861252597	0.5274137399441	0.5141431285084188	0.06819229962207868	0.32787543757785126	0.44090122229370154	0.37787834705196954	0.4866817395619764	0.44643071735488105	0.5385589131324321	0.37796004112207493	0.506558851042904	0.5703111391621172	0.5122389843359982	0.6602267178269258	0.6717338335653803	0.4897301190525823	0.4087164724297077	0.2772061538005965	0.30213148466247464	0.729504348058322	0.5367596907965324	0.5686467537958704	0.010931719402404949	0.4757758726840701	0.34284531441753174	0.3443189688358059	0.49257326743286955	0.5177630734800143	0.5104588079806913	0.6207464308704063	0.3757958836158892	0.7618351978612612	0.25119893073330685	0.5469460665701258	0.6743790170197217	0.4502903666017008	0.3270511964837978	0.6544680837395284	0.37221700504979904	0.6972340064281055	0.197998792867155	0.22516261163738868	0.3488417693197442	0.6886507897568462	0.3534164297301857	0.6857893116107248	0.595971301774129	0.6931214271994088	0.39066395813650645	0.1941448653591396	0.46064292574075827	0.20398719682043331	0.6019748122227496	0.45004304909402554	0.5737737184431091	0.5737821687191562	0.6003822269813364	0.32767667991560245	0.1992304727643015	0.6506708137196779	0.6521128997353702	0.5302284216878237	0.5444454948740769	0.45564058312169486	0.6666595072257498	0.4583707558687887	0.23498339881936067	0.5727260227330906	0.4989242851499713	0.5944070728664446	0.8158213497365341	0.3813779735958832	0.46467126894268984	0.32438606205940435	0.5749213205738364	0.2165334385609158	0.529378770789713	0.3691017496071102	0.7268380465224094	0.3766635251578853	0.6095534077812823	0.49620541376869026	0.6841868074283886	0.40240166087725393	0.32343785341607145	0.054084528671415666	0.6500171000902483	0.38487905652619386	0.46616634763720133	0.4562270311783563	0.3733314849792454	0.6753125779404029	0.4679766911522693	0.7485382661952287	0.5220174254917036	0.44071748075419914	0.40147527883388245	0.551655698179492	0.5853330922680967	0.5241267485894225	0.6792022520379566	0.548175051452017	0.6137431499731215	0.2902153952568649	0.4560345136043471	0.7975487256312692	0.6448225694853666	0.32099060471857277	0.5610916558291849	0.698046018092242	0.4129593355289751	0.5384464597500623	0.4748474445335136	0.9207725530521246	0.598090664237463	0.3326741701704665	0.40283697531465434	0.25280692054206866	0.4763408617734842	0.4425990375600872	0.564767299481145	0.32493720455601627	0.6000671044729711	0.4593400231283238	0.8811605569439063	0.6967752885554728	0.06948867509496481	0.47679266894028677	0.4696394256308902	0.4845284965832386	0.5129451086054859	0.43189685091238744	0.6923138806970572	0.42386113977350964	0.5551481801705688	0.2623868821822011	0.5585936189646467	0.38333806375452284	0.7568952275739635	0.5694639018120209	0.5865689784713577	0.6685435506500077	0.7492142303168645	0.41924671510077743	0.5877665118635803	0.45554212514822345	0.6582378440911199	0.3984837351223541	0.31974119485149427	0.4100942670422225	0.4378118242185894	0.3413291722268437	0.5920775156177952	0.22068715697636862	0.2558527207164867	0.5013488869022569	0.5212784401212496	0.4833841769016247	0.38061404725596665	0.320748532846334	0.3598225164425168	0.24336157104337838	0.7052722082066905	0.6891585172076411	0.5212094024099129	0.5037536752528728	0.5492971008920023	0.6782733306036326	0.546051853127534	0.5147576492109285	0.6043910695342464	0.5344911581138452	0.4691490055059139	0.7166693986564089	0.44491766964422486	0.691542328632152	0.383004955471819	0.2656216069922271	0.29166536153827993	0.5506304652444894	0.4564557835281456	0.47683510635742193	0.4888999761093483	0.5739550734478169	0.27199376504303074	0.45706504158073336	0.4754417857282334	0.6703686744048261	0.42261040080648843	0.45260657092384	0.6237339581453014	0.2865428370286902	0.49210633168852863	0.6822983143684909	0.5025618824876565	0.0	0.5041321637350785	1.0	0.7611258693062956	0.2396466794355411	0.5182197565127641	0.5465291222763504	0.5187581822879405	0.4081756364328627	0.426158767152028	0.601147925421276	0.5238049346466558	0.46965587652511886	0.2881679317798162	0.6757065459589635	0.601672816163531
penguin	0.40513500121891277	0.7193214965286401	0.6532776019909479	0.6467558170203028	0.8241929999411536	0.3668332878343306	0.6555320788735901	0.4010279443458822	0.575870839984616	0.37336825347321334	0.5291677212142469	0.25510288468988584	0.4964700246107268	0.7007984689552336	0.660987867243878	0.4873187014743755	0.4411225013389468	0.22674074807209627	0.4240278703190654	0.33479010108322577	0.35817400117829207	0.3164166419741363	0.37399759804192867	0.6167076766035856	0.41092587817011444	0.559829927715267	0.5386846261904152	0.6023466971813686	0.3162134771694617	0.38100369931850087	0.5086702817415191	0.2732848977430141	0.80744588741652	0.566641937303326	0.5782344045113013	0.4931568615908213	0.29242271297882316	0.6511566415953173	0.7042266971248781	0.5569304849927025	0.5224609006354887	0.5879800713292638	0.3741413461538202	0.3331600566743196	0.4047979277800945	0.47020356604407626	0.60219267072307	0.6588978503061315	0.5981690034815198	0.4324268799221872	0.22907606863073457	0.30719504912404394	0.6040070901563183	0.540897769946171	0.8023229186823397	0.4748428577769197	0.5836520254472619	0.4517455819242131	0.5903844256312352	0.47041881129788665	0.534218799985424	0.5560921107014527	0.6320540881606616	0.6706833638166307	0.38826220325836697	0.3665424399870111	0.5870400238051291	0.30926820279410205	0.4490228156771682	0.6091406346666463	0.12553416201297224	0.6460179994090163	0.4372597363499705	0.7486590060659455	0.5637624779167786	0.7525463982363656	0.47155619257859877	0.6798607699733532	0.35959145466002146	0.5816565584766381	0.5314182730024603	0.6592555520234931	0.5800666598423289	0.4901911459508748	0.5835721515338046	0.7033014168724425	0.8655039439785429	0.5582292363796796	0.6810958897593758	0.24283075982640445	0.6793105245811657	0.6355448617352751	0.5910620464187004	0.7902676119306541	0.4237444495289887	0.30492213550182384	0.19593159898421303	0.485397465056931	0.37919294216229144	0.47986412408674695	0.2093871927277196	0.43247176718940267	0.39278805452963445	0.4971625587333054	0.5080723483973211	0.6983805895637983	0.3044438074566049	0.5883309448226048	0.5847273987212119	0.7369259644833499	0.40713505045139575	0.39211704827237753	0.14596430223583293	0.9415711759102925	0.7615261773108961	0.6089401748340197	0.6268027886151563	0.2433215872437592	0.36269593870464373	0.44731598700913117	0.7518941231698877	0.31662814394933986	0.2185043272821413	0.5519254198520761	0.47365050098178374	0.4414200572425488	0.5131058985655983	0.8349822824486994	0.5357978256579519	0.7443914544856984	0.48994320791198476	0.6132786718821321	0.3621260163392756	0.2273451402002774	0.6170600093892413	0.6359706535493876	0.36651988604580715	0.43534898016936285	0.780621667684485	0.6364458736515801	0.7031103534571304	0.30535431649670963	0.7757893505750049	0.3540171124877012	0.3766192583541991	0.5682962536419737	0.44778601574405014	0.6565975690329056	0.5819935456790022	0.4365978624677738	0.5502197350120264	0.7081530859258416	0.425803445118996	0.5212261643795915	0.472192507747159	0.6261442839224224	0.47215208638216777	0.3585447796195379	0.5087366407404217	0.49101876105138414	0.7505854296423866	0.6089345163817061	0.34738246028606656	0.44631940853031055	0.2381691389379753	0.34855636657208844	0.9512657176267207	0.405424690338067	0.4822852449342485	0.46058341274748354	0.469684025730589	0.47524568176884835	0.25285949701507293	0.37688938804596306	0.8406134658645589	0.5050229689408892	0.31553024147776476	0.6747514298085778	0.3126960341828595	0.545214172325352	0.582915367412426	0.20611434214916755	0.6198138431783313	0.42944335677875234	0.5751311093404835	0.36387713763824503	0.3154724224739538	0.47226717484134906	0.4187733014096753	0.6963553075112299	0.2518232434884897	0.42299597075754647	0.4136468420969472	0.4269856097821467	0.4648356477191923	0.640411024938438	0.5109795188934068	0.4328565582195177	0.6310070549679745	0.2944764796138584	0.3970919861584449	0.5732316409185301	0.6394334789293343	0.7563721181000632	0.858989717402345	0.902933266055868	0.574465265266785	0.6314814403622883	0.5955774596605127	0.47021071029442535	0.34003256447879726	0.5386579176123373	0.5920345566923482	0.3368903743947929	0.3601585666989224	0.4248863791642317	0.3363759359191697	0.5330942824716088	0.3850630442065231	0.5786896745902332	0.5608723632722099	0.2672726575494393	0.18567646943174204	0.29395641136285944	0.7895725055295445	0.5244729046254917	0.5838662119465994	0.42175650913472484	0.44951880751035683	0.49746239269913356	0.8191413820301318	0.5046237315463113	0.5502775297658706	0.2835035460229672	0.44629443917264194	0.41788290690751617	0.39181885440343656	0.6981841694590316	0.6876196357168292	0.40847081040288	0.6413425644280172	0.6539662213825224	0.835272526291504	0.48241839695998623	1.0000000000000002	0.6008923845055845	0.4208273323151221	0.259850012385249	0.4669655107433127	0.7984850098838927	0.4422300559130988	0.5092143168065135	0.5842829509893281	0.3919522560210294	0.289298827823382	0.5777600462424454	0.5787477397631684	0.7689452009432874	0.3725947866637085	0.6556140224302575	0.43348935347706996	0.4531919832102978	0.6885777749669926	0.4368264274361814	0.19478547101944305	0.7461540277297518	0.17588656476636444	0.6412823975629698	0.7549580251842121	0.5521159414434503	0.43007609157555626	0.5133946857629447	0.48350444621354893	0.47205497831786947	0.32591053855158525	0.38986045131578007	0.6251711376619138	0.27189526697345945	0.6651931900914181	0.4391271954727407	0.14275190243052868	0.7208250773061997	0.7113495007491564	0.4503122903340633	0.4083463480736545	0.6328966776038207	0.5928084415552068	0.2506819771715374	0.3055471432838839	0.3593600486698305	0.15364472503734278	0.19536260146564222	0.6921869866683552	0.35352314963451414	0.25307992387038086	0.6995760799498586	0.332615787860325	0.810031157222312	0.04096026730644292	0.48012077654022683	0.5654707426015165	0.414988886228648	0.6159349192089378	0.5003023244770176	0.46073681049777543	0.48700907152825856	0.43699513690737246	0.004146564180925849	0.4156611276296227	0.5250898387958274	0.4798627715344009	0.7208556256238761	0.44357013568493103	0.6542965988560518	0.6104668252320736	0.6199853790755435	0.5609333733287823	0.2979179476932369	0.5298922284940495	0.528724183429024	0.6034279205705643	0.365785663196483	0.4753238356300922	0.33712644828572375	0.6428795737250207	0.569768417844073	0.6880286933947335	0.3430748073324934	0.5281584107520391	0.3133785713287274	0.6665525840594998	0.24816579938014932	0.5350746102707713	0.5357553117049192	0.755344909304897	0.749922219140289	0.42271265701590915	0.5609255388483894	0.42686966527417	0.6994997902070131	0.4229607481605765	0.3474149146994332	0.7343025504047838	0.5689869995689812	0.5399360623463425	0.7587969636004135	0.4827973311433136	0.3162288325812699	0.5215698662077632	0.23905574051452422	0.34672640301344326	0.20961932014505208	0.43139347074431966	0.36152417571951356	0.4383067668974587	0.853209206719167	0.5751874067799988	0.5043890393002097	0.42716421041222735	0.41518698997081305	0.31341667718622296	0.3541320016122586	0.3624382397724143	0.45297776642950904	0.2808412823466597	0.668096243213337	0.6631215516024205	0.4377540356296161	0.7553549876654906	0.6532897106133415	0.36741801696972376	0.6468215451646151	0.543601419232783	0.18678705969624676	0.2522383478601805	0.5702881576864074	0.9330243618087701	0.14286638587296335	0.0	0.39472600623895693	0.22162944098404003	0.6020813447392886	0.4261207517953969	0.5790134995486683	0.48803252733817626	0.38836948645524694	0.47552251902338405	0.6366714018975907	0.5178631238803401	0.19827434597633675	0.27795917337737314	0.2746814177740066	0.5227963517598095	0.3984129755930536	0.46567099947914103	0.7249724203157927	0.27377791061005885	0.30585841963438265	0.683274557184712	0.13981031744004613
perch	0.33340714266695576	0.6329767087719875	0.6118320602975068	0.41897236503863644	0.4899924701985052	0.45939115546443415	0.6807452465982731	0.5652198210914037	0.5596864800577462	0.47152999719739264	0.5091066018752405	0.24266229796877425	0.766173157400815	0.6273577459429657	0.3270960051167865	0.5340388145336719	0.5705044305731273	0.3228342330685652	0.5666918882361069	0.25428442213883273	0.41461422713394974	0.44108046083195274	0.2768933054345393	0.40758036229566075	0.49535019591387364	0.43086562739258605	0.2603478272585615	0.2830508963383097	0.40102897586035685	0.42229121267586184	0.3874023385060926	0.45130908714985396	0.48359778737027087	0.7765405966446446	0.5469306364579337	0.3785283602025486	0.44516149440883374	0.48462239556437614	0.5321001873147111	0.47820490216048533	0.7058418062458381	0.8317315036187312	0.633418406201238	0.5654732413542394	0.2972218976723742	0.48457002164906005	0.365638424929581	0.7912008952401615	0.5050764233565106	0.5520556595622631	0.4857452527597488	0.23689553797141466	0.35325975413203436	0.4205726075458834	0.8190698569037469	0.23658949131564544	0.9734890483585217	0.07890728119256524	0.49307927924097006	0.6595544123658074	0.4039003203800629	0.7797950181380708	0.554470376981612	0.6475552492512436	0.6596216568732721	0.2598042215278604	0.4933185565830872	0.1526314399586166	0.22352040880277435	0.5895167481408049	0.15758120099997075	0.406854622335051	0.0	1.0	0.3339763592833379	0.5785153496445593	0.46807531104307515	0.6116225871703616	0.4186837785733361	0.4447916486650645	0.23040583232341064	0.5563844497161013	0.5267497834002046	0.40633210248864693	0.8145607015347963	0.1812561913098501	0.6990351852049026	0.5447571477419252	0.754913139336618	0.45536211086599754	0.3613354410987068	0.6774933856885854	0.7899987049491466	0.48709454279503417	0.44138329413057137	0.4528680867540239	0.3089035785939721	0.6576205269113615	0.7658993068241271	0.4928186394302172	0.2454079273743629	0.7067947977238214	0.8021541906245041	0.4793819285259998	0.6975323913128941	0.41289468805414337	0.42527188304892866	0.6645570123297369	0.5142071311344222	0.269414737693777	0.47662931728208435	0.5588746758967238	0.6567792123670237	0.6523708302391802	0.5802609796427175	0.7873923914367688	0.3417528508523505	0.4783066724951239	0.5063417558744993	0.5466670775530301	0.6838816349777602	0.5421034923680559	0.5881162634304109	0.5696398242656833	0.7338952837833422	0.5786656189327289	0.49081696864736907	0.6347852868178845	0.28275619813312697	0.656113779049881	0.5281200662246437	0.6407785147040199	0.4280937391639583	0.48116012416827386	0.4691523522795239	0.5508240169900583	0.26281879070376546	0.5051307225545196	0.6293935209183137	0.7472211751101816	0.48191934883926235	0.4256341566247061	0.7068859803154398	0.2760308063073276	0.5621020039790218	0.4753772159966261	0.28027811343836784	0.4393745394549073	0.412299152431385	0.3281563974254605	0.453244803075036	0.40299122959457045	0.8262748518776157	0.46603617550197435	0.758962941459222	0.46919813927707654	0.4769485451292629	0.38915406836327926	0.9198203862923593	0.5500901851020913	0.45398488215431076	0.6132853090055773	0.35801145795270595	0.508242983166375	0.406324510057702	0.5051269292262441	0.6691034287867019	0.7102671775854617	0.400781686127477	0.46507752781628237	0.5972263754622926	0.3481440825388877	0.08609866226959717	0.3958708731144498	0.3014630152465664	0.5663434980435627	0.3286410419994428	0.5661660661641817	0.5964683693646571	0.3081788180208918	0.3546910583482052	0.10639011258260234	0.5615162578367228	0.4491193457749587	0.6723432909887302	0.5652856658811792	0.42884064211875894	0.0	0.6967492680157763	0.4327289564723581	0.322827212400821	0.23144740923802587	0.42042164211368377	0.2999151419084325	0.30895607054959373	0.23615747283699884	0.3764833619097324	0.2424711295383159	0.44629543997615795	0.4663306537220712	0.231027874409169	0.6614502743979397	0.4945658252570391	0.5420421648501144	0.9055543692168633	0.687056361068146	0.7618144278350759	0.4956853326766349	0.4623788151197975	0.594878731707162	0.7966152855562014	0.6628576874737026	0.2825085502345426	0.6167622050709838	0.5004468579395709	0.4079998239788043	0.3942528181313249	0.3832149328063801	0.38601033625276193	0.6931521928543267	0.26654444767518676	0.45909948361741265	0.3306390283667235	0.5367928423220066	0.3654093295300156	0.6441582659114917	0.2875359292550036	0.49398575400456485	0.8933391219506706	0.40564434653942355	0.5267146101834089	0.6045174560323403	0.4731322666153998	0.51320993516731	0.2748461349716132	0.5779828624598112	0.5358832562907253	0.5197505236397315	0.7724601067973087	0.5368836614544451	0.8432122977637648	0.5895284841861615	0.5960349987850438	0.3393488008746859	0.5730450477052289	0.46961104114412566	0.8665294832707213	0.6393384421720673	0.6678288394439995	0.5737465499642097	0.3679072914863558	0.78646634232619	0.7258261033863241	0.7423890233569135	0.36254585898344793	0.42701106708091496	0.21621350139871798	0.5624965514732636	0.5672211723635043	0.4649025810568851	0.439341032564592	0.6290289628017078	0.5227383647364843	0.5637944780478118	0.5863853999997659	0.4589603065809694	0.2712459222804814	0.5738041222450134	0.7764669149672168	0.4900075399491137	0.36182532128428224	0.4610166046397966	0.5807969139762926	0.4466775186915317	0.2555695949166235	0.5198901307643117	0.6410067028334867	0.4779993069271973	0.4149602790896393	0.6815743174294324	0.3096657814415799	0.4730142295632131	0.25862132345568817	0.30303941701035886	0.40036113967424325	0.3887958494381336	0.7252263328436959	0.7380962365629551	0.34820153156065414	0.17913032554051966	0.35271347329211866	0.3535805452287241	0.6462498914374583	0.4372340005418021	0.6246532218514145	0.6058012403673869	0.583594704967903	0.4513007261545951	0.7119628244649407	0.8239475063047229	0.7027575348065935	0.3632034621547048	0.7899228502682965	0.7105216180038552	0.3982944212231223	0.4546769237444665	0.40966699426278086	0.16695915521772475	0.49907904685594784	0.654069149945879	0.5360978906429068	0.7718829902499869	0.3361283571715268	0.5675964612036081	0.6436535974002764	0.4694090277137031	0.46999171838522413	0.4567004281608666	0.3201379774042579	0.6652776469483572	0.39963706110285696	0.3324174520750281	0.22825902989502428	0.3367436612604039	0.48948057098111974	0.6950671426876072	0.41871078345289936	0.6240674834811132	0.47337039431193867	0.43438301190462303	0.7984325501332886	0.810366857614691	0.2172934786616248	0.9203929850592703	0.4464375288710339	1.0	0.3813943741384027	0.5588459647982443	0.4850649305798696	0.4344940774633367	0.623910997171625	0.3009659338402525	0.5169559079265605	0.6206512733423731	0.7281381589196801	0.48820036461528127	0.4364023466831253	0.5488216765507195	0.786658356674727	0.4997904122991493	0.4661914081682406	0.2978319213433362	0.5810097863999512	0.20273597181816866	0.5669974619380675	0.36343670072481055	0.1598225912883529	0.6847483668811578	0.3634873773330948	0.3554844504725994	0.2116911414623288	0.30399786251708205	0.5311021805047007	0.4925181755300198	0.5535560465278182	0.41981710329953614	0.27302019218361195	0.26621544311977086	0.516944309629005	0.584777088094822	0.47908920712689673	0.5596091829612057	0.5695523594051045	0.4672272574505216	0.3507503885064274	0.4487205373592652	0.8584422288874654	0.5695013329499503	0.20470677426356876	0.24946489913306008	0.2623031564107063	0.37675730731500257	0.638688302331303	0.7297381948253228	0.7347717575056314	0.34246561171825163	0.8791534866665857	0.5599242386146821	0.431723833705611	0.43609902704535075	0.6889898001008529	0.5002385624346757	0.6598668655471033	0.4209988376188336	0.6606710091753146	0.38912620670162956	0.539825917208729	0.4580620870207112	0.45446971427388516	0.25090330220059803
pheasant	0.07988239055661284	0.17356941313389934	0.7287839711722589	0.09039019245816676	0.3496776182512884	0.5039015081628164	0.5932877813034365	0.462700883669548	0.4992085361104319	0.5461868228177592	0.6953560071281503	0.5462842643297608	0.5804825944332304	0.1890696813951453	0.3604133225440385	0.44831702833986137	0.5887698468734569	0.5406896965501339	0.3653962236003685	0.3384742386819735	0.16221582079714209	0.5566329009617812	0.560689369414119	0.34275033234066205	0.5097418973548304	0.7253374055448676	0.6865470269931016	0.75565255882001	0.31799424392933473	0.49153337917311135	0.747303795567302	0.4618935545961314	0.6083583370653504	0.5264855738799326	0.6924424382076653	0.47139298707053157	0.2950500831746087	0.25984048046429564	0.4422513302032056	0.6854533186709477	0.7379783305031784	0.6715387552094436	0.4628336654963885	0.7314172770063774	0.4597077653832732	0.30822609480274765	0.6597268427712677	0.43492441016470124	0.6925173858091971	0.23419755668488773	0.2877476845138419	0.615657055561703	0.3506738644392741	0.5806898593752856	0.32150780110384036	0.3109023709852452	0.4242788259363536	0.5857490039018666	0.3168453058037575	0.36865667993851503	0.48857812239566945	0.45722225933003224	0.9453134864777493	0.5576860861085334	0.6232287877589537	0.6918671552476576	0.5471600133133983	0.34076221929056894	0.4955618457040359	0.7236924935338328	0.3820787535858545	0.4627088512382714	0.16132900128990174	0.6507466292568462	0.3068692957301189	0.4699170806090618	0.559172163071005	0.8006106621962282	0.44359355673504375	0.48012776623100817	0.42196343781951307	0.6450642908409568	0.48438940252009455	0.6666575318053809	0.5024546748484506	0.2637239135590928	0.5296799077187053	0.6258089491674472	0.7545439035237613	0.4820308409053885	0.41175824934314054	0.660769446055848	0.5297286932188874	0.6264273867732875	0.48446444824088003	0.15778207511695896	0.5797798311884639	0.4443398058988065	0.3010612558971316	0.24456392853064857	0.0	0.5056200381939795	0.672522525197981	0.42317902402522795	0.7538306232706827	0.5014851716567985	0.46604939217352126	0.4970751315800159	0.3299990487274596	0.2951455923525934	0.3188241772899217	0.6958690518007089	0.7182324595692223	0.6896671154751892	0.6506149529418228	0.20202939025452624	0.6270495087674768	0.39500560957863406	0.48996152037280405	0.5140744964703126	0.36939589254949373	0.23989410065425754	0.3363657872000274	0.4483983236495525	0.5796410930489607	0.16606022913438312	0.2181464145376288	0.25319629419553	0.4688231562241763	0.4973146565389531	0.6572143464806831	0.6827472070279161	0.5415751480795693	0.6543196146457004	0.4562859351784241	0.40094738027191557	0.4283503687318587	0.37132014879021946	0.8381594099266035	0.33886651835415005	0.558228639520074	0.3076327105649881	0.22391888159601075	0.6481627559873187	0.39769414431162375	0.7307948263443342	0.2229077845310422	0.48038067083978264	0.5834983044539134	0.4358885747937892	0.6715935704823177	0.47127378280056637	0.20504007456936588	0.346979511540203	0.5274737010146682	0.7804702554985302	0.6580447215602236	0.5679789781672765	0.5549592442236314	0.48074008589358025	0.2433960095914378	0.5147183594566842	0.595454072459654	0.5577705521578307	0.9380563461279524	0.8246552655251564	0.514818739299781	0.6089737431942667	0.6172639558500023	0.5672891926992495	0.4362002979037097	0.28930316561926306	0.5076275876962714	0.7353035746776989	0.45631154203435637	0.3388421110762569	0.545965910924209	0.7031527278585368	0.5785760413412784	0.25998317818754363	0.515227477827986	0.21260808392245426	0.6031429736049818	0.41147644667852745	0.6759921336496852	0.5364143233045466	0.3040022863150263	0.4637086720423016	0.6186853615853694	0.6240317717903411	0.41099265399898216	0.34857137315632536	0.21885954220422393	0.1281665462873938	0.2996292162276991	0.23713957717227935	0.41489305558677325	0.7292995182955011	0.41304736180660456	0.7313507568356525	0.3012159997566358	0.5615694681071857	0.6287181272501586	0.8054082927777269	0.5205330981885209	0.3101269613629338	0.6772665841764204	0.21996267643887688	0.5169520470841011	0.46343582215338364	0.742698994524368	0.751913689585233	0.5687879059994706	0.7747388763030549	0.467716482099629	0.333381871741146	0.49095161002701637	0.4591272987422279	0.3320055657614811	0.6060664648548041	0.42966694872219835	0.301198707314582	0.5376465534035465	0.8592150662830933	0.16570551350430035	0.14048785070121	0.4429524203922714	0.458858030147334	0.8489495624373145	0.383512457551474	0.39565639163839406	0.5596800938888209	0.5814304867420023	0.31269480158408314	0.4422118424164603	0.39373129378601124	0.5091627856190662	0.4700326909865106	0.5732044005648418	0.9884212909861391	0.872065565421712	0.2716201003068296	0.6616372235345809	0.7265827025797265	0.5245051199194218	0.3580771412464032	0.661018190137268	0.5322456893148337	0.48949596791140476	0.41315675425624476	0.5016646530526276	0.44305825309195734	0.48507265710210024	0.7532612068016262	0.4181556042906092	0.20203833511276612	0.5894396435651251	0.40840785497323295	0.2412704718927807	0.6397998877106413	0.03270059281588422	0.7418465947782995	0.34104270482981736	0.6545313533034162	0.6069131289699955	0.37531041335299054	0.5017455168570645	0.6256824555728463	1.0	0.7065011162203493	0.40818910697304317	0.3201368795245694	0.4588909264483548	0.5466784904544405	0.422336203685499	0.7880386671113317	0.5355955722004875	0.7202197591996685	0.5882807331264643	0.2648915152351176	1.0	0.6508622824118455	0.39119922654672173	0.3214198828066872	0.5603007392338695	0.35185822959694585	0.4914418133564715	0.45147651692592633	0.4060954086444602	0.4638276927070971	0.2560408548318624	0.483116833557135	0.4281537918372987	0.5261903476587494	0.49001656897634505	0.5506457878971688	0.6062520995137392	0.4637044993221652	0.4743516041747863	0.3612102780477746	0.6843777666216129	0.5378768574608755	0.32568527998507285	0.5794838778556324	0.4260090435306541	0.3756115407820456	0.39104312920052264	0.6052859302975141	0.2930328100109437	0.7426579213691178	0.34846256801392517	0.6850723954282194	0.5912926395282084	0.6873211951013722	0.657260139237529	0.5105382241432442	0.5565167143946801	0.4331970449309946	0.2602246459790172	0.21561041809672626	0.41997378287388576	0.30557353926873526	0.4124854887397064	0.5845449158110059	0.5347853696483538	0.3058999193723321	0.6206325781774451	0.44329879053121074	0.7347617781124639	0.33203464038820096	0.7251968279171195	0.6976143659532068	0.3484031464926303	0.4725761013706124	0.7171626757920503	0.6434945798613252	0.7422596947613418	0.38344673406973623	0.6449209996560047	0.05165393863001344	0.5318844231699793	0.5266188362798774	0.40243783187790955	0.5089447494913637	0.559014726824761	0.6189171544789931	0.5252156383672152	0.7227083284123166	0.6330908113133211	0.26144785304558865	0.38968025923547955	0.4355197925841354	0.40786443293392416	0.40116239303840273	0.6382768060248503	0.40014053766116964	0.11618939832111114	0.5283274367070634	0.3156147250670571	0.7296123651162291	0.6662230649620992	0.5433442278110592	0.6656370147711981	0.5239278040559564	0.46350669685549667	0.7312219519503586	0.09536953045864205	0.30331573795841815	0.22085511964971458	0.6128748876683062	0.5801911419726847	0.5404456928601489	0.9549545481183163	0.5534020026179256	0.6458337197469708	0.4332204354372394	0.8263825399545157	0.8203080614795912	0.332318427242031	0.4619887031583375	0.5103579283567914	0.6998021400176508	0.5755045324396654	0.5450513747758475	0.4238715093655652	0.6555346327089895	0.8470288635898573	0.6374406255475551	0.45446969709366136	0.40558439084637143	0.36743258361162706	0.4645558202486016	0.4979340336573556	0.5327306560179249	0.5819335886135141	0.6098719851609476	0.7249916098678163	0.46667536585054675	0.24319199362943994	0.5450709403258239
pig	0.4193976442190312	0.4787664956039028	0.7984772098583243	0.7665990163581404	0.7238475442365013	0.7393229994716533	0.39522783551336815	0.5647240012720192	0.6891505746775384	0.207728383114055	0.6043073793932622	0.6108159725631794	0.8542940290184833	0.3564596931386096	0.5102757068321206	0.5720578780645883	0.3208296232719126	0.35536194979364283	0.27484406175975185	0.39907929453972696	0.6434576910534983	0.49003851574476365	0.5140055102784773	0.385157158953355	0.4297382842560664	0.7958242119098649	0.33776092814048086	0.2688597059208496	0.5528790863414671	0.2990448826336365	0.7515891144968256	0.37006064848084036	0.6505218135908009	0.6481897391194495	0.7912339223983671	0.6916158995072555	0.587555061209171	0.4061970869116488	0.5496894224982756	0.4506813582621548	0.8460164183037256	0.5010159798057691	0.5121562223555202	0.19684619996745134	0.41214486749760576	0.5139873405220471	0.8299497222009071	0.7186353434047524	0.7722863646802459	0.3492135807731326	0.1933834672252138	0.5191902597410627	0.34279996328422774	0.20539548381215594	0.5104530736347641	0.2511934632521925	0.5710993883476048	0.2403850588485865	0.3684258903820365	0.46812200973825285	0.5393917634015195	0.5975022179430578	0.7327323239811003	0.7495783351026812	0.7893118520081928	0.5503298516493025	0.26902448400121237	0.6393784663076285	0.5493896385827624	0.5493156043273171	0.6356913135172679	0.753104566125832	0.27719897896993895	0.47032723265217	0.33416219609622666	0.46356387354514716	0.5431339426988733	0.4195244460877833	0.4751170028218953	0.23446776452682866	0.4114709380859953	0.6216169121281971	0.4866191847106082	0.6690110609760026	0.41962303637415377	0.7379479050999973	0.639283277200342	0.6611443255063265	0.5319785333863798	0.4624436419685447	0.24080569901957233	0.3317604729513841	0.41875860236891876	0.6527985303707446	0.33249649626868477	0.5236815281732954	0.30003102694002615	0.4643699462084469	0.42517011696181706	0.48529809809024693	0.5351939454799387	0.4502084745102689	0.5659513448225317	0.7262019995107488	0.7008988442467822	0.7823695577282617	0.2588079191637703	0.6416982066864917	0.34637105441811555	0.5005691959815782	0.5520600930382407	0.464249134220427	0.5904152047243173	0.4513189650359285	0.776628526240349	0.6636180542482828	0.42873121162180017	0.4719035265522474	0.5168384730066663	0.5897062956461472	0.5788044104316349	0.4656914184167163	0.14123663568370193	0.49134035059688097	0.38405828770631734	0.13571261523930367	0.932773319108551	0.17091283374386698	0.6022277198667569	0.4288923383162673	0.7147206850357748	0.494778951629265	0.7286087513142798	0.4446949399220656	0.5142247869195645	0.5686066985468683	0.35147777132669783	0.49578051012990054	0.7892233247501943	0.5949721215706285	0.6650474394057324	0.5086249726059013	0.4132643765489803	0.46207655953052684	0.372505234467096	0.3392948002645539	0.33964317637694785	0.45268652288461514	0.46159192581218267	0.6124886088312989	0.06764641541354732	0.15411359179366896	0.5494002990505614	0.5932529750774121	0.4533638114686585	0.5070752420007503	0.4563941924117876	0.5555090747805854	0.5911835249856116	0.3810176577037831	0.47457537721369103	0.649888299313095	0.3899596097103662	0.533776610798974	0.4860610017752074	0.22750974149668635	0.6375618498783667	0.7270044942017858	0.47886949814352914	0.31766763007798343	0.4569578334493264	0.6130187080045197	0.3457447915778039	0.5152285408794097	0.5652830038850727	0.21424824456699817	0.36657354972317074	0.4834455363968033	0.31518300426140794	0.3344768342180979	0.5041226385885582	0.050349234520908503	0.6199612694237638	0.4309165872855812	0.44779923294762813	0.4224971253602332	0.27769115205987865	0.21781695977031032	0.5072674986753505	0.6919982152820074	0.3874129048052471	0.4577363425696055	0.25162257256451703	0.3857211537874624	0.8185142121551792	0.5826431997905559	0.7671751197309233	0.4134918875420328	0.4009588614869568	0.6283851902318655	0.43513398585723184	0.7982862841412925	0.7764076612443024	0.4493299017023626	0.38877547465676754	0.5761620900018042	0.4724327158009959	0.6397480037013368	0.5692415693250948	0.26984694353596816	0.5342264518260431	0.20241882460985178	0.5368371645348151	0.5852496379169346	0.58928917497513	0.5226224764650765	0.40190970517998564	0.5394355887612383	0.10842619954480354	0.6523844429074027	0.21240894533336935	0.2844189289950809	0.5641738057735335	0.6299679559787137	0.5088196147707543	0.7352741818540414	0.1759954285579301	0.42924758952976994	0.7852383253414987	0.5536842718385653	0.46770017831900534	0.31556678696337304	0.4874994271214916	0.6374110643501698	0.821512330203477	0.34657829844566235	0.935656716528449	0.5500179595130075	0.0	0.5701833359788053	0.8514129103887521	0.516712582353438	0.6245149066770385	0.6074723196528541	0.9876914292360313	0.222470894735599	0.6578768337750968	0.42796765950201754	0.6237218833917791	0.29772449868981216	0.5088795152302118	0.6703394546646418	0.5077509672470799	0.9050911675529287	0.8274999302139786	0.17933495658648693	0.05928902272360742	0.6629743197816655	0.49935453370802857	0.38945417771062546	0.176713951824166	0.5655401300235834	0.337426724829565	0.24489089434696526	0.48297947198880864	0.40572865984392337	0.5104015835213924	0.8173444099973801	0.5363333516588473	0.8589268901225464	0.15335821281003753	0.25412148234047255	0.7151007217638539	0.49841360566739923	0.45222729079849705	0.3027547690192202	0.839806048540048	0.4025696287485161	0.6187628448538964	0.7170058359324648	0.43224134355164334	0.5240985890331858	0.5475239454124223	0.32200554183803964	0.5569847147005599	0.6111053514050561	0.6467743484544723	0.5734534402100983	0.5539407600983239	0.3495710793166913	0.533689427989857	0.549918514382076	0.6425697129038788	0.2902834217947255	0.36377388989940873	0.5101565155167195	0.4826721525499322	0.4807973334769793	0.8260541393063625	0.236658081045255	0.5549624380969136	0.6283067854069205	0.6938106701783749	0.1316963399224484	0.5506176652660988	0.172889337366042	0.42602614602633887	0.5807378487281191	0.08884080999127325	0.4344472074651474	0.3126125398598073	0.7546032492164113	0.5513049009932627	0.6875725660231589	0.5803328987116947	0.6164852791085013	0.33622355013691957	0.38823828778603753	0.580503010150185	0.6595877782379488	0.4353187004136091	0.25016390758793716	0.29535441521218503	0.6947071479295079	0.5585702271424831	0.2530716172880246	0.5967777232227675	0.7559051307167057	0.5708389584376313	0.3845877588065474	0.5591096175846673	0.521448895631856	0.2874731571882578	0.37588042934249016	0.5952677656501936	0.6594956716767124	0.5800396410502917	0.5993080082249272	0.6451102291110137	0.5680515892441176	0.41243175724460635	0.6288686593426007	0.32678867150171353	0.4139702569330754	0.3579015711252526	0.4472084362854906	0.40117070608421873	0.41390767271844675	0.8456617735273241	0.38509108721539487	0.20848202286267198	0.6315344766532186	0.251094064100161	0.40834009717881653	0.5162227282290704	0.6693613145936697	0.24615256117828926	0.7515384977542614	0.6292883649187386	0.4396399133874616	0.46903735271690883	0.6566529157307085	0.5154021373036204	0.3804373936931075	0.7574603326278344	0.42470624986159833	0.5577061061714774	0.46745093405846494	0.2578852546969347	0.4117842812178204	0.5148664526163625	0.4017601589191939	0.5422456995887165	0.5737921126784425	0.06287094624501377	0.64285876812709	0.6799379172221699	0.3328289719339955	0.7251346755569186	0.38659873266104094	0.5716413397587968	0.49491813733227497	0.9226122133394655	0.68321651462498	0.4770838496889448	0.4147025856254397	0.5556507428345518	0.4243137687897554	0.4205194473612874	0.1475298566849138	0.3392122010846437	0.5059227469203667	0.49167699744865057	0.4355074984973165	0.6703530981969619	0.5050296659138407	0.6994933475151898	0.6171684130425102	0.29681533971099094	0.2452285940798291
pigeon	0.34819083763653413	0.4347514703358229	0.5165843555080084	0.6389597927904809	0.6906767844532367	0.670177328858085	0.52823146346949	0.5891905828848156	0.4047656800610693	0.7819268661418393	0.39577230627460336	0.8874761500530202	0.7106556860749083	0.3904397676624421	0.3444438457563972	0.9983782255748515	0.18739856713621372	0.6304653550839406	0.4780285503872348	0.7254033827176077	0.35388115224382566	0.43924940152924047	0.36168210888498153	0.24493414006708497	0.46489805481197793	0.35218547877997386	0.3726055472243799	0.27510807624096956	0.701223227269512	0.6996558992311538	0.5775648583742163	0.48223350454472447	0.6756051457790901	0.2810112950474661	0.72927046625392	0.11588799746632517	0.43061389640049536	0.6295497601760368	0.5413445937394379	0.3578114877417926	0.5244530201792246	0.6604529672249351	0.35057598293655984	0.5881350828473769	0.3269142329499176	0.42538093136396016	0.2801347659907122	0.4848989409977116	0.5643125743378699	0.30863942497801194	0.4075093785445005	0.3891574905231119	0.4489121033217024	0.3175606228204463	0.708406346194334	0.5113175311079806	0.6088542885854784	0.4371414215864447	0.513289981536809	0.5358451856764777	0.7431635055725185	0.652872634714796	0.20909326938117948	0.5510155519852256	0.3637286222450129	0.055687310765065556	0.3505656297982673	0.20210968576486188	0.7433045515227918	0.9061939848036199	0.8630074070611073	0.09867478443439937	0.484017303027272	0.2789634488049738	0.18427410137845507	0.6520652501826538	0.7492181405533134	0.38515163037466754	0.5148046573410716	0.5337920732258797	0.703298066798546	0.6756745514612569	0.3859579020211238	0.4481692090779769	0.6275020983433056	0.7145074816807802	0.5191438867408016	0.3317921661983232	0.40294676461739753	0.3710028474310048	0.5630165942616026	0.5336568156129334	0.6342382257976127	0.5333932196829554	0.007976506432974428	0.42739281807519724	0.43964142959477914	0.6337500107994158	0.658816054205651	0.19866536820313418	0.31250011026464763	0.4835071644000753	0.7293320278201434	0.5241412857964893	0.650085502144472	0.5128330197629545	0.43099022889687744	0.39806411513719486	0.500139071499806	0.193374943257778	0.6203513223250806	0.5770041895047157	0.9600957087376343	0.5595101123359516	0.4710970293958867	0.5740827611999515	0.32057556110566204	0.30250392298517564	0.39894064684861313	0.4200095128775334	0.9422563035792288	0.5978814407346239	0.4587886917372438	0.6035382509850418	0.5042672921054927	0.2856770730014256	0.46095015294479813	0.6903923904314635	0.5421356723879559	0.22387753216815287	0.6635370982080908	0.6775669408639653	0.37034472416315245	0.6826680680222985	0.3696326733529384	0.46755288691469293	0.519197130436352	0.5459375719879804	0.39567448071284117	0.7498230655586366	0.7524594298555964	0.7117879145339752	0.5481371590841277	0.6312424048227788	0.40210212410947077	0.7138303347906388	0.6833741122818769	0.44645236702607327	0.3645643817812304	0.6882112932779909	0.6654995301928577	0.4751701647831847	0.5007809943584848	0.6581594707451789	0.5913558464978259	0.6848604306586062	0.5403349974253542	0.24487128325867355	0.4058261007772824	0.3671357072482623	0.5979590887837413	0.44461260233681	0.889813994765462	0.5541336874759033	0.5777066961818125	0.35394354769159275	0.42907080002882464	0.3675321099265524	0.35797470905050377	0.5646172354648732	0.42090777352183495	0.07766042812417362	0.08305761286642632	0.5089877529034739	0.32970116821484263	0.08153275124262249	0.15136544216412615	0.6332896904881077	0.3789003433506279	0.81473737927868	0.4745538235570951	0.324419236253764	0.3455362541834201	0.3835830931166037	0.6957008778218374	0.27309493703188686	0.6536019596620846	0.27191908391236297	0.5183200431051889	0.5890681764216551	0.9203776792873865	0.4169475994695053	0.29512918300589586	0.3650479711067489	0.24877577778989174	0.5234632663292355	0.3494045973686606	0.5257514027370034	0.23281576248307145	0.22981372854997917	0.3192185332928562	0.39280711110300526	0.5516517775504323	0.5143181067159084	0.25645008345501136	0.5850963428488716	0.9110380393412765	0.24333672898765277	0.5544671956084889	0.2968893444561334	0.5462978238309056	0.4404389895574875	0.6924816008134116	0.557974618454219	0.6986736971327885	0.1568792420700143	0.536348700431247	0.12744208402207935	0.4086374362376118	0.5476044970784708	0.14840180803685937	0.5382795864326063	0.5505666004987999	0.6594549979048532	0.4897567478274387	0.6112649697300139	0.2664738194304863	0.5161486203185595	0.608721663784919	0.7999435501022427	0.6423592479162796	0.5443414544282277	0.7228717953983717	0.7192004867198821	0.3190217100453801	0.6074825342229784	0.21333585095408655	0.6620809742681741	0.23507517292835692	0.4289110349008011	0.3780436113130027	0.4215516068679027	0.6109624383304766	0.4962742423135591	0.3124404546655656	0.7241086830868924	0.7661471281087544	0.5262071822463397	0.5953259018035695	0.5590888364975618	0.3771965378367624	0.335554035641304	0.6490231855050724	0.8988622955299331	0.30397839890493544	0.30904255757066035	0.6250700736487497	0.7637557636995276	0.7882983880311807	0.5264740236696717	0.4560007308309059	0.13834120673139266	0.3155251912885497	0.1544179670842733	0.281176272163062	0.5320647160311869	0.6712158436596538	0.40578260190751847	0.5404823696894958	0.3682261538008137	0.0	0.31924022695419774	0.4537291820380416	0.5879385257546306	0.4028346741637001	0.3767878098995614	0.711458330094616	0.628196786875662	0.5000914144150574	0.4962262044602942	0.6102281952053518	0.31331829054612803	0.9067572566307531	0.43825777585582937	0.6782386805180787	0.3970911304793443	0.5482377243908355	0.5802644407070062	0.6787578420445484	0.08035647817303426	0.4470385851449732	0.4599479327519991	0.5768385989486637	0.49134328717750425	0.6576172464477555	0.4582421529427641	0.5156035679811495	0.36356868290513966	0.5826375938552089	0.4652386638951513	0.4099697166907304	0.7047743377375728	0.8686055946850868	0.48216409832320295	0.5847288910327038	0.5419795793848341	0.5556464167090682	0.61953976052646	0.646194639606213	0.4216826100011397	0.7789472721752324	0.815139369892806	0.38595292626414235	0.7501683927330872	0.4487057755583707	0.4830918969812795	0.30978213436610663	0.6507705723065218	0.5922790250634761	0.7396373216461556	0.3452473370636109	0.32114708622186544	0.3653944860335947	0.47135692395124346	0.39784923418835005	0.339388500345252	0.5917698379565633	0.524806086957251	0.6869774539943225	0.4886930053181427	0.4096940150625438	0.5170248069706603	0.4993678327204512	0.7514074752946867	0.4651545390334259	0.750912614440237	0.9651348027621216	0.46634269797486505	0.459856762748232	0.7554271461139821	0.6462413549361561	0.6134180395253355	0.09628359537864473	0.004368372207930071	0.4316410179150787	0.5126166625293299	0.3760043461663808	0.7131331255616147	0.43221372784803114	0.43558855448345624	0.4242287672334612	0.6204716723778029	0.44076833140061233	0.5421146893440598	0.38910603778607566	0.47892239213051097	0.1554768976904426	0.5479132307199541	0.42227447922249683	0.1810102690005836	0.7251860946822796	0.6344018793247036	0.5729787424778431	0.35779820994900435	0.4478055916163044	0.5236167653829534	0.6608000105621914	0.4808902177196702	0.7139762575367306	0.4570941595707023	0.27301655129287755	0.674375611008706	0.4438611788643795	0.2121933840139486	0.477699202334829	0.6496128009341829	0.5581051927754307	0.9915853459716539	0.7542109919977555	0.5106224541251883	0.6673922912605825	0.6735569158934694	0.5824134344975123	0.3141814369540247	0.007280036590931016	0.6385486301607961	0.1288837350172862	0.6438768886556456	0.3835740483467581	0.5815011580891517	0.8449819540861285	0.41079542342040193	0.3186796840615266	0.40758139928867326	0.6297542776592949	0.7134477223297452	0.13098649059117695	0.25615497232196854	0.47829827741394826	0.4338289793136391
pike	0.7009503941245003	0.6138683096662512	0.6194900417454188	0.5764924374707475	0.5740220627625123	0.22294043486723414	0.48559466975314813	0.5951033168095667	0.6876090787565518	0.3429990601476707	0.5184589111644717	0.4924964675194227	0.6022983294792881	0.2388063748965903	0.5077998957851673	0.707486850527725	0.023925353619977108	0.8030059253476475	0.4950505824227821	0.6825362177727105	0.19278183529906973	0.4991407703456256	0.767683347298908	0.6150346385394843	0.5405463437789315	0.7015240281613181	0.190384995734939	0.6505259083355934	0.6322713172639793	0.680421684261634	0.42247873963947713	0.5568684324992741	0.06639980274595897	0.5563178685268648	0.5554448093456963	0.6584532232045917	0.39841044283235066	0.3273643919294355	0.3353285157919869	0.6551331437572128	0.5544004795570393	0.4180000463087139	0.0480034928417048	1.0	0.5978022024938756	0.39023134426702855	0.43044098075368614	0.4795713314239406	0.7750068045740038	0.2700132360288169	0.1840304126780987	0.5775707903010301	0.23621522137107692	0.40414090470597097	0.3853509670886913	0.4913021799490986	0.5118482950465918	0.541927084662166	0.5112956156958062	0.3886138446320134	0.47912661415929036	0.8973777049166584	0.3618920068542292	0.5153743150972697	0.3059491330610845	0.4505878042718718	0.17277594904481158	0.320839439895526	0.6377163159598536	0.7955554123027001	0.5771120252928579	0.31618701991113274	0.5008210512705874	0.42648252237144213	0.6083559432544943	0.42326015609642603	0.6529736042073798	0.3378553621800907	0.3725869661408601	0.27395785118460053	0.42362422183933224	0.6322906572367029	0.3581033889569202	0.5712140984519338	0.8000707551381282	0.42072499047187517	0.13348812743249755	0.26675941348112053	0.0	0.4195337580030932	0.4898002179967469	0.2606663570147789	0.1359566763868749	0.4371666188893663	0.48218057641600914	0.2744674906269754	0.565665454593316	0.42446505922987754	0.7127307472963503	0.3634832809352419	0.3103743522797586	0.6845946435561485	0.4336930770789531	0.7394846183696109	1.0	0.38861491943782356	0.3451261973569334	0.553108825509244	0.5595182784078454	0.30793957341477185	0.20586141354800863	0.1961121046540092	0.28837930610538454	0.691658835598808	0.6661339717224602	0.6406950629677661	0.7697807920715618	0.48304537988031415	0.4581477270246647	0.4341711339005319	1.0	0.3061235536820416	0.5941581221394722	0.4680007765960989	0.42742129472413826	0.3214966159024838	0.35903820442469525	0.33836701199488356	0.6277924733362745	0.0	0.7374568670338774	0.2057207564829041	0.8337312063139732	0.3360065134305812	0.10439106567129475	0.7053639244646792	0.5620161481644453	0.9462465345853455	0.42344739967347994	0.5123000025846449	0.55322480362677	0.4001634637841144	0.40372517446797573	0.18726528012579957	0.12038889497450117	0.526276402726663	0.4229810368126181	0.2080384324058826	0.37348853621826134	0.008506437327831518	0.5960431034305725	0.6615119961222503	0.14634522952733386	0.550607697983889	0.3304695143686264	0.8868681110860304	0.6400479073236465	0.2894492873222052	0.4639904783502395	0.02949973467175948	0.6455766312097244	0.7724281176333225	0.5638014265525594	0.6554902673429743	0.46450142437490266	0.642090682665249	0.6987162000032826	0.42024926042364025	0.48714353454703707	0.5694145914195428	0.5632134155837256	0.0	0.40650310203182827	0.38374918264080665	0.7718533841899159	0.5969814261839042	0.20736320339671693	0.32604408641576105	0.5854613721058364	0.39493766482118814	0.6331091119027121	0.4619397566470764	0.4557275562011256	0.42546716082127245	0.852079278223562	0.5617665701690288	0.6242824320020091	0.4062276887300808	0.47155583869472983	0.6904269015438713	0.38724252004572945	0.21900335586427033	0.5420825182503897	1.0	0.5412806720663763	0.8746340162392041	0.27274549116709024	0.48705525733333555	0.48370461107349716	0.4474247898013069	0.7265394464313917	0.4666016586929467	0.5869386908992222	0.3937687914173156	0.6910331699797725	0.7539061941341355	0.6397744962079396	0.5304912630920692	0.34170549351162416	0.3232899460285312	0.36009198973280104	0.3132482965180322	0.46592591816836615	0.6779266185135273	0.9140197814613398	0.34124867824002914	0.6029222127850538	0.2877573362349282	0.39778916725295277	0.535550132553108	0.6115583412645458	0.6472547732399219	0.8238625197067913	0.4788159594462206	0.18855625494060185	0.525084718129009	0.76986645178203	0.2085256195366647	0.5680242683637775	0.595701471193855	0.4864870616030521	0.7250093867001535	0.655171435830237	0.6892819208612626	0.6698376960297513	0.5486563273345656	0.46078670869798605	0.5322789591586901	0.6099823715960117	0.4247839366139935	0.33033078298962515	0.25255877515026826	0.4873660359677755	0.572915079627137	0.7149754371112956	0.33722932119502835	0.6875307718250933	0.5269811440308421	0.5313176387033368	0.6643006733840049	0.6057109935355266	0.6018569243077315	0.48781948481577264	0.4896336183229628	0.0819991833673841	0.5181058639080183	0.6730073939810004	0.7502430307074907	0.7184998952904377	0.3687997245187347	0.6173753516791469	0.8085602801744105	0.6425843540782312	0.6837071625084705	0.5638815875634084	0.5434447861994031	0.6301354928760935	0.4483912698056576	0.8601674287369444	0.06532547885908091	0.2465294552527511	0.8103125873948209	0.6337946884815845	0.8612201137950648	0.5901363372072792	0.543988617016588	0.27996332069770147	0.5807675138198137	0.4436736139508135	0.5277028980232008	0.3795887480103376	0.6343140576434954	0.7934916883251489	0.5288827871616418	0.7779242862640331	0.703687103981534	0.777424731173539	0.35335430341688695	0.5575228495501072	0.23728160684052887	0.40841648533983355	0.36404796506242876	0.4200027911253308	0.1334130589635536	0.29774844016405766	0.38608935825363677	0.23946566170706457	0.4591064623346727	0.6762742757811461	0.52498998028721	0.6070743631429474	0.8197872945224556	0.5818506453383671	0.5876910315552561	0.6779702250153623	0.2079110426971496	0.8970842426549048	0.508100058644683	0.41242470336892595	0.6802110115648174	0.5785320420987088	0.3184102866124268	0.5131254182960233	0.6100870995941858	0.06906287043416393	0.678248369089197	0.3243492505565238	0.6423551039424379	0.584702396948509	0.6658298230273781	0.11255792042385387	0.47853232558430703	0.5460413266251226	0.6091480201789574	0.5667987739937751	0.6613260594183413	0.793897632212529	0.3565963313817944	0.7046939996298466	0.4766941217294858	0.6011386544387113	0.48375391755734054	0.6084095113079604	0.21568463265630203	0.2174520207551539	0.5531092119832082	0.8528107825287087	0.4570453033831262	0.2706574656442009	0.7432925631770926	0.679867996262248	0.31118001320444466	0.28577476898989584	0.3576855737541594	0.40439775964399527	0.9118780034072363	0.4040217882607887	0.18164204966128378	0.5898146595687467	0.563454072990143	0.47180221121184773	0.7252498781051471	0.32587830561872116	0.6141152411629954	0.31189192662237475	0.5218837683827543	0.46799292675557025	0.6454272827984295	0.5833770105332596	0.487853296793354	0.6833295141278268	0.7673208750237589	0.3926535840859721	0.16270116686800273	0.6706825507647194	0.2987943019576846	0.5388853577212066	0.7296424369969272	0.5851894903159781	0.5650729311534932	0.1926622542445228	0.10705841808535416	0.12502466234508905	0.43867386021750804	0.6455737097502519	0.06288735446822014	0.3655424119302112	0.7434608652428939	0.6717803955359442	0.4835623671965816	0.2987233675456197	0.7614773359181748	0.6054351172179839	0.7952531258421031	0.27726976331200887	0.7364148602318517	0.0	0.4411295002109128	0.0012775438979268916	0.5545718067857798	0.8494577960951767	0.5460661842335687	0.7394976909759169	0.42507161710132724	0.33737011202282324	0.4308783644007859	0.4863010339076643	0.3784302776578678	0.6213012506388224	0.5321082364662818
piranha	0.554029180430015	0.40796186807531853	0.4335240537610291	0.5801377069942976	0.6450242045543128	0.32966879711619973	0.4621270438052315	0.8044509317164016	0.5034129220444942	0.7674756804118177	0.28124404220748445	0.40228204270559786	0.5545089035139357	0.49279292380058454	0.6814487214448521	0.5865423315348457	0.6096401634330357	0.6942795592145448	0.12027323588014793	0.2973501213611225	0.545245897546391	0.5458532074064325	0.610133077584989	0.33493666646895964	0.39261698972384973	0.5122189413187352	0.21061755452109537	0.6191109423319247	0.34635977886644853	0.45055521801597187	0.1971736862789646	0.5748538950860139	0.48516792298000383	0.3656037659676491	0.37931582214433696	0.7813794813006794	0.37398123291139007	0.4078526466541259	0.2957115895843315	0.46086374737616553	0.45995000229378014	0.3331589426762535	0.6503467556944142	0.7582323955665642	0.3893994896297303	0.6043293873901633	0.7885654195339561	0.44489209806144336	0.6411622325210302	0.6696934201603068	0.4606012081947366	0.4226469328148778	0.13594098748676792	0.7161181989869202	0.45787434824072026	0.23543905225810596	0.46791912973946037	0.40022215813718504	0.13409465915488705	0.20114902486674152	0.41161175904942254	0.42586334020757427	0.4767175017417378	0.6556060283169259	0.42375642330145363	0.4474407480726972	0.6566235058296769	0.6468678933299119	0.31757094239772954	0.5017346439361479	0.6167615150768672	0.5156604766261875	0.5158123471623401	0.33273511388780463	0.6545684975149797	0.5053443049020137	0.8516614492873193	0.4856992493782361	0.2817193522655189	0.6207045627713407	0.5960084162998651	0.6895462549952871	0.838072197537888	0.6677257583383044	0.419645565422516	0.743231383100728	0.5370052029399041	0.10280006173686351	0.6816046098922803	0.7923005674310407	0.6880635510821256	0.5267988292309453	0.34242813167406183	0.6870896408544578	0.5237898992109655	0.5372741730769528	0.36898942739980517	0.5918618375622904	0.5428773981800618	0.4103346303585922	0.6169881484829431	0.23429007591303447	0.2812243289591955	0.6052927868554957	0.5224519322443907	0.5419807488851042	0.7679916084906586	0.8670445060510192	0.7526622417441096	0.36973186562368837	0.9266557959742365	0.4277893760070431	0.580162842954168	0.39784286776344063	0.4887514148860791	0.46386350066031024	0.6414942091605922	0.6090319005020426	0.2893663487262558	0.36203037098775437	0.39040775770603725	0.28370576122401964	0.11829554686341398	0.3944833984945458	0.38854773599175946	0.7364622437622833	0.6870474415323701	0.5468019042845957	0.4697037425417428	0.5854381096374369	0.4475740874415246	0.5089306278128203	0.32666915205099933	0.6577526830003576	0.48722621132313454	0.8532925581315374	0.5052674952064171	0.36515230007975	0.7025700509383909	0.3969523137233756	0.8623937839108735	0.7923171638213782	0.822757112089926	0.45113743956959895	0.5554421263035599	0.30535423420415586	0.41176796279238687	0.42364834415083874	0.46082169824012686	0.3078130814834379	0.39919728714321767	0.7284478672789216	0.6544164142956613	0.14014337182976894	0.40734895155485357	0.3141033566383493	0.2551559896591328	0.6450543517984129	0.7583353571222498	0.5379454623913423	0.5341265325929158	0.6265022177494114	0.04242209682221065	0.471540764285601	0.2765816533447686	0.34692646646150904	0.43243236957169834	0.2355817105610508	0.49593599055461773	0.4565772415368083	0.7018719897192971	0.7413505088168906	0.5729736355621698	0.7220741329145712	0.5517236647832339	1.0	0.2514766547436343	0.546910798548303	0.5333596320437314	0.7240912236089314	0.47345022881298043	0.4721051511119951	0.7938614875656322	0.6168682900104933	0.24551645328229527	0.5240315300339966	0.25416131526585417	0.4496178356861613	0.468077630995146	0.30015569487983773	0.17179644855977982	0.643772110059728	0.20637522381155216	0.34512720649457546	0.8333735384500071	0.2323184216084615	0.4318004530192784	0.7198405814666669	0.17557128983336107	0.4400307752682485	0.3407067178844816	0.433489106381982	0.46614726412673235	0.6621378148524649	0.16026520829310137	0.7681371791543463	0.2787317212062542	0.31100230215808733	0.6429945202868368	0.2132035564272846	0.37079353283752325	0.2452215705983279	0.26243612566639996	0.3459435051433554	0.2773131095468032	0.4589078191614169	0.39258470303402415	0.9157124341549128	0.4715078689439577	0.49413206732352355	0.6996538680312302	0.024083001663949444	0.3962317513292938	0.35054520360832286	0.3920639429746391	0.33501036991993693	0.3893457082244993	0.5443920285473147	0.4996807655666781	0.2574953513166085	0.562079888222261	0.2537902299258138	0.6632582333463014	0.28452995248950674	0.5106701107150562	0.632719962069857	0.739048118822339	0.5664574650530145	0.6067590717749718	0.5149546448551208	0.5211280843038348	0.3434041685101471	0.6137121887988906	0.4439120515046753	0.717054354494868	0.569133386140906	0.40128123625695905	0.4205406256557504	0.5145221996402917	0.5183503215395946	0.24410662154348756	0.17307677181690462	0.3251461734377783	0.7160578607087393	0.38922178951813724	0.6387976622086406	0.4834968087342555	0.2388654754345566	0.5713996294987717	0.5827541738171061	0.4244090255584485	0.4318758023064274	0.701101330550872	0.20304535792599687	0.5255951233362737	0.8491827619200174	0.4418554508081479	0.2880327492569391	0.7080422795859805	0.11632129278553138	0.6448961515988371	0.6621138964570501	0.578117599396992	0.3264877794391393	0.6096141166516269	0.3808107114984771	0.3962166537316671	0.4692411377939206	0.6322353617778856	0.42526215097423914	0.6335289330546491	0.4797412706974823	0.9884701942546971	0.6010682619923738	0.20280083413628064	0.31989230556474413	0.660481091154427	0.23459299435387307	0.49233180540194016	0.6002051335230065	0.5349771455454513	0.5475530298867766	0.7235692755822459	0.558686448960048	0.559057674927179	0.36717230111202703	0.4376908960968559	0.4318816707725058	0.6017520647335863	0.43248589503898555	0.3451764633566449	0.4393747281977703	0.5016036509907715	0.4003361210612194	0.4824483892939796	0.5083905769668581	0.5991739920921586	0.30955084698203583	0.5043983753948917	0.40771304024526717	0.14545309102777232	0.5620035632802962	0.7289250673588543	0.32112648212465655	0.5695001185499926	0.7150473636797672	0.4246657627893824	0.43945635374799125	0.8238455843708317	0.4167416473212243	0.6878206990383313	0.5289227409871808	0.7441514371849115	0.46252962461895336	0.5188890716494061	0.5170291903171086	0.7011994983647681	0.5412340084817504	0.6709421280924857	0.18142270857665754	0.6956137853609831	0.26230146343965266	0.5176338827800416	0.4413738465966744	0.6411021263912009	0.3680129643956339	0.3334912621848022	0.6757384662835906	0.6923583710883641	0.690967010539874	0.20131192268701198	0.4686753813289605	1.0000000000000002	0.5290078350437206	0.6069081542911162	0.6527227945370271	0.46364663661154076	0.43291007008689397	0.580584066212246	0.530498895049064	0.2131771297225405	0.8865373617384573	0.5994776587246482	0.458357193516314	0.6706293534942281	0.3093753104906834	0.742230362303128	0.3808523483355192	0.4983546413901602	0.5466752059049942	0.4883399285031697	0.5853350469404022	0.8920301013886134	0.46935497665252673	0.33603556153698066	0.623524012464002	0.18874034137806456	0.444448437443879	0.3405028960344696	0.8685039133813013	0.37407344074355414	0.8685441701558453	0.680222771511761	0.6396981938969996	0.7388320565591133	0.9044911724871165	0.4528306074385277	0.5976330309730392	0.22647228619116824	0.6062268598656335	0.22464327689256325	0.6040007875161749	0.4263378257442183	0.5032453323472318	0.6456390386927422	0.48860045467106844	0.6584130696160762	0.7739591580970168	0.32264751841420664	0.498881239408575	0.5227874695650264	0.3807828880501917	0.4740700173812063	0.5208791991033794	0.39116220677412383	0.20795704081766875	0.4750585754236191	0.5032677104061609	0.3172651679985478	0.4048436699892006
plaice	0.3440777913071985	0.6622424168904998	0.3213110306991997	0.7915238061541918	0.860861506985191	0.5986630698055337	0.4871097402609704	0.9395043262869511	0.7626969098109196	1.0	0.6146612436644985	0.6360223682129892	0.4139913553260996	0.1498126701090239	0.3908264293198393	0.6341694359515484	0.4535172978229121	0.8305467661115784	0.5875169095990991	0.2926806631734958	0.4235252944888543	0.6849232173542619	0.49866551658115543	0.36642319478266444	0.3482596358911863	0.28914830311284423	0.7559697610026648	0.31528060115651174	0.6180484242518557	0.606746387260336	0.2598661143734723	0.2417607540764866	0.4357577922858911	0.5357159871918156	0.6912383670192197	0.560109536725601	0.48247292452943924	0.584848529737761	0.6465955129872684	0.29935870765886596	0.6480990630056926	0.2528603792319852	0.4340634415376052	0.7289801818639139	0.3275251119846981	0.26444349480460233	0.5085968792281949	0.28138567135357334	0.5447973445610774	0.5092772153854913	0.6886240403765678	0.5191860684732487	0.4530163476610283	0.39212556204922727	0.727839991557656	0.5411084059447114	0.6825151928805878	0.5423554299120353	0.4143420543751069	0.33882681805986326	0.4454750976771551	0.5094774890289575	0.4895541614931454	0.9169779608247604	0.33408731178174245	0.636144300919459	0.41273773753643106	0.5159687868225978	0.6029546944345696	0.19267254432226388	0.6851618935436897	0.12038790083603645	0.4657898586523863	0.40793666232076164	0.3919007372976089	0.0944242876193303	0.7654673167706558	0.4155299845582069	0.37299485363971163	0.509633282273101	0.29113756258520007	0.3454508034640766	0.1746565777934532	0.250302474615827	0.6497920763772113	0.26905033174297227	0.4415357275661907	0.045000168885071856	0.6137015865366803	0.5554346111693558	0.5188445383484628	0.7533717451040087	0.2718002462415498	0.5080613904963681	0.24997843684090976	0.6975874886133758	0.2724177674877062	0.6536094191232935	0.5721059069830619	0.30312351927452474	0.21613652104291842	0.0	0.4629127179900401	0.7683736059330579	0.6991243737964744	0.34860874221055305	0.40823962796129143	0.33805510684569995	0.3684068592466814	0.34760784919336096	0.6795416327514666	0.8614271177136521	0.915412831705477	0.7188948695756301	0.4435439091879355	0.8589894032305726	0.6863288774232077	0.843465610925642	0.41330888546296624	0.33294259116458946	0.6786106486401227	0.3421161944789505	0.47418346303193987	0.5615664248889674	0.36127307086112526	0.5745746069022617	0.29602119611721583	0.5134660586184938	0.6033889598255832	0.48408268841035407	0.5412106335148908	0.5074336577423522	0.40258667276626836	0.686819412060933	0.21670918195501604	0.4201531334082912	0.49841639229189144	0.4775997051154574	0.4443906351948289	0.44904996989965174	0.4530055807608019	0.7358232392901238	0.6854192814546604	0.36879947837995763	0.2807276077050307	0.5173389765330432	0.3728221777754079	0.3865132532069896	0.3683683742237159	0.3839488743196634	0.4387948140994337	0.6489776678645955	0.483635366235	0.31832843311079306	0.5982327855102383	0.3255460780476944	0.3904994893905539	0.41959708349237385	0.7425989486379252	0.7279363769595012	0.3849915003989701	0.5402313121516249	0.507768163913451	0.7170715191915998	0.4590232958769219	0.46236255977830626	0.3977988136605839	0.54748290231992	0.6628641197615106	0.8082288257255354	0.625478477815027	0.41420514867705044	0.1913625590662012	0.5635751068274435	0.3651545757478676	0.3581955671244583	0.3457439002550988	0.5108866917590391	0.515053841965626	0.6044735874365086	0.743359517623979	0.45089094217114895	0.8234812996945263	0.43347081365502593	0.415436521820425	0.7227760471309943	0.46189725009638455	0.7943035285071895	0.7215156629739242	0.38946505423715694	0.5254902766488555	0.276208284090029	0.25136350000033514	0.42052181086618107	0.37897477790721523	0.38988260893459203	0.7341414015700138	0.31025271922195957	0.4045926510435139	0.5430030400120952	0.6403299305529505	0.084277310628361	0.6024144103602156	0.45584046078151474	0.6386665879979073	0.7307028631149742	0.3690065096335056	0.6287602003763858	0.6008040121763834	0.5114755830530188	0.5040825841667947	0.42841390650471356	0.5941297171934861	0.6954215445204355	0.2769845748110731	0.5398882040402936	0.3791019716004955	0.5222254114041635	0.2949554888530633	0.5671205421681491	0.08334352925429689	0.2761819605110702	0.23388789197857024	0.6467508484469219	0.544261045391474	0.23879382573948757	0.5298452677001002	0.36498071090593953	0.8743961939374951	0.3894665219875288	0.403640934980512	0.15510743537050214	0.5951503826697473	0.52030164930309	0.1644614236680539	0.6882739001716229	0.2232616307101554	0.7472502750926462	0.5780456523729977	0.6234101684869755	0.587740269718778	0.47241371263425685	0.6524386814689938	0.4235411593876343	0.5594689301852825	0.3213204683695991	0.7699073167595363	0.4847848094328139	0.7956838771480279	0.40841117060979737	0.3313155093860422	0.4838122669038983	0.5169866826792138	0.5629457195559412	0.20001106712289363	0.8299860275535133	0.6096211814221381	0.48716035075855846	0.710607624716022	0.4919506149837999	0.48775633453319694	0.4238994341747269	0.303829409217623	0.32187054255517444	0.40590298572169486	0.4714927629400667	0.8806001507011293	0.8785426016443856	0.48509406617826284	0.4993123341827856	0.044214238623318414	0.5492256310409716	0.7265515255690338	0.20591375971543147	0.5583639944319898	0.0	0.391932813105955	0.45441946210676615	0.49651820492741794	0.46007876431519495	0.6212514972387234	0.6076488972710424	0.46471900740423555	0.3907811223130452	0.6886143152919424	0.24203087680601987	0.30413295664535	0.17602654740614973	0.44322850766652055	0.49230146096488	0.4494356860385753	0.7152340968046612	0.7279170038074174	0.7296196071431034	0.5490652379681251	0.2328130865744417	0.3780347764382575	0.45355751492361085	0.33979148114645524	0.572304161490921	0.4408305972387356	0.3551793640885154	0.9035550041304697	0.1562808434831396	0.7583337641272114	0.5991634784231821	0.2542704172438177	0.011312821505685189	0.6559808214336735	0.3329365097624935	0.808167067208817	0.48426063537734	0.5906745098264369	0.396489502978374	0.45270498128135916	0.43095702186284784	0.7961673751528346	0.4989379606334988	0.3975514613705458	0.048506877104945556	0.5830336813191616	0.7344720674253602	0.5724658513272533	0.35472761547301107	0.6553724277365324	0.26357991387445684	0.5212441057422895	0.47554832373097383	0.6953636567910599	0.5014272221005177	0.651095261705636	0.20595876640929217	0.5649059411111027	0.23114756680334775	0.5170551477816067	0.7192899365528399	0.83414992431652	0.5390157175495102	0.6699363278487455	0.5478006891183784	0.4604155158232551	0.42145048240618016	0.5708975958644728	0.4309149830775676	0.4457687502328652	0.7164735885321856	0.5366678530695536	0.7102956479630025	0.7510822858818509	0.2736748937862672	0.22369455915135622	0.563804179648948	0.34863053882638806	0.3163264825646008	0.6291406536698575	0.6294765085019766	0.2447543661341321	0.5245718545086914	0.47937297039040844	0.3625730742550239	0.8413852104402306	0.7637423845677269	0.6294206543022288	0.542512211445526	0.17528344583034244	0.5385742605351695	0.5509637149859853	0.1764420094124896	0.4144430105631007	0.7255657402483217	0.43699806090761434	0.7543677306254617	0.3913432590275232	0.48240301392333634	0.6505790861516767	0.8300633304344761	0.6858899232601271	0.8694298228391629	0.6684202142190011	0.3005870157901711	0.12790569907544902	0.6013885336340093	0.6909807600955056	0.12591315266641268	0.32083526175089894	0.6185706982234767	0.7088633128459236	0.5319455858472086	0.41250038806350064	0.6935969317379829	0.4114735447622273	0.534396799766837	0.47013939262009036	0.524378070468123	0.6586473380765121	0.8365788540734855	0.6861526577735311	0.3004183178279073	0.47345714758842344	0.38898618032584964
platypus	0.5679191480699688	0.33422954865843835	0.4507851075861395	0.740666931445477	0.388951771867626	0.671181507398998	0.08304320898149725	0.4186594849196855	0.7099512910344475	0.6544008285713808	0.6380589494028586	0.5062083069067258	0.8238047015644909	0.30292057072395073	0.39595793471196217	0.44830054341180714	0.6883181026012541	0.7806437246639293	0.12373592748342915	0.5251175701421624	0.6246784852477315	0.5670096718674572	0.5228555573815248	0.4917651071100331	0.3140292044092485	0.4051220881582234	0.3414528773315374	0.4325217654651282	0.5270301439293766	0.4436360216185384	0.5231634839340538	0.4694766986613963	0.5263986935209521	0.8721281825772451	0.4286252184519713	0.3513524461244549	0.5463665909387974	0.5186601821226497	0.49519904498642614	0.5083091486061139	0.6199414686393474	0.35592103258224417	0.7973565588755787	0.7284377080463015	0.4735372255740809	0.6725321164261716	0.42402417405633885	0.5935863191378068	0.23400312803932982	0.3231338003069225	0.26384672863204706	0.4814258502853739	0.7265009003563379	0.5198937039691777	0.3011418550334358	0.29363398252804107	0.2649772970726378	0.8117386359742208	0.564545720548147	0.3973966548718917	0.6296732135559044	0.4310371043478	0.6771450025582675	0.8057027937657169	0.38331321025661014	0.27053625009094995	0.6054945357352463	0.6171350552691317	0.1340931872594492	0.6055914876758403	0.3419410704494129	0.7304402059339292	0.3419425316898289	0.2496791694162443	0.27847634602829385	0.6164782253227743	0.7932557243393196	0.44472622353984	0.5377116150967096	0.5881500031391558	0.40138205393234627	0.32152477617363984	0.7983860645681271	0.3363272879099981	0.8286308695951421	0.6568094374170105	0.757549590121365	0.4846215766834705	0.46080876988205544	0.4602589524913942	0.796152219067038	0.23866336552266845	0.6043996369808239	0.7120021324271157	0.5023885941941038	0.6423158056606685	0.445384671996421	0.3743646458323485	0.5254836453451148	0.2861725662256286	0.3433771320951181	0.6177338561356003	0.727583163633162	0.5016598349536104	0.16487194476230488	0.6609924160596135	0.5628751163447089	0.3982815490888429	0.4592609148758401	0.3240875103303108	0.6053437160996897	0.6658132209464418	0.36716650968512743	0.7163018336489907	0.47478819306688713	0.3935243705669704	0.2137351173898157	0.6773046140272434	0.3825055220051567	0.5473040787405528	0.3644562878261433	0.49000136996280497	0.24808712406619143	0.5954216297309586	0.8468823634610856	0.6623995428379221	0.19052450867323129	0.36510960391148417	0.5932406598701059	0.5334188094915112	0.3823054733919108	0.31255624635290724	0.3105994161975525	0.6441233341506969	0.4297125083183131	0.23618042306716955	0.7714225491366639	0.2248563110600234	0.6175053235239487	0.6222338203853662	0.47940379285859985	0.3282376019643656	0.7178849816320705	0.5913354283874221	0.9108470209916327	0.3680497397414849	0.36811349313710634	1.0	0.48089553087976544	0.4845494930206753	0.7597318581386634	0.5649135384091574	0.2984400590886647	0.35593729262275026	0.24070253948793063	0.6203590735500424	0.7068251889033929	0.7103959293240513	0.6373799657157051	0.5901264795002013	0.41599990118573005	0.6051339619012654	0.8350925239120264	0.5512814115715674	0.4886464117842813	0.009688510329787792	0.477096389081229	0.7492759423571009	0.28072995002988965	0.4526378481462233	0.5119786837534187	0.287647630309553	0.3049603579931278	0.3396460756639561	0.1580208091386614	0.3575530657508	0.5086455389134575	0.45040168005032033	0.5870755849759955	0.4545219975828905	0.453417042760925	0.06053107377738193	0.5940950570727782	0.27795882064826505	0.9685140474077107	0.4954048718259183	0.6541585931489249	0.3499708614945207	0.35136183905105617	0.5592937006416325	0.29992832222118926	0.603392798038789	0.4376859200677058	0.5101000635185752	0.5456472582706261	0.5200422030838956	0.15726328024844616	0.4863604660538759	0.2278913590741462	0.4302391305567115	0.3734962917333313	0.7252444729990712	0.3486441359539685	0.7867791724050706	0.4916242637979519	0.8769714163226032	0.5358082547791095	0.458532108134645	0.30343285313991447	0.8024392097843358	0.6190390164762023	0.571371585146368	0.5004558166408067	0.5212172720908396	0.8024748698997253	0.6187425280945448	0.4358047237257559	0.486821764137653	0.6417247758342769	0.2682610094969693	0.7422811756716956	0.4852045561673283	0.4682023225288078	0.6901800570713372	0.7142237660555781	0.09133258079003359	0.5144302989702138	0.2621101223737998	0.6912562040307735	0.5480131290655559	0.5286109392896792	0.530073253605391	0.8043373175154143	0.6307141800377067	0.46791871813461383	0.5674944860700446	0.47787252021217896	0.5225968154631101	0.531222317556925	0.7157663105014008	0.682116890098873	0.4290179519776901	0.1999937534848764	0.5871203650541215	0.48123925298887144	0.7410093814972157	0.6393374974727064	0.5541860509649928	0.5219735285533693	0.8176163004973775	0.7643358121719407	0.557584457679356	0.45472499114460424	0.6285729966188427	0.5538669728891451	0.4962798368990347	0.30656100039244044	0.645361859832875	0.33081809667411105	0.5778764713717055	0.6951000904846432	0.43794251672916196	0.41175968367969007	0.32447799103517916	0.5209852069302595	0.5528246940779659	0.4334604358231126	0.6672413657899794	0.5916436020511237	0.29794894071181705	0.44679827384791365	0.3033068807160986	0.3762694661107412	0.4992522191867179	0.23121231820362034	0.688770971453432	0.46742340120419623	0.5425307573796571	0.4791846897122028	0.5501942103624013	0.5106762385254431	0.6422292073489579	0.860213780541621	0.40990664933443005	0.6734483451355326	0.20099235986374192	0.5704138403131942	0.525600486362669	0.5458687096159454	0.5852143202409876	0.3942403903950764	0.5865995818776595	0.4636164614402258	0.4653082939613965	0.8475672381700572	0.8168735255278793	0.4499807678423801	0.446590968844277	0.41032026307669084	0.7157605873679818	0.6375755317967151	0.7503365563294788	1.0	0.5284175734350102	0.24641610191517205	0.6345607985870467	0.3856100065723854	0.49059974392023487	0.3584731467342347	0.6737844292518737	0.32460864066961737	0.0	0.7470407660005447	0.6229737992371402	0.48598350611208824	0.3553314389493597	0.5633841322641319	0.14353564930553342	0.5371348819981313	0.4907111864562905	0.2543048524371225	0.4942246137344964	0.49977494903176056	0.7756616008721573	0.18011434567522233	0.2072263746967959	0.46373778831082524	0.4561259073896757	0.6574881165060502	0.4840979245614535	0.47796867300368234	0.45648818006388436	0.38270560781944374	0.6569983051509574	0.34434267503875804	0.5233300020009277	0.4898188647744361	0.31522696938596917	0.6884356476828349	0.5637395673819137	0.1637793946195611	0.5491535601507356	0.5476932993853618	0.26532103911398586	0.2722178450757726	0.4266245336910039	0.5999195524542046	0.38998852496739134	0.23888403273146827	0.5142070159754104	0.13413774300941272	0.12513182873786666	0.7665236889336442	0.4336750894712782	0.5802794373463714	0.400539035114825	0.32160481893336357	0.4103310375763311	0.519238303379788	0.6048083136437574	0.39367851332993997	0.47151940988938745	0.6675763966379309	0.6537501300144051	0.3386029665805146	0.42139253880685723	0.4541970811816757	0.3498262269084723	0.2527307186664502	0.4826235845113375	0.18495971338131367	0.48185607386794227	0.48645841619569286	0.39992457270927034	0.7190745107129104	0.5642855504058435	0.5205129012157572	0.48309804294874714	0.6741790934911132	0.42187407687144224	0.24910331517056566	0.44059885629729234	0.5629822097009507	0.5308325458182973	0.4016875328061253	0.9163579296303241	0.3442367567956023	0.3610064730333322	0.16627968895502396	0.4153670138024673	0.6973963233657365	0.32480012043773243	0.5191597595806181	0.7010130961723922	0.8086912799720491	0.6283158401348581	0.36865521211002583	0.4187732825895538	0.6673492540423966	0.3423361483302262
polar_bear	0.38743065681040706	0.49266124920448595	0.25105737968813496	0.7155962234647606	0.7126191357390705	0.7088569707018546	0.7233636542157215	0.6453487724000152	0.4854036496090951	0.4114131941647783	0.31557169988774325	0.5443486503031203	0.8093018716616105	0.3873001441118277	0.5614877050420666	0.6184961699488775	0.40048705202308477	0.39705131560849977	0.4612784768176579	0.30735972660277794	0.5426517746084586	0.3161824276601177	0.598339830363052	0.6747702782781556	0.385719970067318	0.9536502914409426	0.35250609327762594	0.6063349164372992	0.6500048061676367	0.66537632404464	0.46478630049438474	0.5825135043329718	0.4398331949729536	0.31488574145402604	0.3377925303163737	0.7228332256635133	0.6549798398752444	0.6865026482749934	0.3028684149549255	0.5525495948289545	0.9025926643749369	0.4786619025917014	0.5587453148669717	0.2505217121795542	0.4504516099839999	0.5624941972723765	0.25358712108096393	0.4017446620905484	0.6053531953453948	0.36005201863835057	0.42422592043012886	0.3141151734618318	0.4926490532046627	0.5347301497745849	0.4807427268537837	0.5333819208223805	0.3905011565690066	0.5143695097710984	0.24126574758340064	0.310729267017977	0.565766061703199	0.8437374266882862	0.3640774227037956	0.7679175293547997	0.3859512622334543	0.642304116590372	0.4087414261679578	0.5228607746870166	0.39519463367430907	0.22973718257479236	0.6916505491978648	0.42517214254336044	0.5344764230016396	0.33395741034613163	0.513620963952722	0.32951543742051037	0.84711702429526	0.5390503184322563	0.4352438743589169	0.18624637167172664	0.5472222151434248	0.8434409831837263	0.4773545630084125	0.49161741483467186	0.8394327788807605	0.6074076046487429	0.5849358216180096	1.0	0.9602086975202798	0.8124643772159856	0.3385400208261003	0.6232872010310996	0.7455134215560524	0.5370930435125174	0.5896153083095717	0.19885485200471792	0.3723905313165058	0.8309303120522507	0.7059538389372166	0.37978723927324803	0.7556761857803597	0.5976103754232186	0.2691165019703218	0.6158217445768015	0.5960006624371897	0.12781959195916065	0.4477014042438094	0.3760360681966563	0.6899064705652443	0.41051734383415256	0.748621239997799	0.5629490050243756	0.49035809123227536	0.6798890300809859	0.5901842801768015	0.7512158253681456	0.5710967513497793	0.5524317104269327	0.31252139728947687	0.29464849306424745	0.31404385666384843	0.26846848304500887	0.4088989589867966	0.40655617430115437	0.391784778718635	0.784503368275009	0.2562636629405134	0.40670090031704337	0.5872314152492719	0.6455949957270901	0.28488664703735633	0.1025564463414389	0.3701193614452204	0.7345405394171031	0.43353914240981584	0.7791610441519929	0.5572909528143819	0.6299540330282545	0.5108246018907006	0.5333432623857179	0.8710843727290678	0.615196995531151	0.45602664228474815	0.4607438824313883	0.4649678102334745	0.48893622206681914	0.185305225426473	0.26289352912777164	0.6439290831061302	0.3258869707984291	0.29056342961671244	0.5810220436871454	0.573030190269604	0.28851299255715857	0.682295751662784	0.22814179458279915	0.6432677001287772	0.3724083409307002	0.41649184565202163	0.910327564607844	0.8711215416573452	0.4623592333667864	0.14069497707921091	0.6863472405376944	0.578598099759848	0.6586876031900316	0.6279559351620141	0.6649974528170096	0.527618463634777	0.4157119795307342	0.5597607838894183	0.8973210116135495	0.11587294643059648	0.6193244557729289	0.32338027640478445	0.7769266008676674	0.6450297936337694	0.44364578524406323	0.3853381221064522	0.34155729432279525	0.4852928450976379	0.2447677890916453	0.3177810320456258	0.5356537652299616	0.5106437182510413	0.37277967098386244	0.2426362407142727	0.6480498951007129	0.41793176220807626	0.551237006491444	0.46006047330925637	0.5087357188398514	0.2883323007702486	0.06844505064858414	0.724327850370838	0.729415378130897	0.3720159582263223	0.37744863668030965	0.36534349211252914	0.7339278494006201	0.805721705900294	0.13408935903151767	0.5786789237506054	0.664852174419302	0.29463851079781855	0.8243133325085852	0.4361619662902878	0.3003277341589141	0.6131974172104989	0.6756107335889137	0.2655849041060244	0.08819912936841023	0.502063840373249	0.419903802828159	0.7464306312465119	0.2345754668703589	0.22622825823630638	0.6546443237631547	0.49963243169678356	0.5822798255995001	0.420074765361196	0.5679381325550817	0.14167115058071672	0.3288565413396604	0.4279426840796986	0.3435675298966618	0.46935823178953795	0.36172146066862426	0.40694859765100894	0.6576423931807271	0.4228373446818551	0.1664944581210564	0.22318105194486318	0.6404166418930947	0.380803989081993	0.45136235432480065	0.5740029142156726	0.7119404588258772	0.45748964146195803	0.860633881455389	0.4331353073284573	0.08071389409425722	0.7404977584374426	0.570794397923853	0.5415668988026968	0.14035370288285248	0.38842538802048643	0.47229768535515937	0.5812847120251723	0.5079330422219416	0.5823495242375372	0.31171691158666703	0.2927359164076837	0.6620821233359776	0.7098551751332116	0.575347582012965	0.5921713383054258	0.30034503871304113	0.2699017322924404	0.642907309183548	0.731828175960136	0.38491124702035545	0.5443667290395984	0.34034065257825596	0.42797210098114186	0.6580202521752285	0.5485395364284902	0.4462683863062763	0.7668958464732296	0.6252738484329943	0.5329811336623858	0.1641915986899098	0.6217003110229531	0.42182317272511544	0.8902090285494011	0.34351424333716885	0.32282827896417976	0.39410549300422626	0.7042442895259006	0.35064633850336957	0.24975194655470317	0.2531194346159157	0.23201002163678403	0.6221269358424414	0.6969693285007837	0.6219264281174814	0.5749304951889322	0.6226785024375507	0.3805720501885796	0.708476194117045	0.5779825010068665	0.6060310087839121	0.5043793401214364	1.0	0.27049547763491455	0.2326211615562149	0.3745225583450474	0.41642521132311494	0.6867690306725841	0.6621735870366408	0.5397498572725445	0.49764225301854526	0.20626831345651153	0.429665277043336	0.6062383654011673	0.15053399088677083	0.2061364703287944	0.5357826673675394	0.4341906008551796	0.23847834815060903	0.1949374932626659	0.3803028381297586	0.4646025725884988	0.46815826972594593	0.717425793818612	0.5566397602859008	0.5655205573653141	0.5321845210035693	0.3728220227822058	0.1898304339641806	0.728197544682707	0.6920917984958195	0.6987079158206846	0.539108570339338	0.5756618607503025	0.4936625963217292	0.35666880267661005	0.5075827637791844	0.6105714602281843	0.34418431681772876	0.3048163092736557	0.600008082264961	0.41843363298905006	0.43372622359541296	0.45097286573421885	0.631721006152939	0.2413266276841492	0.6098909476012112	0.6028103315570116	0.5478045795464271	0.5957639803426739	0.7311681544502704	0.6909524377060229	0.11092298219082203	0.253724393061495	0.6146869792594232	0.6026252351554007	0.6149534285096101	0.547311955981318	0.7008999059512901	0.3261291844391656	0.6080801852646167	0.4409647872257352	0.46944236184879196	0.5890946151388577	0.6668790661530857	0.41503665349690494	0.3403304658715085	0.4792365248881665	0.2334093471213486	0.5543675275181477	0.826424183310975	0.665763842305543	0.5225279734620034	0.24933914646256256	0.6406201727002845	0.6303759423919211	0.1936110979989623	0.40236831083516755	0.8741438415663558	0.5898996660269843	0.1326032546166641	0.37744631060083833	0.47704090597047843	0.5673329933545562	0.4752976510055502	0.4910269202728586	0.7396954871812287	0.8280411860681732	0.4647805522994371	0.3021194292147591	0.29919200394400447	0.5223644142654357	0.798718167346308	0.29317562459964314	0.9269243268756991	0.23328633516374847	0.45935711811499613	0.41825890177108843	0.25186866704943783	0.39238832759395753	0.32449079239837286	0.3746642751806622	0.40475499932144005	0.6925346091921125	0.26528905481763054	0.49790115100040655	0.4699991414523465	0.326738946662671	1.0
polecat	0.640729346252819	0.6517735968700289	0.4734622438361288	0.6225037371466139	0.7062925030802295	0.5423984361117702	0.3838742503515248	0.5233525682872462	0.7735654196377867	0.32854103436999416	0.5394213591739361	0.6169887521878277	0.46408903996351136	0.5762453518098238	0.7010905515660512	0.8312978734265098	0.15873250390711285	0.4587732047707246	0.27315567265621077	0.2614743476841609	0.309634660787147	0.35270980128351404	0.17378415540831887	0.4117581999609442	0.6993735301388326	0.5002783913256006	0.23672979724500515	0.359163802626783	0.6286104183171258	0.6846461881392072	0.6496592886039156	0.44073780538293855	0.6659273599230878	0.6624351081603461	0.666630685304432	0.33677661481819127	0.388637983120307	0.7307348341291522	0.8427079582404249	0.45708079133560975	0.6296314730510271	0.603938503585106	0.7713781380712055	0.8700865875436178	0.49985977540537363	0.44556421868300267	0.6837386430994457	0.5484738470362296	0.3406981911696685	0.3222492844245321	0.23654147055328698	0.5836831203573425	0.7039918550798939	0.5983637807479231	0.5091385769346259	0.2767268953415355	0.6218728238129267	0.627014863647373	0.3050501052746116	0.45178623441913	0.6865510017558096	0.9267182514273917	0.6425267575846012	0.6335957478044676	0.422912258827616	0.2998776856757016	0.5811722958984252	0.2558776396518914	0.6293807767855027	0.5068145203823358	0.4958506929527426	0.5612406125890734	0.46233984484185014	0.4381640971078724	0.44708701648626814	0.3438701813041142	0.906919634164064	0.5137514211352552	0.8685939556718736	0.14758272716305126	0.5429379547373779	0.5429057408827996	0.2879407784681264	0.5219139959645911	0.4603132078425295	0.6970576779094855	0.475164390688287	0.6470966787197663	0.6346982399982939	0.3748462416273209	0.20444746912826517	0.5914532110555353	0.32701298462691786	0.5083807710418535	0.3740796462452037	0.3691158219635692	0.438396433338925	0.6600977826289811	0.6145701152165459	0.15199886289980863	0.5584683556441674	0.3270347080959752	0.47140945065800743	0.8308365190958371	0.5810479557896433	0.694370831403418	0.509184162752864	0.3936203613810536	0.40937665844361604	0.35545598767638054	0.6562103758223382	0.6055634521716842	0.6351027356106429	0.29955088481040537	0.350562082384719	0.4240382981714023	0.32630198309588065	0.5596458618715026	0.5390007874836726	0.6576958685469046	0.42450902351749065	0.5117234086666402	0.6777744250980379	0.45711880100579305	0.42232099905873727	0.49537375121697014	0.5481665785378953	0.5144934299465703	0.6370917801068585	0.5325025016275496	0.5272574471811224	0.3779564605710153	0.625973438257863	0.21151331364179732	0.2663840913063873	0.3287375213053562	0.31506459427894984	0.35190870980286226	0.6094337764721504	0.6303264280216117	0.7690559300428401	0.06621953637636024	0.5323135646732843	0.4850334339315029	0.7586495492533064	0.4893995664212196	0.5385486358535809	0.6232075792949675	0.23455553733779844	0.5284059410117825	0.4428839078669949	0.5075617502037997	0.43292112773091557	0.39978440684407324	0.46100299734707423	0.6064274865409945	0.44888985903551226	0.618193192872649	0.43134325399933404	0.6150957187495354	0.5207736289061726	0.6878690114098955	0.3588686238907048	0.23864493748416893	0.6307868537981234	0.5118221995276142	0.799472960797079	0.5595949155363416	0.5083177762328345	0.1361266139958261	0.33620841413347413	0.4198737646448761	0.5480292915719107	0.4712314480785893	0.6007566722835547	0.38614172826620713	0.5994994434287053	0.6146847333220784	0.35459198571423445	0.42728219090153396	0.40776976546617183	0.2180263531995905	0.1698896144089948	0.17785536870992485	0.7942874013469965	0.4704375151994211	0.48533865324748476	0.2617858623530879	0.4396103220855418	0.6651201695255503	0.5681456620649856	0.5029476129013241	0.5228645821030519	0.36126502964658763	0.6423009536182359	0.33049605736193827	0.4534871142683468	0.4602725410318983	0.4208101897750236	0.4325999639649348	0.20323504856497693	0.7084301109726849	0.5981772682892215	0.7272130310075219	0.0	0.5576759428124435	0.43000047927802465	0.42150593486374555	0.5715183433048115	0.5280426277497072	0.7935725775084767	0.1089698275594761	0.5638811594226878	0.44493845022492295	0.626908815673288	0.5230876599262985	0.5137346634340376	0.5099138377097855	0.5009247156918946	0.41978000995351616	0.42381788313262536	0.7508434742254388	0.6693324041378248	0.2964023246899205	0.3678058521940719	0.3661538054880366	0.6798633025597983	0.17790269710354994	0.620365812927993	0.4199531264539166	0.4621208013345867	0.7030076250052301	0.47633211369732276	0.5550057915414612	0.4906211862307097	0.5679809646081757	0.7420396211994005	0.4712457904408075	0.18385147704297478	0.5083245453547247	0.17282022124099872	0.3336135815463946	0.5164985383143477	0.7285093823682733	0.7241455968737132	0.2441991095847688	0.45031875592655163	0.45348002564690393	0.5515498190049912	0.6999164891707594	0.8474103277337168	0.3772397285542052	0.10430318550350598	0.6295659944329368	0.37023561242704955	0.6195342218192972	0.7238447951439144	0.8570224604498349	0.8072266248932785	0.894732228459558	0.4864655879032288	0.5035381135483776	0.52901766712672	0.5192529933816393	0.2943318851803558	0.46891225459657204	0.37626402400501935	0.3586823582431474	0.7639859203301801	0.40100910465762185	0.3834891636167505	0.7612769106250052	0.41861107799222197	0.5436769682681282	0.30182877174924994	0.4451114280347066	0.44242705654197095	0.4633489190233857	0.5679815824083855	0.32038767397407003	0.43687960851108676	0.0	0.6828234286330764	0.641093638363438	0.6049647339675646	0.8587205120772303	0.6067583098244465	0.5213628468108582	0.29339634723644814	0.773967663860248	0.471895796590494	0.2635615229163067	0.7718530043931267	0.5852417408419884	0.27273580330641434	0.554132850228859	0.30432604099865745	0.6115184225245462	0.8187316292913991	0.5807674737299069	0.5279020145545837	0.6828934932927405	0.43358952751705593	0.8081989120214292	0.3803122284784034	0.5492942150874651	0.2868820711767362	0.6325322100508961	0.5342234784040726	0.46587844816060664	0.41346488596832676	0.6828987346986379	0.8523562241311944	0.5156949085787716	0.4198764691443038	0.39443882083461956	0.4686609036183812	0.2803017231553087	0.2973351240547473	0.8999379225336666	0.4305162528963483	0.532983193360588	0.4176669544541696	0.5925910935134694	0.14051431759528044	0.6664646859253595	0.6766084707607185	0.3005414596652271	0.2944900982879344	0.4921480009526089	0.4116525993161101	0.6282868242842989	0.37364102973422875	0.44982886444019465	0.6027927342736275	0.648925727304941	0.37675884769993984	0.5509674948329362	0.28754041387378326	0.7227736143355615	0.632585960957215	0.5807934400997257	0.5315722998346805	0.07149347336951611	0.41439507992347363	0.4980622990856887	0.2817880991713292	0.32928149125992023	0.4181414964019241	0.6426946761279414	0.37071794498294386	0.5851691612873527	0.0	0.365468852577158	0.3488145962003854	0.3651619443009777	0.4419489986866066	0.6578672889374224	0.6712343200631312	0.7850680442017525	0.4366159483741039	0.40296238421939	0.5335549039408364	0.0847923203504315	0.3780263761059308	0.1877411737867637	0.572853984640614	0.3653505358950865	0.7750234566047514	0.5888054409925955	0.3637074492908581	0.20574110830241316	0.47311666368722627	0.7231454454771115	0.26029481269177834	0.5678951643185838	0.6348553943149071	0.27357308671272124	0.5948936530525544	0.41809273740378017	0.4391895012730291	1.0	0.9587523135760718	0.7747540865010347	0.22308429186148632	0.4888519722722503	0.5358733467816524	0.6370765513436292	0.7870629602235089	0.3253409804635059	0.6077743836905912	0.16405702783036485	0.4136982843188687	0.7110690842779632	0.5184153334155349	0.5486526588968079	0.7762905432908042	0.34656293392073534	0.605103192638963	0.21552022584184594
pony	0.6036116307701049	0.17141316017456948	0.41516617181172916	0.5176923480076377	0.7799351094969755	0.4924548041504111	0.3267080045866918	0.35268311577662326	0.5607414049729109	0.6530949153089246	0.3744990090840643	0.23265755004660033	0.9559181179279703	0.4013684156082792	0.46087309275539673	0.9973923941664784	0.3112169077591208	0.801814890657923	0.3420894862911461	0.5890518159974517	0.4761220874900775	0.36790809227253046	0.765373297757384	0.4518915619104081	0.6447978482351082	0.7330656242154737	0.06882453442044156	0.12721729483279787	0.6333627799322921	0.8548584603556584	0.28439014838316046	0.40400148935111313	0.4420643694759433	0.6127058375639919	0.5378573043128648	0.39507943599106643	0.47749796103190345	0.37612971961913666	0.5403204612839314	0.5106215129726892	0.691142608838765	0.5493975326379962	0.5291064158033612	0.8533885860382456	0.4221765276502296	0.4798997645911664	0.4904363132336489	0.7206352031896708	0.3654194898977417	0.2295090414934629	0.5913965927622207	0.6177825851325314	0.24595504846692617	0.7874395890388168	0.48424079905517003	0.7783139209806353	0.6089336177212815	1.0	1.0	0.48826124606488297	0.7380457846281183	0.47559873634887584	0.5132621289797449	0.6438155383965225	0.3025751840190582	0.18931028714375836	0.23142243901921294	0.736679360073633	0.5233596718404491	0.6093245072169327	0.2620903309015723	0.6032024656076247	0.2781942573363325	0.46489149463037194	0.3560517948413159	0.10467401606961174	0.741615440371844	0.24235710161690577	0.6812918964576242	0.4158557119243912	0.3207456478551331	0.5454436442787441	0.5845511054938617	0.5697038495352916	0.4848565090331578	0.38962659242810993	0.08206540319421296	0.08934701683159363	0.3007452049972888	0.23036024536426586	0.6064827078724513	0.47866607813481304	0.34203436826674044	0.8163965788150402	0.25886501012037444	0.024341840706472773	0.3583199472341238	0.585348511058688	0.5415140288515958	0.18431330403184729	0.5321211841187018	0.7251594665754826	0.4352677836121054	0.5808034180791815	0.7100820880029062	0.3454359669042258	0.39379489368126447	0.5732266627648706	0.7178459324015045	0.3536640659348009	0.2376720365879917	0.2915184518701956	0.6520291307595056	0.6620605642323458	0.43563035480492196	0.8338691170011252	0.30026676771543354	0.5683197733630956	0.6398643091817355	0.6418504473423682	0.8356222244318032	0.586594439251824	0.45984609526759285	0.5155186532884158	0.49832981331581516	0.47583379195483255	0.7051207569479612	1.0	0.39703685801295113	0.5474875921207549	0.27961080264954213	0.3269166279917352	0.40006282406770566	0.6531646963203932	0.42322624616480486	0.25434670955246585	0.5583285144845038	0.6378034941329573	0.37041360114262434	0.4276632057793586	0.23309791907480087	0.430214939176211	0.4075919834021178	0.272468866919908	0.49808917708790446	0.4290953042890423	0.35241223727702675	0.024332992996308256	0.5667664775711923	0.3627019495033922	0.8483187493691504	0.4973211707264674	0.4932028182773248	0.31906686381001204	0.7929997999502407	0.8447802100264419	0.6529507985220366	0.5545818128482437	0.496147980113541	0.4481019404816443	0.3955243659028276	0.12965584938512106	0.6504176152047844	0.561062437420142	0.7647687095883945	0.6919409842867311	0.7084199669006324	0.4938103040015731	0.4156611850503314	0.6212528925876323	0.5972671569815474	0.3134751703819047	0.46518965840768856	0.46437553168684687	0.44959291062315865	0.4902781386092214	0.45852068437202553	0.7212775071679215	0.4964624209236764	0.7727682451848522	0.16134834709656687	0.24857593412718082	0.22002294176824758	0.3082108735743419	0.3635216016397423	0.6885324674930947	0.9466501604174313	0.215655888950451	0.1640907541172647	0.6322669414355324	0.3581452974478657	0.17593873684307365	0.48891897193180783	0.3545995706599695	0.23152151788237527	0.5979722546679977	0.2132956396548512	0.5569086790180814	0.6603724588436681	0.318329881232816	0.558585500573127	0.691578108633006	0.6966145171573956	0.7435929928645656	0.25963726385704333	0.7291125384215633	0.30869090739662314	0.326718216361191	0.7650222007180202	0.42512908781650144	0.6056628359347392	0.1826474475763139	0.6114247258414853	0.3984245464731173	0.5169435701793267	1.0	0.354676258839835	0.5863424940055736	0.6920184739731898	0.5418987750748336	0.515958494288355	0.6240267263874844	0.1831635553567011	0.7388982915427145	0.08819780201384142	0.6517716250798108	0.5860220774210552	0.3560606791937402	0.6555557274719268	0.4079669542880352	0.5139495671692647	0.7048773727815543	0.39619196767655873	0.09569191973900276	0.3472473177910034	0.6356175543821571	0.3649898887637654	0.4562190125545589	0.5600582391679663	0.4392280496649832	0.5499520787981733	0.5192708845411302	0.33486334764384973	0.5198390228444075	0.47265622545189406	0.5950568515700629	0.7012801796686233	0.30037664555740007	0.4709361384505662	0.9483029690002787	0.6105368310095252	0.5447514460982144	0.7159186541533931	0.5474296291688354	0.38235699237377785	0.23611216112627434	0.8566196495029887	0.5090490098666183	1.0	0.6231583351808738	0.7982354642024084	0.5170312135886456	0.7197825152427018	0.23326211129700813	0.5423675358466606	0.8624710818041369	0.4916779682367124	0.7510034039247585	0.5862953126792875	0.28843146989870544	0.4269258134751943	0.5965111675371628	0.5147965500555105	0.6079539825020173	0.3109451928941198	0.6144047298790062	0.3978307851619759	0.5237187261139071	0.34471362875997535	0.626093614350874	0.5897729106354622	0.4378395000385345	0.3448227330234396	0.5790234076868366	0.6329768363673547	0.9913036560271975	0.6728428600543854	0.543584823956339	0.4981012604221575	0.40079587170984654	0.3957180317521229	0.7930696210200106	0.4384855605394261	0.48337483438255724	0.7837684865296601	0.6253070612618506	0.11375195923933418	0.5854946088749148	0.280605296582312	0.46297181413243593	0.2011427054811354	0.4790466054719969	0.469582380994893	0.44030447663054706	0.41576514613147275	0.4723750426766853	0.5723346041260997	0.43203165035028057	0.9006722554510096	0.5163627352657851	0.7006174750588501	0.4545807810909534	0.655282810827296	0.30293629191793237	0.37428173032154743	0.4422141443278807	0.5227142911107132	0.38844280295861316	0.44526092367543674	0.31321516908312935	0.38835267124569167	0.4225789726661412	0.24788320622004334	0.5166495699200763	0.46633736566810546	0.5964046114442155	0.810668529501906	0.5222171287551176	0.5649538773553079	0.5924039343666041	0.33770137142115697	0.48046415983219604	0.08903923944819331	0.8984823003737217	0.7074302398900947	0.6323654428528874	0.7909831887533614	0.4621544746370507	0.6822966220852862	0.2992490396498334	0.6430008470960477	0.3854367215716872	0.5389145651219421	0.4840653377753324	0.414856228276704	0.5880267266499564	0.19315301934174336	0.5010748533775842	0.24911647372084927	0.45414473529145305	0.5543820429529988	0.4590418682425393	0.40125427283524584	0.6800364504238166	0.33220059586665485	0.44827952855874814	0.6098452442047573	0.2704715141421258	0.0	0.695823800561189	0.658950259013189	0.4811859545708985	0.5991322071312994	0.07314870486730995	0.3944112934021968	0.1759476578103878	0.5832106144319498	0.46221002185105964	0.39027693695312465	0.5271328790575922	0.2831807706780906	0.5783341213250799	0.22311993481941664	0.5526391516123677	0.26046787441924785	0.5227787323309786	0.5328688932412767	0.5600118475988517	0.3065182262698166	0.6075976565005231	0.376899645037982	0.3739194103333269	0.7908454996075518	0.5428228707555387	0.32966508416349494	0.7731609355418978	0.4245462458969097	0.4760574754165267	0.14177441862450163	0.6380031577699076	0.5967045489220166	0.29964525567322625	0.703541657082797	0.41816942088342873	0.8465992278453706	0.7292544726214507	0.09488134765701223	0.46875974270766807	0.46201811076838545	0.2679141703905627
poodle	0.24055030238145536	0.2193718121141261	0.32764514372987685	0.29901749955902235	0.5017076477825022	0.9447171081485174	0.8913885847288608	0.5443386118652873	0.7194077626932054	0.41244784231651366	0.47687108643603676	0.14225597508339166	0.8450023181864903	0.5441859615653248	0.40106505624616917	0.6174711069429574	0.5826426511460706	0.16265533251744635	0.37634578009845554	0.35534214555342886	0.21958318779055608	0.6937447729694359	0.7224756195712607	0.21538097699789577	0.46878132455649163	0.9230206674606396	0.009389568127866066	0.2553206292652009	0.489911427658852	0.7630767913609341	0.5568605646613456	0.539717717617625	0.5531087499379518	0.4422683999131552	0.5261115423718201	0.4183738774565746	0.5206774547081395	0.3187234607707161	0.4628706630558527	0.5888964801438603	0.661090683270156	0.5934120317832695	0.39988379733139373	0.4451328085528237	0.4679387881221014	0.6703258365259447	0.1151360223466032	0.837645098671356	0.5318448533763136	0.4262758773570954	0.2789608440239498	0.18839279352833407	0.5598943889430301	0.7151822351485202	0.5911467768882961	0.45834241192116904	0.31405159813585387	0.4216723930723557	0.6387757428532607	0.29749404418164915	0.4396711492181343	0.6530262177183364	0.5831685282472295	0.6368787767500007	0.4844544283887636	0.5188140991743898	0.6667972196598924	0.791706513371099	0.46454867194750427	0.5007733313100126	0.5386802426351086	0.4314750319418583	0.2630062218049127	0.74196070561357	0.5759571905764816	0.48052988713180794	0.6182705805938012	0.5642076716762378	0.4659138753374283	0.4433470799062853	0.305695271303669	0.39996554605252066	0.6596165282629365	0.7110041513973384	0.5812116361320594	0.6311611502110145	0.6666866766223969	0.46019569694026113	0.8181863334345478	0.5064214956345091	0.5732678139405418	0.7151603759998273	0.25636725463577176	0.5855860399883679	0.3332533198963036	0.4081106854754327	0.49790497560093977	0.39720674282160273	0.3216628665937108	0.44001091662077796	0.6198389459350244	0.6353762532012317	0.7380503008877484	0.32152895243620544	0.5685022682035353	0.3690474603150457	0.48794228794150063	0.32276491998895196	0.46311425599931444	0.6827249986220172	0.18227047877082297	0.4033036972093596	0.5691682225480444	0.4768498620405652	0.5863928369925915	0.48726070782136965	0.40055023880548135	0.33039782952598784	0.3427581728170489	0.5965104960673071	0.07510873054682532	0.14009188623822655	0.4114559736251174	0.38777121666892367	0.46680963058037594	0.6068582288021072	0.24407266735159555	0.24508021722181272	0.6309858070385393	0.6089098242665999	0.5217613252801647	0.5563991753035387	0.08064041647728465	0.5963857509034514	0.33352818593746514	0.15177429483369076	0.7745012878474813	0.41960145179230435	0.701498071306317	0.19884389748497217	0.6716985337078247	0.5059073429247543	0.6014102513134967	0.8373282105780291	0.6393614896971906	0.8145833778851801	0.5173170313646478	0.5595026113825395	0.6818496543880114	0.2713670829871243	0.6869887385420864	0.5880191546207516	0.20484825050011118	0.41038971093657794	0.2540349284638824	0.5917632168858803	0.6377594617502036	0.5050781172818715	0.3722862939476913	0.4293370787122367	0.6020395510652716	0.27126941216779704	0.6680903686244191	0.39036904460722693	0.3189740622519517	0.42569481124435016	0.6780229808021419	0.7276016642497635	0.30936785896366054	0.32386587154175517	0.2530206718326603	0.6895612851780584	0.5670793383625604	0.8026989387884238	0.43869679802680583	0.46923085467189557	0.0	0.7721959733540695	0.7495641272862048	0.6544334035006312	0.46663032346164335	0.40685644364315204	0.8104095418768165	0.5297785583312621	0.2552767783592666	0.49736668176770904	0.22867830452266985	0.46752922975599154	0.6687215705172087	0.45316096424154717	0.20087900367427072	0.4897179305103073	0.5256163203240843	0.41519864867335504	0.1260642555046333	0.47213788775736115	0.3033385728287896	0.5777765771223458	0.16587741864044026	0.4466845880759613	0.25118355331550285	0.7385413586335849	0.36830177336847636	0.6736521841533102	0.4215128607157893	0.5714397266718184	0.6267013883313279	0.6240457932603921	0.6675854992915076	0.44335125439104567	0.6263312256446605	0.5497604533791353	0.4452870352877504	0.32300623017349467	0.31527720201925785	0.42706880199082775	1.0	0.5067135220585988	0.419753127690608	0.5776672080027553	0.6396423002478071	0.6574805588632244	0.3095097264567044	0.6746682155800914	0.6030955960582085	0.5286204973684141	0.22004561914397064	0.6479435339205489	0.5632864892061817	0.5214589950712268	0.613376407188295	0.5535474719190038	0.6365384166834035	0.3912250599849456	0.6778363434968047	0.48080359777191084	0.6329296995544175	0.5527606545189389	0.5380416964290109	0.7474787250483959	0.5093915896047904	0.45961468002186834	0.5974329761934937	1.0	0.5915705750068557	0.6644864180020804	0.21423822927615688	0.2550833894308857	0.3253961456572347	1.0000000000000002	0.6396477824138904	0.647375818418321	0.5587657933312978	0.6871773502842512	0.537639956602624	0.45785845624689825	0.5638643392796716	0.7352485535021378	0.7987154161204478	0.19024226868000088	0.2412880402550594	0.4498318860503407	0.8264566499404586	0.4757405987475569	0.6355969085669382	0.26688510267635407	0.4011700904466663	0.5232779028407972	0.5374999050378676	0.453805392322893	0.7249949020406619	0.8192900594190049	0.3495877037662581	0.6724669478881395	0.39309139063710635	0.5179227895350447	0.5070944649595117	0.6614583338396547	0.5830637629645001	0.7166367629371151	0.4302010428480814	0.4186765062331435	0.5333593076129055	0.4499721082455683	0.5718205130517366	0.29673278489485866	0.5934902004978759	0.38478777035539763	0.20799496385193256	0.4055796416865385	0.42893070089841645	0.5146981969640816	0.7058567733444525	0.503015439096578	0.6913990908410712	0.5630994239000972	0.3850374009047568	0.3465952334654119	0.6376800104532732	0.431124475705816	0.3595460475808306	0.11049439143934009	0.5153310939938285	0.4164245635663768	0.34823389615129624	0.4961343531807225	0.4157557246497758	0.28499406106249014	0.21096120945722163	0.7072856954773825	0.385639115720882	0.5096343556562541	0.6282269924217386	0.4381494249510494	0.6686290662114309	0.46512366855888126	0.6536006557299184	0.20311107165338194	0.6279489499882306	0.4308173475477332	0.4497506842874306	0.4191544717482804	0.21744908845445154	0.438681114898269	0.5126501425485153	0.2610879318026367	0.7087172629733727	0.46321906070239316	0.8146307851618612	0.32194523292295185	0.5959424344344885	0.23362744450988654	0.2192219129413588	0.5478473583978275	0.44527009140702994	0.5599245219118988	0.48327595251836786	0.513738167641214	0.4435851770665623	0.3431982128019175	0.5202177103206275	0.4310611181332575	0.4136575248068485	0.42740516110118354	0.7193458203974494	0.7437462060490001	0.5033101836612636	0.3941782663861618	0.48992387222847866	0.3173218378597309	0.3351929990678818	0.48185463002418827	0.6403668830720619	0.42201263183562066	0.3857954497272021	0.496594121643019	0.38318641653434615	0.6210534414683992	0.5314226578828607	0.8952074845774713	0.6475647437590272	0.3998540788686886	0.54425884012933	0.646594608042199	0.2644852080418476	0.6903951795259232	0.052994813943820884	0.5904729876668008	0.2870129638361454	0.7515883667830403	0.36923155032261235	0.5213483621274397	0.5983302409126594	0.29903835586307376	0.44495191681310076	0.5643095180025767	0.6953129298577965	0.46205294658811485	0.3113297188834955	0.5678868737285028	0.3964624373850235	0.3190409840776503	0.39137486045298053	0.7179561872413541	0.43892408784903997	0.730308943620317	0.38503019318937337	0.613375550345065	0.6628572712577467	0.4310474708897012	0.5739741795900122	0.41151864918694203	0.45070002411416177	0.6492084793198676	0.7380095525679324	0.5902773810380264	0.758301630061547	0.7229116335772424	0.21849147279723083	0.5176271885420581
porcupine	0.8606391959104149	0.5511863214974033	0.4162570814013242	0.7069427440242334	0.4865271695267126	0.7081914508405451	0.5871074758459373	0.48086986121146535	0.5173308001226721	0.4188599234331922	0.2935318255454311	0.13175570702418926	0.305593710076737	0.6046900666895842	0.51835827761121	0.6217202032014517	0.568476435715278	0.0	0.4493238317251571	0.4521203551610109	0.5025743846085408	0.6580034686022445	0.35528683888285356	0.5121888273402689	0.39869905772766057	0.616711089725308	0.7905586180163298	0.5268141601014612	0.567652825002585	0.6741636802724378	0.46578635147028136	0.2153841049120057	0.6396575969058473	0.30516732813481184	0.012648533837713138	0.7613505610867237	0.5369778260633613	0.40064336141513074	0.27216961662448586	0.6273113406562626	0.3695490248528417	0.2982748739022112	0.1671233827798621	0.47347327595241695	0.5525235913159293	0.7445890571975685	0.1253945419184403	0.8109858759926958	0.8200971632718842	1.0	0.38673373567654734	0.5647873258131326	0.054857029592332074	0.5781450436423945	0.3187075644405754	0.4267801710069813	0.5490415464336508	0.4592197945542469	0.28997999802988	0.0	0.4393709369983865	0.4762798422743978	0.37227365842319726	0.7215050442212159	0.10263663268282541	0.4832034788914619	0.26501010825296145	0.3106460870449928	0.2951436218684538	0.40846693218864794	0.7751463755628851	0.47362839305610194	0.29189075314447077	0.002758232902172364	0.2700004813078226	0.3947955175225256	0.5246892738740957	0.0	0.5800524449244652	0.6161971805014066	0.7664454761663431	0.7774689902339924	0.5425865530427381	0.29291944519608343	0.9403417246706933	0.7037946383428877	0.28436619081373415	0.4137480102090975	0.7817526631303171	0.47441135055399675	0.7866866710470615	0.47456924578720733	0.24473124792950574	0.5756747698227508	0.4720938325753828	0.5459973208873333	0.5610682541963427	0.4386385764631201	0.8597036894817711	0.6560290111717693	0.630953762067553	0.5115234017455191	0.5967529854062037	0.6503936226151206	0.9650224023478933	0.6215618944584267	0.7443845641007307	0.6362884916637165	0.5012450030974204	0.5190209764896996	0.664883553939446	0.4049048830145583	0.1165708432004676	0.7878500409032722	0.3807466430796171	0.7071647110804398	0.4455008668284022	0.5303149033250045	0.495217251400825	0.07961642254351009	0.05278454036838537	0.15512175545500428	0.19294841611033403	0.4708552548090445	0.7112221206170722	0.5122260660533202	0.7962800244713986	0.14386965529121234	0.6669336439762508	0.5348692878043344	0.28990989037225695	0.0	0.5540698062803331	0.517008098136635	0.761354784152384	0.7218402990006959	0.3426956545362229	0.5017190130013904	0.6365951298927977	0.8108048662888181	0.43000688718225144	0.7851644684195624	0.5556104235133436	0.45493421533588435	0.4120557875784678	0.3997739303881731	0.21581451124363563	0.69304345229911	0.500265103654203	0.41872245306406275	0.3505691679763593	0.3073518062364067	0.4182017605166836	0.5135713781845563	0.4676105117507646	0.7211205058985012	0.5010421283983653	0.7833965325561705	0.3036560952185874	0.5184002726447626	0.7062697051916579	0.3423595972650022	0.5538020934699595	0.454839258276052	0.018249006982170524	0.30119766442325063	0.535657366574148	0.523862702504027	0.5184721845460837	0.20402376760979501	0.809747499381625	0.5783669907387982	0.41106460242836046	0.4384053591663236	0.507929455831869	0.818677072535281	0.23780181703329817	1.0	0.681927885817858	0.0	0.5905189665240063	0.47022967267572274	0.5638434625743232	0.5810659768987179	0.37116442166323044	0.630300262894752	0.6034215032669656	0.12421176869298534	0.9566273982746936	0.5040934698613313	0.4256389843019473	0.3323973298447286	0.41269823475908773	0.4324134549876689	0.8201216412063871	0.5257622143722444	0.4145337489858854	0.5741822576893331	0.566580964567599	0.22638476377234523	0.6358372292442237	0.3143601367438401	0.8385765176705883	0.5308333013871447	0.3828901180144977	0.40858131965833727	0.3430023327676409	0.7547029249557311	0.7742226585761983	0.40103714565486925	0.5779739087813142	0.3452965407792763	0.3434434909857058	0.5300986717269621	0.9686258436779055	0.27780389441624304	0.4709196915969434	0.43299602673880355	0.674796044560613	0.5421649549041703	0.8480802880212257	0.4797368370068241	0.704045105379396	0.4089080154646208	0.09794746327637982	0.8031856336415176	1.0	0.7132436863019858	0.6642305440005559	0.48015445744580526	0.6124758786733008	0.5960709850805077	0.4981977682468093	0.8706136223491259	0.6238353352829484	0.375915932267057	0.6919223332496587	0.8556277216002035	0.2855604303143613	0.33717482475283866	0.5013452013892377	0.3540505107450708	0.547352192002881	0.1964976665481904	0.6838287248447704	0.4748035859366948	0.258198651809991	0.5394695066002357	0.54228937799958	0.5789995317507914	0.5578970237479643	0.6478955396275959	0.4813158346176642	0.5810299870866272	0.5007002753758816	0.14227834283784954	0.44685741768094617	0.5195091261157015	0.5975678141159213	0.4303779329350756	0.6178776324111107	0.26872028403856485	0.7164395392932716	0.6013695747617985	0.5915841136683143	0.40385586579219196	0.6920983963224219	0.46977657593688843	0.32267428904698114	0.4768145650764188	0.8507784076453908	0.5090899229682424	0.5167655510323526	0.27392064284781015	0.4941577381113687	0.330188529125605	0.16758556728042132	0.2664881460584166	0.7115441931254045	0.6175247323065872	0.18875399289791547	0.43052468707774977	0.729518261967294	0.8201984088702277	0.4878280304024363	0.45980425057948293	0.5094630871318353	0.37743024698970673	0.5554512119202003	0.6838293451279289	0.5783884413208938	0.42953246452871086	1.0000000000000002	0.5181783435336857	0.40416678708752596	0.41328228849077364	0.6652418496785363	0.46865330396934957	0.20713164752832605	0.3543785622397244	0.5712215380021664	0.06030783848603799	0.689539630643328	0.3655164671030937	0.16855728237774525	0.5340652438058756	0.5246314653109849	0.3323049797227865	0.41049090118251497	0.5645288074173287	0.5569755686998613	0.43063243947879115	0.38444741710589403	0.2812723306303617	0.30834904137230545	0.39526121709958373	0.2689847771173213	0.24440267624145262	0.8028721412788782	0.7015368038943887	0.7475804838660727	0.3443754700147958	0.4685232907722849	0.1062007422016541	0.8107730693377732	0.9148018446395613	0.5860009541852618	0.5450115991165643	0.7655828167387951	0.9141499941872674	0.46197533527901485	0.3227376550120692	0.6437546752743191	0.2557990423016047	0.41463464364535274	0.09288073834758548	0.5601116602047633	0.7433511406865525	0.38706182494588787	0.8867874325493166	0.2354618728477399	0.1617249868203784	0.6145055905690449	0.5906089270125442	0.6521156278120028	0.5360152811738663	0.6522211389598112	0.7032276330506237	0.4548089412345521	0.5608521380312679	0.86121379828376	0.5300719901163666	0.39689601962128485	0.40218038187056426	0.32139561223722707	0.44575175947058104	0.45046035776651794	0.3523194090827686	0.1956296317053893	0.505057980784501	0.5258670171980592	0.24840063178982824	0.6108338932751272	0.633771143025421	0.6330156131234886	0.42910033668965164	0.46807124736797834	0.6956468099591837	0.4362705425936929	0.6153011624232012	0.1476641139238471	0.37499083942772676	0.20039924917117635	0.12770676584121987	0.6093002314593491	0.4335921187113261	0.3905092390576534	0.5679392470848093	0.41056014056351703	0.9999999999999999	0.36909575011485796	0.9113326434590737	0.16006953637744614	0.4721148034003618	0.7960741555195587	0.1921612811451795	0.12520979026277299	0.6524515174804779	0.3660828391889861	0.7032531788475901	0.8019145100482725	0.6073834331794424	0.7526163820307875	0.8331671614460876	0.4365934134041274	0.34189390304799033	0.5705322213397827	0.32473593998275374	0.4721042057944041	0.24772709573186963
prairie_dog	0.5193817986929865	0.40010943086873296	0.9285819844482837	0.4614329743956712	0.6733803967679644	0.4427796431571809	0.4259988635508216	0.7576740838937999	0.46569363121787843	0.8724483394650862	0.37495958548412256	0.49622669189993607	0.6942349790504264	0.6097468773464743	0.5115069795012567	0.7994688418312876	0.23901868008203575	0.46126608917364254	0.6431040662434384	0.588838164302748	0.534918133875139	0.46191058241056526	0.5008563964325029	0.5033316566821308	0.46684731354930936	0.6673054554446762	0.5865995232394275	0.22427390647735473	0.4301725087459896	0.57248290657822	0.2812391550751654	0.5371718570814965	0.4389459729612693	0.6878435256756688	0.6855726776402609	0.4611620186512847	0.24879708398118405	0.4580618608849613	0.4539358496306344	0.6575672388858222	0.510275506041864	0.6979247664148405	0.28560124020619365	0.5500337825568629	0.4778812969438803	0.611511431072674	0.3421339661465491	0.5250877280305489	0.47313095449478715	0.44068435612329415	0.14435741881830427	0.36670212208023706	0.7046423418181126	0.6484151868655852	0.5340452488512043	0.25589183513362934	0.42549516236186624	0.4952847104507464	0.11108640494923666	0.5284235659880681	0.5436808119176778	0.6816585538558109	0.8057452032081642	0.4542561653280611	0.5420558310654321	0.3206056199621064	0.343207977932897	0.445005137527393	0.7448566596505691	0.42364727850008466	0.797860208516048	0.4657450515056206	0.40778732714553195	0.049757658219476	0.40216246727434346	0.7544505144629445	0.8185302138505913	0.38060353284017523	0.4370278629570875	0.5338697002047412	0.7247373486635735	0.728374754155712	0.3155837465877611	0.6401411990875835	0.5655829677026862	0.628508879421254	0.46570655401135397	0.35013038597877943	0.5646186758497979	0.5875125603894341	0.514694307697392	0.6392274247144671	0.22153667082566642	0.6562879218547486	0.08428515239360329	0.3428941948816576	0.36413449848847357	0.43874757846861345	0.5920799652625566	0.4516806271594501	0.463327072477436	0.6984279290390313	0.8349337285237607	0.5423175574332363	0.46739982242081	0.7821126375868189	0.36115805516129923	0.5238490383463665	1.0	0.4632894391996255	0.18438780571492946	0.6474902328932095	0.3277003704808271	0.8716851131220963	0.6629863843883161	0.7081373968093265	0.3366152675546502	0.5564737952765848	0.5462235766503767	0.6111695177806205	0.5110785186179013	0.5169356378478757	0.32374080151066764	0.6261052328939871	0.3031264600490019	0.32072254949704826	0.29674451579816213	0.5156998187456442	0.4090308531654171	0.690547333289789	0.5706371639321524	0.6399439078574616	0.620448992670594	0.6560672794487981	0.446920308446573	0.05710235844488898	0.839455744786467	0.3554461017937574	0.47966951471560354	0.64731663327837	0.5502008511891621	0.38442319223237076	0.6768458327356547	0.5200717472958712	0.6203415866076281	0.5665129262672343	0.6107451779124744	0.5647968377414709	0.5580202603951506	0.5214138101064002	0.3133524943342862	0.40282292153735677	0.17315386228646762	0.36923960299124325	0.5074673995633115	0.4646072916079014	0.7181578663496266	0.09066397133375687	0.5060228332855747	0.39571715044782474	0.37933067934718323	0.4102074714092932	0.4235604006611048	0.47382934674893856	0.764287644070925	0.2363303670276189	0.4624531951815836	0.6799538997064816	0.5011714993052089	0.5936916906247559	0.29916601848075114	0.5858217037546586	0.26941767791997484	0.5102084317704043	0.42766001928971287	0.6118627319756385	0.36645764380807305	0.2962799856696744	0.515003537082603	0.43616977515663247	0.476317348656842	0.3670586488795379	0.6797312707876555	0.261006534927326	0.6449582948606835	0.37505004531114916	0.35920280827215745	0.3301957809208532	0.2157187483072589	0.5638137452851641	0.41867306599152854	0.5431899595019837	0.4082502239281223	0.11517589475632739	0.5826098330941873	0.3494567407302985	0.7198635660506452	0.35844719111643075	0.5193817222386062	0.3707472183993612	0.38134500801928717	0.5410172392117125	0.7402351989489063	0.7779943574927983	0.595574357366207	0.7038224494670156	0.37805692098149657	0.03952955005978409	0.5545898166564508	0.48088442065192943	0.39388025773841456	0.524580651538229	0.47751087445035056	0.5133823476628221	0.3591962978174269	0.09268217427585795	0.24799254449962504	0.39194352962015166	0.5506360319934238	0.3900986882232951	0.332927257006472	0.2357209411913031	0.6599802497305406	0.2941021944711144	0.5591819445582649	0.4098866030328589	0.5293211833740354	0.3053877096445276	0.28451465383471697	0.4792063211485119	0.41410787212222727	0.47292036971227225	0.4864168414598429	0.670231142057995	0.35972568074860334	0.4161148421283519	0.8195235995346144	0.43252386145864885	0.5484720796561787	0.13201990747114706	0.6033608903576567	0.6351668200902173	0.7430143848297434	0.6215632713187756	0.7573086178036768	0.2233117918045356	0.7633837026996141	0.3575823402665364	0.6270021937495374	0.8532664479448739	0.2136009736986437	0.41840122121762147	0.6703862775873246	0.7311539658404477	0.4680412441373276	0.5831928607108153	0.6368674406411745	0.8743219164153326	0.24442434316857023	0.5359903910289535	0.6742689513392972	0.5250221623128415	0.7590279191390485	0.30090104655823635	0.2524693389107265	0.7038408503596242	0.22119316497135005	0.4911087694340238	0.7364705697197899	0.4183630654720706	0.3345285508167397	0.6159619893060894	0.46434919516203277	0.2429658687289078	0.4275195709916595	0.5964182509176327	0.8829932217170364	0.4297853158050214	0.5149520189269764	0.3152445248074076	0.5755757211589262	0.4734188338159666	0.8491417561301858	0.5264805343617125	0.5341813332570733	0.6564353430069053	0.7273988848885459	0.1344178948441434	0.4604414388376441	0.12174041286683823	0.6286152208793363	0.3304211723697167	0.6628382160428253	0.5947282593579208	0.6724283680001616	0.5824253957956157	0.7900121820419337	0.6512774044675393	0.7184492273306926	0.424769258511199	0.5273588449181479	0.6345626721181036	0.7036123164131682	0.7392485344003487	0.11827792688320754	0.19429268218026202	0.5145224167250153	0.4574352551567113	0.5081014892597536	0.486798669575703	0.5376217837917224	0.748241248173873	0.25973405099372504	0.4932110209331175	0.3696621963799957	0.28298831655419254	0.5288932550211756	0.36161612513372104	0.7416616823986955	0.3977834837468974	0.09554142428989826	0.5950968327790436	0.35316814078295483	0.7412986426797448	0.6039107273271215	0.481761757677852	0.6490096453290355	0.39868013670122715	0.6660643723676409	0.3171592875723588	0.7840399358761263	0.6546324125907479	0.5062349533252872	0.6153937167082923	0.631131652419302	0.4576451942281492	0.747711138766471	0.40518545697626784	0.5426076449634851	0.6369511905600052	0.47543632697163957	0.07759075023742923	0.6736052248410319	0.0	0.891461881562778	0.6464014712304829	0.3846049258532485	0.329692330028643	0.4952132928809184	0.3525145879129372	0.2732118530913601	0.3631100837175944	0.4208294015570595	0.6289201262410651	0.4281328571702413	0.45166415275040567	0.34035503325865457	0.4745090086460739	0.6062847887368922	0.44715315983128767	0.10693276053570144	0.46027911929299314	0.69099683196129	0.5385063760105882	0.5851441414219862	0.5601115196994905	0.6906344676572039	0.6134490211029785	0.6536864009812844	0.3176389985479279	0.40979006187913386	0.5831941482789669	0.5385752600765376	0.3988956080938686	0.6411500170314743	0.6213568413792107	0.9961627065231284	0.5079889753393084	0.4534514372085332	0.44011460621946785	0.40455250005210425	0.6401358044181513	0.8220405459787987	0.5079952799467762	0.08883989306512663	0.5085269513481656	0.3581430269770201	0.18492248251000107	0.2991353858540379	0.545072633174384	0.4087869061398456	0.445940806298446	0.4120779000624149	0.5947600057490351	0.5566270386398805	0.4696505722514933	0.1415333040239033	0.0	0.6837849790251637	0.2705164041565992
prawn	0.6050204041042669	0.3924163881282693	0.7690025017954777	0.8200288933873926	0.7423300350778198	0.6373819932293809	0.4811731918283642	0.568021335286162	0.6828090288482702	0.45872863727039886	0.6780184783081524	0.15046229121658156	0.11739652710608142	0.821192531994193	0.4941208592654198	0.3723888344941634	0.4239174864994154	0.48722101529939454	0.28412603796648106	0.5502522465281974	0.479131892789656	0.8026388404855871	0.3869374100775953	0.43969669024899916	0.3227622545846529	0.3576893164855808	0.6382010190559382	0.8006960752994641	0.5186124397322481	0.707895235355284	0.18287182572893146	0.3375955293812548	0.6745115002135202	0.4969176386506845	0.19778108649189025	0.9065147811736864	0.878832481120665	0.30317444976903524	0.41950610243232667	0.6211614382494608	0.2448579278932591	0.24936920310133082	0.42311674751959727	0.7028502593411932	0.40153164222967974	0.6308639652620993	0.7228642009005171	0.49038824408521076	0.5031069874281081	0.9005719655663058	0.4676510400649914	0.32518253933289215	0.12797310538387685	0.5053199996012601	0.7321917135640781	0.6818424048667836	0.13540373046914034	0.5856065569508303	0.23818757067144156	0.47732006520889764	0.5380351156073075	0.7286534373388757	0.3060742487311858	0.6167593986243686	0.2952925010801608	0.22190900192664864	0.6430743698523349	0.24166749744665894	0.7909106940044961	0.6024894104021108	0.42304319025521664	0.5148214820061519	0.6476162050749698	0.46578454786083345	0.2212687741220209	0.6488603928020251	0.8433430735929786	0.6506205799338133	0.29444208313068393	0.6565154168502186	0.2913595349001654	0.24743014145782144	0.5929947205927162	0.6859207640068788	0.8298583485935136	0.36820515656243824	0.6139247745845821	0.3546314543979605	0.47898357113198886	0.8932341644423971	0.3793927284067073	0.7674374961045511	0.6483948538824649	0.45171520268438903	0.38577114926417866	0.4104148981038531	0.21396725903261848	0.45885323529308125	0.60641312271566	0.7532198166347467	0.7460969829549089	0.3329447158946578	0.1626095017158215	0.7519781617820938	0.5754023115966698	0.4941779128261189	0.5915466248889582	0.4243009879532905	0.5892629932609992	0.4596766690305157	0.7871754293999149	0.254597676801676	0.2266965526923015	0.786024477113267	0.47816389593563147	0.5418009550049119	0.5743250562133487	0.567583049711286	0.3780421523785713	0.5425228688343324	0.7455980044534358	0.5600076047020492	0.6631465895561311	0.3936158014729828	0.47379604560404054	0.5215190053809202	0.4920366673033738	0.41781693509061446	0.3541578785120626	0.4591922434480138	0.21224044273349882	0.41453233941042533	0.7757144233488984	0.7125973858964513	0.34112471542704487	0.626811998990334	0.47362587940226475	0.554379993519957	0.586116567021008	0.41636330538040733	0.7188381124852148	0.7360185844360252	0.4819052283406505	0.09366456605795154	0.09833372849853889	0.618727573876496	0.4681232860876894	0.2925036878486137	0.38203928760621136	0.3632569596834695	0.43212677899821167	0.5466087290847053	0.5273113289539209	0.4633512849187866	0.22194020392198094	0.6786090675315537	0.6847476883834632	0.44420057152057746	0.5173313570487621	0.9627033335882598	0.6565871862114886	0.6939495444973688	0.36801402047197135	0.3825802188249543	0.4113343931820291	0.39031315912784736	0.672283763445658	0.49915360997637187	0.4082446691485952	0.22770250685369411	0.5190450349803407	0.6084232935199547	0.3392762426219237	0.5044105404276342	0.9320810452532908	0.6164787199908972	0.04313010881023277	0.530777311374522	0.4410870301883292	0.2928438024842856	0.6780593735115678	0.5528509061875697	0.6374680191882147	0.6937265980757931	0.34052363859951845	0.2873947288394435	0.6947153876876279	0.5130441063164406	0.7909339305222567	0.5260035698833565	0.29167409277316364	0.4584956791946926	0.8548267150639355	0.47519464689496416	0.568432840840492	0.4200522885119079	0.47051420430585067	0.6103069001385999	0.4295635669955581	0.15789481172082567	0.2901430220580056	0.2708763853884227	0.7457932046518765	0.6275800894250007	0.7641041882702	0.7753052528660016	0.38564357270394145	0.7033486727028395	0.4027712109448418	0.0	0.3857372532397332	0.3160263311530558	0.6787731094434049	0.2209457207983877	0.4843539185405874	0.3161857995904491	0.12380082294710137	0.5412072667140272	0.562734303083368	0.865296634507859	0.8065938511610713	0.3477751229906836	0.34040757314440284	0.5168657034369448	0.42309279579391784	0.18262512260811614	0.5121669646358731	0.28086685151331403	0.5420056766544457	0.43034016453950497	0.6448425594844264	0.6983877852124947	0.8693515994503438	0.4081876855990808	0.42325502310628105	0.5003941450053213	0.5571251996355475	0.5829274754301247	0.49594674823836693	0.29070223069713585	0.6928019077502754	0.18072049899567338	0.5339157425963087	0.4368438207336778	0.6953004584469072	0.81555339523479	0.5776842262737794	0.34588318295538484	0.9690635465432532	0.5818537800768568	0.541503295767521	0.5053463804078907	0.21098266512663297	0.2863398954371231	0.16108856666959123	0.3755076526289279	0.025264755386684212	0.4761229840612631	0.5616322576644259	0.7936933579914627	0.5038858251838205	0.09863934856276108	0.5331232518225248	0.6541254126157255	0.7000650805485794	0.8133954767302788	0.19677139389240295	0.08452211383015817	0.47359386337284304	0.23005860777291054	0.2579489437120324	0.41333633905530986	0.7870370515883491	0.7071698170480103	0.4254152072365107	0.4216383317186705	0.38780669079691943	0.6346616164689399	0.7090446737248524	0.12003423000166707	0.8523634793734505	0.42935201613966467	0.45538217097815503	0.47620302096095407	0.2955486588635312	0.6856152682578207	0.4497251978208154	0.26977915459516477	0.4522142041747736	0.5182412986588711	0.685462475128402	0.5549798460335622	0.8046228212482511	0.6114886319636841	0.114576256070194	0.6152918947853658	0.3278127290941957	0.5153021684317635	0.1706242751680877	0.5821055894163256	0.5507324398966378	0.4593870319064533	0.5934988907594072	0.4641559083966564	0.6591250187192822	0.8044734385485546	0.6947851906097184	0.45002803837865185	0.4203615089077717	0.5601736267699872	0.4575792674147211	0.542560209608582	0.49665574672776946	0.32123289335430183	0.6699605125141499	0.41956754255195416	0.6301347929733547	0.4204096703537082	0.6422652791976082	0.47403155362253646	0.5789187553983439	0.46998875777244586	0.39861101422595263	0.41631674829261417	0.8429834949953927	0.4336557085965035	0.8344724247333268	0.46269612460818	0.35285962970932727	0.5096302265488347	0.4174806100738506	0.6523271623332494	1.0000000000000002	0.33757400284575206	0.6027097337862002	0.5260507871826434	0.7613424676436336	0.6708149103140781	0.39527656371089526	0.6270050597520949	0.5631758577814268	0.6353517439559959	0.34587565350399757	0.5253677139674967	0.7272792392930454	0.8183688704282184	0.07915287170551538	0.29557426025988714	0.46057635553072895	0.9285860050490571	0.26957841445808084	0.25271149067698556	0.249195181000465	0.3349654285964115	0.6967807910239421	0.24379452367081264	0.4421096266385027	0.35674193685040057	0.5662462075482924	0.7276624606246171	0.5966547732632937	0.5190685983967099	0.6952582599343231	0.25309169548966887	0.2242687865628299	0.3484340496340605	0.3447156510471344	0.35096269568833016	0.5122718271220164	0.5395250904884412	0.2370227488756949	0.4334141624284786	0.16224314490647743	0.6142699526839489	0.727551295172279	0.13479413018103903	0.3504268418608801	0.4978041511771297	0.5358302987748342	0.3988312582150304	0.43378977164881577	0.7377952176180547	0.7439287201474254	0.5665210821608249	0.26518096636805477	0.324375347875864	0.3123719321485334	0.5317167867911026	0.3655385047134567	0.5277563406061705	0.869313273572843	0.3265961242155956	0.24494033913571578	0.5498429974103423	0.7108011658128552	0.1357964766763608	0.6189846720826706	0.5997833764253113	0.3243954583821111	0.5492860236390676
puma	0.3516981194490302	0.7087349109363674	0.09975427012991592	0.3805838000973717	0.5366336113774257	0.7200094902807315	0.3416764404352628	0.5134716820592189	0.7047798943053237	0.5397703786718492	0.5451971052199293	0.33877512336168664	0.3182160514478367	0.5701022307541219	0.39782389526875567	0.7138523723576862	0.6953720885300805	0.7095297798684472	0.32777284535643514	0.40404242834424864	0.7953776110480996	0.22448255362913708	0.7207374509289488	0.8820671126784068	0.5920039152547424	0.20058111039754561	0.3748118034892651	0.5145048093775672	0.9086225120828597	0.2901091704679863	0.295784679105655	0.5290653420723145	0.7378328457366717	0.5771300067918186	0.4994083609399514	0.571212578806692	0.405144783165143	0.49439572644701874	0.20186597255464195	0.7882760927715976	0.6986060630445405	0.6363541871117936	0.5349892221948962	0.6247332321947366	0.5184885640265284	0.7366667037390461	0.26535974077405555	0.13945108416286833	0.4031264937640796	0.6614582277405113	0.2594599351115723	0.36975822831445215	0.5550459299939589	0.777874458689529	0.5561795030476118	0.6091377428988429	0.5841439345905288	0.45406342664296107	0.5432993290766841	0.5382214368067869	0.6926208879673941	0.32833516165330795	0.8343182832050113	0.7980725424871803	0.6956199642769791	0.4715515668333826	0.45271906750389124	0.5635236653724315	0.7889994073902622	0.5687044071857947	0.699183420940982	0.4566970745616397	0.34046265414698396	0.49363658397718346	0.297807357887565	0.9319094658333613	0.7532480077281741	0.3540739726860262	0.7499076710722101	0.14888960162336817	0.49920190397588066	0.0	0.3934469106721568	0.510090575126536	0.7523484359588822	0.40804336252962076	0.5369180625103032	0.22031023576085848	0.5049676961351334	0.6388378596809807	0.4973685279624248	0.44039450160189714	0.3278215381948782	0.23205109428265955	0.5897584511354926	0.13101535527211905	0.658823200100559	0.4702445651210376	0.45770518737078075	0.19756891966719164	0.5193026320058737	0.5770365118395403	0.7172219981676571	0.5552800532521861	0.6457134360096892	0.4146032171503745	0.6285855955184948	0.8053531316327216	0.388410977814388	0.34670254177376786	0.3147145852836167	0.37752654045542067	0.672148539939053	0.31017800318213773	0.5573040666276401	0.5412568379753739	0.5500047155958918	0.1732543446195416	0.3102634985761619	0.5127397936507316	0.6362851446307244	0.6211458008460239	0.4753408895867169	0.6112914872568722	0.6869418506322584	0.7867964123887441	0.7165052062049388	0.3582959685197691	0.5891631179479987	0.4562522066170394	0.44557550788409916	0.05945081411067343	0.5839201112003004	0.8439282472051584	0.7164485404827078	0.5796799817173537	0.7654796623093552	0.3036144082616048	0.6107416567454232	0.5809231543022007	0.46658000855578774	0.7668351799606528	0.5113980138778776	0.5572507854365172	0.4998293614008936	0.3835870782183652	0.5029688541484456	0.45840401163940303	0.7470886252855676	0.11037145564264417	0.19343519184668356	0.6752806777612069	0.3603361846516385	0.06745257083561529	0.5307544926736457	0.4583290077287199	0.8418083564838837	0.7291057243977743	0.8123041173898102	0.6227471643518075	0.47504527400257474	0.18097335389890679	0.4087364034766774	0.0	0.6112133628389671	0.08935289994667178	0.3541813022925548	0.6784075327384245	0.5083061165936914	0.5370689060329442	0.22777878858704026	0.7809005190525153	0.6179163474460674	0.3232898551955974	0.17062675341138123	0.3068993828616482	0.7728904484136723	0.530696928387239	0.540837431337271	0.9861221951407643	0.5907476665028816	0.2889084134974403	0.5450313410884333	0.17394618328547262	0.29961067766631894	0.521388331751842	0.3057855342650419	0.3400110011966621	0.7895769516878529	0.46626047004671456	0.3377702127574554	0.7353159944522085	0.3327909358100871	0.5375522502601412	0.6085456829659631	0.35635219869846196	0.29884008214737173	0.6279167452472308	0.5738725653121479	0.5308625748872524	0.5139917776054359	0.4578126044182883	0.43302322848280883	0.9050428617886694	0.8116328603502849	0.6717846323305579	0.7889929157243996	0.3991361039572928	0.8438109319297167	0.37957472811713083	0.20331488462274697	0.1418290332950734	0.3392184627730585	0.783309985061051	0.6225279170645568	0.6515142474116258	0.589912359327866	0.841353481686494	0.28838922612499246	0.5447536196564273	0.6633057735582023	0.47078661003658956	0.5626550225904644	0.4201407555536757	0.0794616764723538	0.6358926223187326	0.2838990817034943	0.3067883801229403	0.4244192574726616	0.432669778140932	0.44038329258436215	0.5220859994868474	0.767493364164684	0.5752515203536844	0.5653165294991884	0.317634458238067	0.6804001971069797	0.17441471325931235	0.2662424885884799	0.6949758616659281	0.29710581870877517	0.20004648011071602	0.36001900827051825	0.30522515510815973	0.5433464042490216	0.013325412544977155	0.48027847895350184	0.6396660399709707	0.6589796700335062	0.8283048947255994	0.5235899420849193	0.5980204312576634	0.4572769545552007	0.5734178895479908	0.5800849734228729	0.4846576379473907	0.7087204288074274	0.465841880250922	0.8062963867716488	0.6002802527073925	0.26607429089712786	0.27107370946528037	0.5523694671605721	0.19951432562217364	0.03524445955096733	0.6252330047603262	0.2599542034266848	0.7560023247892771	0.49362120085742567	0.45647139513605794	0.1788741881122548	0.6138220393533774	0.29543684289023797	0.3081502050245496	0.17824843249276087	0.4567299032080113	0.791969225075308	0.3274762859238024	0.5254473458831941	0.7198518078022281	0.4085093502052492	0.37793025893498344	0.507458210813921	0.819187603772488	0.5060515116585118	0.41434051972597097	0.6767027403246635	0.26356709432963976	0.6127006729558498	0.7487096893511691	0.408885886806976	0.3515225068367496	0.524140789380788	0.2104859251772656	0.3560268144933446	0.5381932040120575	0.7657115592212325	0.3147802371047922	0.5307803580185938	0.3746490900139295	0.2148616465461174	0.5391802646183211	0.5198377937587562	0.5712134633905783	0.04783016073498236	0.5028582223011155	0.41395473009786005	0.5450437458526444	0.418553244574848	0.638224112469158	0.5020994191910253	0.42028183607911895	0.43018636613092676	0.5495381315565064	0.6442019913372405	0.6794184919929551	0.5071885924734714	0.4980410462336674	0.4108151069723038	0.6963583815568124	0.3476561608143709	0.11964631896156952	0.5077126029685247	0.4089121719193707	0.4272872214225588	0.24985591421424003	0.5184920597645792	0.7129172565893248	0.6343186448401761	0.43116323677017576	0.7362498683093303	0.6761287376551689	0.30820388180145264	0.5716042504077876	0.390319513821411	0.6889494155467887	0.616684370513695	0.6473990255553979	0.38546967025581286	0.21753002433759433	0.6309735813664146	0.3518817545974345	0.46975850676816167	0.685793927185292	0.5580721562182374	0.6407116240147668	0.7937446346550121	0.456626982708664	0.24095194643748655	0.3894782587710447	0.463555653444861	0.635848549796006	0.6451402046744503	0.5963403938772518	0.8872995124532502	0.3583822212481	0.4983134213811933	0.6772536654078348	0.602252893623627	0.3155243648960817	0.6212906228775121	0.5314489672965588	0.28196864753121775	0.31431890616432284	0.7649878368664036	0.23866825059795166	0.5165690246693347	0.8102982425778755	0.30944132765869087	0.44768993500612314	0.31312757602415875	0.6024316633709657	0.5581518247140096	0.971448543816156	0.8610994967131522	0.3755212215834791	0.3962783409559491	0.22223051594188564	0.3676464229936334	0.7559124565320979	0.31103883042934133	0.43190234657907023	0.7142607836576044	0.47328058593020145	0.45158496383454816	0.4614787564433826	0.7092695253454946	0.48855361365221667	0.30873212049254345	0.3825065854848242	0.6922860958810648	0.533033122584668	0.5758660701694235	0.6262635793866964	0.3767404354644913	0.600302153009072	0.3527527624740141	0.27310460427198413	0.30636015750729617	0.4981048994632582
python	0.3878146635677543	0.5116183253091271	0.42488686943449333	0.5178113495076515	0.5446251212276666	0.5652232919093534	0.76691137402068	0.7184390113004412	0.46440331444918104	0.43770268680476065	0.590239825518262	0.46758617604575237	0.6959957560572669	0.4048340361805933	0.5129577650438757	0.5050105245220906	0.8319508052350262	0.9036971340897615	0.5087605473472934	0.2708466222223712	0.9156593467165006	0.6720744237333569	0.3467394024873017	0.6214268289729374	0.13934983282239843	0.5534390781055708	0.9208011630785188	0.6676336957789959	0.5495855330700844	0.5761970069369065	0.25533554803821173	0.26505029682298564	0.5655658617919508	0.6895415520525755	0.21798136091288475	0.5480972753000394	0.7508262905761465	0.19055103601590578	0.22236243629103342	0.3457637021704178	0.4525186583570202	0.3594665325334985	0.24474474590420908	0.48316992835495987	0.6237748467565566	0.3861071434444635	0.4863107355744202	0.467016784730772	0.22637568581021905	0.49664579776534856	0.5673231647583512	0.22718607671884206	0.2630330718099526	0.3190207978335986	0.3703468300344426	0.40415297435367814	0.5280423306266032	0.5782925028499152	0.7038669623997508	0.797189786596668	0.5119845476562039	0.4055005015717207	0.44996166706167573	0.6156326851459146	0.7013414128064366	0.39348546870573686	0.41433770136792414	0.5444322805645667	0.40347105898892427	0.47999575763813873	0.5736188865355702	0.14928378132502335	0.4457125175266978	0.5517315592644683	0.32944296450596455	0.47547864547532215	0.4008012331644901	0.8591663904465295	0.5544875491286869	0.5261158047005057	0.37427409678066903	0.5850489580160299	0.3506820531955116	0.6844508192075421	0.6852853642819956	0.5096924580294845	0.6177685829431491	0.2626311498206939	0.5914797430418526	0.5227754548370804	0.32323633839545746	0.5248282705544189	0.2993079288500796	0.41600986982472654	0.4206508578506058	0.5318267998132863	0.03655080935668553	0.5117862084490763	0.5187576555317982	0.9999999999999999	0.6672172254766019	0.6522875043610337	0.4643232258592286	0.6426683098450595	0.5356068568770296	0.353703259367405	0.5248361636849698	0.4288642008642931	0.4887551397901871	0.5400357489081049	0.6805330128044405	0.5607016303142341	0.5082057786962622	0.2641668717695602	0.3942833209508975	0.48592067258052074	0.48926782706118976	0.7882728677523722	0.4392249616052436	0.712835182490493	0.09380017850889882	0.4346648017718776	0.5468546910720035	0.49746226303900454	0.21656966989718773	0.3688726193910294	0.39325490119207207	0.23886507712644467	0.9580374311194532	0.596498817813191	0.7344169510204496	0.4353340096241388	0.3050503514173024	0.582334639965747	0.22259899416591078	0.5337761372229755	0.8154199493900323	1.0	0.4124913338283267	0.30151856131987037	0.06705994175219088	0.5029750906112191	0.6939953427705376	0.6301944968751592	0.5291127607057858	0.30179197199190155	0.26147171384213075	0.5840795708037027	0.43322620098841136	0.5123847017547615	0.16939984772675387	0.570055747647465	0.3528098808826079	0.3849444290206458	0.5985687514453105	0.0	0.18346331945254934	0.7041067242013821	0.3063317973489058	0.583573517087524	0.32132782580748304	0.28143359265558315	0.5206903233638197	0.42329498652746045	0.24367202646003233	0.4458200049067103	0.6321440467752718	0.5531429839162988	0.4717371054102	0.40376213766108554	0.481592178626354	0.899817506066011	0.8082036039388172	0.8993640659404556	0.23091279198771064	0.5473950381850372	0.3865054622513926	0.5447697814109979	0.5205547567199547	0.5130813689593647	0.6398251799011087	0.3157008205326282	0.9086807006218252	0.6798149835515004	0.4304631156390486	0.2944044194587723	0.631162716084182	0.5814856635495893	0.3496314276302862	0.7201009225957505	0.5403124131197914	0.8417733420575886	0.4244257141510053	0.6162697715836278	0.5651235213744729	0.34740856734899284	0.42949370009150756	0.6357518392527025	0.5328627037844882	0.8905321953863343	0.28349949416768505	0.12195236403728518	0.5298527507460398	0.6958225491265795	0.8223680380175877	0.578433439333468	0.6254109498739745	0.4983652661961143	0.379150698659092	0.490185145401751	0.5620074644766563	0.452668885366611	0.5631291740189344	0.322599675907096	0.03754856514088878	0.8730771260415795	0.6012777921677249	0.30259339103498845	0.4847436427226339	0.5825101388524845	0.5564297378904058	0.14854359323691796	0.6677542681349762	0.5786235661408937	0.6395876949857535	0.40560658262866706	0.5488388910170143	0.49945047498828876	0.4549726336624755	0.40615086149883917	0.18819258503272454	0.5189615487303717	0.5525667716757875	0.42347228448601	0.2990092277943092	0.5736669147952412	0.44965570985371184	0.600779125999116	0.5352771314727701	0.17424375183375307	0.21724495157186274	0.2565511599354892	0.6991531237509515	0.43720026300685727	0.14478944341215993	0.07350629589384161	0.5773802650772759	0.33388479775661883	0.31876373361464744	0.6935523448958537	0.6112798419718909	0.5476157883611583	0.44447761833946814	0.5224212661159758	0.7787326421302068	0.568937896836202	0.6231064536952436	0.27910036979035474	0.8475842372518747	0.24996002509611714	0.5123739384999813	0.6507449066561346	0.4490332890258747	0.4078106095993711	0.6878018782020705	0.5317696056151676	0.3753733319770389	0.747074262037255	0.55198901965854	0.6335525507040395	0.8058596790380556	0.47989514657020593	0.2770934363277667	0.8465014739271802	0.23565864859335856	0.7652752972038814	0.3398206101483191	0.5869992079029398	0.511437289391649	0.26310310833178013	0.20369011225319963	0.4307528770812622	0.6822138415915721	0.3115643606997833	0.6020776246090956	0.5623567166653841	0.8015752012464679	0.6180053692743388	0.43373784218537537	0.4326248118016591	0.48360951473131963	0.3767110842913805	0.29825357178409745	0.34852568659888233	0.7074992914800342	0.30491434096485226	0.39333290715526575	0.35112618525053035	0.20016516811726884	0.45935857039640876	0.3549668305517636	0.08980263673542122	0.6631548747568032	0.33874490861315565	0.6832565249441004	0.2232341978100082	0.5333328453794217	0.7107311905455609	0.4039621983590482	0.5386734939963562	0.546941110483721	0.7599985138328951	0.8976852788510657	0.6576002186880293	0.6567313255243594	0.7644226976930026	0.6067895556837788	0.9060521454525735	0.39754506073104	0.46255616167092717	0.5802179850957121	0.4766451068918549	0.34350919374134226	0.22784143502006404	0.8006084516563943	0.19424057340061496	0.7573337459545043	0.6318098423595939	0.9038290102551341	0.7195335991349956	0.40048969594969425	0.7545939399565456	0.44285685986631795	0.3657135143809109	0.5903986455383667	0.4737936364515345	0.7144980860230026	0.49098480781650866	0.3737236875788575	0.4343742512229356	0.3049724632005727	0.3987276330769455	0.37673014615471223	0.08694715383268442	0.3796328278655753	0.667083686783057	0.46512686254120666	0.563131254617696	0.3879339207272722	0.33765528121783217	0.18728886062426425	0.7314326913989939	0.17251987468160512	0.2206085218337629	0.7764370534355998	0.4165059165355266	0.5738540899292914	0.6342404002831672	0.8461693557954617	0.24031650996012732	0.8111152655416249	0.6240005525372793	0.632875915989948	0.6847632837996671	0.5239140388898026	0.25882483610035556	0.32469598385535636	0.4588281621230029	0.5957544286834929	0.46983901141828305	0.12480907252921686	0.746241041027185	0.28887713947127325	0.4705394826104776	0.8580250676065223	0.3369818414323306	0.5082182457036865	0.09327309086687019	0.7830353680039002	0.22012278453613426	0.5154398961054861	0.9228248862733248	0.4446733477762519	0.4322210711717738	0.4106649775009953	0.6656893427311064	0.8724128766828039	0.9296769716489044	0.5983678214880828	0.6069409568751744	0.5218695871494288	0.5230143321213986	0.47314685273371504	0.6648651836609827	0.6246854817649152	0.3535452976624681	0.5264243436030804	0.41522454839983436	0.4565264080199678	0.2866963190924209
rabbit	0.6077651243057102	0.26493860252811796	0.5048483583019877	0.5592761651122259	0.8270153666742583	0.46667391455170903	0.6458696775740328	0.5071940078316406	0.5835853517498532	0.6053076343606452	0.7601544310546627	0.4356426184985036	0.3847450912753116	0.34342579532031337	0.5028969674346259	0.1318476072453429	0.30328928657892057	0.611582231827465	0.37919464108274864	0.2612549946181239	0.31373832602405194	0.7665161035774581	0.7091026713927223	0.1872540462489135	0.3772195626838392	0.5923738847147019	0.2783228018562395	0.5484423977764177	0.5212564023398194	0.5195353699464321	0.6338766544420458	0.31605444263267723	0.8662423674441089	0.6194157283034379	0.6462810246528073	0.8450960148326004	0.5550106695728654	0.36918153606983256	0.7643211702404314	0.36032454646368317	0.9454274456957377	0.3096431823112968	1.0	0.17829454850980786	0.772780982701594	0.199979603086604	0.49132519928099916	0.6767306467400096	0.4756370433906201	0.459354859085215	0.41782576888648226	0.2989126423772931	0.21677030218140675	0.34075169647113746	0.34700707931462627	0.45862469800952643	0.6580966480518822	0.4406814404131599	0.41847437806899596	0.5334068737851629	0.43244663945819023	0.45514831686427815	0.6515424377488623	0.45954592242660347	0.4500078914439616	0.4347512850510272	0.6045920414091783	0.5989064737057007	0.5254585317821676	0.6082091469029192	0.4834123240387429	0.19085007117064062	0.5477967216813475	0.6475323667416566	0.2326030965487778	0.6040740311723833	0.6050960262794236	0.6600412396125026	0.2916096083744612	0.48213047419805954	0.6063910927026587	0.35402736791248723	0.8686605697594856	0.3734401183578026	0.6109239923663355	0.6527769733973379	0.7658652741914358	0.5548634442638345	0.6579417843953741	0.42949127124496744	0.535904350426454	0.34832962437541415	0.6847857462110367	0.5408341581224949	0.5671361525831461	0.6712994841474512	0.4003643058313725	0.48877126914096225	0.45651552489539055	0.2208988477049694	0.31292339346740383	0.38854755133773333	0.5244446168598402	0.31116257275666465	0.5204812095774303	0.5531692926322765	0.2436059631733744	0.6511684809311474	0.3304659999172428	0.3426482603266439	0.45579931853698535	0.6287844463965115	0.3420499150583446	0.6136124057591992	0.4325314163439259	0.32498934930352896	0.8814643582814289	0.2666727160683627	0.44176134248024823	0.6555240800576776	0.3833341786131347	0.5018420894140374	0.20918695084771494	0.2977164888062269	0.36230879625487394	0.46190912629149794	0.6080329882666897	0.32037179565390195	0.5253522068410368	0.6697140275056193	0.26726854943357353	0.7078774233998181	0.2818351409087238	0.8088561236727385	0.7728229665937965	0.4228659903957959	0.6644680130740106	0.36676359150673177	0.7737996265785265	0.5434150807287262	0.353923550212896	0.4004264371866075	0.6243455563478372	0.5277912867110555	0.5049562179964229	0.36299730293023497	0.27531990757555946	0.7121444621859161	0.6387506301580372	0.4702874446888768	0.7566606287708724	0.7510725574149778	0.3500964332027795	0.21168111481065766	0.40551096786418583	0.26616218619457155	0.3745348694714239	0.4140967100371259	0.5217525881732227	0.2692472166156748	0.5625202280336706	0.33995963412812913	0.4954773478078758	0.39558581002247695	0.47621274221603394	0.37788477963042055	0.6428481310733944	0.6313825640444319	0.48685352175083574	0.7596237753903793	0.5782993913271187	0.26763147244933194	0.4695101960957287	0.8329157631232363	0.48735452509926924	0.4170590891102991	0.5948480559717605	0.2505959479035247	0.4620057264140068	0.5848531733745326	0.36846763730702675	0.5259433518953696	0.7107292775575376	0.5061859107743991	0.6235772795549304	0.14867562334194995	0.10214418495226518	0.6221445171767213	0.6325322468112651	0.5537197362711992	0.1636615202048326	0.11156053657787979	0.31498006039024407	0.38179813553540903	0.363452021063892	0.3960965725430529	0.4058749365364505	0.7314023834031029	0.49680634285057557	0.34923023420750077	0.5428167845970722	0.6249791081597325	0.6640534411561805	0.6891226909202017	0.6482729720095374	0.8896543838658149	0.5573255406367486	0.6420409290536213	0.4754144508902575	0.8537764824059111	0.3203005241215671	0.4468071116663006	0.504666479502463	0.3821683847278893	0.40962135083276974	0.8559016002674527	0.3075031123811317	0.6147624925054184	0.4459616110646964	0.3841691385340311	0.6122821580347014	0.2810313087637505	0.30016333261825245	0.6555939982802759	0.34853422833647196	0.399594366053759	0.36370173720850596	0.17828866451474784	0.6859742600733306	0.4660930272715974	0.8439165687297085	0.5965538625595856	0.6223250924017585	0.54012659409736	0.4347538748222484	0.5379371055843125	0.3475488525076821	0.7052285047567827	0.7718802192261838	0.571376421802256	0.6917746269513245	0.930151962136958	0.8536767693608627	0.28766344782044234	0.7702578412287999	0.37934539647803994	0.5448129875634866	0.46355714072196774	0.6084186609945084	0.5611834986987376	0.5882685402464332	0.5594347682841745	0.5408050691056402	0.6308922389991782	0.5493577496706823	0.5812855345295775	0.2733670360232777	0.5301482107228838	0.4444907484266699	0.5369865807677876	0.5797109322430608	0.41040162435621935	0.29886308345847534	0.3310031524736987	0.6291462913422484	0.42676578117178865	0.8630912581330389	0.45910514930820445	0.30333243583281777	0.745763228143147	0.698752104179653	0.6224433903708865	0.6108244764958061	0.5491139854606035	0.34961286214883436	0.5772042083923491	0.5356131649514599	0.40569625453265923	0.3618046559180514	0.6960057093764863	0.4730225726934112	0.42898922823484226	0.6580636567473208	0.3997143027165063	0.6281312547459292	0.4346468483678417	0.4982591662078515	0.10199327952504095	0.5212597057226326	0.3349495605002027	0.5631266327614932	0.4899878412009519	0.38941107536956665	0.5776393324003715	0.7239649594500228	1.0	0.4525623026494112	0.6632763620522562	0.3339610668454952	0.385775435808137	0.8971496828654544	0.4876760091532743	0.4928091303350631	0.5590950518787523	0.4929169933619409	0.1731857967510208	0.7316907717202314	0.4377008254576248	0.06752466555731684	0.6230354550569159	0.14553778827091393	0.420347020304641	0.5273003053452633	0.694815773406559	0.7899037500475599	0.3346459205295074	0.4568097472694443	0.2196108255045185	0.8008628945532124	0.44595084340045366	0.5334211429696631	0.5492236745634193	0.5869122831131856	0.35075206245037716	0.6031802033681131	0.401629638292386	0.48773179407343653	0.4529022609244108	0.5339658496374128	0.5070806547984205	0.7898600435119616	0.5359835131286332	0.4766281332854229	0.35524071809036617	0.49537294462350306	0.6003867690493845	0.368599315668768	0.21834786916492105	0.24547364585332446	0.23280619763747812	0.22790438484717707	0.8574719547734204	0.4485183122536349	0.34026264739167655	0.6100879965340151	0.5481803991980414	0.4009806490704214	0.3956674965301271	0.46191162579363076	0.3245428607562898	0.23595823822969136	0.35770799773770395	0.42608486011922503	0.5387995478974065	0.6566798404421608	0.9548307061149326	0.412766059290219	0.6212169184988497	0.5667735811059247	0.8717567601216202	0.25883241838556054	0.5863307114801445	0.6010962768067684	0.5944515780017865	0.5930840120797849	0.40644893309095287	0.4484575184851179	0.37200963691617034	0.45696160143648096	0.7317362179670811	0.2150746494499103	0.43423693232167576	0.7943718831735262	0.5328146009479726	0.5130102982074137	0.5633951214327364	0.5730498996328964	0.022582224845839438	0.6721438176539748	0.19079022055741424	0.130775235556648	0.35333616792769984	0.276087312769363	0.5298155559893544	0.19491092492141443	0.5086676313753462	0.3011215135648537	0.4380862230740765	0.4050237115821874	0.27247040352605384	0.4151028046286406	0.37603803376138567	0.575438640267883	0.6141937129910046	0.8142015026036127	0.6955660562578664	0.5834148472426799	0.3843043980067341	0.371720501698604	0.43385553145282485
racoon	0.23577000823724692	0.7091842405161681	0.5593781468022481	0.6499760968470819	0.5004447079566727	0.6983106089347495	0.2465479040209856	0.5497990424829247	0.7124485301641474	0.40977200945849457	0.6935459959774001	0.7808401100425216	0.548986169718432	0.33012046862249084	0.5921865296290221	0.6427012581402755	0.44825791724001385	0.7431402495146859	0.3864879938643926	0.39712245935483825	0.36831055692760134	0.6395814143494915	0.3769511116856324	0.39648472750634134	0.2695537658248611	0.8467758432636492	0.30309031816945997	0.7280965764591989	0.6825686368649934	0.43340676171508713	0.4609513293612993	0.29368194460637376	0.6308336398721485	0.4600009119021951	0.49876902070979645	0.3652406735403489	0.4753220572217302	0.5381526550718341	0.34240540444011336	0.47607580615712775	0.5794531476258977	0.49801477053394616	0.6237515311667846	0.6111529362585876	0.2552271285963806	0.4033518628179789	0.4932785104769898	0.08531021648931292	0.5428724433019213	0.4038505479975043	0.21770249888099671	0.4500847673521312	0.1344929997429115	0.6850046425426803	0.5938828180147429	0.07593013727396447	0.25477757199096046	0.4437122047319806	0.5141521350067081	0.7976720620186026	0.5730613796549582	0.6750172876069034	0.5853761888084548	0.37886251174918556	0.5591700155849447	0.6346614738712356	0.3108791837391238	0.5082818962992677	0.5404725985752029	0.5314565472375083	0.9276804915441053	0.4091716911584614	0.6892139706296193	0.4570772053036554	0.2448618535746765	0.4254754643467872	0.5522030043149506	0.5934326385609838	0.3463011126351824	0.22693971848425298	0.5770681579770056	0.6799509761617042	0.6562886715966743	0.7285795513010093	0.47152536526488353	0.39291596279352936	0.48640958335854745	0.6450681242659491	0.9036942216261707	0.5665921374382111	0.3412059373172822	0.5464352767904483	0.6422842016807384	0.7042663587573601	0.4165997920580551	0.44038481185939493	0.1493863663115233	0.1869448537183092	0.74269436249078	0.6101164815114528	0.36568255850339115	0.6299261229454983	0.19230600245487056	0.8077390508136482	0.4921160531784993	0.6437126796511066	0.5943034320688804	0.5756672909781564	0.527373721427842	0.3708963049057349	0.4018234448363813	0.3835317888099213	0.46161882885824707	0.4639814241360424	0.5968759535969979	0.660258817695029	0.7054602194496554	0.6092809026040791	0.25221665241953045	0.5286428091861339	0.19294809868493568	0.4319512952340927	0.5573750780259371	0.2979550089050965	0.3665759446875022	0.4429395227761752	0.78241137465013	0.2982021512091572	0.7619880780582269	0.18224864180892109	0.7455565314308814	0.430488163884109	0.4197912874991061	0.2981784147135849	0.24594571979802765	0.4045683958922759	0.43289717594687827	0.5499133947212398	0.7572574017023915	0.5476021672327421	0.38365419430809483	0.7938588144271969	0.401418876845524	0.44001038645166046	0.18862669126588694	0.29564565623233097	0.40993058053313913	0.5571777978751122	0.19334541328336075	0.5068406826605556	0.2417166337949601	0.5304727570416624	0.5898506749285221	0.3798884536598516	0.3099839020814289	0.39745513506193736	0.338457548529312	0.5088085949557507	0.5054198158464746	0.42933554713499544	0.3913796365494884	0.4590255499544185	0.3479127547755367	0.8202022535437921	0.43841826524568406	0.640706327013113	0.6293357700106936	0.45659876418531714	0.6419610257348636	0.1829102681848051	0.1961773120600976	0.37442360434936306	0.21035548382363245	0.565781083482011	0.4345675965483183	0.479799678744259	0.33243933358896954	0.547942350422012	0.4622996128286112	0.5508839379364309	0.3688695212032673	0.3480029610296347	0.5162756446403531	0.7935324953007806	0.6067242216494095	0.21996501812243718	0.25560119154159977	0.22775577454775808	0.41232349093660936	0.40342454517316273	0.5283254570488465	0.3779770563398781	0.6573997746519615	0.5079474965227264	0.4480278279763056	0.40062599392975484	0.5806158233335069	0.6023474771628492	0.41675201285542623	0.4474962072347292	0.5614701143125236	0.5260421749624153	0.5710587990875655	0.3836020854618383	0.44864391502004225	0.5642252981607965	0.3263745364129757	0.6506973517027436	0.6902443586626675	0.6479576107842897	0.3879440672588956	0.20721830555103615	0.6850288835735789	0.47859199628055143	0.3304464525168035	0.3717787028197134	0.4363104201885586	0.3768400108075326	0.6143068284238279	0.44911052854027694	0.44099310612282017	0.39272282553728843	0.48670258114926945	0.7312591989862032	0.31086096427837906	0.640840260955514	0.492347908785079	0.39209319760870576	0.6001712220485458	0.710276771599309	0.6696850423102432	0.6035111440474628	0.5882287738511045	0.40313125106656766	0.5998555484313954	0.49055916195430405	0.6381552014527128	0.6781934741814882	0.5201009437572635	0.5554627110369409	0.5630218291448954	0.44936516928394576	0.8251276695321514	0.5945072160462423	0.5296670401045092	0.5460559130365708	0.5331257789979598	0.4334542617455255	0.11841617428497025	0.5574190231711544	0.3864736790985035	0.32514071323752747	0.5530092686483967	0.5563224922614758	0.7770794785976461	0.3115454246666166	0.3421230728240033	0.4336664408613101	0.16049227220383355	0.4044535678780512	0.45829302687175116	0.5663957960981958	0.5363569081297866	0.3027821457237315	0.46143489934042176	0.8227211026569075	0.4750928499144663	0.5595183925870969	0.6344263640632726	0.8466364237249553	0.5021026480637271	0.49477895459298493	0.5441869417465262	0.7477595790876601	0.24994160066498228	0.6876603925797712	0.6480249663823621	0.2635290838352899	0.7403290192424152	0.6979154697683347	0.7566052118073118	0.495704814236348	0.41470487903139985	0.49749892281625174	0.23946810190312584	0.3927152074879817	0.528373466669147	0.5015165442220902	0.4752545104359173	0.7195902984154088	0.41025453456229866	0.21075191963538287	0.28155168538351655	0.6288992600716355	0.46713850477901175	0.28645277063952723	0.4840413219134232	0.512137668687153	0.660789092527362	0.40194023330005796	0.4643978786716629	0.9685351397209816	0.4479791518356663	0.3831381615781337	0.6197354129241945	0.4943900368281303	0.6600690485837064	0.14801543922854798	0.37154345696057156	0.4839923298561177	0.5897742347629381	0.4651995944189409	0.8050582583418666	0.8747300562769205	0.2580968568976305	0.4665553894088001	0.7261428679485419	0.6924928514239214	0.748698729417234	0.5197761671268185	0.628451395949327	0.4382924299360379	0.501167236755556	0.41826588112334867	0.6194767094237298	0.612716251834545	0.3786536087968967	0.6192184757343715	0.6994317874876669	0.45138950503385805	0.6067755505588688	0.618444315375951	0.4102005096685012	0.6426332921824833	0.40609285026348796	0.6808556133266731	0.7793390139559733	0.4757059216178733	0.5496890110889894	0.27663540748931803	0.9499684204759504	0.5981371474946287	0.5255539351336685	0.5216452178412734	0.5927627817012033	0.4670403073014925	0.44799589456356365	0.4360054707205816	0.5621550533108235	0.7056593793899294	0.58608513536629	0.6059123308683417	0.23400743241736677	0.7383886481336699	0.7152603637889023	0.4121139422796881	0.3280518534971602	0.53753121281677	0.8856738068110106	0.23730374756023803	0.4364872317492433	0.3824516007206577	0.46506530276930225	0.5519169466786642	0.5516842221933818	0.22472959931883033	0.6955774114697626	0.11019820005769027	0.5524698630020375	0.6451338276007852	0.4268548937655841	0.5146855520454603	0.6825791852576544	0.5924155621719494	0.3924636835141007	0.3791582199735485	0.6229176352992751	0.47673566390644867	0.9109021669416029	0.6189632067570322	0.4196742005326015	0.6537925059727869	0.5447444263175185	0.5995210284245682	0.5126304171260213	0.5705040218364471	0.6311805197342234	0.19084776334821693	0.4362280658241685	0.5178350535997543	0.32440986976923497	0.22394775010763202	0.5677978236339783	0.2860413571666321	0.701362223553172	0.40426328796676625	0.551239510508431	0.19192089333020712	0.26765678938767734	0.6338571411134275
rat	0.25294465196768134	0.22386340284613881	0.37410897753587896	0.34688799831609207	0.6675418763020847	0.4401985500967093	0.6262875968677482	0.5626500829366871	0.25041340506440557	0.587911056095542	0.5240918366693963	0.4177125616130916	0.6648686684548072	0.16512867981054555	0.6462418036691568	0.5203970980434817	0.7006078928171183	0.6269161261450747	0.1867634562237987	0.3917838372271638	0.5286660309778656	0.380835005623945	0.6423626726930123	0.14299210810925306	0.6444920509412178	0.49392385853886134	0.7037066688694009	0.6851341716488002	0.40645346005518446	0.314056777072937	0.30536144589430114	0.4039998122821251	0.49221729790696406	0.41485858090216676	0.3654999635572342	0.6840913172995089	0.3812028550544422	0.48404876939116914	0.3444598945523427	0.6461790684549	0.618547802147558	0.348103802546799	0.7301848619835474	0.5332601112896168	0.26129306162094995	0.47924325589429617	0.6901254182873321	0.448213441397422	0.8265720169427647	0.6635139318306399	0.4424003678816511	0.5816821154028308	0.05920834142960385	0.5187270673333256	0.3666171005945811	0.2613837749506126	0.14624647568764743	0.4779726156426718	0.21410371457123217	0.1736305225468281	0.39424491212471163	0.6628425370657005	0.38936460244026394	0.7318134562024626	0.3484711706146835	0.5592174169971905	0.27082671144783466	0.33019006352644964	0.44510711425769656	0.5266665533177944	0.5932564925562311	0.4187561909376283	0.5169865210331677	0.4109230839536634	0.5621704082132823	0.7656034015214244	0.7337900192583902	0.30666081739341855	0.3626884974218202	0.3069862551962006	0.6552251561907949	0.6103391994102436	0.4923151109829649	0.5200348321340098	0.34376794783548925	0.5938981542957071	0.4751598468362671	0.20616721594681836	0.43331666837177585	0.9324833192449933	0.5397390721148233	0.5260539832826602	0.299819404318207	0.4390953250261576	0.4058059869291176	0.690353572155489	0.39353657705490713	0.5917457858125966	0.7902589384887952	0.5889523526165683	0.6682932763346215	0.45999040435343125	0.539759115669629	0.7157348635198255	0.47830613583589965	0.18105386608596816	0.6431868092579388	0.7573580645256535	0.7549791870512403	0.2940826580708247	0.6865931504733622	0.5181694972878469	0.6624015475041497	0.47594959390825287	0.5173903201626175	0.7342458527340276	0.5499518705577373	0.6275091931057746	0.4752347012384246	0.48020014406490136	0.2656619469663367	0.3017237135191093	0.46129925854026926	0.6355436788403238	0.7194020154979713	0.37009931695038933	0.6587180467079565	0.016248911928437526	0.5372539844253417	0.42632268921741	0.36853115531873637	0.4472898418440163	0.6398528955865409	0.48527218406586425	0.5741280845861703	0.8515273260759199	0.7118649586690421	0.21808414540741233	0.6332085895733063	0.4988206451371973	0.335069400493767	0.754685020000219	0.7174714869351844	0.18840654915280938	0.45331751193488656	0.5475419762208353	0.1153679289823969	0.4113833442668793	0.35149512225099416	0.3726780781179231	0.3292833099900401	0.6595759131983622	0.5803186355394385	0.4016765754234285	0.502631392462869	0.26947908483160093	0.22719296544841022	0.8016366231251415	0.7314894998019273	0.4700411584513252	0.47169986008204956	0.42651788482506703	0.43432894966472746	0.6966072483005908	0.48556133967975446	0.712912520360067	0.501851649617352	0.4628801601253073	0.20197228639084275	0.47758808346640524	0.4410261787263649	0.8499673570098252	0.6978439942853132	0.5847249963356845	0.35685427397440583	0.8631845507392628	0.32619380452309366	0.44444856879053274	0.5600555793581251	0.5934261668848454	0.632774484225405	0.46645271880107675	0.9438910880909519	0.4739714325621643	0.2012811036643095	0.4478366600387046	0.42593845199864916	0.49252468283578194	0.6665346315557297	0.3273882366517829	0.0872516352639996	0.5908325564657724	0.37971742710109563	0.1980607271879189	0.7670975740104174	0.48644229276648304	0.6861298272663263	0.3573231671219974	0.22176201038254884	0.5794176615470054	0.5212694329763997	0.18065693138641495	0.3631319487600389	0.8082177338139108	0.1102890387047068	0.6414140662834018	0.3751761103372524	0.13009675837490117	0.38088484522967186	0.4286487116051422	0.6031920127225591	0.38140508678607576	0.18274302488902547	0.6626681076377464	0.2338820082587757	0.5659372844435868	0.43790740418482155	0.7374619383602181	0.3833858636064798	0.304930737625669	0.5705015970173598	0.07218286989120182	0.6397066827701974	0.8747845896702464	0.16349728900890598	0.23340641909101478	0.515270315544858	0.5852466847446489	0.6447228838735717	0.45444154467227565	0.48268391030106306	0.4940175350006567	0.6569734217256924	0.3137068419972734	0.42026246656521404	0.5463082466120079	0.7409418011155404	0.6904757184041616	0.5523715722301417	0.5575438534081463	0.4887300504445584	0.3405112921295295	0.5699255861584047	0.4171293892203858	0.5644159967960221	0.07509298195898273	0.4312405483616478	0.6024983076786277	0.49339349894709367	0.4677469923334075	0.17644942092711274	0.4938067225988534	0.42624732741655363	0.4116752993272211	0.3739483632042486	0.3333633575269793	0.45185088404159474	0.17447818233314588	0.31694522772392836	0.5096097660672825	0.5600721861670006	0.3469627582378009	0.43884987378269225	0.5995654765951579	0.9049182628491212	0.7585945309876957	0.4924876554026995	0.3093963121970568	0.5937076154930091	0.034988539502786686	0.6470875113786644	0.47172946783323	0.7829926685730138	0.38785144361215335	0.6900405091501349	0.31050255349821243	0.6064582651497008	0.4749959326286688	0.5992735662745032	0.5241496431220667	0.6781361284844126	0.7655771832521163	0.5962587875456814	0.6459491442643359	0.2917789726823698	0.42697381876701773	0.5962044245845743	0.34628159886494136	0.4621447048599497	0.4487858021686044	0.5628995053913166	0.5051619594469489	0.5446682645420814	0.4998960919394543	0.5997881010526543	0.24489611268667671	0.7781247800363318	0.48670765545961026	0.6698843387288572	0.7354066747661079	0.5877251453256778	0.4233069439812267	0.6481244847470229	0.3288311275192541	0.5307806765516279	0.508103742486122	0.7684913701901409	0.4874039203573246	0.48379459966205063	0.4966689708641553	0.0036262744508448463	0.548545099579099	0.44286784189621736	0.27725249534217655	0.5547078383257833	0.3547029015941241	0.35774907339944106	0.5246798008204064	0.5936329054285209	0.3012546692448308	0.6079290711352003	0.6183755821220924	0.7427750781252207	0.262867185513361	0.6513142178337881	0.6139211337082796	0.44676304735700556	0.6038905774932537	0.814519834016521	0.3044618511193173	0.8676936859136595	0.2982142080858887	0.6230629941287418	0.417589911792806	0.2494836047455123	0.395223147926753	0.2898407285678689	0.6486307980736176	0.8204764547974455	0.640551449876971	0.339930087085773	0.687713289419499	0.80153521816328	0.4984250055543017	0.8737388126126311	0.6148588625295603	0.3574415440323675	0.613135869717617	0.5413823258415046	0.4960786348142982	0.5274799700705345	0.7200301761331922	0.5422940761936299	0.4534071969616428	0.8922008022995984	0.4394117127071563	0.4099866130903268	0.5052098437834451	0.5068729492073424	0.8764727781290755	0.4439611269687898	0.5167270747788133	0.6989386628244859	0.7247073215337239	0.481343807998164	0.614587391250305	0.29935016010683585	0.33794069278708916	0.3309489694930046	0.9845357634821774	0.43944148904387376	0.5145937853708006	0.6973637778311577	0.7139422384885169	0.47211533145970197	0.5406512355454839	0.48910770510955903	0.5144022067148994	0.503216683984043	0.6472961362822868	0.22778245921869145	0.6975382456688872	0.4119527344504151	0.512757734122087	0.4023151754886087	0.3262330299724206	0.6456620650038587	0.6625485472077504	0.4315783840404769	0.49468199895189735	0.3882366474097326	0.6081704449039594	0.6061346152037934	0.6649366268247533	0.45023513669704096	0.21045126086413618	0.3804802714848021	0.8188603919330428	0.3977780880627859	0.5133065499199985
rattlesnake	0.30465954180782695	0.4724232909834114	0.46846427456542217	0.7242203029891521	0.7130439311251813	0.5605362149492938	0.6630582432021628	0.49700168508931997	0.4664133893188729	0.4332912470199184	0.7521202707954745	0.5635504536807046	0.4909921959299691	0.3495142749345729	0.518508014564319	0.495430040611782	0.4902734683627736	0.36120027098288165	0.648700717051236	0.37577939536099664	0.4935143668585704	0.7621587799522345	0.24279792313711993	0.42237057695641766	0.5201024022644691	0.6098340006842098	0.4978312775820627	0.5089231714490969	0.3420822726610674	0.4421757182891882	0.9543245381363356	0.5754990281409236	0.6173195376939269	0.9478411420294749	0.6797302671629265	0.5638454487987061	0.597601939934854	0.5159930436684013	0.307526182495079	0.6576726134215675	0.5945579200409007	0.5910467557980935	0.38766846935219923	0.177095447901365	0.4873036025469386	0.6154657222746269	0.5311765254257682	0.8171896849563546	0.2284912262428347	0.4753103570590823	0.38761987991439123	0.46763860429221454	0.2145235812048047	0.382871230206987	0.5336618243131509	0.43565634542014536	0.6134712545017726	0.3922874855099676	0.40041419658245586	0.5663064166778993	0.4629954354903917	0.39283410201808766	0.6135991729922441	0.40697890648177276	0.4075596338336767	0.3952989696474369	0.1979284480334748	0.5110337690156807	0.7260015493207659	0.7504485147454023	0.5880514679799675	0.5850860110646756	0.8025525901678041	0.49419497691451675	0.24304438832451683	0.5570001293130565	0.7509990788404219	1.0	0.6023480232589321	0.5065917541669666	0.46043036467832327	0.5616526479190628	0.30511993522887615	0.5833560843776331	0.7551704234117056	0.7947080655585952	0.6071441673618008	0.5108494476802167	0.4777673355596019	0.7190016041060083	0.3964095045320175	0.3993149371501852	0.3531432028207182	0.43356918473045075	0.7621807972418171	0.34940306170950064	0.3371300551923525	0.5432294032859213	0.1271861525373571	0.19259947563756727	0.5917654070519394	0.25022434456125775	0.641396342995333	0.3799544842281971	0.5945504855853952	0.3795857007629797	0.8502787402258338	0.6217413773466428	0.4266928953204355	0.28197414929931136	0.21578517874334652	0.690964959558112	0.21492734998950663	0.5450408728667505	0.8140528149077837	0.37589105786920257	0.4517322504169723	0.18792430788971837	0.6368388893288426	1.0	0.6467453351143715	0.28720280006986576	0.33119321904123933	0.5155077453085	0.17083654356888506	0.5720559995293027	0.7583459477910762	0.17383382017336424	0.44182318493500217	0.7759231918566415	0.6828099584561855	0.7254139596209945	0.16424157926200705	0.5987455310289321	0.6507866268324785	0.19121025113669993	0.36454029642861296	0.6855071491535417	0.7292248483432002	0.36635363204074584	0.747800766501789	0.27254078959618877	0.4911999758410861	0.5334670302334992	0.6831367756046176	0.5985601422904647	0.35430182385094033	0.38470300241141714	0.5712810649188923	0.3596497715386615	0.5209586073309176	0.4327429221267886	0.1822646974621905	0.2689582173943073	0.24897181591375572	0.747117508025328	0.28565729026050557	0.6410596659329892	0.5498001545885186	0.7087517070211928	0.7184776910620974	0.47497370117440674	0.5203775553993226	0.4289698784958789	0.870089402879578	0.45973467495109677	0.20359791308239744	0.454219244814532	0.5781836199606816	0.31155833287325735	0.5832033896005765	0.681877347820622	0.5875521544903236	0.811807919172824	0.5576514193612566	0.2563326487971679	0.3786848410776862	0.8982120591716478	0.4552610821259486	0.39022105021287296	0.536317852184022	0.4291979532274983	0.5346010706548812	0.3935499289183282	0.5019789971112675	0.47722871119638444	0.3754578081743267	0.6284253005629249	0.5888026029225399	0.615367287504383	0.3388406329760581	0.48826455312334216	0.4946114312407901	0.3056860315158073	0.016166451811937876	0.33300731093617797	0.592442139318274	0.46418452293139345	0.6494269066192881	0.6855786098229637	0.1761285895903303	0.26576630128132145	0.6907099391945033	0.6722998715626136	0.450820148235515	0.734334867620963	0.6538776883254068	0.856549215698287	0.42059121466366467	0.7116999059828044	0.7411239274037446	0.3998565291852061	0.757727750388721	0.43826345567147695	0.35729823342672373	0.6989540731825642	0.29830265879971163	0.596089248916224	0.6251762233248076	0.4351188107374683	0.5533506593570564	0.2552598790107273	0.6541856005413909	0.5971152770115433	0.23816799420481227	0.11370511976982062	0.4421064216687625	0.4016780044265284	0.6573682692452187	0.28308916269220036	0.3815808939724725	0.42319773176052533	0.7835246233506877	0.012906758510346839	0.6496345662663232	0.5441409977015407	0.09300286301174948	0.5905257331755015	0.4999940802281543	0.42721024557796355	0.4685918281011643	0.6769608216340617	0.5124803249757046	0.34654184469824756	0.609611550631361	0.4370065753393108	0.7803507381961665	0.48444734446381554	0.7285058546792993	0.16992666948514035	0.886784220219537	0.5258163310554349	0.4490690771209715	0.6063864704490646	0.5164313245394341	0.36183818864939227	0.6497463625159559	0.6405327365100999	0.21391864017677223	0.973236529379873	0.10673530163077893	0.5692807351434017	0.23165113397442835	0.4431224552681813	0.39870294972070786	0.29679141388946295	0.5718323023938967	0.3920329903455658	0.4325785160255002	0.7580696854894039	0.6029452399557259	0.8765947889631762	0.21159219868168783	0.5909932964016471	0.5665523599898268	0.8407171907931226	0.3876795422638903	0.5103321663735682	0.40499792025840564	0.7742738105890512	0.5158554328295164	0.5042874130890667	0.42106805927210467	0.3693476134073651	0.5212233186310704	0.13717128832245212	0.0	0.45675110999541063	0.4714191728830657	0.541681013882094	0.2872939752580487	0.4329369921437757	0.41238719349191355	0.43110189379147934	0.6787328813469996	0.5768148671298522	0.4505330851330361	0.6489828935819411	0.17169771528166622	0.3281565324565552	0.7862635940567758	0.6326214621213107	0.38507418762580836	0.4477883933769689	0.68358040602815	0.13479509786350247	0.4483750338007607	0.7461473208685934	0.11532757035575059	0.799689335067386	0.8669125143104597	0.5376885140966784	0.66300099846432	0.6412730718589749	0.5897172365626671	0.5068569572458222	0.7138281144719248	0.45097042420746236	0.4716065961863075	0.1753158866928448	0.4784062477449314	0.5316953173710015	0.3754343354826795	0.5001679773443394	0.3178037918658878	0.5859795867635335	0.354695669452295	0.6291792772037809	0.4402570890172197	0.5712865753920598	0.4273494499634106	0.6855104932044684	0.40375503577696614	0.303172185735782	0.6389552737728216	0.6082650642222559	0.5515316964940272	0.1585585946402278	0.5844761190407821	0.5017384376147549	0.28707480343837916	0.30920412875859543	0.5902663087746893	0.37565088455096013	0.47228899957252396	0.6681814587510702	0.2839924600140384	0.32095317381059857	0.5849754605532816	0.46696522284373404	0.585727174581096	0.5929482097703827	0.6527442177063387	0.31802811808945297	0.5587519700835331	0.638381322800475	0.37465250676713746	0.5041950935312784	0.512994271163091	0.7547711299758294	0.4393593284175458	0.48984904522762307	0.6845372484571848	0.6321711229737083	0.4218869173766553	0.6456492855962295	0.20259873929375954	0.48956120225968397	0.27298301139306475	0.5638288423232036	0.7672375260883344	0.3512438065446558	0.7293620581688623	0.0	0.49545905015233505	0.27226556694160864	0.6652246211013338	0.3036381469551029	0.6055966131371253	0.1304381834929097	0.4700078478071405	0.7271498000738976	0.6883010563377575	0.23874704171913547	0.49892175030963803	0.5988749849754135	0.4996432568010063	0.5244046777027372	0.1468491424989814	0.13040429886352578	0.4236447046017059	0.2079981885035293	0.47629106814899225	0.5380338474868311	0.8680662933021347	0.7363523938345387	0.5318541383891964	0.5155835813220573	0.103523867854522	0.617496794583153
raven	0.4353129096976095	0.4094395540056738	0.22305884652969743	0.39022578381469697	0.40973939583824404	0.7429181142316413	0.707979200419917	0.7596091353565744	0.20865410159009484	0.6387122991970101	0.4881078017326684	0.47983197153978063	0.434014701531312	0.3244284701232614	0.5089522087033536	0.5928997877187979	0.8550462590354022	0.4362461055825858	0.683784662834691	0.5600260697241437	0.5502645083021559	0.5614104666653306	0.7000103921125973	0.4952765318624944	0.461618344474013	0.9624689228938426	0.5885611752092854	0.6354630115362546	0.6694849035540662	0.5759181806142954	0.34969853335996764	0.4972272545626717	0.3315988074619036	0.47313192134100635	0.47933903654266385	0.5176427608394842	0.5400420188632437	0.4894233941369642	0.48415821787629926	0.47913652100704107	0.46461097866256174	0.726030034707416	0.5992144368305633	0.5981079341363689	0.3102494946080466	0.4786468187055829	0.6079077695047084	0.3118328661083461	0.5851336174231998	0.5652687846335456	0.4719363322864534	0.6693249122945462	0.27343288004555844	0.760666161729534	0.3956853089032951	0.5070717018797275	0.49482036489948167	0.6033146700411629	0.1941247664461877	0.5345010989087514	0.6331869679978464	0.7747802816177316	0.20623792914060188	0.4391975180152814	0.33176313041990757	0.2575914878739403	0.47046196127788614	0.7029681222934222	0.45723094440275	0.33759365974651	0.6949895333314047	0.34286478385177654	0.7417148098896191	0.16931365938580184	0.4307695623213009	0.6084703646967147	0.5004716013431987	0.4466141183657592	0.17317792859418424	0.3359024613403263	0.4566471503437137	0.6407804302073826	0.6722794261140017	0.5336753573844476	0.2567241337656082	0.5691096648285637	0.38666424579152187	0.4409711223234319	0.6837995950140043	0.707486749711579	0.31754167041692516	0.36268183336852006	0.13392285929427397	0.607676298130966	0.6065042371637948	0.45059489107042616	0.4559176793291403	0.658945197536294	0.8804601587538741	0.4971312440583958	0.7199864373443132	0.38989988862145275	0.44732758040579074	0.46726716536890817	0.37817008375104805	0.4286799324154671	0.6278339236125231	0.734749429985357	0.8222967669521273	0.6647548414303441	0.49467916772186127	0.3837992875592947	0.5787275552091629	0.01794267184459375	0.5336525063738096	0.7670740796560853	0.64816627589336	0.765168393946648	0.0	0.42611664011790407	0.40669245885295974	0.028747195238084666	0.4811714263699903	0.7012066868222455	0.4690972707662896	0.7610164272779748	0.5322783224371281	0.3366772994619706	0.6102970156778709	0.5150523864783759	0.5463965908271867	0.2257540540439652	0.23439374211292785	0.1948968242355934	0.3976267748937412	0.739116272940811	0.7462121138632756	0.2881837190753493	0.6700407980036239	0.12365507808917048	0.355781540232204	0.8902983735868502	0.7363009292364495	0.7914086549969113	0.5577073783030773	0.26690261380301306	0.4688920745668764	0.4358328945177202	0.7385442856563075	0.5118255424562207	0.20657861889547202	0.5535695424162871	0.593231675048393	0.3714801978096108	0.32122139780204206	0.5815825401033466	0.759339002201249	0.6254040977139739	0.7074563425826523	0.32152053502333333	0.7244956032830343	0.5110981809848665	0.4021826265953322	0.3866348636560668	0.49766675217293493	0.056525764550262314	0.3744493581867856	0.4792944484554307	0.40733286784939743	0.3070746759768094	0.5928375799639116	0.7097036674437411	0.2587008196403806	0.8969761334412732	0.44640758952882564	0.5987169707652946	0.482430352465954	0.5233087182065996	0.5809681848008249	0.47756331540197255	0.8948155386805492	0.5749428077810155	0.7968920822128254	0.6124544991005764	0.5015536293903088	0.6104226571954002	0.4595893566377487	0.8408587661533599	0.7902142820840582	0.23582090758052157	0.27360757159890325	0.5024002827271323	0.22478713167676967	0.25232048182899247	0.5150321310460886	0.5073789058508645	0.6694500574092918	0.443762986047236	0.5611325180065455	1.0	0.5355872336336045	0.2721003238443642	0.27913096798338766	0.6002595205500935	0.10527738126345537	0.5847066351548093	0.3757727800755156	0.36188251511462954	0.7250702200683756	0.4729856094579498	0.44428479494303796	0.3394171103821021	0.44197332280822654	0.7001727566693119	0.4073353348054955	0.17313413012928197	0.582782567850717	1.0	0.8214961087734284	0.3154279857066371	0.4275571096455313	0.10888534539767653	0.46645312606199335	0.6020510236538014	0.2965339184775272	0.40491412064506205	0.435922040630914	0.47876590197809943	0.6379261900907625	0.3202873746596764	0.3273560034771496	0.46545075241935874	0.7032012697308152	0.48045074858412806	0.43489531066678844	0.4755125054529191	0.28859212519786853	0.8119758728730693	0.8375034536336073	0.8069660857424055	0.5683552900361875	0.5249093022787974	0.7319567953723893	0.38199589762493014	0.5132575535640076	0.24462782492843893	0.18827539729103293	0.7520786015297248	0.2412836925343334	0.5129211327553577	0.41818142836593336	0.30800657673856036	0.43699880234171873	0.33857354803596695	0.2955776482566898	0.6590980003634477	0.42352322578210133	0.4643850777852345	0.5587584260049901	0.2390206451731714	0.5555826563968266	0.4822938260514621	0.5646570742596936	0.2579605967007937	0.5662154401546378	0.6325418770836819	0.5896727476047329	0.5079458123986541	0.7250252889241408	0.34585711488398285	0.4042314416171571	0.3532470285108296	0.4816143389982844	0.25170808033305403	0.6847287180289002	0.3964579766474664	0.26907775431422976	0.3881807762416856	0.8013394468939745	0.7377438096635376	0.4789822780204459	0.5143940830606603	0.41006237391783795	0.4228164816532768	0.6311658966968814	0.3648339732399894	0.41822193748135406	0.3725637183038915	0.3387167717538003	0.23477579620538047	0.3303254149820355	0.35968289314147445	0.5566193809506944	0.4508548423640767	0.5093244760150457	0.19519942353174108	0.6230894815721352	0.4337249515278077	0.4774818273263714	0.7492910626347664	0.2221622843612684	0.5780113196495265	0.43551398431182403	0.2982312354947372	0.6636500980589034	0.621997558422649	0.2128607223671603	0.7116344228316497	0.7639542875386403	0.4993957980110276	0.49819894593406666	0.5126239781313626	0.5168061432091634	0.5936267130512545	0.5451090590717675	0.6648450305781977	0.7455864408596428	0.4151856975295341	0.4087775061573569	0.4547855515745705	0.4518887579422445	0.5033378007950959	0.5269063173018773	0.4577838180719897	0.39151757680894367	0.2868639115503946	0.13244553404651083	0.5444288463050649	0.3175937398493335	0.6182015506190998	0.572599054025226	0.2807225092096157	0.5960480169447632	0.5238086736084494	0.4255173232617048	0.441788367235599	0.35018726199526484	0.7153726950694456	0.33325600307680364	0.59188843321906	0.45096318380863964	0.651650843373863	0.766268133001794	0.5622519447794079	0.5326217110564382	0.6553386770239373	0.586775067751919	0.6332908161840624	0.5815292973815427	0.5398399863622059	0.3562108299425523	0.36701793860933307	0.7551291250595289	0.6666766068369007	0.9262936031561743	0.2879467952630613	0.4186686249625904	0.1776099326926291	0.5873973553301507	0.7514482789283587	0.45920356687208536	0.6514463732210509	0.7948945858221599	0.4904945209042697	0.4895342774074122	0.39023802521735107	0.4548004291340333	0.5610096078292129	0.30124221250372607	0.9336474074896453	0.23440511074692302	0.6112825305730198	0.3827266673117119	0.7846299346893246	0.5351642344394585	0.4161634384167484	0.42780502434488127	0.6428044830982833	0.3690759509386317	0.6342536214282659	0.4316991035833477	0.23455696385018682	0.4021099154475384	0.5624300114044192	0.339303503562039	0.3038647392006523	0.2555477433086527	0.9329038026116203	0.5335201128331073	0.23993679328004142	0.5002990269093578	0.5191652660671635	0.4745836287089179	0.763595827115199	0.4397908025070695	0.30766760867482046	0.3291620038822325	0.6372040596794688	0.30713011811204693	0.305809822719423
ray	0.4222880788086445	0.0	0.7474940723903244	0.3595837484708383	0.0	0.8991412600489349	0.7926615267592607	0.307603055487294	0.4776506847593575	0.5265575659043324	0.6779172302271486	0.36101666537929683	0.7157184117632094	0.5895942906993865	0.15763401415418965	0.6135802102379655	0.3433793315571434	1.0	0.8270837706966654	0.5425968016634974	0.4870304197002331	0.4416583496195772	0.32139527969356013	0.6060724140756216	0.528235951289334	0.3075980101869328	0.34461699656599415	0.6018702619625673	0.7217127990043006	0.8936177493074509	0.491602140610722	1.0	0.4588853884285399	0.0	0.3811850905335207	0.6583442285807924	0.6703330204711581	0.24683697229418355	0.4370827331454162	0.7234855419922813	0.4201932540053176	0.454484867482811	0.3589827237692015	0.49911199728961436	0.5026219737907907	0.6860457195163595	0.36356393539749066	0.4156044103579641	0.5327241771757334	0.6768527222622556	1.0	0.32681712530753115	0.5946143241891231	0.7703531678549005	0.6491544974154722	0.4614119662273042	0.7358200510537	0.3503823881291623	0.5138429160958603	0.5554553454160618	0.26598458285459037	0.32915239940025265	0.44855707136743717	0.46036088564556527	0.41180074488139623	0.40585025634923166	0.4202399522491608	0.4419117756097623	0.4370638932221165	0.669751682770243	0.4726466876176763	0.22817983145665932	0.4664553807618075	0.24750801956765706	0.08813612050096464	0.2323254004233305	0.6196246634343728	0.37461729119624826	0.7962682354484126	0.5871406768079931	0.5778435863759488	0.3484370180342079	0.4740887445157866	0.48187362819785684	0.40160047059529747	0.05922421552172824	0.2663125785300091	0.343050217160229	0.398366988483732	0.48300450541725304	0.46801882665347233	0.44800603824904917	0.5545026224004637	0.006971992210615285	0.5867059911749126	0.29310490164600134	0.44272983578856767	0.6715929819320986	0.5618466684818472	0.04006673512274511	0.6021654752709378	0.9319034164856188	0.6002921084077515	0.36184896038922754	0.5973096562408177	0.04808971579668547	0.7702002376620576	0.3338844773727625	0.496705678725998	0.059923323246866556	0.8458211701626673	0.707002822070182	0.5185579255586334	0.5785310447866954	0.6566307526552105	0.007680433193063219	0.72958273198065	0.5227356989530267	0.6555813859005484	0.5074512165764832	0.7788810160737869	0.4908121595731955	0.5470753878706769	0.5097116439160772	0.643030937513178	0.3783557512712183	0.7616975778304761	0.0	0.40202147947099964	0.6331321631143775	0.4779088802190509	0.6349056704492566	0.38946258907322717	0.7284472764010805	0.4617221564903964	0.2767887863957883	0.5346816940810217	0.6779387271255606	0.3729929139300013	0.48842843706696654	0.6201407298328938	0.8636767320378576	0.5163243754450052	0.5595983991732192	0.39185573525852746	1.0	0.6209534237197295	0.12006578655991412	0.7208863967454382	0.07278804930682425	0.5693596630220055	0.7453888737737772	0.5704593306187016	0.6063436661836219	0.4285591640490379	0.6875193767024775	0.5743260461790238	0.384008413433047	0.3195784388126319	0.7752881207529533	0.34077794671868966	0.23306532522421758	0.862938081760529	0.5314771375237998	0.9103866678262539	1.0	0.5448024111601877	0.3413468961104042	0.5207484879897232	0.3703834033536151	0.36574789020631693	0.2357174674548663	0.5979700528743436	0.0	0.2315739758845387	0.38097965040721077	0.32482413682164507	0.4677277539350979	0.7717412865336681	0.7566936821168635	0.527864041155745	0.19151754796734585	0.3862788645873181	0.470451355465838	0.2901367744079857	0.6622323170408642	0.5874467719322806	0.12688930966309991	0.7472579999832304	0.4812632427305653	0.8464494482980318	0.6262856915261605	0.6104137240788428	0.29837172787771354	0.30964613192548274	0.5112010989794944	0.341474464347925	0.4755575940838321	0.16327698408300828	0.18348661703735383	0.7563192187630532	0.351050066883135	0.6493400091348415	0.591301527457325	0.7408188081821873	0.6777581911341439	0.6866596133603154	0.29173088603247666	0.6533648058198622	0.31683291757705856	0.6735223502583362	0.32249910900843953	0.34162301391031047	0.5716738877723373	0.5484079758104244	0.1023334221849867	0.7136858184557888	0.036241589825339315	0.7309654239810368	0.621451529409339	0.3035744437163279	0.6319518898192373	0.6382149510489581	0.5707115782110259	0.31632140407963605	0.20922646642344486	0.27928989225869316	0.5041332823302089	0.5695467821301875	0.6153708957041709	0.4563966976115422	0.4979029983594368	0.3341832248352993	0.3775092761326845	0.6338962722214434	0.5765927851629948	0.49705808631722775	0.5684083692562384	0.7055334268143891	0.6550196927373007	0.43529601142779417	0.4628127020432609	0.7364289485185808	0.010426754040287589	0.546993558212598	0.45066949053337735	0.5410733613432863	0.6299213149689034	0.5556791844901618	0.7431102731127049	0.2329879930599568	0.6148979263328489	0.49525583861333705	0.3426680841351537	0.6025083237939374	0.3771649997459452	0.4682450512521767	0.7805513853249049	0.3917027968312123	0.6228294898847616	0.3996802937589534	0.68860001597859	0.7053217496212141	0.4106525931341155	0.5479530384883498	0.7064730999527249	0.545097590167146	0.3752395653235798	0.6813102733837542	0.2434800152611678	0.42933551899186573	0.5919478467592665	0.2788841739885414	0.6060888315453692	0.219664058408386	0.6547167634570272	0.5514592611322072	0.5003687052542432	0.3896616620788085	0.9109565428984958	0.6626069331890941	0.4100292687939777	0.4486669636971947	0.7279946683053452	0.7329648454862653	0.8340440463163601	0.9845107114648028	0.7432658197869537	0.740750683901597	0.3216640420228485	0.2922556958159809	0.6891324013365321	0.31668002377706334	0.45844199647787226	0.5492232866802194	0.5280181333557445	0.4492479891236209	0.581976237964744	0.4835068924238195	0.3046870246617416	0.3674050582239733	0.5932951430455887	0.2840148450958225	0.5771768023501535	0.5355572837960596	0.4786694880560129	0.8458147488637195	0.14653393422984268	0.6323646227496771	0.6002004298924024	0.5367231417247318	0.6933995007606316	0.49603833422993754	0.47712999353657853	0.4399174459005794	0.4270280330715406	0.45887447937908676	0.6993884652466564	0.127403044929923	0.6978882219046167	0.028587856461411154	0.3359574988034051	0.6584642250871873	0.5158922183394778	0.5191122859212318	0.5071754991595201	0.37005966598138085	0.59274563959809	0.4600531008413994	0.3987963709136555	0.7529191051160837	0.8326028779971731	0.0	0.40143956580284973	0.7192217211129293	0.3561680871914935	0.9553508786754952	0.8457615227939501	0.35442707005460017	0.5355177688848612	0.5302661174014194	0.7152828021138891	0.11331456439886739	0.3814594966437566	0.11821279679934732	0.6058725185713116	0.4335860966196077	0.6672065534994838	0.3584353719915206	0.4583613453648092	0.4414119972769797	0.24092873873769893	0.7710461083081506	0.3689002440360812	0.20667837143358136	0.22738452484959992	0.7692002726802465	0.688088299537426	0.7505201630701297	0.6541971113379634	0.668672789899896	0.4634657250941327	0.3319794978720736	0.6488543663751455	0.6093159872894559	0.0	0.7563691607079241	0.4743953052348488	0.4646928524432868	0.6035624239230053	0.13360874822741176	0.4203038153554886	0.30420969597042163	0.5118804704599502	0.36528240455605165	0.4913083158001053	0.2763856837026471	0.6969288890981248	0.2747253455548423	0.923591816854571	0.2194515387516554	0.6582929814728882	0.48480233854674926	0.8931187180149165	0.3901760670640154	0.8814303597138518	0.5867961504177914	0.16275298319587347	0.44634752928129195	0.4535245393826913	0.5846180089356947	0.6875700015087123	0.22277400996265828	0.46085531283517633	0.5605644591166989	0.6537003099645071	0.4609364964661926	0.22025085685065465	0.5858988857199873	0.3270255601437407
red_admiral	0.8128509580526755	0.36357620626248954	0.802744649720851	0.7904295508040896	0.5338477839812088	0.5559223689364737	0.628669103285891	0.3845335419191138	0.6402303731814688	0.4989663823891422	0.35479405454081614	0.25445919524905164	0.6645237819758242	0.48689160104717555	0.5857005986002473	0.666502606903683	0.0837885799426033	0.6457933865659671	0.46099258121108627	0.6961221604332449	0.40098223348824047	0.6542030988355725	0.4558868133380717	0.5727116893946257	0.5703120703680701	0.8568305779141683	0.3548113554719037	0.3802117287090724	0.48254866466837837	0.6814247705066023	0.441314705283807	0.49802808235352025	0.18261485877332395	0.46138004634117796	0.41125905086138337	0.48056611836441726	0.14677923581899555	0.5834318078734834	0.5922672772620184	0.5219227028610615	0.4989848975084709	0.7028728672439613	0.8146172955474346	0.4688652336573322	0.3455482252790354	0.4751609959564555	0.4878614785436315	0.40793097076702767	0.7162313845161323	0.02895365305017028	0.3208381795467984	0.5542051918526261	0.5816778273800662	0.5329863607404752	0.6203876847295559	0.41751046446305223	0.3878748103053745	0.5729585483251738	0.6085314395654645	0.792162648583687	0.6219522812852012	0.6170359934640548	0.0	0.5499217295967099	0.41710689607738144	0.0939619470632303	0.42619922584986125	0.253227103493488	0.49491802946718005	0.6546152073448	0.39119232606277954	0.5320921558525809	0.2816929965361269	0.588938469335049	0.21449477775662096	0.4728015912898106	0.5964688818503033	0.39809183615054394	0.2639669101345785	0.5344235239454646	0.474673673276359	0.6637085905165945	0.655116922731863	0.2699273065551215	0.3243834980031552	0.7073270179981007	0.3664417020007113	0.5610189220941713	0.8316987749746008	0.12798931828613136	0.430483874048132	1.0	0.6442321870774258	0.6472692081171847	0.05073590891195334	0.25301257571876146	0.3954249504806659	0.5795918094218719	0.6625589914969805	0.4702639631526878	0.6259147074079586	0.5851785249998358	0.8369099456749182	0.5962609235589782	0.5206163093205256	0.45332895440904364	0.2844565839172488	0.23761488132396213	0.750310312189887	0.6167932663847058	0.36546720753609585	0.36968260457563934	0.6368856633927458	0.5234044194266687	0.2853835831829641	0.7585620065574774	0.16907591273894917	0.40801971458159003	0.6994049537252851	0.8797731520378755	0.7960880370545749	0.5452565319671614	0.4509648112235249	0.9784072383048421	0.6153232442403936	0.5032110511767636	0.8774794786973596	0.3810894379206503	0.4561109483282628	0.8220386584463704	0.2588844403253138	0.5347265169150585	0.2110412145283937	0.5061289745967097	0.23434948984065895	0.27708364113017464	0.7003458512448344	0.4060824847910418	0.22828918554949384	0.45812436023044323	0.4058783072330603	0.5434876101535719	0.5172475858919561	0.9940738253812764	0.40635806668409247	0.36158242233746013	0.658863887137604	0.4075905327890138	0.5528148936773922	0.5741251652303412	0.6861174912480412	0.42856325637295456	0.377958727887842	0.4684576080993429	0.6835166508560547	0.6087955153411414	0.34764770642645226	0.351652196315989	0.5950610781728166	0.43970921255642587	0.3853658613471056	0.6370329303548292	0.8112842044443853	0.2908937264595503	0.3855212038416625	0.2837758763783647	0.4611431178739971	0.7442623519220514	0.5867164464880028	0.46017828275970135	0.5817469006253565	0.6494588429678735	0.5912000879786657	0.42341067167558794	0.22987641741768194	0.7085616389436445	0.5090540945029869	0.6199884088447472	0.457980402404861	0.5054662873793334	0.6465771328229605	0.3120033610131092	0.36380583611318806	0.4107157412434024	0.476138477869546	0.4524210686673712	0.46445279098997566	0.21991776828987375	0.27115730376084884	0.44469469905547243	0.3818623644661215	0.3222675868423879	0.21242675468579847	0.33012820344612265	0.28536024197904836	0.35361153415857305	0.2737198532138287	0.4499573179316857	0.3956894734961689	0.44058545309863395	0.3758400175027365	0.7312325598764919	0.780916498713851	0.6402871890707726	0.5711755881230659	0.5647201968217676	0.36999146385146015	0.156260915090326	0.6148822618848746	0.526896754392926	0.7126883317254229	0.3174567216579329	0.6194993896584905	0.32640503760432066	0.7320402930660935	0.5341092274328795	0.3522154897549492	0.3721757706908969	0.6877751999303707	0.6809441813801546	0.46018797913547815	0.6317090584214791	0.7381509143012528	0.661665557859137	0.41501366098201525	0.4512397239067681	0.7215807365165836	0.5593198214365049	0.5997695586952287	0.3810318286908213	0.35497261768640764	0.6807950304652612	0.48923594306914175	0.15668597696833225	0.37192185930000493	0.6518775571907226	0.5156115140611687	0.49127435059749625	0.5981658436192284	0.5312975254778259	0.41861763987183875	0.535835892847685	0.42949596164240156	0.3908918154007976	0.45383362978081654	0.9974598789909834	0.48444372207567055	0.09464176819486614	0.5586685739564234	0.7167009070688336	0.39318700776395227	0.49867648716991697	0.46931198135869173	0.7861716762355604	0.34021325679971337	0.3914836598250289	0.6695276403555234	0.7767267805683211	0.3985849575526893	0.5245940662697287	0.8236122082778934	0.6296573060900139	0.5677466687109454	0.7376551706163609	0.3924317699838309	0.6470524059992679	0.6442147483394102	0.48182746496203	0.48255091018875673	0.32487451918356364	0.6602643323022925	0.7018473246944464	0.2245875236196582	0.5230088467339489	0.5080853797151852	0.4017204147483131	0.604723485140768	0.2942762662828206	0.456659309297588	0.5960489938808017	0.3207439957501901	0.4594513259070143	0.5967791193820287	0.6173828941681644	0.3259140716384819	0.8720990160802053	0.46940266054953517	0.6894461737892632	0.6804871373892634	0.47386642261082274	0.7667463702907333	0.4457206938834537	0.3683535211661644	0.6466445855886254	0.7406351111703169	0.6971745616923504	0.4226195940570534	0.46644906682416387	0.6685325590648925	0.5312946106609908	0.2568922399581819	0.6539541086986814	0.22605495571767487	0.6567132390267503	0.34081865039127307	0.3860427566885439	0.6071515669418203	0.3606586306526093	0.4183846165927742	0.5263107173857055	0.6023775596237406	0.41867225661971563	0.403243944376682	0.40852721588228597	0.25807383504783665	0.5887391815594882	0.5991333440985829	0.5008147242483174	0.3367935604861134	0.5874824134437946	0.5164010725423166	0.6336004425085782	0.19718065847393185	0.6582858852855058	0.41212286929995623	0.49429548519045424	0.5146363627660276	0.4145636127353124	0.4076588464480651	0.5180735962234313	0.27796205278654557	0.4237404337441066	0.10693406868356314	0.7388595893890832	0.29069682595972696	0.6123047393555142	0.5682599093460623	0.5917142480775368	0.42959158538071096	0.4739796248812672	0.730300077737253	0.49548476230160643	0.482237078621549	0.4324937212901285	0.2998501621888737	0.48278182998976577	0.3637646329257925	0.691193425524045	0.6153433229543621	0.43504605591384876	0.5532153499444393	0.49558070403084464	0.28832564120833676	0.7517374159938925	0.46618814866116154	0.861498651550398	0.6372015968279736	0.6106060211497315	0.7043828719876187	0.6754496674488875	0.556688739570177	0.45882806378941754	0.2889692316246721	0.46635496808856347	0.42896576225829597	0.3645359175212442	0.5085172896805881	0.5859311507836187	0.8519078793304758	0.4736008128677314	0.35566020996910175	0.385297618993468	0.536215974505549	0.47071881010463934	0.1557780672075908	0.5847348414900115	0.35745854334905686	0.8037096117265949	0.3189989930649755	0.7420651708634947	0.3094533492685699	0.4580118070639713	0.5036315056927441	0.41728680997089945	0.33445591981031547	0.7248651828708259	0.5037477101540193	0.31013856118942124	0.24371302502842834	0.5737821730764153	0.699279128500307	0.13401806748224065	0.42343974503803866	0.37274077095744323	0.6763523819251933	0.5116289021926921	0.1755632803782261	0.08092207716850891	0.35347113666656327	0.15140689256525464
red_panda	0.609119811339079	0.4355628759029327	0.5200480704274485	0.2924325989376776	0.6028610557454538	0.6474143785296331	0.6116462773210409	0.5789076745987357	0.4076402069616764	0.6435175904695827	0.6051749689754506	0.2626135025933592	0.4746363084820206	0.6754223426280414	0.6652873279616758	0.5988847502377274	0.5423791703353158	0.6976392450431745	0.36846313936265573	0.5437574889911885	0.329197810264394	0.26897668726252166	0.4210835231535179	0.07256306299080684	0.612000046285488	0.7764477538862338	0.5144184763387551	0.2869509583489571	0.4457882948834363	0.516314928994726	0.6083427705443372	0.7165497930025482	0.7706049163872155	0.460942235090267	0.5567934877589226	0.6248128798719614	0.5818562106678673	0.6373577078790844	0.514144055817071	0.4559981441088052	0.6413068506374762	0.4961768554503684	0.3937774335357677	0.5242049376637508	0.41900280942113993	0.5709786836492683	0.2571944920729409	0.5170465029383647	0.5448521841592098	0.6138864608394036	0.21049629049022334	0.5176585711506287	0.33051211940385505	0.7838290829221655	0.482911197557643	0.2105237894898486	0.6173262072113957	0.6000573168344511	0.42638089058510487	0.5909939053353397	0.7787945087392119	0.7902306700068003	0.36389661021773156	0.6598314172024178	0.44422674993300504	0.3685443859363181	0.5540126610873755	0.5451688267769859	0.3596685044570103	0.8602108216546502	0.9371401175445576	0.5514400466335617	0.2170718862109554	0.7065364588001282	0.041082527564119065	0.29684954324723367	0.7054804018986874	0.47464687077554063	0.22843029141442733	0.5667796894619632	0.5132896459149313	0.5839707765967436	0.3465791363378389	0.4904210595262208	0.5195517866065481	0.6355197620689934	0.3991497293685089	0.19406555034732487	0.9413143421991043	0.21675010513825832	0.7623113014872959	0.39458270427679165	0.2409652195785305	0.40175509156853123	0.3535057220279903	0.46465765439281276	0.6190241211070535	0.48133367668185123	0.6272543443386145	0.41149658625263835	0.6319597969682516	0.4431389740471431	0.7108997882383412	0.7357743960788176	0.2651055393321662	0.2951967918197632	0.44007155353830074	0.6640240914515336	0.6042186893953165	0.31307106116411754	0.7259570426047047	0.183883265446702	0.5942194349455603	0.17177481382079807	0.4268800129562215	0.38988257473610893	0.4918375740053041	0.2122951316457195	0.5369372626832866	0.6078845055641068	0.5122959851378408	0.465162740789286	0.5750647573712026	0.3250356055000784	0.82510066099316	0.8725248708707222	0.5412060654630573	0.4361463220987915	0.500037647990553	0.8355975257570063	0.5421114183568883	0.3577850674791613	0.532974362017789	0.4240925508752102	0.4063844555046222	0.6101618460529357	0.418144124757135	0.41662148491515577	0.5261456113529273	0.7119945457849262	0.6287885828453228	0.5998955397209089	0.549006781927449	0.4336347469178198	0.6388125327796852	0.35067668750456116	0.6827300885319745	0.45799951305620507	0.05884399274707508	0.2306558843098922	0.6999920569014412	0.6146145530556775	0.33606123527736986	0.5229583013991439	0.4363963447833228	0.6627167199928237	0.5533025467211627	0.8843493504456907	0.6549832342525854	0.2930337185788795	0.17659889542144208	0.5427936126368671	0.8353041323519149	0.3174433960831877	0.007305546506699567	0.04591843528893391	0.38110307513587105	0.633524440823078	0.48592067336586786	0.4604491529858826	0.14229819665137872	0.5189024858581811	0.5741625872562353	0.6337616398278638	0.22655495794470426	0.37074874910080924	0.2902130927898379	0.02143436618801836	0.5358781889311133	0.44801854242538747	0.5574974334298582	0.20403776567277046	0.37628923681586035	0.526444295300337	0.5694114425099857	0.9999999999999999	0.37594392605513194	0.3680906890124298	0.7567136809308846	0.19383560203714734	0.6287980119983264	0.18821001736792808	0.34796366408801427	0.23802471695421173	0.5463641861071505	0.5715283975600547	0.39472335842967665	0.5778423037322734	0.35933878454065804	0.15951545719930582	0.5671952149583736	0.661744570335093	0.6096915447231394	0.6548009643740131	0.3602700421307239	0.7158373010882695	0.5562701494459771	0.49566149668831566	0.23879996081774424	0.581804255126909	0.7047042127148249	0.3832468428144332	0.5968265150978559	0.4823361447619331	0.48602357377420624	0.44788168277748713	0.32399331430332035	0.5526197766406201	0.3906987957288609	0.09653102361315824	0.9382323276926539	0.6093874394467325	0.812374162274989	0.5217695026235418	0.7217204460174746	0.657106996415366	0.9527830436784269	0.32830580393833997	0.33258343242307137	0.3763840034427142	0.40977249038857566	0.6731165748330811	0.7035858967889219	0.6458559697382424	0.7140577090519549	0.2519521940245032	0.3639153032559568	0.5308742537592667	0.3640630707102362	0.41411262852102215	0.2436614133666712	0.5596142028589718	0.5164869835284287	0.47043505943762315	0.6296901636686445	0.5966643949295618	0.49777420926163257	0.0	0.24694107407463933	0.6993287041803813	0.7013444201861874	0.30952629609126403	0.37191333958059936	0.5002730156494235	0.42303950427206505	0.5651125597451035	0.25057109269259437	0.5690980916574232	0.5506384091402362	0.4997130830556045	0.6246023579164337	0.5674681267056186	0.510832894768212	0.25517113134172276	0.3109716992699889	0.5028092354463882	0.5560015718353823	0.3439051849096302	0.22540820221991986	0.36190575212912524	0.7487115404032612	0.7220532288789321	0.4618030972200212	0.19721157789298593	0.7712194793991366	0.5554143061028676	0.5888501012460856	0.5110381808794868	0.3166723328050398	0.8007136927178413	0.7895810004292017	0.1028615431260082	0.4873727723107268	0.38271433931438537	0.6085532399293021	0.5551996007460398	0.6958845411657555	0.18243285860858455	0.7465472411971534	1.0	0.48501201426654145	0.717534388808098	0.6779448115378903	0.5550113657889316	0.8136920538328629	0.4536607561088459	0.53687605982487	0.26252287988657924	0.3573271912071923	0.7332641370469136	0.2967042000294845	0.8369123089302715	0.8546315008080826	0.3509765762759921	0.5954299101415298	0.2887509041992647	0.49429413315779486	0.7442047624169184	0.31540755578434626	0.42971905745096206	0.6645519820814729	0.6020321036864454	0.40126625929506243	0.5567663096948821	0.6901087537913522	0.577173376860934	0.43745145088066206	0.14334541066293427	0.5402738849170823	0.728828645249715	0.38526754397395235	0.2669626589481844	0.341150159193263	0.6160564877290724	0.35799343718163307	0.2945780809882451	0.6340888856278927	0.4591156362400173	0.6204025921999043	0.6056966365926841	0.3749249738432828	0.5348438485026161	0.3438621411536241	0.5925101490326297	0.34117220820569316	0.4503173019861039	0.7107808288147427	0.3727919816119478	0.5740596628275174	0.634489174963736	0.9269380667522078	0.4466083449763284	0.3336916210140293	0.036108504797163266	0.5445619646936978	0.5878459004366045	0.5638689636250485	0.4081982008836268	0.2267060299476524	0.4935141931851514	0.29704789349932725	0.6813109058990916	0.4647675640489245	0.6121606517812481	0.3641082945904623	0.5147911639006509	0.5428708678990853	0.27117642313729007	0.5433777095612523	0.7203466745083216	0.5272551301569853	0.6160061249729321	0.6534538022709959	0.5829919350482449	1.0	0.5460067700343336	0.522267778888752	0.7749725317756877	0.6365612670470207	0.509720067800749	0.43824488831008956	0.3754364594333728	0.48283651685736484	0.6661861834621164	0.5153627519370975	0.195595513006394	0.5870175945173643	0.34635400620299817	0.4146216211174487	0.3610576126998992	0.5403901074936983	0.09182994687117502	0.6652454309239679	0.5374089497156518	0.18112585896536748	0.261907279119365	0.15249823868580675	0.398577858458453	0.48955464286804456	0.4750074860720501	0.674560941587119	0.4642290167918983	0.41796096088638274	0.6491331443522177	0.6245505146623201	0.6059751855166664	0.4288786550648894	0.5356782763948168	0.4714562584275548	0.12994435614959654
reindeer	0.30230823458574485	0.5380462863781734	0.7598038544042275	0.4812746550952896	0.8626687019089998	0.41468185571687016	0.37558565131355914	0.7562875826741217	0.5223436904560586	0.7474066608252847	0.515107924579685	0.3539406243742295	0.3359391056156272	0.46197006744686725	0.5568639630307717	0.7288030672089123	0.4799766398757984	0.6635282989781193	0.3051805162222327	0.4879215268398417	0.513402142742065	0.6637850561692685	0.47681774667672067	0.3152788943434749	0.15186609592058364	0.5673534142835235	0.3399348606181266	0.4067078615526627	0.6683595713567293	0.39647099369114025	0.2799266711955151	0.5845564623297959	0.5597659162945195	0.7812814410831943	0.3436883683479092	0.5997181470191942	0.3716965059749102	0.6615255651042595	0.10865746957225081	0.200306390154829	0.5696005844075183	0.7195373475947027	0.3707100509431612	0.491401710090592	0.8417545878332546	0.6992686851214257	0.6446771546834237	0.30892056394162204	0.6014260018395642	0.4643723443405771	0.6024935836884886	0.362056997716186	0.04397046601670984	0.27926229458916285	0.5788261115092826	0.3546195035378743	0.7374489517928129	0.41240647593577207	0.27654502060774167	0.8135101408964169	0.5733925447171551	0.3275885015534993	0.6517921780621798	0.0	0.4929817577540549	0.29577707893546634	0.5352608710319308	0.495284613685547	0.5797496706264021	0.7091185565215127	0.688355320699403	0.5149518184731723	0.5811731515132368	0.6689411865074522	0.4867542998477481	0.06708364351796031	0.3377577313747387	0.8271154204360636	0.1977343172569268	0.5423498393335766	0.3530335964659167	0.3849760474906123	0.6694754300614107	0.36069879390224163	0.2801561704056158	0.4878261722652113	0.8341059157864796	0.4130548803550622	0.8920428420565938	0.313581475275975	0.5120453795300409	0.4869423190257643	0.3433270172204122	0.6487663138859872	0.5066259394114963	0.17592031459918855	0.41958174239659063	0.28291191013887523	0.4087306390017367	0.46432004397920557	0.5096499347721912	0.6581985763019345	0.5633429680698931	0.48762638196797886	0.5098285968653969	0.5691360604718374	0.6655854646675092	0.4337409994499195	0.5649309305301058	0.6608564034933382	0.5026473913987091	0.6566277697378461	0.5250219960712973	0.5033027340345816	0.535904236605539	0.615917486634399	0.29177117015276144	0.7068173928660151	0.6004851248628574	0.5203648079274313	0.34118950393764635	0.41968199848227383	0.6338855047379501	0.5468378300429807	0.4520502633757686	0.8259858011083281	0.7530536059067615	0.7095137857457856	0.6425666174490571	0.6004429568735525	0.4113763484108508	0.4011497676206016	0.07525427789855693	0.6232979828407147	0.36961582311255176	0.5704349035359325	0.26926399631426523	0.4537265960234494	0.6847028584952033	0.422559511851666	0.6310689667499754	0.4808919884249816	0.5813311744341817	0.6697309990075112	0.5915759589184258	0.5330134533938669	0.18610198041015175	0.6003460623314729	0.4479494858079701	0.7714003161404634	0.5317181790492149	0.7321244295918139	0.09518954419186734	0.7909440027708203	0.45508636768498706	0.3556102995131958	0.6142778908765109	0.35623552604881104	0.34696758931984506	0.49056247068097997	0.50251399198932	0.35626935216225514	0.35194936261434134	0.5380160061417384	0.590549623866594	0.28223928292538786	0.6931862552862768	0.5783620935576266	0.5839730351119645	0.40967520771519916	0.12473808039983969	0.4672044219139939	0.11116085626406075	0.6438217441002309	0.2738058959874129	0.7243727765562407	0.5093254601300646	0.6538844677305806	0.23664850559753348	0.5077251584679542	0.6080758295619394	0.2857315132847371	0.6621616408908022	0.35952227906355433	0.3364325674666062	0.4456925416034003	0.46486508088500506	0.7432471448893547	0.4847009471362914	0.6891138001512651	0.5959683642838525	0.17871480016379182	0.48016585361817204	0.3109370011302137	0.24737210730575812	0.5200098988736536	0.5515815556195277	0.8451659778548248	0.4716034138801793	0.6523890430797444	0.27655505769610933	0.41610787529442794	0.81043943234986	0.4623360662712951	0.8585635421446125	0.7111547762318693	0.5125060166844982	0.7144966690635219	0.670053302133135	0.6491933578277158	0.6027059820825672	0.5604541526548887	0.4312028874852099	0.32014348021904	0.2444419632806959	0.5969882763843236	0.4528208754403492	0.8139178304107356	0.25746215549425133	0.5588063152570074	0.6881933785030753	0.2758375426747846	0.48680831996852003	0.4099922860408177	0.5557407198068931	0.4365572167475518	0.31977818343586506	0.3810135518670258	0.578045878450333	0.6384071637115475	0.5093145602032687	0.8024217170923913	0.5866056499859632	0.2803064949396629	0.2746898770536409	0.20771374231996276	0.33611167208716414	0.42992058210801604	0.7087335409769975	0.49522125131294464	0.4980451643570734	1.0	0.67158194661953	0.5703424487097388	0.44564789657098863	0.26461190263706263	0.6447296339312215	0.3045180149514768	0.5212233970934155	0.443876355364151	0.6854668656584149	0.4805865125342389	0.2844298607536445	0.41767450110749316	0.32966865206238083	0.6730091910822438	0.30858901344728007	0.44979489170651976	0.49694792623022727	0.5652054000660159	0.41520463032229005	0.19187286313338298	0.38651415123450217	0.5737282566228998	0.2582628996012818	0.4730576892133082	0.5753274284896797	0.3172396119999196	0.2933862114973593	0.7717070770150009	0.594028392306214	0.6631479803625151	0.3351131290216204	0.662714164880273	0.423014052822395	0.6564411297810734	0.6106062964715135	0.5518660436781533	0.6898366488212857	0.6935012498316173	0.48471171372608934	0.47948697765855186	0.4654181023473698	0.3390203064293977	0.49162131814009435	0.48096850090111043	0.7574171775872	0.4566265969721423	0.3463649694987343	0.41402299758875727	0.5602608470093531	0.4050263724536684	0.5269479991549045	0.6102131286739226	0.4961421531532092	0.6546159512282438	0.6326628743642242	0.36200739097175044	0.5180927842072269	0.39541323766817826	0.5489887016446019	0.4484734538172398	0.1516400388586565	0.661136764460162	0.3977082909177152	0.3414332149227927	0.43858412595256957	0.3537305108713412	0.5753146723881127	0.4048086574378845	0.5916804720740766	0.5439468250130435	0.6221164505969106	0.7489716684320633	0.557281949536394	0.3203208655161404	0.71804622049108	0.20177427781443913	0.6071073722045581	0.7403150858251782	0.6479447636080389	0.5578545051534083	0.2766253429101768	0.7828576953767485	0.539892455051293	0.43329911544002153	0.6052708671523733	0.6422430148874335	0.5569770741375569	0.41971318802580626	0.7251141929700066	0.5563298284150286	0.6128012501802587	0.3402381728702075	0.4997581266654213	0.8655570982606093	0.2778945927529832	0.33372077680772294	0.5421143237752494	0.06791193418936964	0.18079254384617022	0.6616667116393249	0.5432561305289151	0.5164755654142787	0.5337007559001065	0.571202283527161	0.4131837470499368	0.46665692212922016	0.4291704283529763	0.26389568450860823	0.7444201210584405	0.6323774954390521	0.35434619374612614	0.48964527756341414	0.51133984363715	0.823470819350455	0.6242611148897999	0.38651658213296963	0.33171067904543927	0.3455896864616284	0.6310855295070742	0.4422384628505861	0.7650420083945064	0.439991850709303	0.3200111288158303	0.4037721691214791	0.44885355798924664	0.20948544613715325	0.4953180593630258	0.7010793386393749	0.1652986540905615	0.4314731325652109	0.7716246649926082	0.46216433569164983	0.3415806082434001	0.43072498318204766	0.49172422163629237	0.35928169922447756	0.4491869168715761	0.46260345158621685	0.2356417364607269	0.46769982078335925	0.4798736955867967	0.5085094654673274	0.28314072323926315	0.6197394053496068	0.6847820725279248	0.6378092976996916	0.8809257042766858	0.4626774110241094	0.0	0.5073005637577622	0.31341728109595096	0.778764727831927	0.5889771214136322	0.5461176894020556	0.6367446819389846	0.3974342760331543	0.3637894059309899	0.4378708519549154
rhinoceros	0.4586947413654939	0.6041456337526226	0.3105460412083939	0.41608644615116397	0.5340298774048073	0.21330368738140287	0.8333294878824888	0.5301345671215407	0.09174434823395461	0.6816468642585515	0.6463320738212801	0.0918438544499725	0.22747916429541856	0.3183011062948577	0.8438172642391846	0.7612812374557844	0.6676059183758019	0.28594577760388223	0.562020912153457	0.3255060882367407	0.35371719699687476	0.36374841322907386	0.5594144165229099	0.5769187154141489	0.5346440280733524	0.7389993015673707	0.25728129877390365	0.778309942530524	0.6869408082357336	0.5590713214202109	0.5864726298330738	0.4867611990474744	0.2417591912433891	0.5547078933371216	0.49649433513109775	0.9439416910827385	0.4330844884256225	0.5612065333386976	0.3528565138137796	0.5351784260276671	0.6934151904830881	0.4837226881081455	0.7938900423535424	0.6279461092088097	0.532300816507198	0.6110328405649322	0.35175769576233273	0.43227675854688186	0.8645813746381459	0.4794269319638248	0.5334437648551619	0.3695072024625701	0.3747360998368985	0.823272125327523	0.5735735222714736	0.5381801488481156	0.8512879990412952	0.5984116714221771	0.4587443216215925	0.40052560901960077	0.6445169724138016	0.6725062163632607	0.1925952752358694	0.6137025418408193	0.37944407218620047	0.446160633818535	0.5203538921161323	0.43964578124275755	0.2875181184599921	0.0	0.5467295697620776	0.2486806367051316	0.5461760211327554	0.39722478218054547	0.3821151101749451	0.478945657775305	0.6490013160904425	0.38440773729450944	0.5116875790858794	0.3895791493097022	0.4571702351984347	0.5021211259435225	0.5556399810268887	0.49428680811570247	0.4778655687787296	0.3485585050315361	0.468720200270209	0.612694225330305	0.8303200169773333	0.5354620606454166	0.015208285831651125	0.8132930396270366	0.4134978136305265	0.3102091682294585	0.6071626852432292	0.4292472741886942	0.28042989609494084	0.6503499139163759	0.6649356856312455	0.7518604289093963	0.6037075851209135	0.4601532125443603	0.48945669932447433	0.5820158559735215	0.37531881196482675	0.01927431373310995	0.571696256353052	0.5034666711010878	0.4981811862482264	0.44466088209555243	0.7599865864085033	0.4348182294774639	0.6664622943040795	0.2609432434409113	0.7695429645288966	1.0	0.4336006776232486	0.64936455551282	0.1982983292362065	0.36647868559020724	0.12013210590963697	0.41486450823436016	0.42727000823114464	0.48182154591635046	0.3243847230520909	0.7674976125681073	0.3326950764630102	0.14481351462639755	0.5034213377943101	0.6424128364467934	0.49416869375362016	0.18973563750819006	0.34546262534399824	0.1729765286577794	0.4042077275277566	0.5394128457405478	0.6351069924755119	0.6033353526509451	0.5925595754567772	0.6946866979594684	0.6519334596123265	0.6010695017599307	0.600389887100544	0.30054878323935386	0.4390622919368002	0.43983133325815926	0.5254654463293292	0.3723786410853148	0.3036911453259265	0.42302516567626774	0.4063908802650333	0.6482978712609538	0.5410567940864792	0.5143496329380755	0.9117853776744776	0.41034863939341326	0.5616882268945034	0.5508913155041167	0.6804835906052776	0.6457230521405346	0.413724355399132	0.5061906572650599	0.29198452388771984	0.8266613501607385	0.458955890048398	0.6548824914076703	0.8277139382806769	0.4535063833402018	0.37559683130364463	0.15192999107568783	0.5267346642697417	0.83714488443054	0.03467909363824806	0.5606686735748434	0.22749791493496635	0.8259356600427908	0.5703463860761047	0.45994734584261066	0.725850967480438	0.0954262763309543	0.7074006353454871	0.22176265753417376	0.6947918405739077	0.5373898723096036	0.7434940048539505	0.5197215581774214	0.21160965508412616	0.5587426033999386	0.5061062327954037	0.26047471352559054	0.5752649050674646	0.5901714147969984	0.28779516205731004	0.2347025359267822	0.5172864375481525	0.5097917143171475	0.3943066637965037	0.315270730401181	0.45344348633075876	0.3735331341418419	0.8129826487902216	0.1784678492583856	0.7072165331666529	0.5506296593251173	0.6320834105478298	0.5943652886651699	0.39981138721330756	0.3876729557922299	0.47134988418421453	0.30045170786553776	0.3746144657329956	0.4905655702186547	0.4560591772849859	0.9252495112218471	0.4593623099125457	0.569527592996044	0.47421693480606664	0.5680719407565372	0.4509088440771844	0.5600531442532038	0.32454498621940187	0.2989747957662344	0.2779501294699302	0.33999518991543487	0.22102805666225073	0.5666540766201614	0.21808180065097266	0.6564082438627491	0.6456422679837736	0.5879619577480929	0.21700398393686246	0.2049614974580049	0.4767673223973711	0.45302280854063715	0.012159072040906327	0.3591154716357695	0.3554232612125393	0.7067477232275512	0.43309360278936093	0.49461988702984516	0.5763581895320656	0.22166230518694524	0.7901218809978683	0.2914267388794169	0.5180467482688582	0.5387773798706444	0.4049668752815598	0.4752922315883179	0.5281711896656124	0.6302440216133752	0.49670568724233477	0.17980828977542807	0.24741764833959484	1.0	0.6030355664525308	0.4329664159343583	0.5370585394502946	0.37796397202223	0.2559034529516697	0.6361998090272484	0.5989842015978308	0.47886086954961055	0.8324202490765908	0.35341720750757233	0.586821183867846	0.7067469601461163	0.3391572593501899	0.6962884931710339	0.8769639030736447	0.7783015105669361	0.3852197914055115	0.39001023805069956	0.9999999999999999	0.30558741354371627	0.38219258328290484	0.47851160062668485	0.4559419189897087	0.2826301016556543	0.617610681382579	0.25933870551090504	0.5736268701325743	0.48154006784277315	0.14869174667299695	0.5695156059617377	0.4670064134907125	0.460714369391387	0.5757006023064705	0.6280414572539931	0.42350307184701086	0.3620217970171856	0.5698827677525591	0.5846542203488364	0.4405405486088777	0.6685594169407832	0.4615653416042581	0.3679777647884168	0.7158961035991576	0.5591281901125934	0.48418030449468735	0.6106581083187381	0.45228522006604216	0.5465163861619876	0.29475608657638536	0.3194061916535982	0.7794638353353371	0.5372485251665047	0.11416004497850452	0.49637641383848746	0.387708485466132	0.4776789166094656	0.3303621178341784	0.5195492600445496	0.5070820788953626	0.3045360710820737	0.3870713594416443	0.6427094620576073	0.6857271076902083	0.4427463337395967	0.09851593969056643	0.452224424664831	0.4101733771778854	0.6199671300470619	0.5288964875487225	0.5603163567823086	0.7002837907750479	0.6008937509573993	0.2831744700774771	0.46691165089416703	0.8190995712488498	0.6993202596165837	0.5442158789164085	0.6293190590295941	0.6119375295093512	0.455304014088996	0.24202815662486699	0.4197406400754734	0.5479569995996136	0.6164535436891068	0.8690225628210784	0.3363926310349512	0.5761207703454059	0.6315772771741136	0.9522344149644553	0.38675421113795067	0.34979123589772176	0.5212784430099977	0.42165175211042494	0.38828127495143017	0.3421555801720375	0.7102177320376608	0.42891476618075064	0.5879131306544313	0.3296284075718955	0.4260641787926938	0.903484544671141	0.5881986680962241	0.3767770599261816	0.7187029383043724	0.11297230321118257	0.39962492640285685	0.665124612960564	0.7237315372254665	0.7538355287423781	0.4217247582196725	0.4414914218871223	0.47452963016594346	0.6837215199167485	0.2727216062771521	0.07546230264358278	0.5238629405806399	0.7091155062786242	0.6158017746179084	0.5853402029863896	0.5174476127953991	0.321581141777485	0.7182311513915692	0.730032700598003	0.9136150745170916	0.6088059876967535	0.49645740325230564	0.3600334139043511	0.5222468087594327	0.2516900454224596	0.6571864909693688	0.26936742122744145	0.6908165377358757	0.46737171730176486	0.5455245374429328	0.38267080181589896	0.5035359041160166	0.3235368016861724	0.4932690254157815	0.4861540970611926	0.2500231211659938	0.7664560316262192	0.4056815048843314	0.8857194545265048	0.44084625327158394	0.38001828987986197	0.43530674238927985
robin	0.35115881622557116	0.1398742974583761	0.4569545176451234	0.6572645211533701	0.41091243142872724	0.5213307223643853	0.09107567021224866	0.5207687440794264	0.3190417386995833	0.5956489765822213	0.4644563145420022	0.18529129889004864	0.6602751665466619	0.39116521312586516	0.0	0.5313807392869511	0.40118615440939975	0.6575293918868597	0.624266889041463	0.822678108067822	0.685358353670024	0.3598090895873529	0.5088600352408695	0.8147607585850107	0.389262552599692	0.5558234820831383	0.525786095486984	0.5596393457615719	0.3356933644191351	0.5496510761372052	0.26894235688464113	0.6371730148635981	0.34002640677923224	0.5954789925639133	0.47819551554255024	0.7911830483834145	0.33465499197273996	0.2518312045055179	0.6406342138844126	0.5896422348704523	0.6971575552784885	0.2581620089273028	0.4109941233239299	0.8253343138702611	0.3605644703736019	0.5045236534918898	0.41698390250047074	0.3971388015962323	0.7922900938463331	0.5264500703139962	0.5109682657756205	0.4546448038516978	0.789516608828429	0.8584006358614611	0.430217052024826	0.46132403964846425	0.96380273278899	0.32630736113134073	0.5722343928505187	0.0642459109034677	0.2667030287473594	0.5054216675366743	0.6776210028860697	0.4380867461265998	0.3569327221475471	0.3379755977051413	0.29986636782643505	0.39409893211317193	0.40218701500601456	0.556428252509222	0.7501512173155321	0.22440568269387676	0.5013412332383922	0.39158641380729325	0.22938103752686373	0.3676435379022394	0.5142571036911026	0.5065413160502611	0.8503238682931353	0.6305805171663801	0.46149056207169653	0.47145770951919286	0.3356421712933081	0.564848348019909	0.465390764620197	0.14077968140336877	0.07324152656962657	0.3038815402781828	0.29288203629375337	0.49500573855467567	0.40592000900096825	0.8377769601279925	0.13927983981275335	0.19751524416134372	0.445104853324163	0.4698883346515863	0.4845972124570121	0.8718477028502869	0.3580872236806189	0.31879656345083796	0.7143866006677974	0.9848909735490611	0.5814441139787108	0.5289145487557231	0.9594022737411101	0.0	0.9190685709788746	0.5505866143343155	0.4210497419267846	0.47258155725870704	0.4690701066548162	0.5997339676713893	0.46541196838979204	0.05056424801996651	0.6449493142695198	0.20090143568436267	0.7262105380244747	0.32297410330367193	0.6702455349458798	0.35254531637850345	0.2093283370843225	0.4258508001446335	0.5099550390359949	0.7193678553908462	0.4066834170746962	0.5154145461489876	0.6493910367485544	0.1834211849109259	0.5598701837866128	0.3770514820390952	0.5381657448950359	0.704497951762376	0.25209389169210494	0.11865880817936142	0.4167752797006876	0.6307959517598082	0.4636542519449066	0.7540146126757634	0.7769338408701758	0.26446226179293697	0.8500979447046024	0.4366062911889579	0.12499204675920456	0.2897204701432572	0.20637299477652274	0.7697048612913184	0.435388378267767	0.2043152692073669	0.6817712464788445	0.24249965687402714	0.44451833091255394	0.7934528726382597	0.5137852730079182	0.8115845117888876	0.5458321689363198	0.6814755900669032	0.5739566558081654	0.6541203260606457	0.5105106398121417	1.0	0.3949828020599032	0.060207119700198264	0.763387652755055	0.7029569671140541	0.5722360833559048	0.7071350223206846	0.236998786712178	0.14983156957374888	0.5723199276560768	0.5733101449539315	0.4606405376731713	0.32973342587611865	0.5186204996199711	0.33203793866058956	0.4777563002000619	0.2453611154306523	0.5166890390800829	0.8625496168319652	0.6009315343881378	0.4545897472771161	0.6128347398144494	0.1494678795336402	0.4566347702952919	0.5983596985712761	0.21108420058364621	0.5629013315401116	0.6637798301011765	0.46567741878297153	0.5425732734727856	0.5874128115341402	0.6015919316499723	0.7045696458729139	0.5850411647402523	0.35669434265173133	0.5534341487605059	0.6329492063390452	0.5299911686831608	0.34046996173669425	0.32727423195108524	0.33722358942551517	0.6270095808561965	0.16549253776706938	0.38430543456897037	0.44487820893365515	0.3821022428072737	0.9707103896518698	0.7596583399248381	0.26666065177645815	0.24852366236890683	0.3595522622244063	0.9260705175092361	0.22916935665094526	0.5066575581482722	0.4870145173370033	0.29167679301428284	0.4257208118374476	0.6148159102954454	0.8349794876590746	0.682526505466537	0.6489824913516808	0.7525682658974056	0.7533503623636182	0.5522326944533035	1.0	0.5459752068545252	0.3218788080861761	0.25372328234976604	0.5724243616971094	0.4665794810865617	0.521149674196235	0.5358925862602274	0.5534364270735642	0.0	0.38219277369388915	0.6120689085995747	0.6519644741144802	0.5453688452959331	0.287306800232597	0.5925669014533724	0.6693999166786961	0.4005672199421174	0.23798813065658636	0.39291892053975236	0.48732911665905976	0.6859181603850919	0.29858242028854787	0.5076643020339824	0.6383970671665062	0.292834490879085	0.6048497933304543	0.3854676611696398	0.7611541371978137	0.5726680005081274	0.5433884702103965	0.39955527002236335	0.5293546773246374	0.4430801322179416	0.7356961686549905	0.6516707439436119	0.14275479035254124	0.7945603634761998	0.2627085313250299	0.49498439073750006	0.44929023072264707	0.7609152603718075	0.6652048382275394	0.3113469386926152	0.5542795150798018	0.5817802797388825	0.324813848749591	0.38809290624176485	0.6744262514445961	0.35708048332581604	0.7228134409280706	0.33492265560789763	0.6187342000295376	0.7894599343010356	0.15624153557310128	0.7697679520717785	0.8285962103008198	0.377722880919246	0.4432194745022712	0.32903999077195817	0.6070277674931354	0.5668178145099542	1.0	0.7895795919899606	0.6486605887238003	0.47232505639854977	0.4859199661308091	0.4184943773894471	0.7261971565991648	0.29799783544742003	0.0	0.8453174985805703	0.17264208410237242	0.4603218665787299	0.5893973065895552	0.3862018205050771	0.47317029386975484	0.5131238173506227	0.4050675541060474	0.3181332055893279	0.5823267750939637	0.08770019526199957	0.707191560315619	0.6778053814376425	0.7342128139837141	0.7297422405571307	0.6909696446618249	0.608156792793455	0.7477752733031271	0.7065576647864985	0.29629778522241296	0.2669677159261262	0.719335946570018	0.7234207115065794	0.4943059854213214	0.3713563147159397	0.373306286033768	0.7213945770836557	0.4798032298444892	0.4788821439521543	0.5471034606082692	0.3765719047203428	0.5034979417600491	0.337867411629463	0.4511218335524314	0.7799900351290705	0.6897847692595254	0.9683852946018641	0.6350873882013977	0.224685514278456	0.5835664049636353	0.4474204038923703	0.48296116967326574	0.8574076539208373	0.3355916802693702	0.510048852404908	0.46251262119590075	0.9203691046097454	0.3365637598293427	0.0	0.22652683954788563	0.033951020904978424	0.4956546719310002	0.3042257583883082	0.631814334978039	0.17648082511156057	0.5080176199836599	0.3970214814317209	0.3641480118931479	1.0	0.45516306151982067	0.4121927932968755	0.4892906843272382	0.27950751771531734	0.6629525782637009	0.280622260906644	0.4519935635954675	0.6527589930093031	0.5573194027476842	0.27182955389969593	0.7969878200706283	0.39518738472183557	0.367041069917829	0.4551845334608793	0.26118235815159524	0.7525420120824101	0.3152637493252376	0.522381755774164	0.9854009404317841	0.5441346955613815	0.6653671824382623	0.2805504512671547	0.6501718186375794	0.0	0.8536094910426307	0.5653279060386122	0.6219191943620122	0.1618064635361534	0.655910837784083	0.27738811507226663	1.0	0.5481362167855441	0.5829333567529821	0.3089401333443746	0.512116319817816	0.4837669769504938	0.40476015190358205	0.3964261718397311	0.7415990498565741	0.4986167839312426	0.42291962679842265	0.4461881145009612	0.5238400409845064	0.4717005875944825	0.5041001002104871	0.4822965388136088	0.6505565530975276
rooster	0.22573975771598626	0.7449509943744265	0.5808956998306348	0.6095921209320997	0.23621697651914647	0.1615983081236776	0.36655621770044394	0.3774768180452057	0.5673988786196472	0.47385559314254677	0.479195437808208	0.4670106115725034	0.5584473094728865	0.7355205593385752	0.5703753445592163	0.7593385240167461	0.7656142453180312	0.6481465907855576	0.41662659799375135	0.5414905679439991	0.2030761643193571	0.42004695495429445	0.5680439881587956	0.37916737220187857	0.5589498866665953	0.7811378625032495	0.545581357338885	0.8626715805246532	0.7226352156864911	0.6162588831772089	0.857687644822317	0.4520580835924153	0.2622463502607788	0.5286891854518565	0.5694258303813212	0.5272505717798268	0.47478479408180907	0.4546464223679034	0.5621384963772084	0.5215037335177614	0.5165377448292459	0.47012445785429785	0.045060971090187474	0.6897983760921238	0.5860858502771203	0.6380592195232655	0.552407445020307	0.5198964565234587	0.7919318305522579	0.5331717724451802	0.45951485578458995	0.1277569632264854	0.27857706704880164	0.7080757968404179	0.6233693395353892	0.508452505519409	0.4736181863173088	0.4006747152861167	0.6796554561451278	0.5854607662735987	0.5099381386274245	0.5191498932703151	0.7565017404854762	0.4234694199005241	0.2677904308492065	0.6180344189824178	0.22484525144076606	0.4602323403620294	0.1314374442162396	0.5392887156216789	0.8564639570038481	0.2014298827041091	0.3481289406293488	0.13611714905621752	0.40183557016624327	0.8601723668252877	0.6378818414418731	0.26376942144624127	0.3532875187953246	0.6401745415876737	0.45429542657464356	0.40941034698598155	0.490861746770783	0.7222853012656512	0.28856915773582786	0.4042202188707943	0.5261278785505663	0.35277223333057495	0.6391836928740617	0.7420598516499293	0.5601803321451612	0.6414519623980183	0.29161190132276366	0.5215789506343282	0.35814190867456075	0.6483833541567499	0.253868669617653	0.46783753537340295	0.3254730361460441	0.5457426546634501	0.2648300411149441	0.28690245496482314	0.14545847328442552	0.5100135071478686	0.717893396639274	0.4466631092826645	0.7437468815816396	0.7484224265386519	0.7968304597340858	0.47143830687513144	0.2480810977241792	0.3168728237046581	0.26610368087754976	0.5860883167880983	0.5828831111518689	0.7256652356063786	0.6306303990154937	0.5640724560714757	0.21948278730221898	0.5612330594021997	0.23503883987781932	0.35338538799632924	0.5369060940131346	0.4627967044684693	0.9374559585605668	0.536506120571264	0.631786140323533	0.5749547688636879	0.7599172898740654	0.3041492024335216	0.46578056484441943	0.6477046719756037	0.5070491306974192	0.36779604586679493	0.0704671160491564	0.47616248109082143	0.691252663825395	0.5756836975655458	0.5890916423369876	0.5146173405926607	0.5627599490675674	0.6353123519932524	0.34096045060835145	0.4919989151291901	0.4388507788148009	0.512734253090919	0.5012787329261993	0.20717185692780435	0.29186824851424026	0.24428000982761838	0.40905624398740426	0.5895246845845533	0.32661198864573954	0.44796643687196047	0.11345783428522715	0.584971784178266	0.36086728355216335	0.23459647825067276	0.362882013452435	0.5050770674304942	0.4577080009440764	0.5016124816393275	0.2545431130935542	0.3375677540859269	0.31135820550080656	0.6469597916742114	0.7765376967723974	0.4975164384884081	0.7750135373225983	0.6120553328914087	0.18563676853245398	0.3874385406887926	0.2962458261748864	0.5225538749702695	0.3339112671549962	0.5939108359294958	0.29592131805643607	0.5421401351959902	0.5302767699572657	0.4782591235678621	0.0	0.2565003872549453	0.5064243103088423	0.6025605651436607	0.5740424435583077	0.5170061347177208	0.41495012660028296	0.014819021934964649	0.28779593204410187	0.5500355437114589	0.4094642517871907	0.4523746103954357	0.6577869963780371	0.6444972774629176	0.3930989031579069	0.34228334713150355	0.6197611188511503	0.5824700704876551	0.5636584529374162	0.5657116803508797	0.5041897178597479	0.459893777724682	0.6543332671697729	0.694370236203611	0.6763592674033329	0.6880346065224366	0.43824544291064965	0.5497509971274224	0.019862481478822303	0.6395837143305723	0.254350601317757	0.6054656611959981	0.39237554015665416	0.385288484769708	0.4740297432507604	0.26065748022864044	0.6742162145319859	0.3380746686858835	0.37948804312615925	0.4550814729234177	0.3578452016499245	0.5401712238707164	0.7090798661434612	0.6311005372313883	0.5753619404730927	0.38134710551620243	0.6073733053476743	0.4556912944745469	0.7266844656272611	0.44607798627941697	0.8461126410860884	0.40396479742483105	0.4178449512892563	0.1896335609493442	0.5394092868805159	0.19606885789944	0.46666731788337745	0.6134134924829953	0.7842367148102769	0.5226461145941789	0.4096739013918045	0.31792188938180943	0.7482350799006251	0.413676550497823	0.329887125947531	0.8281454252116351	0.5343454612825246	0.5128357789832652	0.19710018175054872	0.5703363140706104	0.5165678072398022	0.4601054187486029	0.4690913182655446	0.5681855512616902	0.6361411116622744	0.31178497417619616	0.3933922217206891	0.3301265195895583	0.3647477601060798	0.383597738890797	0.465912820675341	0.541638615010647	0.9999999999999999	0.3123322814990327	0.5869590351515678	0.7382203694166797	0.6192162745654444	0.6727432775451185	0.8260311719436743	0.6776532660271958	0.44305208343723057	0.6402557228139187	0.5128620024735442	0.8266383952224303	0.2697620235588539	0.7050784089754047	0.4675691224850818	0.29489982559733297	0.5098022118152803	0.2135908748123188	0.48597880044456454	0.6672863662084312	0.6984208612046464	0.6478056411230773	0.45435563092465836	0.6101598551872653	0.5707458771972936	0.6080241724329685	0.4327721120784032	0.3245102184636611	0.26343463861659383	0.6029795217698224	0.5312942979277573	0.45359692333277446	0.5595543122556806	0.5302758291201014	0.6202794980418943	0.6104965229282708	0.7589428081181007	0.44518006157133005	0.6834319888189849	0.7581718701633638	0.16980007689168963	0.6117273791435106	0.5776065085821392	0.6239040810391174	0.38846033545006925	0.4274484584825394	0.4678635312052698	0.6772430748304523	0.5529507488101251	0.37303567353077116	0.27858880331922176	0.48377958327571297	0.3267867778855472	0.7374384174671589	0.6335558346992911	0.749561467893254	0.8261354625350248	0.5949927473406573	0.42178840371451914	0.4081908823978849	0.4099823049937297	0.41202646164915013	0.6291131006137857	0.8357111885159889	0.3179205546629723	0.545825087774731	0.9728192009641753	0.37139606789253776	0.865637412921288	0.36885483713607126	0.590804753431187	0.38156861219229715	0.2348440791967889	0.525132747152522	0.8260999771891443	0.4557894398224642	0.7196792714835154	0.34031722932562514	0.49783239838470417	0.5761686374617755	0.41718981587482357	0.5585583901851509	0.36892462912024393	0.623855974927724	0.7333699284726749	0.789819862915642	0.4398971927184599	0.27978551827834464	0.8033538203278336	0.3146645245381884	0.6432798752807662	0.48897989026427285	0.6715347489015494	0.39530802251270897	0.3482036861003206	0.2814425306783246	0.6813815507743342	0.6708163114514302	0.7727326526416991	0.11476461109067781	0.3751887887691665	0.33657887526070474	0.5894768829517142	0.23607552873207716	0.630695026788576	0.38676029782579335	0.5666051834085853	0.5563894011104658	0.5287419419782323	0.8056926998317786	0.8544608956371363	0.24567984311182905	0.6195971518602549	0.43381852130641096	0.9221476879082324	0.6723796033502311	0.6090814357916468	0.3223034011456968	0.5778331828670317	0.5910422967104938	0.4138977115577983	0.5486538843492017	0.3198276022583596	0.5992985679699961	0.35581575834574064	0.1519149965107151	0.16611908663643415	0.46420527062252814	0.33406456591064904	0.5176635068570656	0.09473327677629362	0.3417988119900346	0.7954094505221715	0.5870259978098592	0.5239847364922108	0.416791017233908	0.5277412006350962	0.19165508158590122
round_worm	0.5841120069479749	0.37574247950500306	0.47846150479046223	0.8112160034989633	0.35148544042181307	0.5182361927830925	0.4023832387909947	0.5413638831470113	0.6416963700282063	0.3058867680336935	0.34783681615867357	0.4777976667411828	0.9338435502366207	0.6157379503409675	0.5195582776033199	0.5916955218438762	0.6126342651543027	0.6961184836377875	0.47124626492718225	0.6665529663544443	0.47977965081761775	0.18740520377539793	0.45381776464664136	0.25917195689041606	0.42337526687992494	0.19012746914191758	0.6207727059207193	0.5045534750450315	0.5637902050852296	0.45384463230758343	0.6300256620654825	0.32891740699927097	0.4244334236659684	0.6460247598066442	0.6205375280856861	0.247793698467286	0.591830224500858	0.7169380666346107	0.28301753734236407	0.40270242168582254	0.37872476062050153	0.04093486295770077	0.4031329439146443	0.25465341274516745	0.7748967009972683	0.47986515426922505	0.6299488439108889	0.8000032722259628	0.6107036314320614	0.6635777949969518	0.28093557674053027	0.5048336895633826	0.5349137293815124	0.7545766408918617	0.9007267167636868	0.16344233979210754	0.6293853100321954	0.10269189285725264	0.5800466110581213	0.47893364427351487	0.24361557188770333	0.4776515800073392	0.5348127179337394	0.5816007621807917	0.19963822835308287	0.3991383149129978	0.493549145005638	0.6969741034399198	0.2371807880800838	0.23134060329411493	0.6640101338798738	0.16132901960354978	0.7344428841247006	0.4374334336185551	0.15132891362660567	0.0	0.812460426240747	0.4553977826882116	0.7574674044467838	0.6803582072795021	0.5577330347243827	0.8730559542028156	0.5738435359400613	0.5564547477212941	0.8537127120524222	0.3666794545604257	0.35482228672996463	0.49963069874677085	0.5973950438624127	0.3875402287387203	1.0	0.5102515303158691	0.5034928763533919	0.47842228863052566	0.8197073894313838	0.7774687630870606	0.4553068100728149	0.47530690020331195	0.6449215407658991	0.2932767291907208	0.6078397813610741	0.5343736895723974	0.3158925286001294	0.6301144913560185	0.814408261963276	0.14156337335088787	0.5420419180488433	0.3965027240300997	0.4430296820092186	0.35101884757643764	0.603596128235603	0.8048387673090387	0.369262367579094	0.4690697898506342	0.19509610269700312	0.5966146720784384	0.4884053661637022	0.6348143841198985	0.5054449790421729	0.22141762322687253	0.47580644757452834	0.49839740667209687	0.6876557817380022	0.3257984567048863	0.33343325813666413	0.18776553201635127	0.717665101187895	0.3950141694004701	0.5916185784144321	0.49391604875341133	0.33990185744339513	0.39413577723523285	0.4724485378218832	0.7257723459392088	0.04200181214104859	0.3132675341947234	1.0	0.5616607137432088	0.8596716536186304	0.24097381637750337	0.4842223812446617	0.2847034022661883	0.8214866615340323	0.5957314404347342	0.290797980358802	0.6992923636765531	0.2680053532748453	0.21405937248058038	0.38726138101108587	0.5306731477246068	0.48615452059034964	0.3894920560486881	0.478415675479073	0.41996697086617435	0.38933395064057397	0.6209940449170747	0.634378216627755	0.6267779352533416	0.17112984783651736	0.4505021074965144	1.0	0.1630779221008825	0.552736746529769	0.4914646487774812	0.40750148926313307	0.650798859458616	0.7060784578914183	0.6433977302248669	0.22571691994621945	0.7859776500291886	0.6350257921854142	0.357556518635669	0.4146204663762668	0.4717944447087189	0.526418936997474	0.18399501913823646	0.2137052657070849	0.5782990495627802	0.7080231427868418	0.639083279034411	1.0	0.40929015196345103	0.5800896694254212	0.7734058913206341	0.47235907987143383	0.30843155190229293	0.9019530487342045	0.2827639842430313	0.6563153213034927	0.5632394638008761	0.731241651727335	0.4100525786251701	0.8595757314717014	0.1932444737784791	0.40554742135730826	0.353922665708187	0.33042509437738676	0.5037487296321852	0.5194250010509389	0.2673402799925258	0.9187452576550148	0.6468700065072938	0.4675232379532755	0.27855306307519634	0.9250422739971205	0.48281853844592093	0.3177469180013579	0.4105912617260342	0.3582896814880827	0.7091952470216465	0.47119235704998763	0.5845802345884386	0.6347660341068314	0.3173734029853041	0.0	0.5348768603367392	0.5139850584174369	0.25479006079242134	0.5760572047514405	0.46462878150551	0.3966928491689826	0.5112122345540757	0.49098716333840997	0.166694750735374	0.33332710406695276	0.5665311271531182	0.45552451534915644	0.5155066150182136	0.7128446542611792	0.7168881658541522	0.5056742680158559	0.6938358331843733	0.47453732038410956	0.5502980739169014	0.2106299810701844	0.5297886551519029	0.4434058282939405	0.7702896531472121	0.3348196438352682	0.7284140510820479	0.5119701295139161	0.44621448426871063	0.879299882228509	0.46914409585860195	0.5224054662982837	0.16683856106021275	0.5608001981445591	0.22238256038446902	0.5759894395951728	0.5988137142655534	0.01996686022046934	0.488410199388975	0.3528706494662704	0.8005622843086366	0.09036867007463636	0.2196527818942835	0.7650783605578931	0.7520687036762053	0.6449028513563424	0.1181117422486746	0.574505255341937	0.6282079044827278	0.518740862971142	0.6098330916393176	0.39978708432644383	0.2522291754123856	0.8016180923949585	0.4692765574413801	0.5736282533859646	0.8212810731666567	0.804051984088504	0.6912704447766468	0.4740390634716054	0.6248310376058657	0.23614620673060308	0.6793791941092933	0.4739738439660349	0.37009189001785747	0.9575456617423395	0.5492451324768741	0.7070495356309701	0.8608723698811851	0.5697362710315373	0.8455248714119976	0.3754267390659109	0.734253775016797	0.5300189713605193	0.16865214489354408	0.14472586202225268	0.3368737450110154	0.5985807395679328	0.7092830338707862	0.6045977630375837	0.6518177509259213	0.315003937625703	0.5353644252966113	0.19906187464368294	0.6518360938151804	0.1846673395376615	0.33254173867060444	0.5649528811743966	0.3079679083385064	0.4805431007373277	0.22721608264927723	0.8255858470524072	0.6604001345626842	0.5988389856179646	0.4355182176952376	0.525859849755851	0.6904855238630332	0.4714698505961896	0.42984521935003617	0.6572911747305009	0.19695829583737007	0.6107832632078221	0.5046754089577394	0.7455744298257472	0.4204885584080518	0.5106219518618027	0.4156070759629884	0.5601843442898681	0.3994461895583012	0.18320387978140912	0.44005592879868044	0.5688379211842608	0.7905107117723101	0.3816513567772779	0.7441988208716155	0.29059661316470936	0.1134721804831687	0.47925452155493087	0.5441662534585603	0.8273888154435307	0.26003269783279764	0.7796188573167873	0.35524155908706967	0.3566021703617926	0.7920892294019686	0.2968745661939388	0.31203966509705217	0.30629585745531585	0.6165171432082202	0.5399615991013573	0.3768384365782249	0.6155284561792224	0.7790585380781299	0.1469001468041948	0.7507031213991415	0.5793900282344175	0.7318017242008524	0.29268678258855063	0.6149735055406882	0.6170511068327684	0.426955418766983	0.5139164005014757	0.7364048830580088	0.41746136592260963	0.4232010332112879	0.11547207587230446	0.23712555937521423	0.6127063487836164	0.2826082933952879	0.6684121420453716	0.38715506984194936	0.24354081455759136	0.24813172396878014	0.6965387997919764	0.4836572010420869	0.35078269331334444	0.6398736061454076	0.03436115690873265	0.43126613169622047	0.3145088605670181	0.22547886711696669	0.7142231380227075	0.5708203792216051	0.715623429359874	0.0687253077896337	0.15627348814820136	0.35638268321554556	0.30782020845475483	0.5227857314207394	0.4718665470924733	0.46212949169702716	0.8215245426784388	0.41158643481825685	0.3952811115842843	0.37544047946509185	0.4909328999627822	0.4236682003406138	0.5503690432817407	0.2635888805293804	0.6326117676461356	0.43790059297687495	0.830802115791881	0.6888996279066936	0.28605372965483916	1.0	0.5522605251371118	0.35441044550536044
salamander	0.4609489514365175	0.5920023458010523	0.1930104498738522	0.8643638367206499	0.6740043235885442	0.4240751853890247	0.9178274164944682	0.2723976062707286	0.7124761803846775	0.6582400332583712	0.7099970965042264	0.5159403549072132	0.6946010348018652	0.356609244731629	0.22637002725204186	0.42288539557648974	0.3565852953641135	0.4283299181137942	0.30855959015673734	0.32749250324442053	0.6463653556288305	0.4351676952748858	0.5976223296987061	0.3412063246686328	0.5838844710764668	0.5266931950332341	0.6486527983892914	0.40031484815584084	0.3411678520652286	0.43014595774985454	0.49582158639323104	0.36684651173476873	0.692527807434808	0.8276947188228045	0.983798938475089	0.15045152787105065	0.5043225679269993	0.39605783364351993	0.15259978582691086	0.6382797937031972	0.4477211710988387	0.7356511785113389	0.3318688150991285	0.6801394154236509	0.5646188647963201	0.4971838198690513	0.6685293479023153	0.44356445425011626	0.339100320470235	0.46301312387820265	0.3589226163489117	0.407166967632092	0.6271097527144099	0.7517593806620054	0.6238668402932677	0.429928411623143	0.7547059955160601	0.28050508457930556	0.5707308350025511	0.8010247375020827	0.48419592464250966	0.5065075768185905	0.977421257639663	0.5144033093602618	0.6134240797460686	0.4304255751622552	0.3987099614252074	0.5870363801154876	0.6888336440824854	0.526438475399226	0.3441647478307117	0.45572252534067137	0.1881499749487463	0.9906128253903794	0.45359644893830564	0.538046470943834	0.812109018700263	0.6706909467177242	0.6186584614276827	0.5603850388700231	0.44718720152916824	0.41798088267972383	0.5398896207498114	0.5782402443074668	0.4439247623261773	0.285456128548776	0.7018430409182507	0.287740987155255	0.513342607331991	0.674904569937307	0.43328191557264945	0.5322075299389798	0.5339253038681112	0.6764920123937114	0.6338861095752505	0.3128937034650016	0.365439599540927	0.8227619455026993	0.624067139635887	0.3027720032078849	0.298707163908253	0.6299226654923213	0.5397546975295164	0.3813205828423493	0.9471783125639708	0.7263339680034073	0.2551482545354847	0.610521661957917	0.3169302569821251	0.4546005948485584	0.6641049387684735	0.4384653550547505	0.3841717350965268	0.364336231927873	0.5098005023688589	0.3086160077318212	1.0	0.3205942106816098	0.31458771053586154	0.7277311339159918	0.2066680221998347	0.774356190049273	0.3180535622403626	0.37188982608546994	0.40303011614859335	0.7816450632295096	0.501559545319415	0.5794171668193895	0.6210541907520004	0.5002389552571642	0.6769620588436582	0.3519027163983018	0.41293357117963836	0.6561422829421105	0.4848893987910413	0.3005561093422928	0.4529394493838819	0.4779274732771694	0.7232921797084284	0.6853198867377084	0.35306691313588434	0.26021073354369656	0.492992387230892	0.5996578755104096	0.817143994178489	0.22127544446416186	0.7723484980187977	0.48343353699584374	0.30146867606747785	0.4593430775613882	0.42191995140528377	0.623205769783367	0.4463638752840948	0.3264340633896956	0.598979783064731	0.45323722110043013	0.6040138994204449	0.3398404179048734	0.6132837976206743	0.4729619681160033	0.382023285062392	0.22208034559368173	0.3872452957094636	0.4611816247420568	0.48510579082897076	0.40374871540383495	0.401830351790501	0.4505397162496125	0.6298303291841181	0.5330560301923518	0.6103187315249394	0.7089861311436076	0.2677977837073706	0.5070759615223629	0.7559514146803936	0.38049133429808213	0.5245356349277273	0.3864870557817025	0.41368148791220083	0.46411368261245955	0.4117407257421956	0.42068252583652604	0.5058123128994615	0.2160663874548116	0.2858118874372182	0.18268462019912446	0.44534065080032254	0.2831969752884326	0.49944554321558443	0.7291502838407704	0.5984883694757561	0.40102072670287575	0.3806060345283447	0.2466947129195156	0.1763526243767538	0.0	0.5012400738015396	0.6738809596052895	0.30236626060270794	0.6586900400141654	0.5675639633431313	0.7557063667499657	0.3680809712448528	0.8376608011200969	0.2473913951521893	0.7606583789458636	0.8072716184227879	0.8023499656146698	0.8726656855665229	0.558919518674543	0.37056107501575725	0.38629760023138776	0.5803350675482166	0.9096079937276483	0.6577489387219175	0.4357838016793494	0.8451229686869866	0.2073060492608863	0.3365021525902476	0.4839802230288105	0.5257783400050241	0.2801209990598906	0.3638913654231133	0.7053869969967684	0.28903313152643295	0.743463411209437	0.350047814778871	0.5193869699674297	0.4686725930234536	0.5889074854266588	0.5131460742529657	0.6508954135058065	0.41433880854340055	0.5857015791848149	0.5149924451242706	0.316212932505203	0.6354148826764797	0.46779225045167855	0.511144938882873	0.4047117445024977	0.7185668382203243	0.4223393921870368	0.6186286305465974	0.39003593382234053	0.579976430274979	0.37332581057259495	0.4204552555449007	0.26131422765595425	0.5651481964336121	0.6074073384365584	0.4823151264807704	0.3364044034944843	0.5622099106277163	0.6102447741589784	0.3392190525757322	0.7661868158673644	0.6717652031459462	0.4988852488061625	0.7537142527435637	0.3359859520875351	0.4114611254421311	0.39093625851249875	0.3806112155892724	0.24114780559654236	0.550212214982111	0.5853380731422702	0.4053496267255656	0.8978844940248472	0.6317144444251532	0.4829307366430194	0.700403938201565	0.49035572446246534	0.398521335337764	0.15771044524390465	0.4298667133209249	0.5010420891659741	0.6554188063156628	0.7496556368844695	0.44895770782156774	0.70203601625069	0.10266717791662948	0.6406685124814453	0.4312853178631833	0.5473314826131449	0.5104913286393198	0.27737822322223427	0.5812790515364856	0.5060504021855878	0.4554906324368243	0.2454162807717644	0.41968126226298824	0.3226422220144198	0.547676455806457	0.4777279990467162	0.661817622361148	0.6350546312271446	0.3928072406655836	0.35697670996872044	0.8244986114227262	0.32825402299018214	0.6342939289925849	0.5878339202269318	0.662611077226151	0.681847479342968	0.48243659371680514	0.3532788464099485	0.3763010452073673	0.5202371544203034	0.32949258320370245	0.5922425989619581	0.8433788389685599	0.5522715061193219	0.4591309871422491	0.7099234485760344	0.7693598748702659	0.5656210754467705	0.5616632204541834	0.4100965136068884	0.3497113546309677	0.20668917685962662	0.6195250238116576	0.18990915368528824	0.4018456789847831	0.6394734014405814	0.38473584063816035	0.25668877188238864	0.447253027288019	0.6615584760459848	0.5139764176935379	0.0	0.741618271533808	0.5838281880542636	0.4341836853745014	0.6584329455513394	0.6562599798893338	0.5303615519384464	0.6362633841899225	0.7780405488923793	0.5970383892050432	0.2161684508287992	0.5363610883370646	0.3179795775369033	0.45045591007836555	0.33722426832500263	0.12192936431550655	0.4883506254817881	0.6330107359887578	0.0	0.5342355994541742	0.2196990090181486	0.21345730207346691	0.3456387936576753	0.5197761421415461	0.3909343397280431	0.6553707200550267	0.6211498365604717	0.47911710380154404	0.34805130008087426	0.33133594844919734	0.33687506983763715	0.47701403680379706	0.35745939111218966	0.34449035671989864	0.49627479149614034	0.4684026313733817	0.5605439507550476	0.23782389530325482	0.3756984336823731	0.5488438763959147	0.5831119409658684	0.40815803626535724	0.6051106960648095	0.5641483712206473	0.6374023280706513	0.563082898435577	0.2858156132077704	0.6726608717433638	0.3421170188502374	0.1268294351178581	0.2987336272667101	0.26290680431038	0.271678958083372	0.5013584930044034	0.30223940844788244	0.4415261310419735	0.45160646008945077	0.8235011921279676	0.6245068044237443	0.8897220075759358	0.7423776769983448	0.4869977124089733	0.3684006555094404	0.5058829137266094	0.4502663049907004	0.5897410866110517	0.6898141418240895	0.5211636862602873	0.6115332697824893	0.5242293002244359	0.8226784102521856
salmon	0.5970463984958986	0.30677791389094733	0.37328481666001234	0.5886456081569167	0.6255158010904772	0.5335977051283357	0.8975265946849532	0.4752330814560719	0.6001734429127946	0.7616525804820695	0.39844628994373327	0.17326056421191727	0.49067687817621775	0.3498789117048791	0.37648150432986366	0.6375283727940423	0.28073367462281007	0.5305504389806851	0.3930322910174994	0.8038046073808619	0.544091502237704	0.5384306907530996	0.3223523101759024	0.7672521363538142	0.5462220481559495	0.7317139406601976	0.6382404646140257	0.16799760436158312	0.4476336133813129	1.0	0.44338322405300035	0.5984815230483723	0.3428834508086579	0.433816722868944	0.5701317342091473	0.2375983652172992	0.6729758325032662	0.40820460227590905	0.44807857171619436	0.35940014228357586	0.568279161117173	0.6557241874263189	0.5610963055159506	0.5822083614876178	0.5298077037078872	0.2639058196457007	0.34299724594342357	0.15771307759517894	0.3791998660799383	0.354756739550559	0.1357357493736614	0.671696260688798	0.6390905006726728	0.5268289489684541	0.41512566155651554	0.37852653881154014	0.6124892298069109	0.4813739933120193	0.8237912962287854	0.4770044739097229	0.6436965458522317	0.827320012324418	0.058466354812097554	0.7359875364281859	0.43138078589053525	0.0851800881393282	0.5458199929039366	0.4153111425045227	0.42499360809196407	0.5775377550786808	0.6942282128401672	0.6999367253821684	0.6607122745655178	0.15945936885605128	0.35404023692141473	0.5142338090455834	0.5543645068456329	0.3160037573811829	0.8721517833945623	0.28228024612264896	0.3490862071503803	0.6677229014451723	0.7884775844947955	0.601355695115578	0.670693883606333	0.4954327709783534	0.0	0.636476572855142	0.6372214831268771	0.39932014536527394	0.5924591294530106	0.424940608533408	0.3796279919838329	0.6364142901148946	0.10294879235795218	0.5294316313987778	0.644218753637063	0.600103286171836	0.5199138915566317	0.2716069581756914	0.5193233395306166	0.44667585019312417	0.3258148719590874	0.5564030511003202	0.41380542936941966	0.32660921803042015	0.5305868563694944	0.7930123370902723	0.8103909032163448	0.58717824195595	0.5013361298667132	0.3619557510922985	0.5022997203847752	0.7112103514511698	0.5953354723143204	0.4816818593585604	0.3412747412988782	0.3186658253168485	0.8214702189262846	0.6895359167523094	0.875139714430464	0.34660356065130804	0.5130104446412971	0.7186610357642595	0.7566228576244232	0.1279007534610661	0.14775789646613224	0.3265018930645998	0.34678988084162565	0.609817234794312	0.08219309014209042	0.4386708910693943	0.45921606199974396	0.4466139577756363	0.5731137859870505	0.3906203434658813	0.7268996587046275	0.533028027905166	0.539097063129348	0.3513398219670244	0.6207347338017273	0.5146628064011567	0.507682915196889	0.32862307706287064	0.5639713827174814	0.02311969408050296	0.6206204728532898	0.24428192681022262	0.6247266400107372	0.7110333304242483	0.5857777014989288	0.0	0.32724861081849027	0.49944256771315393	0.8090775780878057	0.7314665918323032	0.5086450177200683	0.7313319762342644	0.3482641752689031	0.0	0.49098886349313303	0.3330576747185072	0.6711943279477777	0.3493456136989468	0.5883553397355197	0.5037751993966935	0.4612254239572465	0.5118229435545233	0.765991061906754	0.4129753500090306	0.5830143338365907	0.4570084618908099	0.5529496358112368	0.7240541329034995	0.5097097347499122	0.3692874862311503	0.8302086325374524	0.5933017272417808	0.3959817395254588	0.9319279899508793	0.43506797092813376	0.30626999238970853	0.0	0.5316877992328769	0.5871296780404023	0.617426865122985	0.55129219527627	0.4080112563759625	0.16267382040494405	0.5324881900164372	0.46824135979725856	0.2508699452151549	0.7296557482814856	0.5908568229319313	0.3609183299757498	0.4599786272108038	0.5277314238215798	0.2219352863032184	0.2588269512066272	0.24553454958064788	0.6109898796281129	0.6060000979194192	0.809866103602008	0.5764312970375435	0.24069410905465338	0.3845821319712568	0.41393356911624823	0.4909671939816975	0.29164451184790224	0.814166422932616	0.29088473649002017	0.1729044599550884	0.41625379374092064	0.33382478256965453	0.3699304466871494	0.6908889449549689	0.0	0.3502294554753077	0.8035084997404873	0.4593683783942255	0.05903807686088547	0.46163408066635536	0.49464335063301273	0.14580973796382038	0.11482810397829357	0.7748739666239984	0.6177119672920983	0.49690556484802567	0.39795482605121885	0.2966704008258496	0.3888929520273663	0.405517863145877	0.4731402123154063	0.5903613311898662	0.44198564918514227	0.6440111463369128	0.36438441783082387	0.06824572026399434	0.48163771007944717	0.6853220549354577	0.42348150121187067	0.5454937995295674	0.622957539275573	0.09324248678692645	0.73896184432714	0.37040173128522047	0.7143776098131064	0.40318330273057645	0.41181449088168853	0.7308344731886504	0.4895929970908742	0.6424289186994955	1.0	0.48691939639486115	0.6216192010550776	0.17842426319804716	0.5734194215194626	0.6691624525978107	0.5187055574707605	0.4668454983932445	0.5530660324153296	0.3795481987276993	0.24513430817024703	0.48942788999735803	0.3764138925222057	0.6406662999391388	0.23467971125884118	0.718546804279285	0.8436809061980919	0.502616725606343	0.8462730005472834	0.5550650449008379	0.1948560299651187	0.3531629366986623	0.27570852320876515	0.4865610731635589	0.6841740627912078	0.8649243982856181	0.5075444117167677	0.8203168039681555	0.11501006235465373	0.27737766199008657	0.8005523920691439	0.410888761946967	0.717215593667854	0.5977754459791714	0.8217618892550316	0.5727843980098573	0.6318942502596583	0.34228118489472076	0.5808485699307813	0.6697902212700185	0.2339259254545501	0.5294124453224583	0.5167480229889707	0.5348459734281695	0.524964522656897	0.3505895826549311	0.507362389783133	0.494535642507764	0.36814651233609297	0.0	0.25609381418336347	0.4404742441187329	0.662174066252697	0.5803690369888199	0.2909257314069571	0.3835046931946972	0.5085413010355282	0.4076224519773137	0.7104103283902734	0.556793645657019	0.5717257475938701	0.246529203326913	0.18107704209691955	0.6685601413422901	0.6180838327649862	0.8626508756937585	0.4602575640705062	0.34326872622824023	0.6951487738231668	0.6584314794478245	0.4964549721928839	0.34966831340558296	0.518894884002518	0.3655643529043644	0.5497788567028569	0.2784723696306701	0.39055402818395046	0.5466474973666325	0.5975140012426549	0.6773950519949512	0.28874206027982785	0.6318752890855917	1.0	0.5743702462777218	1.0	0.6992258180117686	0.4512571894039067	0.6371020149419414	0.6844895566676061	0.09814307693714108	0.327983387855377	0.2540341995200149	0.44290078379976644	0.6420667243630311	0.39348043782153097	0.6113930067688601	0.6553689952729735	0.2595955882380451	0.5255555258732699	0.831585849714975	0.5601918156311329	0.4331554206658699	0.18380221088188298	0.6573198785934208	0.4718651646659533	0.6544636512127643	0.40573697499500955	0.5634826101305185	0.7039197692643323	0.5297994565745132	0.5217011373241114	0.5262747087804529	0.7442638707479691	0.2780422065104424	0.2630433153041042	0.884528303884546	0.8089341655282922	0.5312856020991292	0.5649364498245409	0.0	0.20097731598851257	0.41063943204039277	0.53548249501716	0.6643285521858111	0.23607793223879517	0.8432578821373481	0.3027353572367269	0.6366854806629705	0.6442921747376171	0.46917943315519495	0.9201797679444332	0.7131813161566091	0.6927448536165995	0.5862111202455385	0.33994287174881	0.3851104799402754	0.4162070500749499	0.479244213896424	0.6390355611888415	0.45296385963684993	0.49919039232934986	0.3332251991297578	0.8170057939134369	0.6594501654793541	0.25998346502777125	0.40775720336029253	0.5599528628692534	0.2851619226853058
saurian	0.19944029641697664	0.6222830914860672	0.7514260674106409	0.6950487236455097	0.34534139721054236	0.6906406270068777	0.615706017332262	0.37842900869259477	0.25335673683512966	0.5102878943862168	0.7104687947376502	0.3828217649788062	0.4511463288781097	0.5505535107254913	0.49672971118478937	0.5481011380514936	0.5163994884349106	0.5592787252323967	0.4449380446186029	0.5720392453461045	0.1562220725080235	0.7108154471245005	0.0722818276099711	0.3671382241241432	0.27778339425113624	0.5048071216306307	0.5790749672584703	0.5912009152151629	0.8653199669603475	0.5873554684602214	0.635202957434864	0.3548195921019799	0.3504723980014989	0.36253246362748376	0.5320502728762366	0.45898597569722965	0.6950312563259661	0.22410429655404393	0.41090446768903655	0.38124736237427576	0.6115359684229874	0.5642614186021829	0.37195124110513855	0.4438890771120385	0.3694640444839578	0.6307070066739048	0.2994804430366582	0.47112523201499706	0.46639394270305684	0.11593130905208382	0.2640665571356384	0.625026513843252	0.44286951576193956	0.6664761922933943	0.8441569948107035	0.4938263893771244	0.6505525146228395	0.3046255446166029	0.6323868835868642	0.2636722173143129	0.6553542583045042	0.6745610777728531	0.33099800195741164	0.7174922599426621	0.48108900046579217	0.6505884081115083	0.40033496671859486	0.6494407048416551	0.37873497440831766	0.6435382669875711	0.55480562095374	0.36259567304876067	0.49541290365474966	0.35503581649955557	0.5713801820851471	0.5412935315766403	0.3157357626603852	0.4802951685000243	0.8114664309667201	0.7198714469221178	0.45780966408730656	0.6889134791768353	0.4686913068219273	0.420452715098921	0.27783828691830786	0.35743529821594844	0.4449896156420338	0.2998877056608332	0.6969902931322018	0.45538471508925804	0.34556269107985194	0.44815751479914323	0.19837481159447493	0.1827415942653968	0.7921288422785875	0.1826761432614839	0.42202635052801823	0.4600698817001912	0.5420312463479661	0.5722893660573407	0.5606048909880571	0.55119193931969	0.26262033180413635	0.3566631826640356	0.2550846822765488	0.6025389373721861	0.5479198575686746	0.5796184116121027	0.32482145974261756	0.5420130378622205	0.4144653351159755	0.035298774681445544	0.44884659629942125	0.22852193129570664	0.3533561348285734	0.3851468590955396	0.4567570671296425	0.3517633551259804	0.4457391112759886	0.7301212155816944	0.300580714011604	0.6419441289679475	0.5132724279132777	0.6346769233781907	0.4182895615836194	0.519026008317277	0.49656510938531323	0.4458699362334667	0.6904224713770541	0.44027292117952	0.832990437585389	0.7703983865625449	0.43864317955382487	0.3039205572396022	0.1361536824616017	0.4225748819914704	0.2210902428225452	0.6521667178335758	0.7010439950535597	0.5434374867094427	0.5431046614156481	0.7138603855505287	0.5825429251990946	0.2889729931011775	0.7420049677764031	0.6451552716463207	0.5506764426911647	0.3693648650640626	0.2695944866192901	0.5339241477451748	0.6758540026606864	0.6207992869337237	0.1525571649086023	0.5654318313305396	0.5512146273991024	0.791663605983902	0.5834120365790091	0.5336754901587852	0.5791689687199192	0.42040278181269986	0.48883771494020295	0.23299622726381375	0.9999999999999999	0.3533698924782174	0.39838482734823405	0.34674342627163407	0.27052275450194135	0.5043973475757455	0.4059990972365541	0.3960715168812617	0.2013939293944631	0.20988253913704863	0.503485080170124	0.41831897386743433	0.6002346115748896	0.7680707116119547	0.3777759551552162	0.7120328749420662	0.6311211121174259	0.5177406924114271	0.6801085494387635	0.49489930911776386	0.5747346269194422	0.2681880287731661	0.6794078426228631	0.3944382019087364	0.012553604161674226	0.42145101400067336	0.6226469387171679	0.07153356872459188	0.7723247826619382	0.3935224953174459	0.8403010424684692	0.665848573399233	0.03673928143762861	0.4322323671414211	0.42287373320542576	0.37173108060563786	0.15732200408482105	0.44342112872383416	0.4274428845592104	0.7345848729906684	0.6493550281711782	0.617203801867739	0.7571835902628974	0.5767642201248327	1.0	0.43783223270988036	0.3135418346274214	0.6644637556866914	0.1866535820452607	0.743459782419708	0.6353646540666914	0.6136672038843285	0.1972766650726463	0.2854063005423183	0.8351083479120025	0.6138388914004432	0.7580768135288752	0.3842274183428938	0.40622231614000454	0.7345053603949868	0.7435028594497732	0.41565483586950036	0.24552063088664877	0.22122430394517054	0.47090157588561554	0.5264197926750648	0.5305904138852214	0.6382035618401292	0.29168370786346565	0.6144606410151863	0.4400478450021299	0.2632617143248272	0.525532858330325	0.28892997051965336	0.46507543525220607	0.28516251952499194	0.7521695183537229	0.20356676710152571	0.8016118258103789	0.2972854744964538	0.6427042806548255	0.308325167849503	0.43997991684487864	0.7339792548429966	0.5322850256579891	0.36494955004033974	0.22696303835629156	0.5342743811614759	0.5060661421965946	0.9039388991233898	0.2845309970298695	0.38510241154026303	0.3376085849684843	0.6347457628440493	0.383943561335237	0.5728065048883565	0.768952279439048	0.5801847431418957	0.17949219231088803	0.7540229788484772	0.2466474110369788	0.49633745985434835	0.38765795980766843	0.2548388537850048	0.5993794527535432	0.6478700429145178	0.4403982448815419	0.7307118146600746	0.4091511093599405	0.567526421288119	0.1360140059282517	0.6680463047626691	0.3164265615126696	0.46699507837226095	0.5867349902804132	0.42946407349248733	0.5379364394930154	0.3764494065630379	0.40701376568355846	0.5037438608764371	0.5142257048251945	0.6321881047149677	0.41737835793020256	0.4294958251913083	0.6732060253224672	0.6763912606603613	0.8157681530300598	0.31761449388948015	0.3907078743083485	0.8211663809976846	0.134415024081944	0.47855740510289196	0.925895126348016	0.4125661461590767	0.2994309779330317	0.42515500201346484	0.43175511164422925	0.8292447802012696	0.5517055303401562	0.2590182864366717	0.45462431250586166	0.8812157180325506	0.631068828699394	0.2264718430161164	0.5932188951940887	0.3401007212445927	0.4864832444695159	0.5052314868804373	0.5567654061494611	0.4821781339123222	0.711018314779728	0.5575713296810285	0.2943201364076264	0.3521906947257568	0.4352916741212952	0.5184132925186508	0.14064836377408846	0.503208098687189	0.28666653754323523	0.5129057523377367	0.4646107190862421	0.6417630184796366	0.512515641308567	0.5026088677196549	0.19936743208007507	0.3737175061138267	0.4248562409258022	0.5093192126716772	0.48912217141090925	0.5480921967736746	0.5068012692162501	0.49463364356181005	0.37467405476232896	0.3152460334831587	0.6462149060350699	0.5956266758894984	0.23735484913455418	0.4040786083800667	0.5453636940775327	0.59500649399337	0.47741018557999226	0.5902986545285229	0.549152983092208	0.5559510947851596	0.6878747287802267	0.5959538602940508	0.10554122555075224	0.9116939590044562	0.31448739868003184	0.6889286432487595	0.5378608654754742	0.25489834297487457	0.6373146485258125	0.8481302374599857	0.6194661110912218	0.47429197935369793	0.24384388405229798	0.7299925726005797	0.5517412859856582	0.5007539456472814	0.9240243652341916	0.7803338034581715	0.5471858433939183	0.5993377948522252	0.9128768866517281	0.5004344188962399	0.34499666828595793	0.6950761594195464	0.7639009229122447	0.5637100522185177	0.7729987202985409	0.9967790040418604	0.41516169987285484	0.2440016791602158	0.7725150663623237	0.5904847561478338	0.9151428734183832	0.5629722160153137	0.5670752575213082	0.7520486588892157	0.702235541991094	0.45626507780148473	0.5197479296593569	0.7014932555640927	0.6141161492180568	0.39210351722507897	0.09165822583466848	0.5177733130608544	0.4866950608683225	0.5331739923912966	0.43868792909084775	0.6277595292570721	0.5738738806341928	0.5301350765455488	0.7173732031307954	0.22397553168883455	0.2660947247373312	0.029361076723385282
sawfish	0.49861408009711516	0.6902414518340841	0.2549163815560003	0.34166090662761217	0.5323531413236274	0.6207479903960598	0.29252625282499695	0.6482097748420532	0.6163709502795349	0.5528611444102347	0.7752974155644581	0.42478931319847735	0.7298473760141224	0.19328357715881822	0.4876422431706899	0.36659246894547837	0.01472224716899917	0.41771712806918887	0.4593612222766186	0.5905444862675528	0.5400541624029472	0.5432072258759791	0.6395142373730844	0.5302305235504309	0.2475112520001665	0.6944151401416203	0.08814901915395162	0.27865839128459835	0.5290851499405893	0.7659460030127665	0.7353749220074619	0.3417819503312186	0.5805957212094361	0.8327221823925515	0.753454893179437	0.6328395578696695	0.3662186016310276	0.4263711709874047	0.2947810106291191	0.3500635988326819	0.7292328208943378	0.6051793843704126	0.35740161440332663	0.45171224997220133	0.15213155831636815	0.6310244028547886	0.4896042763579016	0.5072835305507477	0.7514568664860998	0.6092895697724303	0.44810416337043363	0.4859341659029054	0.3813420230778274	0.472849301693691	0.29667418133123724	0.33452032342326976	0.4368285662355822	0.23550970131485802	0.24899929339052568	0.6292243912333647	0.42039870196193574	0.8802158373353886	0.35969196225870326	0.5757212978399524	0.6606724199896397	0.3297762034668598	0.5214771697998417	0.5718751426132584	0.4154316709219903	0.8133716445553	0.7206081901915227	0.6867292639356095	0.32311844525472844	0.18727259302941174	0.6038643421375328	0.6724794016181513	0.601441972044061	0.3612281895921678	0.5153590673221907	0.22857345412137536	0.5893839387827754	0.3487599648784382	0.43005753853821627	0.459994657329733	0.5608191663682524	0.5797053216647939	0.6714501445443326	0.42972296306016083	0.6620123679819022	0.5478250889469443	0.48801071632702353	0.46237254705973946	0.769323200038887	0.48489185589225575	0.48317791544666316	0.5600472579511809	0.4935332173000609	0.6422466723356363	0.3507065631570887	0.5115714220196386	0.8078579952976026	0.4764930281988983	0.4256039671730139	0.5495982376226465	0.7980510264586401	0.44720190136486654	0.6492827135308551	0.34967356065750593	0.19718343826695153	0.7044483631267267	0.47769229982353967	0.4070449611047036	0.38317145357013865	0.6070296429622497	0.6408717289407169	0.610534733001978	0.5222245913825829	0.15135776220520525	0.40927359671599506	0.8215523686401374	0.5300773486787347	0.9436795732860788	0.519714675991694	0.6802372220626033	0.06447834372787692	0.8832115075694809	0.8274077670173714	0.562829375078629	0.7477631449243548	0.19451297194632844	0.6373985039105202	0.7585397555050818	0.6010647985966607	0.3919061948022624	0.4592747836417883	0.21505266186028105	0.37466273312277276	0.5750100135342621	0.820408629381414	0.7041318711153555	0.7566800027945404	0.32363115769252326	0.7773872764347306	0.1808290223140634	0.5137547559376271	0.44913192238036576	0.4565915966183808	0.5924115474142939	0.2573439835089427	0.1973052406648975	0.36591446703017405	0.2278419638801531	0.5213217180841209	0.3891032958831739	0.45998034673284127	0.7228485060953437	0.36879452993940237	0.5237140727044592	0.42994529635812817	0.4874148589620413	0.13484943034821928	0.41652199118466626	0.410042493650162	0.35241936960899767	0.20863919871593817	0.4471219083903954	0.6472931664565198	0.4827204668372838	0.5068375966945553	0.17191226398437964	0.8246910629629497	0.20843683820851255	0.23681078703554687	0.6502191829206256	0.6529426452540195	0.32377301539926884	0.20601553629353733	0.592188304447441	0.6009063242093041	0.22006815356779078	0.6414286523195357	0.2665896982112005	0.9717937792359566	0.23248245025747188	0.5427731944887044	0.4040395664019478	0.29646012269378375	0.2959487361301244	0.5739270876331694	0.4215044437631264	0.5598761095155047	0.44672547296168547	0.7397819274081753	0.4444767331954321	0.2864395119429576	0.41883595260540235	0.9841016983482442	0.7159933995314465	0.5553412621611062	0.6634573359325693	0.7576637613533743	0.8924416667425479	0.34804857890764074	0.583043663610644	0.09882052356619941	0.39458018798277805	0.5487409711288531	0.6677906962724436	0.3045830960989652	0.2705264707356094	0.5682644419258207	0.17178908306698581	0.6247489480498754	0.7669941308539884	0.9208125028585837	0.4248697565769582	0.27413423390091246	0.6938311859335742	0.37130957886196164	0.6260055782200001	0.07233402508446829	0.5079528663002091	0.3887769691246355	0.3522826381027678	0.4242128514814936	0.6070941879755843	0.5294820069815506	0.3420727464067758	0.5979042349132052	0.5607204737221787	0.3580997219550365	0.6649565828785142	0.5111292295589337	0.8033870438535038	0.792757373221577	0.2876670492598914	0.7352891947711202	0.4529071781458347	0.2603913856079191	0.4063979713847877	0.4019290320863164	0.3307231473059713	0.36898282192884185	0.3605147297676256	0.5022804570016416	0.6028334784387934	0.2901828020724683	0.355449879102457	0.5271500950498206	0.3726520498817725	0.45419155710327014	0.5800322325306709	0.20324572225242143	0.7885718780284083	0.4042114004316548	0.869368195317725	0.2836837247542414	0.6768511686107888	0.38565174528365737	0.6550147836279785	0.2492530253391974	0.5589530819108924	0.22095696077432572	0.18084779251557193	0.46678168536416315	0.5061692035280206	0.6654652585296813	0.09701174871946999	0.6259816158617547	0.729241173831949	0.35416918432139144	0.3528188964826442	0.5529099066536075	0.23489365943735518	0.15492942464319093	0.5749347873898624	0.6380318926580881	0.7101398837770718	0.7305457014335549	0.4397428621430178	0.6007255610177005	0.6555976198119311	0.6617609585254292	0.331072306104001	0.9457230218473622	0.6526655342273191	0.6286088404883872	0.27644963311370396	0.4967302656808926	0.5047353452115821	0.3176030575701081	0.8604944210664469	0.6828235407562483	0.7347780536698255	0.5442585823043934	0.8922505713473663	0.5111249619832564	0.4801905785125491	0.8385600279901617	0.3931898985389722	0.5116686483063021	0.515279290549421	0.20161593337059297	0.2587698776544189	0.3349942902550001	0.41398283864806495	0.5640423413356189	0.2885571263503003	0.38751984635357206	0.5581413355111572	0.6183256323496108	1.0	0.6008201223693368	0.48363908196655564	0.4770037893800853	0.6238734356840376	0.3588945190438714	0.7158284737234926	0.3940146884103726	0.5482782481248928	0.11777969420495787	0.4007966175971223	0.22039399357820394	0.8268357405463114	0.44778379107294963	0.8826661887708942	0.7438428227376067	0.6541210282387488	0.7615542288336629	0.5848883692355248	0.5293475433907514	0.3201873534297147	0.35645672302833475	0.2942067131172412	0.28148914004883774	0.7175117218222805	0.4278469128945587	0.37382245008713944	0.598457041450759	0.5377843739871071	0.0	0.4595961207204599	0.42157986846814743	0.26751329965859283	0.16054260049177566	0.35327055230311905	0.3615910624833113	0.14052786414995533	0.7452152671392852	0.5917622570493464	0.4089660740156923	0.6002287334758974	0.5522380371263633	0.538182218373966	0.32883375096619283	0.9525595893325076	0.3893889753786637	0.5973843984245601	0.4646529358963324	0.4942814402546043	0.6181541980858616	0.7580536575602727	0.527675911788023	0.34953353049409996	0.6734479223219801	0.43720455233692884	0.36384168022869956	0.6008503439927555	0.4475320569973575	0.6468957073667727	0.7127794405263885	0.14364017688077202	0.37566802290050366	0.518642474900569	0.24781345875738786	0.47976640717772556	0.3340114600992307	0.3664110280012973	0.9277680783395978	0.12832814299114875	0.6119940994866926	0.363648241046716	0.7791894471562394	0.7769790756528265	0.4337319146727485	0.5520268714736554	0.31270503504510555	0.22364951506959785	0.6063503949712927	0.39250760443255883	0.6259043807302793	0.3838693816969639	0.52794073947158	0.909674569820931	0.3948567862568694	0.598739055553646	0.5433194709642253	0.5732412536116104	0.43979703833443085	0.3766763943558071
scallop	0.40265491739350495	0.5669125822975946	0.7209108429542777	0.6224568228156767	0.7301298713795004	0.7587536893633038	0.48830264732707124	0.39078809903942086	0.35712818048626904	0.5486986733756049	0.6667027979366477	0.5730940823453865	0.7862565301739693	0.6030157917603091	0.36701167030779025	0.5343313049753181	0.5328239367114779	0.33252520014049813	0.40084525004642574	0.38464492548959195	0.4213485174733015	0.8097613122244811	0.19864427006712077	0.2903136986568309	0.5193186873882285	0.6586996211002607	0.552616758309236	0.20391018069782274	0.41574982396641696	0.41490195605122926	0.5992521618637129	0.7053768103278929	0.31529968346136716	0.8942467678203287	0.6292400512797267	0.30820584641856175	0.7332151081898861	0.49630848739225164	0.6053036426717463	0.17314574027935625	0.6138344624223319	0.7588363204188431	0.3013887485423745	0.6985284847678321	0.8525189763753376	0.5011200787184136	0.31989259219302607	0.5337035308956085	0.6620537158091574	0.4338304598920092	0.33363562407759506	0.5029879380693023	0.49908054919565803	0.3074602402413361	0.4422987875665574	0.27694970112392014	0.4760799917256895	0.20479354347938425	0.40324385121361905	0.608553972621347	0.46375492751495884	0.6648491956036562	0.6949111507442636	0.31551627805733484	0.5816683841906878	0.4107769982777894	0.08900672364577866	0.41349358659138724	0.5052348972322023	0.6320761175526395	0.6873613485296672	0.11412903844805516	0.42408717463574336	0.06519982704248112	0.4234552969569476	0.3183293751422952	0.5536481053966957	0.447612653656325	0.7182577780220835	0.700638988863865	0.35136187972927685	0.509506139731166	0.2666820757346049	0.6458580760386831	0.351634107560893	0.5156201583707863	0.4161086111034838	0.5536676250347149	0.6120416124885989	0.5318887616369946	0.32627284689139957	0.29231446364581426	0.34338199815491993	0.7079366278767916	0.3893530089773196	0.5563593512618066	0.7787665106129288	0.6291227126731285	0.2443597417695636	0.41104649165538765	0.5487464053088109	0.8030338704297446	0.9540528158038825	0.4777244768170399	0.802139705613207	0.5662837857142107	0.6037956923959322	0.5952094037148329	0.716386103388693	0.33013798418230467	0.2499778992268109	0.0	0.32354265018946965	0.4015413746232398	0.2640541892919021	0.6191429800098398	0.36136314191648333	0.35757059175081013	0.3499319747784545	0.4161106402904191	0.5925852863174019	0.6524481988852391	0.5562060636185591	0.6351494467056823	0.40275924531656143	0.5796836605132312	0.2972722712751923	0.3559512011027965	0.5754960098986946	0.5369251367868019	0.7865207610959318	0.7255244303564882	0.4564684306312483	0.42009997069953986	0.8363633605232065	0.3283884420691698	0.479163669106399	0.4002840249059561	0.3781920577915511	0.33410843649360555	0.43350884520113786	0.4836642738478297	0.7781912886803352	0.14820488449334102	0.4564587120071383	0.461745957245466	0.4124887216551386	0.5884322562036509	0.4126015511990824	0.2596792873146337	0.492344700559126	0.48910898561021665	0.33815670364982287	0.5880300506436996	0.4547842882060278	0.6818506837520169	0.5570480756138114	0.2274073490815544	0.508913799337751	0.6233337470043406	0.7329001861983496	0.2387221146878848	0.2104658385895677	0.4388554097405328	0.5378715780179428	0.24244420325889532	0.7142599195064195	0.6729841225776783	0.4114180999545986	0.7517358059438384	0.377464187864977	0.7883678602810046	0.4599727129583681	0.8083702596820099	0.29182986953420176	0.6066715356973165	0.35851855253553516	0.5630514628432339	0.4750260175529814	0.35335101065082924	0.40281323533595226	0.3802290654934923	0.528530756616474	0.5755471248483637	0.7047737275548738	0.38182679367491246	0.3126210873800666	0.4617568566836223	0.5629637825000595	0.7230273044421989	0.698512276054752	0.6087803088955062	0.5453439287599164	0.4555092668530333	0.35023307507622614	0.2122779381815691	0.22679669192539964	0.40059658683580246	0.2678969204710202	0.4462958084942016	0.6349756469072105	0.8360009010666414	0.6080291460891794	0.6338617413282337	0.6342639293189879	0.9183908429214039	0.8976293591208373	0.5202238441356399	0.4483435515970197	0.8691455844009179	0.6998025440128739	0.6659838726741499	0.33901628411198825	0.7860087631192717	0.4523871873884081	0.8100260335255982	0.7063719934312945	0.22224155245922644	0.7282365679428425	0.6256265757801563	0.4924755817574251	0.11375952756102581	0.46759463964923664	0.6372955325202062	0.17658741736419403	0.5280052550874189	0.7622379337478808	0.28764435004182204	0.5569522860068494	0.6796720230220035	0.4234684035770411	0.7158933476569546	0.7605939151810837	0.7869364736287098	0.5686992280154275	0.26768914339008276	0.8245154220167455	0.6165255428711595	0.5745959005017576	0.06453772978568856	0.48280114525038664	0.6871002118098501	0.4689497421644805	0.29525329565538305	0.5389898745187038	0.5832387769471612	0.49190465383437854	0.9999999999999999	0.21523046596540024	0.5568014606189479	0.5281913166858032	0.4918583664699399	0.23795595152341845	0.5843901497139766	0.5444820146194769	0.3708159155555638	0.2933364579806491	0.7529713512094743	0.139494699413783	0.2670426301953818	0.01138339456019577	0.601093217233357	0.3474101585086401	0.37373419830053484	0.387486077366854	0.7470912437514367	0.5850652659634865	0.6676050260416015	0.6845616164496955	0.4809411761902117	0.4399946289864637	0.603935483854819	0.45253444148827127	0.5926068058971509	0.7600989960798552	0.48605786515455457	0.8533325708098363	0.4626315311262403	0.36172545602762846	0.20077497318696352	0.04319607669580103	0.5078021205306105	0.3432037119438157	0.6780131852517388	0.5194692814604333	0.8054981255769696	0.6945211424574427	0.5318436726535192	0.5697994533209589	0.04901764832639799	0.2824549122199028	0.13360344920626388	0.27258551500799894	0.4912664066023892	0.6850239974846333	0.7195442955338298	0.40679749413084354	0.7256492041385408	0.8466057670505243	0.5570182661847394	0.8590014768166098	0.7412853019534815	0.2646430722529761	0.6064066279748549	0.35483207027306546	0.605906489330883	0.6205306184889464	0.39572419560406186	0.5246916559339087	0.5449243436630795	0.17896563518102068	0.4289077577764786	0.6447443309912578	0.40321509015020285	0.5294707406620054	0.747925630748501	0.5727839553713725	0.42336153965953993	0.5425673078381958	0.7494059283334106	0.2225986000095979	0.01658256347712811	0.15602582075872495	0.41797238699011907	0.5303560507536222	0.720431293825667	0.42559310892153196	0.2215279006335252	0.38315994386102487	0.42232025764492664	0.7255514895172213	0.29684985454892937	0.4111129278059106	0.3181128865571253	0.24463133216281768	0.2628980658016475	0.3278792465956143	0.725842011553848	0.35636196981545093	0.35829729093610285	0.4557825362393112	0.4671388668569283	0.49200018698509573	0.315237017879771	0.3529599786861618	0.420228056505062	0.41151236795659407	0.27632146304130445	0.49099826356937615	0.30047564826036377	0.27350604946599366	0.38712075385040307	0.8531316234661186	0.812380852618487	0.4696660347956404	0.21251857379871741	0.7081490451525003	0.8312483576273745	0.770436208310723	0.7132864516054238	0.2892368761936337	0.8278113302884303	0.7863709429847933	0.7010413649992473	0.6584722898932911	0.6518579023895222	0.32878904976254586	0.808847445775496	0.3584262486172223	0.5799147759207931	0.3885212919933915	0.5321129238547604	0.632541547540036	0.5483192969075392	0.527512182695245	0.45778754060118376	0.505387243043288	0.5317961645092242	0.6760454196804444	0.13436619046106196	0.2507843536932769	0.3665009647493017	0.6204529760504137	0.18079528912185888	0.6380408311810934	0.38805638857464797	0.2170027329805418	0.3160242071065298	0.5380602494725135	0.4624130582834455	0.603896839859571	0.3807049724266815	0.8205237367454957	0.4787412212098633	0.5265552673538118	0.5932649459016586	0.5492149553760538	0.23361661078702517	0.4798362841461066	0.34273498991681833
scorpion	0.49217354955914955	0.6731577620812458	0.4665279793970547	0.6830628057525734	0.6464800952796435	0.9494733128080659	0.4393533987077466	0.364995025244019	0.36686814083493124	0.35184453876055954	0.5402674777439007	0.8255475917266017	0.7092500447441279	0.545593895659572	0.7132654827572958	0.4603169518630653	0.7459397201969356	0.6365073224338487	0.3926566625469362	0.15773778742946248	0.5182788020288113	0.5100788324108452	0.28439074998157454	0.4920127808184267	0.7045094663857517	0.45509776590187134	0.34769784785785995	0.6205483994987715	0.48252511500657824	0.45472252552801296	0.37915841651132115	0.5383662748219684	0.4099762318967034	0.17859107654582046	0.5741948141372424	0.3178420516967858	0.690603757177828	0.4463400000562876	0.4632921054927467	0.7550892151733468	0.6831258655077487	0.2620681023865954	0.850850891644289	0.6387163673140295	0.39982595224979894	0.6668242380453032	0.492364600177223	0.47485050336652185	0.30117343004687636	0.37416738676548944	0.40165604667468224	0.5068914657555237	0.28769411583028626	0.9966309271799034	0.30161425686161025	0.3878851393673842	0.35049911230347225	0.7435896599151577	0.4674989413317726	0.22029449863545186	0.5546000107049387	0.7103666235251985	0.6077667163194933	0.8100944570083662	0.46623403759542514	0.30508128843772053	0.1604052002156462	0.7107442983256529	0.6355789735154496	0.4964315476581911	0.4294414452581172	0.29357677537347526	0.41215793452473537	0.5621166968669569	0.39746386294534336	0.06736030350365918	0.7363259794271214	0.4426342830524775	0.4664381707264515	0.3164382022003244	0.26544277440040476	0.6675990005408521	0.7908318793258853	0.3704824066937258	0.4243512694996783	0.1945459149334252	0.6644323018282065	0.6133152233042496	0.7688484633865267	0.8106107416624571	0.08011351362941399	0.4592959174686658	0.46982242970042143	0.3555022777168506	0.687967908980007	0.5705095404216468	0.2622888798540552	0.5872080279445452	0.7789961506277926	0.6627250081746014	0.4371564504312485	0.15501990018726225	0.6092414089842898	0.39178412224087605	0.5648956373530892	0.28771841297591505	0.5537392285117267	0.34447637742267323	0.5482016383099567	0.3134885821777744	0.8198373856644482	0.28872611937086634	0.5573705733996219	0.7101177783791013	0.8270732627179919	0.5328751049635454	0.36512261064349233	0.44543194977371287	0.4461375175374971	0.46123865251225327	0.21054067422441114	0.43942347547293864	0.8853280761738134	0.4361973318642784	0.44720456272909626	0.776041216113728	0.8186860679318836	0.2631674923479473	0.6269009214206674	0.40672815495127546	0.4371545108730459	0.5074361635829814	0.34344573783932186	0.3170593210576331	0.49958457790865174	0.16128787484947454	0.9322688415860658	0.5699046158598686	0.6712466726238923	0.4653486269185142	0.5193800672352659	0.2959809785163001	0.8386143657217079	0.3781255904433834	0.7053315618834555	0.532582523068081	0.4980105866947606	0.7842853623576131	0.5170354924128551	0.4575227642570397	0.3485772903352008	0.667418821358444	0.19070051858937404	0.41283452794042674	0.47390710961046084	0.2693422382242769	0.6895851445576809	0.23746325222456433	0.7271019604394422	0.42979555899446586	0.503881857287067	0.7438258058842165	0.556780098249582	0.3931879084781168	0.33697138562842166	0.40761185443240494	0.5400131479266893	0.7509241071365169	0.518133527422304	0.2950312716658181	0.31897851429757	0.6322920846516258	0.6530321435551846	0.7350542963074072	0.525081919016505	0.4070064257835236	0.5277993712128675	0.382550836600229	0.5595261157014055	0.5292387162293511	0.35893362399107165	0.2771039729604766	0.7504915296032644	0.4670452536538274	0.6014130467519396	0.33762947891342865	0.32030750999757474	0.2924005025209671	0.5296638015594539	0.6660020787580868	0.6116809075382729	0.0321077401345935	0.24746314549729062	0.3821916774986857	0.4121350910603547	0.4385393267674414	0.4722388799561787	0.4425325856500795	0.30003936850410795	0.505681773186881	0.6232464222815874	0.42030206589314956	0.7855995764372141	0.5990322124164489	0.5651213564524222	0.6338860949350652	0.4113551620522807	0.4138247943613075	0.7513132138912086	0.49520734343754697	0.5580562968605911	0.4652263021011043	0.47589072726344106	0.46907700129761143	0.4980989448385652	0.5917467178304576	0.4963182893827121	0.7276526479317174	0.32161496699048386	0.18198929097010996	0.9383562705323103	0.5253191537109838	0.3959271317074683	0.846043489879376	0.4405539989412667	0.02413608985476834	0.4064830363994209	0.18909849497908165	0.5507700851351414	0.29246940120228193	0.44365975202896607	0.40758426902480904	0.30215595810150675	0.3465447631281117	0.4494639310550793	0.4816727497412732	0.33641330525243607	0.5049277314899125	0.5809393903060951	0.5442655032568816	0.6453155668743354	0.568236872277704	0.8159102811926896	0.27027792317900756	0.6329881526207011	0.8076777518345903	0.3853318865791643	0.4948395953120274	0.42964676523102374	0.3941027979196037	0.5064057833918458	0.7258635243429485	0.23394690453755707	0.45783653292473037	1.0	0.7275023883483056	0.7583185778226527	0.38930457506618654	0.261586442193413	0.6865186147245987	0.6187126569807903	0.499046108640429	0.3785282559736351	0.5921102771636833	0.41479936663764644	0.43022759007491573	0.8143120922122427	0.7218788976655336	0.42402238638272616	0.3707340142637541	0.6924161282079512	0.7726493944579124	0.6235980837426794	0.4344872513873142	0.3445507384477996	0.7206894708650273	0.3089159700791037	0.2937327481660188	0.6046869923478495	0.4327858160324971	0.39335234875678804	0.49964973324347245	0.46575211349379464	0.7122329383559447	0.5614994128649677	0.34455038752017014	0.5155122034773653	0.47301640272726253	0.5580205050175848	0.5120108319172911	0.2923756694368579	0.6005596326408079	0.3433424591434502	0.5495157430823732	0.48613281062658414	0.38453631892937545	0.23294260227614003	0.5581840543385835	0.5089851771398175	0.3300032867916789	0.5800918439377221	0.370245157506228	0.31400670313533974	0.5851691410260563	0.4714856254758566	0.2847310975675882	0.13298631073482825	0.6847498063006316	0.4378714637709684	0.39755777598370434	0.4672166183220035	0.39035857582719974	0.6657027282524796	0.794275440253206	0.6753694972367676	0.5186196689312502	0.34623021344735444	0.40755077741047113	0.6807325866668579	0.46963027794057566	0.6157708631209351	0.39192227557418535	0.06822898233141039	0.4703536949857621	0.4668973288364524	0.19014334809303862	0.1778822525434443	0.6610431478542084	0.47134990365303087	0.4915838652133905	0.8764070085144126	0.5266516046496309	0.21867671263012417	0.5899151046119295	0.5778513700167557	0.6302681341542329	0.6038471417430995	0.8629867939442124	0.16520016840713864	0.4001169400853476	0.6211661301977026	0.8852660820229838	0.4828776168139917	0.40403681650362944	0.4925337173625308	0.40146187210523454	0.6982223121189806	0.515626616276514	0.19786209342403413	0.09461782410414976	0.6309164823028425	0.771749692845096	0.7317145341418945	0.8034744105137346	0.4942315524027252	0.5839982665217986	0.48559464179579287	0.32148519947668674	0.7551886714217885	0.5229410094720891	0.2939141916502602	0.29303599153630006	0.5911848979341537	0.6101765132357612	0.6626694652680406	0.5175489696523385	0.6153359276828397	0.3148576681482361	0.34898403904151876	0.41394928033442585	0.33437725163573817	0.4207347157324099	0.7550178475827458	0.7126679603801924	0.35680226596837455	0.39923215091005076	0.6535586122554089	0.634265112143629	0.428878716480755	0.5805295160425973	0.3412638687531927	0.32734307268649454	0.5541824643115763	0.7905344368527467	0.6059957227332422	0.41186172654593617	0.47879934674039365	0.6915312691371367	0.40409703151587406	0.36825287361547043	0.3685309305285097	0.2746489501086544	0.42603868125745853	0.4027390353537672	0.696363675236985	0.7445725318465266	0.507751247645664	0.4101405554797606	0.3980209609072453	0.392400021618315
sea_cow	0.33595845670688407	0.6344359446665846	0.25570868214558384	0.8019216488890657	0.34964795584982206	0.14350540281168234	0.09007581838802703	0.35225674259391593	0.7293702080042734	0.522321690490256	0.5364622227641689	0.37895983819838186	0.5551356763342123	0.24033340569064848	0.5412299697926573	0.8739055008720553	0.45824285688664407	0.7903242888662868	0.5138512053862566	0.476867520109748	0.2749974576850802	0.5928295056333275	0.4120070024493136	0.38302973907205007	0.7147790646813719	0.5878646992220339	0.368600507870116	0.5878131513967024	0.7177443871689283	0.6266331482019227	0.6340222297384224	0.3795977818295577	0.11609918856453844	0.4423089552021746	0.6172453339648252	0.16968420652117783	0.5760720217163046	0.5272547233230195	0.47270878057057153	0.48478418665980366	0.5873752082712463	0.44774118449749967	0.08318075795258839	0.7187406521122145	0.6757480669547322	0.7993523354189432	0.7429389769497385	0.31190754611510585	0.803395726377307	0.5956561511811737	0.4985815532287463	0.256244302202149	0.13406842660850687	0.4398334415514952	0.6156952796614354	0.4755110233558112	0.9161050869015879	0.3901982547896502	0.45929715693463913	0.6430765206416609	0.4154514012148432	0.4075987498456272	0.9350663587440188	0.5087334306179836	0.4592653703781615	0.3616736351761254	0.44275394952327807	0.48763070416007886	0.5147199364499323	0.6626956751519445	0.8857022950450171	0.2356319068794936	0.275592087371513	0.24202391108997384	0.23645908584203046	0.5647649075411707	0.6170034167902416	0.4338571905023818	0.513798286101111	0.871070624908619	0.41095324791991084	0.5445054777208226	0.430656993063517	0.708281056442875	0.6558082953603834	0.4547561636560151	0.452760345925044	0.1627627511323265	0.6770635333467035	0.6740380922295686	0.3254196711999801	0.6866517452638898	0.4376788555450688	0.6415368768324938	0.19716883206925684	0.29313376888726933	0.45183494548195763	0.3279248168529335	0.3602863980398724	0.5687898542706753	0.16609929532445994	0.42540509387709585	0.09884323714394411	0.632841186383581	0.6850776722770238	0.48496522498331246	0.587017932368592	0.7460554841694244	0.657409260642937	0.3487787229579323	0.4167419777230398	0.1466641711249547	0.2201660287128695	0.3181184450156616	0.4001223202356557	0.44341609697740786	0.7091974494939935	0.7665171003881325	0.3678094917763125	0.603473598999669	0.5588229595367029	0.4141612067039876	0.627488211317509	0.47318882534365886	0.6774658866466254	0.7137760885421088	0.5267823104113047	0.7257266874861845	0.6271466127080365	0.2270752456793052	0.5796917239484088	0.6585180839742338	0.3343130833784997	0.4331921405522402	0.0	0.471296939007727	0.2731175481579937	0.7286239740229904	0.6859573451596316	0.6954897809051067	0.6977895355966427	0.5430620278411387	0.3289164201132019	0.13106533808044024	0.039261347147177716	0.6644573020981038	0.32754530916507	0.6968574931074591	0.328022986587448	0.3513778250833912	0.3948713670772461	0.8232774708732259	0.21362100201574857	0.6837821455457934	0.4049919328559848	0.6739444814793863	0.5626545244621894	0.6490320896448752	0.3643780792679099	0.5712914647446441	0.5311677795318948	0.23647138145211113	0.5018028566283308	0.5577232369024461	0.4099055919955032	0.4614897305481978	0.668225354993515	0.37437614314183276	0.6889776163034197	0.3649604033725675	0.2585706917154108	0.1615602986844863	0.38097213476191827	0.5430083569529086	0.4431658672841373	0.5319742801032179	0.4391145462629442	0.2586321411911986	0.5035844713361559	0.19230807505094408	0.46159866271058164	0.1224520634842341	0.41577075547808046	0.48405874003915994	0.717577780566927	0.4512332307614664	1.0	0.3117294868715863	0.387133687723869	0.5798531830508643	0.5436746952554212	0.14935471088558538	0.4258349318519777	0.38207046031360087	0.35541733226978756	0.5328157359243967	0.384461762918055	0.4850715604689371	0.5154003243826449	0.5589590023919777	0.6036019020575214	0.44133608894113474	0.5094226596934384	0.404936625244956	0.9899734423493255	0.6013272762153548	0.6898373587457414	0.611775991186645	0.026187949357108997	0.8866239596514172	0.65804284540486	0.6141001462412918	0.7052000043676444	0.810504546347562	0.6746434105628497	0.34161663487635174	0.511933949529385	0.3253891139841969	0.5604275784597218	0.40881387365757316	0.35372969490288103	0.5711013945209065	0.4912639402853819	0.5312251345078494	0.1851080898232772	0.6105026717076275	0.5400056731139986	0.5956362052809704	0.48814327693006504	0.5471134586155678	0.8040573065235843	0.5515965969708762	0.5764669808508505	0.48213257865129167	0.34159192857659204	0.053538114803451387	0.24254128552488693	0.6683367686927923	0.8566854185215658	0.2808567875481831	0.3122016397491423	0.5257742933446299	0.825026103299223	0.6327052408421725	0.12772798067581886	0.4091942909752892	0.6518517874675456	0.45797273327801513	0.5331259604636664	0.38800018738512965	0.4756056670305644	0.28002039918767097	0.6527060774001661	0.7917395545735504	0.32468084976356176	0.15509209774974098	0.6177007274185764	0.6662352224423037	0.21096642617636047	0.1990698325437812	0.22716906611195786	0.3795072664108123	0.6710896158408117	0.7385726772592258	0.4560012892334754	0.5904130824501796	0.7153664565887006	0.8530632902536087	0.858333597306716	0.5606376777554924	0.7295204928161335	0.9681864690823277	0.30393380686342986	0.5880535528662556	0.23590569845542153	0.9223084003882472	0.5412377011226133	0.3975900010214865	0.7616985252515497	0.2778380530881332	0.2755420296343901	0.7526638501489497	0.7349158549606769	0.3953273597100679	0.3247103785758355	0.6523504437261233	0.5843306691189777	0.34427192839174847	0.46050750267005114	0.4575006626839055	0.5850363041738387	0.6035082986543847	0.43528324987325906	0.40144131310058573	0.5012978810304825	0.29594167018131357	0.3634654783573754	0.5589628520836146	0.535104926134695	0.5024086196858637	0.425907868237981	0.738857194629871	0.27073887836893396	0.6434788164774077	0.6805267877764829	0.5255893305583139	0.24832558125044515	0.39710537384522226	0.5096593382603475	0.6000565223409037	0.26889979577345985	0.562524370971261	0.48501377111113503	0.7628525335953245	0.2548396497821117	0.6935852452845123	0.4909668768645871	0.7727502701249687	0.6757667029511608	0.2884047300486087	0.31973705744145525	0.3292669435367938	0.3313233258303504	0.6704610693005374	0.6062344681751831	1.0	0.5878017146444404	0.464249685562416	0.8512278270083817	0.35049796407050127	0.528078400275334	0.2975199064465813	0.457306304586304	0.689123871846721	0.3751902249639245	0.5290998042320801	0.7571643778270395	0.5746635189073198	0.7051749417113691	0.432117297719276	0.648642021654501	0.18356301416862303	0.5871604921232964	0.5995872376897681	0.4059755436694918	0.7343716578590056	0.37788114963237984	0.5892811458260252	0.43931175893681657	0.5924584567611214	0.7511279216931187	0.20053680785815858	0.5480031543329721	0.6017574798328763	0.5155743049108784	0.46757138072440757	0.4208554558423422	0.28836529195995064	0.2803389084561645	0.504369434801821	0.8071662832971428	0.3905606428233076	0.5975604204393827	0.317863067828076	0.6163945809683529	0.3039215306058799	0.7844651131266723	0.0	0.5937727738560554	0.6341017271426354	0.5512750141570124	0.5726901422412302	0.9370006890078154	0.5560406025332097	0.6481800442970933	0.27583786313193054	0.8628433582763322	0.42233959652018327	0.7787750283349256	0.43814166426838663	0.3651384487476833	0.5170674506510808	0.5086892018463803	0.5350171771469265	0.3648225444124835	0.6406140745637174	0.20452232868657777	0.03623318636732803	0.028879166859752725	0.5508436490318148	0.1652801261598461	0.6253464939229	0.14461129878299783	0.7119748064642368	0.6199499820792397	0.4619306605975619	0.49698529507356676	0.2130957345829143	0.8316286287109078	0.37367704423793213
sea_lion	0.690359304493998	0.7457947524956343	0.463176411109814	0.6586487431543426	0.5565537004755134	0.49309031214478727	0.16694355310222198	0.5640850077533806	0.7028116248749792	0.5105327408988637	0.47818973976844337	0.21714277412127542	0.47427949954007026	0.6304669977857367	0.6049858591513213	0.6634201603092815	0.714829229827505	0.6985260968624352	0.4491479692413325	0.3874431157243815	0.47414943598530057	0.6803828211280678	0.49503854315011814	0.37760337667965305	0.3820575543532016	0.5325607204649442	0.707563034292205	0.6944356765247355	0.7294128020009405	0.4373575021852954	0.4803512272876524	0.30860766579536836	0.646716120903831	0.4067003656792234	0.5380087257969053	0.6392392976856368	0.3771771288809162	1.0	0.3265944869957168	0.40191586292284776	0.6330063146622399	0.4328592061617417	0.5788221969678262	0.6251114243216529	0.3547243430683274	0.7403967829375262	0.7506900769490719	0.43671721569075206	0.3951460798433008	0.4130179799273262	0.40561739976453715	0.4594571518883308	0.1297313156947425	0.7234361617135853	0.30289133092233245	0.28134880979669313	0.3452990338270841	0.46433708529594997	0.5272884875023239	0.4084184154017534	0.42853346483056515	0.5621024712270408	0.6952687282811243	0.5210245118720203	0.5632229665873241	0.30231668314791055	0.2227284191771398	0.5424673624597441	0.2555386941982367	0.5204052235200932	0.6944613015557781	0.49564305745870846	0.5810217587355767	0.48951295280513446	0.5714311399663854	0.38055652339543816	0.8474840319122693	0.3458162526053387	0.35176271653919056	0.660149243882871	0.5386681829327339	0.5888378094256785	0.470559546143434	0.8116422427168468	0.31241373082821605	0.3716584036736563	0.4125434723843217	0.6078650115640977	0.8248564192818267	0.5695824258859118	0.5523378305186011	0.45277999742115443	0.3936658048745443	0.6109732472013165	0.2453484295230079	0.698589467939839	0.3581517492503	0.19037792285290572	0.917232086015169	0.5671157746025605	0.4886133962932868	0.4283137960361623	0.15232826465629667	0.5615896876885027	0.6239215656196611	0.18118219873381392	0.7001314192044598	0.9194333415829286	0.9181514727925834	0.43180518084571146	0.49240369872143697	0.4890784981356767	0.12929690188032028	0.3563128427323111	0.6590485416062243	0.69530295227528	0.6998762719009605	0.33219595948298086	0.14303189435275643	0.37349923251464745	0.1821682202250678	0.23193463960925054	0.43137440181329073	0.3807247660576203	0.5418141291924419	0.6134544688916188	0.7717063682729789	0.40990444535390813	0.49587325016263084	0.4504730155701151	0.3923972647585495	0.23034558760284618	0.434186343038374	0.6154436531915065	0.2680143114007934	0.7031847097379672	0.5772191909665887	0.5130728197619935	0.7015849948889438	0.5651333338695813	0.40880423870203364	0.23639108970913017	0.5275943496647341	0.6728363732634784	0.4630114276558338	0.46528470959495016	0.3681919197111416	0.20331191102861718	0.4409155809944872	0.6165153311931975	0.4664216106626588	0.7566297209549346	0.33109039158982584	0.2662720232322723	0.1544186167797833	0.5381686388709939	0.08254345495955762	0.730875195608611	0.37870472603679034	0.31070485901501216	0.5443277756450413	0.6013769560181907	0.37303784364098125	0.6502032349324839	0.7568982620538484	0.46610418915939483	0.5830809645016424	0.4305820124351018	0.3284036534258491	0.5197561134293296	0.30495997170746936	0.5689589852264683	0.42896284885480573	0.6317437549304852	0.21474018814787393	0.5526407115094699	0.2849991897442328	0.5477573485823608	0.5780172168029896	0.7198724662446334	0.3738442947244129	1.0	0.7409241001302369	0.7575600169947048	0.399929484478844	0.3456695860645718	0.7044280028610911	0.5518305245768836	0.4018220815846725	0.3994354061199559	0.6001815051225304	0.4898619285687097	0.5388750815214254	0.3781180289741458	0.66449809204978	0.4164103569935301	0.37442154973358244	0.6669726051279471	0.4791516500761088	0.47234278567119525	0.541595418388444	0.3632183703197951	0.5152672842071556	0.3730693570011996	0.41352384209145754	0.7391318700387891	0.1413896941107825	0.4612392526125259	0.5651395158207866	0.5390126356755539	0.5140718494379135	0.17024012110255027	0.28017988015469875	0.38520967911728177	0.3718850958786069	0.47541766470212593	0.1984094260439198	0.6865269933828582	0.7507707832103255	0.28203590973572207	0.7261335126462996	0.2898599440964848	0.3442239368039066	0.4973187962269847	0.5796196855589536	0.2226517398980401	0.5709454755713947	0.29542151558037183	0.5634785458985749	0.325543625289169	0.9261172616846258	0.5097506614172334	0.5792016596056002	0.3045514456851533	0.5116497052595783	0.32916743022367045	0.5320835555922615	0.6553983088156038	0.9277899509995893	0.6347849018375833	0.12479212754350033	0.5649813446922316	0.8301987711650862	0.19188156964664504	0.5189150468590782	0.6174621686444288	0.13648698820499933	0.2005959136928015	0.4247211031713413	0.7714251352073607	0.4471655808170883	0.5235049275098653	0.16148425776730396	0.36468815998316345	0.5408660473541778	0.3427178292636985	0.0655824221969522	0.24388292508862458	0.023845646125874642	0.6332188688238366	0.49040121142548776	0.23869595993972192	0.5835798241897239	0.43626194841338356	0.5714750090171035	0.8114284148551169	0.2519228040280063	0.7282079173209525	0.6343874474742937	0.49127760678771837	0.6307733621557647	0.7040613475774273	0.42330280600865594	0.5096128796002141	0.31789481799778607	0.8027869686038989	0.37332189736802834	0.5390894326863509	0.760850881013228	0.6930079245731571	0.5223130880856008	0.5119615664123311	0.616208885235633	0.4993095936806351	0.3620297577920572	0.8128872278643225	0.6649683805505471	0.34767178018137557	0.42607700065675974	0.57919887115289	0.5487174692064244	0.4058772156047125	0.6088607944346754	0.6963021942771063	0.6403038624383329	0.6061351880394674	0.2506884111939994	0.6376147712088954	0.4778231456298343	0.4185855607618216	0.9327152110103375	1.0	0.5932738138580181	0.16573017832675174	0.6583712858907999	0.19889542542445754	0.5148123260335739	0.19955103176311373	0.3584977157437818	0.3261500927774639	0.13629554986041084	0.34581751023666985	0.9201527365308421	0.7369522061633706	0.5433317355116905	0.44429424620345054	0.936002647658811	0.5777422775980469	0.6801248528522235	0.5112474442922055	0.4683145173585309	0.400510052933185	0.8817705234691458	0.4177559641531819	0.562931194892367	0.9333413621135195	0.4806697693996475	0.4552075154183804	0.4708137758662605	0.5641542057899328	0.42760231968451456	0.5343266711839422	0.46510250121868113	0.5231291179510494	0.6065149076895597	0.5339452777001759	0.43158973727939137	0.4709754096173987	0.7685433155557453	0.4472940916022328	0.4401993679769668	0.4652660573836656	0.5513390848283677	0.5050293418763375	0.5009465500119872	0.6429704255645199	0.39510846028553914	0.47877950780757905	0.34524871022837944	0.5995624759481215	0.452318641012035	0.8556848637060195	0.45561156808845205	0.7607204853694808	0.38796485488056104	0.4952401187757869	0.4748291285658951	0.5104425968601528	0.5483218957734814	0.31465565487122066	0.6396906975996367	0.39431390201424565	0.6707123476125098	0.4302292765532092	0.4619479696451492	0.41223930027231326	0.5765404685778398	0.3898101521573687	0.6980160872471628	0.6614644079556151	0.2606768326045822	0.36238693856752935	0.5648452696773998	0.39003746193439975	0.6065432338503206	0.5788418682331725	0.549945572663779	0.23779385765562797	0.3467502549864159	0.5192809129395702	0.19130911532641104	0.27163504231593916	0.2474564052336189	0.388120568228225	0.5876965287909324	0.5006697744356867	0.7417548711819264	0.5383266826827183	0.28179526175805086	0.39242009815711676	0.3477320258786175	0.20414906199327632	0.47534007622995156	0.4168445029818002	0.665383992621364	0.39233059987133756	0.6742298399032418	0.4381095955975422	0.5754845672654314	0.6114539686961834
sea_snake	0.5465419490999408	0.3013805788329757	0.1793148052384226	0.5775648514882553	0.637821949062533	0.6298056263198171	0.4210225193142149	0.6444660511401221	0.7950147470339732	0.3719600764180244	0.633038160991069	0.4712295993425499	0.6339631098288601	0.3382890570274697	0.3523897639484949	0.321384544174708	0.5067637001821099	0.23739134394035266	0.20683641099002142	0.2239467920117294	0.2398438637246882	0.6041097106874573	0.3458018601285052	0.37810375494070214	0.761336593056494	0.4346995523479507	0.7421678500835542	0.2130879485385958	0.39325793596557734	0.6422401882287885	0.5014337533676091	0.3863073373032643	0.7113727440680908	0.4370550452998547	0.8361954115291188	0.4833409522101587	0.5536168653654593	0.6379276619219474	0.2071320164807347	0.8572407781843774	0.441165362280289	0.5684600120557192	0.45357980963319006	0.49902595980707787	0.5749125877995501	0.5151186661501409	0.4009964666137223	0.9626930679951022	0.4186337637191424	0.7606717678687027	0.6504431375606397	0.5650900145231461	0.0766463393501286	0.33054503278177527	0.07872415752862783	0.43132251481452955	0.6415246865744312	0.7455509437541297	0.5023853273389579	0.6879242034884826	0.5885285100732738	0.7816154152803663	0.5146190285384551	0.5997873189527608	0.44141526072911386	0.3520109371135557	0.5731435001567722	0.6233550632406794	0.7133834718725782	0.591727869204054	0.824717338408883	0.4392673814254511	0.3926947442639592	0.5965210888365345	0.43898575912071375	0.2635310274431347	0.5570586666870285	0.37274853762003324	0.21896361198576836	0.9098711452899245	0.6526233766064646	0.29768915777540456	0.61165017227273	0.386852586448157	0.3682861518272069	0.39312470053347315	0.6163024734631397	0.2883053422634575	0.7972748124196074	0.4353681925022262	0.7494480573668952	0.2411266261068949	0.2648050509878896	0.4112716364591417	0.6283810561814688	0.5874044712324329	0.45312040357777134	0.699307220482918	0.22234658281096353	0.22156218678848805	0.5728244085690333	0.344739418178321	0.5253218338674689	0.3860351983922395	0.5303368280582027	0.27573341415246	0.3747450590349005	0.5213814905214725	0.6193517321958626	0.35948200414098547	0.40042551695377004	0.16588238445091738	0.3647539856943957	0.3139263634584234	0.32695586175032265	0.31188699508402307	0.547727738211625	0.4051003149946685	0.3700060811523006	0.4600831688616117	0.4454691973589317	0.5870447625194354	0.656876876387327	0.3374754769460345	0.5782472763292787	0.6404060661719674	0.5301145759974589	0.2528210694817144	0.6096823211338759	0.7818261237644577	0.20334621851650933	0.6928463687310262	0.3628315525679008	0.7001925800070485	0.5570812021005501	0.8223491260824186	0.6157435899128049	0.5136819034473132	0.6492382635436579	0.6359165697730871	0.3791024488391857	0.33395219882196736	0.868550377432318	0.5554009132991826	0.693239256059751	0.1981293183563329	0.6374188233562671	0.08877341677307427	0.14388448861901337	0.31418720734558875	0.2556792012592633	0.42801978687054043	0.5205341914070046	0.4599124873367129	0.17484254367949187	0.36532228976946113	0.5909139937262385	0.6998350056086174	0.5157230067899499	0.19310435794754582	0.0	0.39240406450795984	0.33484685933799013	0.6285782934952191	0.4352517936578677	0.20097006339424706	0.2591965724320891	0.6317194520697059	0.5346369513519971	0.43246274772696025	0.7551814859141002	0.7297607263247807	0.6613884167358764	0.8538404138503212	0.8763426691555886	0.7939277429302338	0.3428430529565374	0.25277427307623707	0.5909595191123029	0.3966471915501034	0.5643153119555023	0.2098524046863298	0.6702717313792755	0.5902074367886386	0.7538383567941858	0.6573537492679477	0.1723254605437583	0.4528893807967401	0.7862141658089599	0.4695429522943547	0.4310283793150358	0.3114295628422833	0.5082059599183437	0.4533137687376545	0.5567255955818664	0.3168080778196147	0.7151395961891452	0.6094234368822131	0.3995972008390827	0.5738616659365128	0.5663534643419917	0.38998413586303626	0.4321246578466973	0.6807449324096339	0.4660174838593079	0.6723591131683633	0.5565384884984769	0.4076894274669569	0.7217111581432912	0.6145766732109293	0.3573336433382353	0.5106065567430659	0.37530823776595806	0.5478956441482984	0.3185183043969946	0.7188707669691088	0.3982380625166816	0.7475987948978762	0.5827330183389791	0.3857990988807357	0.6028966598952192	0.3056401064490341	0.5344163303124465	0.026095214407071132	0.3259310186158218	0.5637330807510725	0.5419168259796608	0.5318841798136617	0.4948730418745749	0.26226456555864164	0.6130741656781099	0.6062634055179839	0.8049945876825957	0.4698543421213506	0.6273267690136219	0.4036538050812556	0.3276227096139544	0.6970757951857287	0.7725447565395246	0.6041299760647366	0.23211733279550645	0.6195103928998814	0.6072833365673885	0.07778433827411	0.6882927250142333	0.4949587790251814	0.3322346805030649	0.7127040024860101	0.5342334970877677	0.6751400477682739	0.570940276513459	0.3276129858281748	0.5724054001599911	0.49988862437095605	0.9251750724082458	0.6739406355276272	0.1925077498679459	0.5998527163463744	0.29713938009639096	0.3981819495406422	0.4083439536017911	0.0931458380758759	0.44781696042828634	0.6466782100133418	0.546651395340244	0.5843519925269809	0.5069076411718038	0.4838968258174138	0.6900090827595863	0.45304061574392934	0.7509406765783553	0.740907382144632	0.48183455309994494	0.5486429636034456	0.2467018681207355	0.7596267605743179	0.4138756978049296	0.5570106199476572	0.5778040564989106	0.7333644038366411	0.31555169917560705	0.2653369065346344	0.5458887844324298	0.37140961272034445	0.5297397827633974	0.3169202272321979	0.36201032814184164	0.4222630550162221	0.4341319956099738	0.5284018053331436	0.3832468375177047	0.23010913437479252	0.5728123353046122	0.8006649720493824	0.5397736632633283	0.3485530659325335	0.4073105434807217	0.5022236289476856	0.4498072544453762	0.15968938316946862	0.7847176167410876	0.46658051976589504	0.4364935689033616	0.3838811062405728	0.42145507675368143	0.2515753266054255	0.35316814886820524	0.5731108436587325	0.34070878005212035	0.5959593968113576	0.5462108784580892	0.36241410028266424	0.7927203164200494	0.4945911332986841	0.585750893631139	0.539542664037311	0.3464515390234362	0.38264432067097537	0.5151102767242286	0.7012437921680565	0.5228893278864372	0.6222760332878381	0.6205690260124528	0.7310499937546018	0.29094462679789584	0.331835474601569	0.46853186323715895	0.5373187525081539	0.27300882605051263	0.19264808117759413	0.8733419318467162	0.27247399410220935	0.5871508345593145	0.5647833005464775	0.46455392954379987	0.4674522774594354	0.2412990956189514	0.7195454170989297	0.33072162078449296	0.5577034948423295	0.21795989449767905	0.7516694293865473	0.4995789633061388	0.157575027935349	0.802417937238562	0.5852591117257874	0.5892349223262117	0.37289667787110764	0.6044451409456784	0.33982927329840396	0.2499077974572943	0.6726772068552678	0.5472705056182333	0.7180364069821341	0.6852333189326496	0.697446417976229	0.7294601500565774	0.5474074596054423	0.6488526461908352	0.7083991631523733	0.56549728583087	0.4017604660017615	0.7121049072232146	0.7301201084681339	0.3543863427291165	0.6130303126199793	0.6550114174298329	0.6388877987673748	0.577459941038589	0.7737285440894388	0.4222131903248965	0.11055302276541762	0.6360151619795913	0.5761823440024514	0.628647922194256	0.0	0.6536930021363752	0.49766514343776125	0.3371127752080705	0.5525295162920724	0.1822328794825197	0.24617800011480018	0.4220157501354789	0.662512468285161	0.42977623612271154	0.3134511728680524	0.5048640466538769	0.42143586360666574	0.7163556036837578	0.5460786516756517	0.5323384841957433	0.3058916199832603	0.7191671110635326	0.8976993035699719	0.7712508509317841	0.3757579195621574	0.4544015581971654	0.5981732623447007	0.4777744671198533	0.3030771846140233
seal	0.39870926687601493	0.6851396215639095	0.31836829359267205	0.545095348328585	0.4019132957089132	0.32035468917228066	0.21574982709320856	0.6429416830089826	0.5792901988463993	0.6973585911273396	0.5349873832186539	0.31701667553763346	0.702021109853856	0.6225654504256938	0.49906774220027067	0.2319192225602833	0.6412274406431082	0.25754014583940554	0.7672478550170195	0.5264321565717182	0.6908743363655238	0.6572712369743272	0.27164511393016216	0.06423703386081725	0.6127377273368244	0.7684917962861667	0.3011186052645316	0.576291288193054	0.5304081620085711	0.5486171974811407	0.6570261294736546	0.0	0.330934778347616	0.1848323203577817	0.47199405610604334	0.32211895806540997	0.5320329393724462	0.6820541258293409	0.1957529988809158	0.1613257462849692	0.7924570702352924	0.5487221438444254	0.08653599854569677	0.7341616000315069	0.5330854339410843	0.7682347943493765	0.6787032714663286	0.6223039581209285	0.6620426367603417	0.8734845078435001	0.10789490152395359	0.28539085242581075	0.4865100041245177	0.23450723806425805	0.5494694316248859	0.4982379274785732	0.2556739693356613	0.3205392172878905	0.35721462346155514	0.7543785843464252	0.45361786245381663	0.850736237346999	0.025629712767436696	0.7128187486734514	0.25602208740317356	0.43276818448416543	0.4939405006695549	0.8041903801357073	0.5014865799221325	0.6690008546723745	0.8454324854669194	0.4406807448832201	0.6769822652502722	0.25487095056078435	0.3673819571135008	0.2652761289261325	0.43766559432823965	0.6052881974135164	0.3945039927583698	0.6331959646413832	0.6159373962124788	0.660870595524593	0.7297929700861479	0.5876030719506838	0.7399138364892175	0.12936786113317056	0.41544803794125473	0.21437808079817644	0.43987995193190216	0.2704740868490401	0.47289038298964703	0.3999411182576842	0.47334764975480237	0.44411984231364643	0.45017841807903025	0.4042423693701584	1.0	0.8241132964161502	0.6731614291493466	0.4886384098343003	0.5269055201834323	0.4297598875551766	0.6640173663463124	0.5628591222062057	0.6199639451106712	0.508878725097325	0.6903159253784243	0.5681256107573668	0.5571797569510595	0.5461167279616179	0.36119870332705684	0.28107544957184916	0.4209165670474297	0.6164428179445582	0.7448588247588293	0.1344528789876643	0.5512316804732915	0.3839313784361874	0.5514479062996299	0.6177323548179098	0.49433815074110243	0.6760917242032565	0.4023620104357298	0.0	0.2795859852669941	0.7165720260864341	0.5698952781042673	0.09123193737365598	0.7301945400686857	0.638098895833209	0.5971644576197814	0.48011945857996874	0.6047079269967848	0.45764349492739176	0.6248380740553126	0.8376025482970526	0.4527937995716376	0.28576793426370933	0.36844629017497776	0.44431983793706664	0.3330393624587412	0.24824661482973243	0.7973738095573502	0.0	0.8874998029441259	0.42202087741744254	0.2212756148285846	0.10079206893419093	0.2813615684328256	0.3622791490805007	0.6363274925121604	0.1420887741656119	0.07383459042205448	0.2362229480900001	0.5825893075192612	0.6716501690342085	0.5939905072630248	0.7690173377797688	0.6753159279950489	0.8339038595286596	0.4841971440628732	0.5253048381088674	0.41865199171270506	0.5601767318101809	0.4188140993205608	0.7635049614134464	0.5161401488904986	0.6125191093231253	0.39888546138619124	0.1886049701015482	0.6200368551444043	0.6384380695996119	0.5866367460316237	0.4166430147274064	0.716155266687971	0.7236311727957654	0.3652003907589285	0.5748144682814422	0.5124691570971617	0.6672444926870662	0.4363423614274785	0.13934336873775333	0.32793501695898924	0.5445147153958579	0.6047899249774114	0.43357362113289327	0.594053880208127	0.27605431970565936	0.541316593703961	0.3020924178036253	0.6589228700049912	0.7216084462790668	0.4636494351109828	0.5085839091397395	0.5556190395464113	0.5425370488264137	0.38939891044488173	0.6729016122394471	0.44595009259745627	0.33931279351991717	0.36614983049259275	0.33450166681311294	0.4777030251214144	0.7314621973056404	0.4211595691757222	0.645787513046951	0.6441386648006298	0.361169454499238	0.5907038968684295	0.39288203415282774	0.3371271686839148	0.5209734751337711	0.028149926460267094	0.4683527340632955	0.7396543313666475	0.7435602310209682	0.3943876842974835	0.5311007333539846	0.5813515152103713	0.39647485511850467	0.49572098817328836	0.24207923574771498	0.7521152303011728	0.4642350075873112	0.6112462172068098	0.8426779271182246	0.5495533245838069	0.7467269506938714	0.9486498074357559	0.6473752338686549	0.2506469452019391	0.5593142003189364	0.5662596102949358	0.02421553718259961	0.4521480806461728	0.2837706199340636	0.546098584713073	0.7401043808937924	0.7586188416860786	0.38771543800097286	0.33767162331779776	0.09982547833331479	0.772452301920131	0.2459178103959946	0.45089899498875763	0.06773369958914977	0.050110702459358836	0.5015087610466495	0.19139260851716522	0.7052815284617378	1.0	0.5438533005631736	0.539079208122951	0.6493585770902067	0.5341582448379867	0.43654495282881234	0.2559426808542299	0.831211865061487	0.5630340882739359	0.8303377865544711	0.6960306759751147	0.3046975885649102	0.25833299270577836	0.40056206253730187	0.36616208288066054	0.7068980069336007	0.5633860409477702	0.35296235358067984	0.19950973444305098	0.6690714141897989	0.7042839387647684	0.7402172329801675	0.7797053159702877	0.6854815372891603	0.6368388840627015	0.7749588175970727	0.7913205626586608	0.7003490496878509	0.8410627581309332	0.6600180084677656	0.5821779898957327	0.22918045829334263	0.44421245479590954	0.6643370153449346	0.6171062404663263	0.15925005836379996	0.3121714427332405	0.3923023009499021	0.5683171721733509	0.6196064080895183	0.8278870969114915	0.6245821889450834	0.39189180070434654	0.5922729491899794	0.32200674915346394	0.32065560775995217	0.2543805148998801	0.3643811778306689	0.5140751013701705	0.22253949465417083	0.33396794645044936	0.9026991622396661	0.2971194048150867	0.3977747340108547	0.5816027563618192	0.49425575203240807	0.2861597004951243	0.09775283588999428	0.48098569805679275	0.6778741412182392	0.44960075701018964	0.4156679501875412	0.48426111871876226	0.1971975773905701	0.25746690235262193	0.7924249281095428	0.22358380134985578	0.9190186236759612	0.47230696858645216	0.5977022147810602	0.5669681537740229	0.43484859602507864	0.5218722252871573	0.38568029191178954	0.6565102147562315	0.1925358296555723	0.5651466036133737	0.08481482571959448	0.04897689233750535	0.64879027821099	0.5792223584970767	0.6648197191724116	0.48392489326680665	0.3548062306427286	0.4878352921424325	0.43338302208382107	0.5238614431550737	0.24122684231562735	0.7242720853995247	0.37144086961396205	0.4889057458290986	0.8369462352498203	0.7355636287955893	0.30625688997101297	0.43316338364570156	0.6343656854579578	0.47617534471253464	0.6965503588155234	0.3653470761656819	0.2004786580695183	0.3985886453975976	0.675003854406138	0.20779007776595454	0.6239118775810207	0.4589678933040704	0.4120804387405033	0.5903071204821446	0.5564768116463732	0.3870556122681537	0.9999999999999999	0.4126865770157322	0.7452534638640873	0.7063201181720505	0.7204968764977489	0.4059376510316478	0.4634942416556969	1.0	0.8246560027077652	0.29307580604683203	0.6273306030579952	0.5312654034727136	0.5075451244593238	0.6753246337425486	0.48393029409996735	0.7426691456155396	0.4454469411044142	0.6777838235647593	0.43833063238514386	0.16180924826206833	0.47173054128964875	0.4496461397173926	0.4246363036279709	0.5450124455332969	0.5538392476496273	0.05838254520758934	0.479825257638713	0.6088411464786687	0.7039553210930731	0.23900548102204433	0.38515343356890164	0.7545682566266969	0.17536588109048995	0.5920459591830295	0.6494596609472436	0.32119995067705437	0.43819463776021433	0.2545978289723931	0.5188986285100665	0.1209405519326327	0.5603800007577574
shark	0.4306597299006835	0.14356585925130455	0.5825607479583792	0.5595088293154891	0.5243793183083005	0.7852538449604523	0.6432491691127852	0.14438415801777282	0.4939230863403386	0.5664752607222358	0.31815518073304266	0.49556460900899324	0.6195796860874474	0.778734919440361	0.38215081940632567	0.5766429216704564	0.5217538247526629	0.5571963033509767	0.40719630875634594	0.6672869339891572	0.3402470293250082	0.5285719775620971	0.48877226238182897	0.5121778496859685	0.6071100536716385	0.7894188273387257	0.5244206510242385	0.3288917470622239	0.3470926357168431	0.8735024173786575	0.5354158898676566	0.2783426169054184	0.40953722682514004	0.49501319458451337	0.6775843247722692	0.5982499039549345	0.6959227815099919	0.40651637862755186	0.7331060218570485	0.6356763236973647	0.5752008725015411	0.5258615155734875	0.6302568755778883	0.28724292804460294	0.11634309284547151	0.2373377652613592	0.014629786381379462	0.048328790931184806	0.7093982746101724	0.18079927305149462	0.3681529522989814	0.08558589513934128	0.5320476509260562	0.47355764386594285	0.3129097316191297	0.3337263860054096	0.44131542808646734	0.5555407588631773	0.6878513621510436	0.37824446635007364	0.47586418098190464	0.8411676639681396	0.23530089519760203	0.6004629719819611	0.2092508937814132	0.20358385977836838	0.6752933419082129	0.4276165234166469	0.5901697215143822	0.7018891271678108	0.8373730177275385	0.4217241252772167	0.7654763400828815	0.3271276144858669	0.5387647868666037	0.7723883961769151	0.6287295692036088	0.3645335161038355	0.37697286657435886	0.3885048274981928	0.3347374496867696	0.3368838070854571	0.6345142475064155	0.5466906128580428	0.5656391722782832	0.3109210315202101	0.2993822934730303	0.6477813471718665	0.7458576533756976	0.2798695617917611	0.36359594969972153	0.5255991226055736	0.19473018882145782	0.42202247558122546	0.36885304900548416	0.6093506288156854	0.6412538944273902	0.5920468809910079	0.36591936602121444	0.7411333080210303	0.8002401468073876	0.5621493662238476	0.4783364474911548	0.3633361536921351	0.2514092416377218	0.48642041048405965	0.7840476584281448	0.48934129956547445	0.42794537862405013	0.5732793968823598	0.5644885923703057	0.5837125560871945	0.7166156815947127	0.5299510893857345	0.5920846910534119	0.33380928009889194	0.45997799064297673	0.1971913659080356	0.4620658085326249	0.37808938078933735	0.7067000825367563	0.39826100030150846	0.4952318774772978	0.3827166323492815	0.6545995069166364	0.885791925914138	0.25205952667468723	0.4845107315613405	0.4807275257521098	0.42354549113994444	0.603281871212501	0.7413597419409872	0.21476031765563425	0.19664971263568048	0.06010484390224535	0.39898672691274534	0.6193907406106414	0.6063398173336558	0.7647367268058238	0.29344079739922974	0.5534805846104545	0.6875446161575319	0.514934615241041	0.3326826303914876	0.4797382586455023	0.37372290368297	0.6971303530623408	0.07999280252571411	0.7260171848841733	0.29956803245230856	0.19734519347395846	0.525087421272165	0.3684880206981313	0.2936358441213437	0.16718144423404324	0.5679399250349477	0.5667253918101063	0.6816529407058833	0.5161017124498156	0.5610431084878367	0.5035882156098871	0.4305524040317943	0.5137898090415653	0.8065307169370598	0.3436143815479949	0.5271060252914932	0.36029148569723857	0.7699561767977141	0.3059333906703904	0.428487481508939	0.4886421737138142	0.6232065623432308	0.5679000684566652	0.7461155537207957	0.465525732935152	0.4074735515703538	0.5392363552317057	0.6968986525702001	0.42453662079311616	0.3433577268582927	0.5391878653200265	0.48994422126150367	0.13487980536955668	0.7787390394943925	0.561746036758534	0.7257428775280341	0.4498362472449249	0.6571769375507808	0.33179953489636904	0.0	0.5282086184644785	0.3315140893972496	0.45293823924788496	0.7132909462552619	0.27538557514316775	0.286758857296307	0.333691102370411	0.3321319053841531	0.553566107889917	0.3007992971515266	0.3660423636562844	0.2581112272263726	0.6428343811144602	0.0	0.6085457478014684	0.7100353664367396	0.37297270645430114	0.4560779144010251	0.7290486692143139	0.3570616324847671	0.5780843613925775	0.4435855668232726	0.5401958908388997	0.417499489905481	0.4876639258661326	0.1344285316554359	0.4339975898252067	0.26217633512336624	0.8769446748268614	0.644915141707981	0.5598162695365939	0.36904387735748767	0.43240415917029096	0.39540784885223	0.6441436474385879	0.14606140880774915	0.2674801069955073	0.6033111986525569	0.40013502787816124	0.5380573863093311	0.35598690234039165	0.47782444957585996	0.4000526523364088	0.0	0.43778932645520274	0.855299158553079	0.5750573125376817	0.7452224160391548	0.48064762030119346	0.9504819372323858	0.40000779328178115	0.40761700300166787	0.5998728434773954	0.6560875869758243	0.6601321261367132	0.6420860201941653	0.5425511314802651	0.3011721012958744	0.5632492338604849	0.5746816920415231	0.31681540093866795	0.3944779184459919	0.21877864441549053	0.8856008990663877	0.820436555508204	0.5509991693828757	0.7050297667529852	0.47766754748245727	0.45675685202840377	0.8182247778974561	0.4696850600876382	0.4521431052204199	0.43345915139289676	0.500426421689788	0.05564325613411797	0.5504863646052653	0.3370134492503979	0.5945822957451892	0.5513609075164646	0.38034412329410927	0.558266863616632	0.5939277931066685	0.6138715819211273	0.3668462047275351	0.3930992685690209	0.49717136447577653	0.6197764186675315	0.7168448919236354	0.3684339332175217	0.6580139962326097	0.4844344071290725	0.5871343675835861	0.5693214777822452	0.596925686828896	0.44911870953931454	0.7151924795306959	0.3914476656471564	0.6023747481740243	0.4127658768779511	0.7042089085146712	0.7647234782236372	0.4176982731481323	0.2477276505057639	0.2724726502964851	0.3623416823273332	0.2939355211895043	0.1829092914871664	0.5962642101611231	0.9606342081758263	0.567371951953515	0.2828171621456472	0.6533279740516997	0.5875094221176625	0.3879552312016594	0.44611609301644195	0.4948237078756293	0.508005513529558	0.6978856075573119	0.7723678098316478	0.2605149716196612	0.8279379383709866	0.6996109157249283	0.5155643583067414	0.5066718741727845	0.3040774747842787	0.5214887693938994	0.5526981658934969	0.6668120010542775	0.4058629138281313	0.70873746631818	0.8214833869764527	0.726985038578063	0.5132496335693363	0.5080866455111734	0.4993642723382693	0.1626730185286292	0.39879825482207015	0.8068171200965129	0.5939595283327415	0.7345468832326147	0.11872382629239536	0.7006025670410013	0.48272302845360154	0.6962824962956684	0.1083224612778051	0.4860435007809879	0.7306746434104846	0.8603826784708717	0.49121036365889803	0.582291902857509	0.566204663666763	0.6491632963768091	0.5120234231736294	0.12675597381117326	0.6847402961604139	0.6538784671161192	0.37172316499210534	0.5258351019163133	0.7522669180220348	0.6653467553558685	0.6999348264613716	0.570392939492504	0.4093763133598912	0.13324345597673862	0.3082330139519631	0.41606551468418246	0.5082717406949591	0.381601978789084	0.7003881651973275	0.22530343266243036	0.663483120155197	0.3035191504595511	0.6861158218690897	0.6372072500088387	0.47319088859787806	0.19058196725488766	0.5376028585449322	0.48254499502138815	0.4762552825859922	0.4909486898967369	0.6798467223603948	0.5465128831448506	0.44234742149188644	0.409358749725945	0.9648804984021413	0.19571275236353608	0.6251319965739153	0.6049819051427615	0.8263651871361911	0.6182997304348841	0.6610354112957563	0.5599871993205914	0.6615205127355592	0.793857895450052	0.5437010005380265	0.9368430386556441	0.4921288261382246	0.5893258147001635	0.3567556989334089	0.38759574049776013	0.40276048533087627	0.345142085219239	0.41204067740374006	0.5024561128106837	0.3176658721370537	0.4653625461818971	0.7372871318903762	0.2995615401938361	0.5442079637232411	0.5909526516548148
sheep	0.5459312167986509	0.17754476482588505	0.4995375646420045	0.4203423209134552	0.598650901413775	0.5686894700426006	0.7169211950039559	0.40229543095618303	0.5452439441664456	0.4372200325210989	0.749207415073421	0.019889552692530177	0.9134954890384286	0.5037292655382787	0.3666193093804205	0.42260965993862337	0.4851736274227195	0.40222120018342344	0.39665155052846324	0.39201344664387205	0.4024770359298304	0.4517542085642357	0.6177024001605946	0.6981232612234063	0.28871983800219414	0.5283107770134802	0.47963236405203513	0.2538817470674991	0.5294537895515505	0.6531731416614446	0.4041068109010068	0.36768709185885534	0.4199468785429203	0.5232459219927406	0.5468540984093064	0.3373965813656127	0.23898723039034392	0.3207514142183877	0.3366956309217146	0.5271537241455952	0.4473770880504263	0.10493474967046484	0.7297634289448657	0.539755146218323	0.28309948034400206	0.11321109003178553	0.38045957422246346	0.2888375593293526	0.5211829871612373	0.6820465636087821	0.24322283618560686	0.7018465799251055	0.608491587631515	0.4959024157260705	0.5023066424395345	0.3603738371549208	0.8183695731753879	0.06948989777709003	0.3678069919394898	0.6794259573112948	0.40801917081545647	0.3266014193390553	0.41690167732246836	0.6322117651990065	1.0	0.37754727215933465	0.499119825070071	0.5139824454056984	0.4119825246198396	0.39409740238743285	0.8376825366826541	0.5547709415893002	0.514067612126713	0.8534948234752615	0.6578972941598397	0.23729552168166818	0.4961719316797881	0.5318118991038765	0.880186694332978	0.45224904353974166	0.49323780629828706	0.6658076539498241	0.4455130485015544	0.6701148829906114	0.05326850091135038	0.363391835459262	0.6819096839307355	0.5655457498403376	0.8048734473141569	0.27846601371615354	0.1913753904021751	0.8278846112093459	0.4733744558948647	0.7767251827782597	0.4239544792763445	0.5699681636929084	0.2313814972911688	0.40108915387937116	0.3587957266689376	0.32898898616842026	0.37344067763755473	0.5049796266347472	0.9945371354109906	0.41439955820491864	0.559107947379784	0.1386728017681872	0.43239925811737645	0.23165357066484876	0.5311609108672929	0.4807356333797444	0.40423086118895774	0.7530398892539464	0.52825350576352	0.5947128582834963	0.662417482924847	0.3396826800849917	0.4988437815842497	0.9810950302007668	0.6342626989110429	0.48252570413406587	0.3670948605863019	0.2766985931980778	0.42365599247628943	0.7560282149329641	0.3492169372895891	0.7383100874261945	0.4690646171180549	0.577825501910428	0.6391624413037167	0.6698769788746497	0.5281585514421968	0.3701207438891601	0.26444896059142997	0.7576377058142596	0.46820837762578726	0.37346037688533096	0.6500179847291331	0.49879928300789694	0.5070624984466636	0.48219035074145644	0.7561740582696825	0.09000486646764422	0.66276181514598	0.5626471232811368	0.34914241026676224	0.4775218791940337	0.32696345156791284	0.8140960394174158	0.42408242631106347	0.4440336608173361	0.524523251934568	0.8249106128394412	0.42547682410109344	0.5944915283729084	0.7379356896792912	0.3506439630649952	0.662687207703782	0.5347063775514855	0.6143991437892258	0.5829589642361982	0.44389715727118917	0.5092708429686456	0.6788192570778151	0.5133645026260554	0.36137919203656793	0.8055079963208054	0.6475517828620316	0.8560508180210264	0.5874525435075869	0.42376812369094674	0.40188809006308024	0.5420444718956964	0.5880894972001837	0.6088529818158799	0.7020227426711207	0.5781921153399276	0.4915024586656459	0.4379403606680008	0.5218979783527283	0.2163719952739275	0.5255132418423982	0.2110461708099717	0.6279420425374698	1.0	0.7650057092350039	0.44648601861671383	0.33328363329721633	0.3250537103852283	0.48103464884905844	0.4186260008617171	0.4752388936177609	0.4270883586228231	0.4146774584628359	0.14647645420928132	0.6323905458393225	0.5483929052862906	0.2322762901660091	0.3628898253865471	0.41020617339100696	0.1152635552455914	0.6930165395718758	0.5021081167682051	0.3072962709449756	0.21721292081753218	0.7336833189866243	0.8220923915793187	0.6182810499527965	0.3607350625354965	0.8317173345636999	0.4891099328788729	0.7322611261256415	0.3845906886226459	0.6797278995109028	0.4529905751129084	0.5735072886545927	0.3013231540820109	0.6459805557747962	0.6363460366738416	0.49042299080160856	0.4649402524765235	0.30653408904499957	0.2501439175297405	0.0810250816006538	0.7060435602090791	0.5439021967850418	0.6029604134899148	0.46543095072002294	0.45693948029228104	0.6001438922439294	0.5022121154561767	0.2757634788918032	0.6770304233206339	0.44313343166081076	0.2921978458284531	0.6755773646197605	0.4493006630325469	0.6042348234166024	0.5891983140326833	0.5462077131772907	0.41264444243006254	0.5935856613751849	0.3654568553777204	0.6981945659146177	0.6682861508456879	0.6782837543221651	0.3367961159815801	0.6279630259835873	0.26124446093526815	0.4372153374920015	0.5451376630802136	0.5175296878356928	0.494281281178901	0.40856817692268627	0.7020135152517911	0.016157120397385982	0.3132821472801344	0.566157896630859	0.54534251936209	0.604029936903961	0.4368061804932176	0.39258379756243866	0.3037010820294087	0.38950031836582366	0.7010790064970419	0.2877211106775241	0.3711770332427452	0.22168089762940424	0.7839350001735181	0.9536423765856443	0.5514945137971844	0.862233640128925	0.5599276958947889	0.638572644691445	0.5921330110625513	0.2737501855178681	0.11630569891057835	0.4310800874846241	0.28815546571418377	0.4181176129927606	0.4058509961800174	0.5552278379163684	0.497839764917686	0.5537531398348845	0.6543948528551965	0.34980448989746216	0.3209145524767838	0.4480452930928237	0.43115515994363734	0.2128795947580992	0.5773177072264486	0.3675649527688113	0.6785334696778854	0.4080183024081053	0.6680352039994814	0.5874447782342361	0.4161516737394373	0.48191022617898155	0.41671048341656	0.34322718830497007	0.34561998721834797	0.235912521957788	0.49305583625164373	0.4826729282724409	0.41291225191618874	0.5108357493714081	0.5194199582783366	0.6407702272018173	0.14324749225654543	0.5325513234405143	0.7994800594945535	0.5231385842167714	0.6787781266603132	0.603253864661107	0.3211398245853982	0.44891415303081356	0.6694263916883011	0.5893301623410486	0.3974093991947263	0.1868119437265884	0.7073153036293225	0.8708374455910769	0.379547882022453	0.5034864839069049	0.5731438499431978	0.31641418046328984	0.445609603809914	0.19549100962077848	0.41082934202492266	0.45104808419490633	0.4473148419734845	0.5925227412952748	0.4410441432492	0.46690370144533716	0.4817989738524717	0.5416280807447138	0.8124933184750677	0.06557517654385459	0.3069384431593899	0.48519432639901694	0.3981903893533472	0.21631946577913325	0.4824243430142483	0.6894025782410952	0.45132115219006474	0.42518830567196886	0.5880726278446142	0.49445024576626406	0.8315245269084959	0.685581751204883	0.3080055329315523	0.5943929787970756	0.2648077682206291	0.7329274216225766	0.24591574313206727	0.8255191023029809	0.591039208219476	0.41054535425628025	0.6945365665463064	0.4659417858354084	0.5613888385768471	0.37131808469553446	0.5136548074003718	0.7235774615032634	0.8784240677577355	0.5571791335560824	0.23838147021488776	0.7811855134382126	0.26732522464032277	0.22424583889568836	0.7859478143616399	0.5811107790621993	0.4272949306601295	0.6776904181413352	0.5493422634499483	0.2937288128704003	0.6294366066385357	0.7477931453423385	0.47210266691783964	0.6883517817271582	0.38528388707286393	0.5680653198370218	0.721345329635718	0.6562575274920586	0.7446810048870804	0.42248294612920245	0.755495922018685	0.4181552419254161	0.6764663897518899	0.7022643125429858	0.40488516147372744	0.33310774341670024	0.525052518794341	0.49972359959096013	0.15267521113572785	0.6098208630419248	0.5192585798619545	0.653474192068564	0.4379974480818647	0.5187589086891091	0.47164224274489563
shell	0.3734281991642656	0.8709523005294146	0.24785443964582277	0.39758965230792737	0.7048336343869608	0.5403555456020651	0.3786008589776263	0.3862670648609449	0.40637063278215185	0.5824810440083801	0.4209557628352961	0.3482105547007717	0.5472304245446798	0.08735270566555103	0.3404644212146163	0.8102979318724188	0.674564395550127	0.8884254817932334	0.19449549707998148	0.2884428368523761	0.30365490543914037	0.4078982785339491	0.20446535193230977	0.95441958095428	0.15017494240523732	0.6572156392029742	0.09450154616353912	0.6498196535488097	0.4870601225941652	0.5015490659630415	0.4035101246221328	0.2119282938441739	0.5788221782956746	0.2921948814207508	0.4196496424551402	0.6351808264490678	0.20517527161307525	0.5577744582349007	0.389677721719339	0.5837949051174638	0.6129924233275966	0.5494164658439119	0.5161129024225555	0.4555404493144602	0.5358563314095537	0.5921161768009165	0.6293413205617495	0.3393454440334599	0.0518524433548222	0.5576662324874514	0.29380504994296575	0.24160746156934326	0.4667152313726496	0.9298219542025734	0.7028801649470425	0.06580664361338934	0.31704032875892074	0.3719418285883942	0.23185516311575988	0.5559366306793246	0.4683688306398588	0.2882537892729964	0.675885692517669	0.6906049872912545	0.7817938975926895	0.2692287000820993	0.5220425096658753	0.3729850737074208	0.717029929409936	0.6814502446089507	0.49231047420513324	0.38779391003508146	0.4299084273288324	0.6195601941432258	0.2751769860289289	0.16556964415096376	0.48663275470524003	0.6442790595575253	0.5727852645511384	0.3117131984292268	0.4598368562430027	0.430110219188225	0.9560810944200726	0.7818583183313128	0.18341845471250984	0.29037597957117317	0.5496046208225396	0.32779541076974733	0.763695239029614	0.42370181840749627	0.4388094482460866	0.7710635737842901	0.5404416251214712	0.7112505970392471	0.32837418995824447	0.5544023127682507	0.04096317172107988	0.4260103498838345	0.7593447286471151	0.8519744371284546	0.3505071744908895	0.4693443426063854	0.7230382011301716	0.3932382510577487	0.5911353539450922	0.279196640229173	0.5464627617682757	0.6473422245925174	0.6964311880087021	0.4380723468326359	0.4889863811025199	0.6662102736946268	0.24806368345875263	0.5314443427564534	0.6579007495152197	0.38010683349188584	0.5929640079310923	0.2570561061254292	0.3034920324620031	0.6659036179534309	0.20050990314438868	0.6614867903323831	0.5083879105090634	0.6800383694503997	0.6160988945474021	0.7199644946415812	0.5091877484576366	0.29999581073468423	0.6824565187229857	0.6103027224447779	0.5808961323566606	0.3477851130184496	0.49355619113075605	0.44924197243458125	0.3837363487866613	0.5769714182709156	0.7193679225986493	0.5881842706275353	0.5162309182389611	0.3620399657368816	0.3894266938144253	0.46280874938117783	0.6977425261833508	0.6314119444763902	0.4524912504038675	0.5382454654436767	0.2861898245827412	0.32571592422322254	0.8551114654217973	0.540250749143833	0.37182748108746705	0.5600402819959492	0.3089478576980271	0.24714596889225365	0.15931045868304233	0.2754687136574919	0.33739599250632635	1.0	0.5792077242932135	0.5459402234805749	0.4319903468309961	0.552314033451552	0.38435226090057156	0.7636396262109479	0.48207262065355855	0.41561741654183015	0.6999002593936756	0.5632233425722198	0.7561547864500868	0.3345047011546294	0.25116339835432583	0.4969134672801868	0.9080567271318727	0.41233210054421054	0.2026327448319017	0.2369838924746954	0.4877897683561253	0.3304355229275716	0.46653210797134087	0.48994945078371926	0.4680824488039812	0.6587933791891528	0.7329913455970193	0.991880139209381	0.45105847927512477	0.4563132005721459	0.3344796020120571	0.4784926344428838	0.3201961138885071	0.5483405305981747	0.41633569001414455	0.35427074914748874	0.25637518436981976	0.35824658146924565	0.6655560604675543	0.6999665398560599	0.19084619096240352	0.9525348272580632	0.3171706246022077	0.5989785400713439	0.42803084986051254	0.5039600469920571	0.7108201093987139	0.2259845595938375	0.45222612105683296	0.880491909547847	0.3928071360059906	0.5229994401690687	0.9195343294354034	0.5496013802102403	0.47364432328472494	0.5349787595772857	0.4012344348681502	0.4600694459898723	0.3632816839838758	0.7771339320509038	0.36287088739380813	0.7246753209422898	0.6739399779272711	0.6103180450808354	0.6793115354202323	0.5591414100497376	0.4933288237065008	0.3949810036759262	0.3767422778097609	0.3261752558273524	0.5575132676891231	0.21237042505308057	0.738341350306732	0.7846985456207315	0.15747279438493605	0.6871632123821609	0.42535601355239905	0.5566208986796614	0.501951988583486	0.5478779547850567	0.6991449864990598	0.3993204368000024	0.6187445231627429	0.7177413468036601	0.1786884130445099	0.5570793641052659	0.7708508682460418	0.38521626992736474	0.5379686163307874	0.5620333591570508	0.5595857250061835	0.3426490220525848	0.31269745608143096	0.7373717050575596	0.5274008338521182	0.8585521752379108	0.1295533194900771	0.5152329280462553	0.8627041599044357	0.43153203574744836	0.3954187704083306	0.3481183470248212	0.4950152531019346	0.6569486993239975	0.6967501710035481	0.3768514797301687	0.46287970252719357	0.7152464207793057	0.2038114631285236	0.5974362643611565	0.20556866077268915	0.9095788243244358	0.6023203544349163	0.5729454657842575	0.7248256049088003	0.7891375239874752	0.4866045319083233	0.3220855882780619	0.6737521722955511	0.3389518337128169	0.6954740536176405	0.4180081988079585	0.5737967723367993	0.5910366190553608	0.21996918199257595	0.5190948813211373	0.5868638768057207	0.6612378904620844	0.5673642079927537	0.6731932150441065	0.551127069444033	0.44525633943229964	0.29626287808362717	0.6653738748670773	0.5367966625023967	0.26184882315750446	0.47958844276454854	0.4618119734143915	0.6256539502352714	0.3711280366762546	0.3622998140912537	0.6555924332713058	0.4068409832222599	0.2701053762916895	0.47394034475118874	0.3762127139709631	0.3953256888177229	0.41646392698834356	0.27487958637537413	0.36095065430421797	0.19294687498273094	0.2303904276333419	0.5579593141306557	0.5096528954406921	0.26848206143388753	0.7487598769397676	0.73255719582383	0.7312509606521717	0.4126376525899567	0.4962533720271732	0.461056280365156	0.8017327045898792	0.40825256953143724	0.5362245224139431	0.5554897836273519	0.558144278535859	0.44519100537055	0.2890917384037098	0.384882172902539	0.289655710074615	0.5049765208955649	0.46881404968172957	0.3300029481035842	0.5230607928917923	0.6403727440108781	0.6186556317542975	0.23786363301778143	0.5125009230451384	0.4231238037774676	0.740131720020871	0.46693142152539163	0.6496042054120638	0.002076623702966074	0.33703880309736856	0.5077944928145522	0.3652599203079595	0.520079723452783	0.8466856820294029	0.668716156467046	0.6383168087322348	0.6391867899400849	0.6178769023992742	0.3417712090472495	0.42150063744703115	0.43297174217340145	0.7162504204711712	0.5304895017002396	0.8435122547709714	0.6495942302904557	0.4163629044541142	0.6564973528568471	0.6572752452133537	0.7173418403073641	0.45038864606353013	0.6335964323885236	0.392730710482079	0.6063838709164758	0.6580496793048782	0.5462337142241425	0.18562391513193394	0.7306061737909723	0.042626325115015185	0.7395647016598441	0.7567106022141661	0.2747111888637572	0.45194522054284186	0.6656883028697311	0.5869896637006192	0.7285363113015085	0.5408853360393573	0.5773740061058787	0.5087054460101473	0.4030013761288196	0.37221334568672376	0.2879247744218525	0.4826925343184991	0.7055796527018552	0.5908147822626181	0.4833933391835944	0.4971726641886336	0.7269301757049236	0.4991755534741784	0.43405914477074786	0.3066527542643223	0.03735376596463541	0.2862378594168858	0.6612350327595592	0.5289640628359598	0.8041610859514757	0.29579400080821416	0.5113466006596177	0.39547589129789507	0.4621344432057532	0.54528079127533
shrimp	0.6034774782331874	0.4975067790071033	0.6371998995586156	0.5611806925816203	0.6857238667686503	0.8588378425263297	0.5792465121073549	0.4620523768743461	0.8121604778864924	0.31469103432403156	0.31145050296040544	0.15799584452801477	0.4647880623838122	0.5144692797097308	0.3795905753541193	0.6566194560823712	0.3492072045731065	0.4945153450952784	0.17683388207863154	0.5763455514972441	0.3701204464602601	0.41152983969031737	0.13635438668825295	0.2349632095395055	0.6661416605859727	0.7815564418494318	0.38589410318403317	0.6987736918399097	0.7173724441370432	0.5460875819712605	0.6570155604517324	0.22012950556164904	0.40388292196638204	0.6308651070036602	0.6168840064431342	0.1971334447057404	0.3762101423671513	0.35510436097627823	0.8687332699109247	0.47611933842970583	0.5767564759630506	0.5550372266821119	0.5313847815808037	0.6310139952772655	0.5894702945594607	0.6059986935889089	0.669861359882147	0.8168560329841942	0.2556173531178348	0.5549362730864413	0.4265773362562512	0.2834142070205992	0.15091764955690073	0.41738328169906175	0.6017318840839084	0.38809137894506246	0.6610716572050943	0.3522970178884446	0.48104801659277485	0.5005248859253546	0.540244205470206	0.31483475102515	0.04760739813543036	0.45478091867938875	0.40587307859404664	0.10962128998499215	0.1502697208900327	0.46496100787845723	0.4586049613562117	0.5079701104167241	0.7679363870419174	0.3483281004131535	0.4879862226610509	0.5245917001888359	0.15830069320211404	0.4939156567815852	0.692695839632469	0.47720131690152356	0.18089541480691113	0.5739448673855263	0.6351826295425708	0.5632714951277684	0.2963731880241015	0.4411141885046696	0.6661706915862898	0.7587402289014615	0.4761405575722747	0.5846141151512081	0.6032772916516056	0.21762602463210068	0.4555267029665772	0.5999284803097276	0.5652622382770136	0.6617481236761592	0.3468327367061561	0.8675047621872558	0.2380774152486816	0.5246502531586048	0.47129893914159715	0.3168023838825214	0.644885262161333	0.5573421158914238	0.7649442807375413	0.6537939076479763	0.7353742405495558	0.9128783493928323	0.3031967516377603	0.9619824331149076	0.7967909584216994	0.0	0.546781658289722	0.6873573838198137	0.26018555589093784	0.4984265021716327	0.13140702267354054	0.6456624001386191	0.7727976830299745	0.24626873529980817	0.5286112150451936	0.7285854596076446	0.667703152842537	0.5749140233037409	0.10939943842220562	0.2738378436815851	0.28073456929925866	0.6128360534979453	0.3466900004400255	0.5763609183538605	0.6158524298435822	0.755416537630242	0.6651297525425781	0.6757274254142687	0.39684996553844576	0.5254187714285501	0.3743638153992822	0.7903404720018824	0.39313632706543233	0.4676212018152015	0.5295370305843862	0.8276602510983052	0.17813715389867862	0.6649447166380016	0.6054005407718637	0.2476533399961122	0.5482373163017096	0.4359072757368639	0.3661863411177688	0.6120250829350696	0.6320704912494421	0.3113088638203385	0.564379619538891	0.701704387806778	0.42583172252211776	0.5928538501402979	0.31883555702544686	0.4399994984191288	0.5136419253741119	0.604790801254082	0.41241970196742667	0.3928561820726129	0.5374131675911116	0.2606913821276405	0.41329847447055107	0.3071560067903267	0.057826752360030764	0.3202872482737865	0.6890599046848261	0.6147601564734987	0.6415021392314395	0.5548922682069126	0.47235602366651075	0.5830718331035762	0.37417039981840994	0.5669710291111223	0.5075216993329958	0.4437549339789393	0.4635954381143554	0.31096937989342216	0.6513520847486972	0.6598102210834723	0.644072791298689	0.42239188286388024	0.7440130312310572	0.8842109770385325	0.6161114184688371	0.5076157081258282	0.26512080381130776	0.22729401128359106	0.5624307503993075	0.6043996460065716	0.5247260556422864	0.638405303083431	0.48630992913040455	0.5044293873650091	0.5848436031590033	0.8105827612649401	0.6192330375694345	0.23214870069421	0.4871884452390952	0.5266734287797368	0.41136575388985647	0.6786357893008976	0.34207429129281314	0.4885169838982739	0.43106160504014696	0.6885142881489646	0.6903471594789726	0.7718650379266503	0.8686865054730103	0.48189178325055443	0.3501434621143801	0.31644591268946454	0.607888647775831	0.4528020246928141	0.6914580649915012	0.408533156580021	0.3016259508295829	0.575108258086601	0.5358475292390884	0.5973499226721927	0.24570510409812835	0.2726531404082605	0.8102762354075922	0.7629182726505517	0.2862670948181475	0.26940399831447026	0.6741276359468771	0.26989692745157823	0.7290882999249337	0.427130498724897	0.772516524678223	0.545922037077068	0.7021885308072361	0.40964549970079855	0.3867579555773891	0.5550696837926542	0.42421292741614164	0.5776803176438453	0.4733712216047216	0.8813234911780607	0.5007602379565491	0.7114508093275719	0.9368753626066577	0.461887505697563	0.3204195837211833	0.8479814420823977	0.7913390438624521	0.3623432275116343	0.5578588373248643	0.48326336497047984	0.46053206924439116	0.746692862796359	0.5836660300928508	0.3802358818701217	0.540497484464789	0.3385579468169862	0.21484443485663873	0.5559538325013563	0.7515093007783681	0.5438279461018882	0.3036335347339531	0.5110836284252617	0.6984163154172027	0.4725934972126817	0.6168973265280815	0.3991075141413172	0.3735706515249433	0.3603884319603218	0.4396264921695213	0.6646242841597797	0.4390628247588526	0.5422822840180702	0.20137513354680184	0.42940635546634637	0.6518813510521515	0.43090669453096714	0.42878788555319136	0.0	0.4034862088570768	0.6517056317333721	0.44010915893817015	0.2324052588076965	0.581136853355598	0.4762212420380208	0.4796545814426496	0.7393216691341122	0.7730101013280282	0.23586213407236098	0.6227340346924438	0.5479961425527424	0.3202588591148374	0.46531745718781165	0.33943338940728396	0.7235038477696538	1.0	0.5117292048536894	0.6249815841007964	0.44619216257417516	0.3149322607303812	0.5145076889760131	0.23876897013389808	0.5152130587959489	0.3456180975711932	0.38894068914057	0.5994343548001361	0.3915152804245766	0.46671718537696805	0.25971198140303675	0.45072414555730833	0.33980277630047134	0.3863549683888119	0.741643858309315	0.7591975343661435	0.5520562946874001	0.3446417674616973	0.7169778678186789	0.4627074952228546	0.4825760525299552	0.6740441800180181	0.41705789654330605	0.040495666904502015	0.6256314335849512	0.1818212798462122	0.6908588995329693	0.4238718689881597	0.5031577913791104	0.51993206122234	0.458523378188435	0.35793915118450287	0.5616070526998257	0.548206263000202	0.6292479525757422	0.42316666648118983	0.5060387280096236	0.39911913525920684	0.6084408012953775	0.4262331106632695	0.4880491222840696	0.43661703309473116	0.2777795053546005	0.7556823544057185	0.32896626216607255	0.14006905756162125	0.5166615299539002	0.7011941002728013	0.49797718619023057	0.4385040034672871	0.6271904375464432	0.6129406319813113	0.27701607436239273	0.36203304618882887	0.2536033376618409	0.5480587473311922	0.6977301076176741	0.5700228301392615	0.0	0.5805148227355337	0.7106117713797393	0.6367937571192814	0.601186711354441	0.5244042972943812	0.8223908677859959	0.3635008849317152	0.3721567117306711	0.6380027670744401	0.4219613205218208	0.4319123372073992	0.5874174894762081	0.7136244464595523	0.6126795468958874	0.20261956639794337	0.619767224829241	0.6380974085894724	0.508544068119707	0.047017478257040946	0.19401783029011055	0.5541225781295033	0.39057409431310885	0.42999948306529495	0.4625750219853663	0.3710086244870331	0.5034214232348334	0.23492002546766472	0.2837753770031281	0.05121596837921971	0.290954285704818	0.6886448672726078	0.907281043470072	0.4162817711293721	0.2529247324364824	0.5533882166617212	0.30415135695336715	0.7350417769847181	0.35261836707977484	0.6941628904180862	0.5193187961130159	0.6260994469899204	0.36403566584456704	0.5303990364344265	0.4523480835682939
sidewinder	0.7028796317635094	0.637587021805167	0.5491834836581045	0.8038752158910234	0.762222855055859	0.8254415004257111	0.4503566921969225	0.3441996382864706	0.6851765059499153	0.20409460719487238	0.26599441005761537	0.46535811645625785	0.6526969135846636	0.6795367256716962	0.5419000705378177	0.8810305414471119	0.12465311517153815	0.530184683100368	0.280438497836561	0.20651621134367842	0.3165996207347655	0.4102653789507154	0.4882306802054426	0.32137778798030087	0.456739212693054	0.7773117722177865	0.4296368313859865	0.2686976459473863	0.27412803737920977	0.7389621940740092	0.5533670228916815	0.519223341631901	0.6746479876490905	0.5416102560179153	0.5632438981097778	0.53247281289451	0.8929536294954613	0.6385202281143283	0.5857319916532205	0.5999149786094117	0.44692664420411743	0.47399005034595504	0.6097725597034135	0.6117863187562151	0.46457315854511416	0.41574458103167167	0.29271754502232095	0.49125007520980657	0.42720630598522846	0.04688470921252552	0.103087992754337	0.6336205665509504	0.6075090839144124	0.6151339329311979	0.42308279626400874	0.3681456758404345	0.4823532474789412	0.24788848528918794	0.4332113472161188	0.4220111612103401	0.5417352932925826	0.8006008246209781	0.49206827429258376	0.7091983119347444	0.6318485786936231	0.23151613388193673	0.5325899480621595	0.4517068672449535	0.4124451314073232	0.6303929363186019	0.40902638085320014	0.738730355586035	0.548117398076553	0.7790669788989306	0.36162038430165144	0.6486261957160686	0.45909846524048736	0.2645766757657314	0.5320074282012278	0.07772621017363945	0.5685932650388059	0.30752674316422923	0.2995745039042459	0.3030570538162819	0.5077701882951274	0.4888169243751333	0.48267614889327853	0.5841947961736986	0.8110862035757318	0.5616595210632093	0.3007471980520706	0.5419445898924651	0.3274396160858568	0.5608624497898897	0.14668399576788632	0.4808322444908915	0.384260651286194	0.3698117347136425	0.5166698251706865	0.4061138410033084	0.6262423395207609	0.7227372567541616	0.5615258104858776	0.5044588733215463	0.7520307157526397	0.6033583401085658	0.4563342404883104	0.398425913645177	0.34514189259203293	0.7881991995791536	0.5498412058963765	0.9913604797724132	0.6937628287502513	0.7902528830264778	0.19685948728057956	0.7770859945977713	0.6394823255158515	0.4368044928238312	0.6355443259834048	0.510999607345079	0.5503330221696574	0.47342703688095544	0.5272467355253999	0.27964371776493907	0.2740349520443284	0.43991029463186804	0.8217695230581821	0.49003355212438465	0.46409838752968946	0.4697151141806954	0.42420838370303127	0.3100999170341725	0.38454377514846816	0.4273742629046953	0.5976104362375245	0.793806019769995	0.516018220398878	0.5501011173401641	0.6346626458854813	0.9403607707944479	0.3873933998103469	0.12534791665864953	0.810071759978511	0.46045269607163014	0.5244281775613695	0.4436702409774179	0.581014462687481	0.876075034044816	0.34907131743792386	0.6125678403703025	0.6005088903199405	0.3042157110478483	0.6621640066877256	0.6015867475945915	0.37975460141599776	0.6384570204180721	0.3920567506462222	0.5465606148915478	1.0	0.5895255184863188	0.41958038421787824	0.5737401693428812	0.8657326739636284	0.5218832445643364	0.606095541923323	0.5908759061925196	0.5267312309141935	0.651567206012316	0.3407809277719476	0.364469699236593	0.31327025723447927	0.30124120326245285	0.29015139449889177	0.4085959202196375	0.5426422009602344	0.12326044366489569	0.6748557438758648	0.7011668181542372	0.5578405290329864	0.41070603896800173	0.6830109972389314	0.1780727753563201	0.40004080779932116	0.5002757083215882	0.47323987094311903	0.5142588176919703	0.40981198284810694	0.24531236669980008	0.8288921976814085	0.45328557170583444	0.5915711932985815	0.3065737597682717	0.29103152327247594	0.4480482413317368	0.7699010415475931	0.4766976800078763	0.4578025222084235	0.48692625713635723	0.3288412468407787	0.38234849882645144	0.6323158359374278	0.521889817969937	0.4645728867334141	0.6805086473602185	0.3815347799770271	0.40169358841885194	0.6072941345836901	0.6106589578226509	0.4713094634526141	0.3853923003802868	0.6772566139924618	0.30893746338805433	0.5577331807720732	0.43628518178759634	0.5186424571112449	0.33701353106398335	0.5229511590169447	0.0	0.6557372812001709	0.42846122410560106	0.4074676113391458	0.21661806277763387	0.4129216433081788	0.5979426869763169	0.5681526712767878	0.6039150560217084	0.5224713021496105	0.5989216859528166	0.7782290441269358	0.5948315856815494	0.3040098662055199	0.5014695164061322	0.6148072236975813	0.9167521834162464	0.3702088065480085	0.6701599933134301	0.7755687691929175	0.6398583163931225	0.34809961457741856	0.4740568267165818	0.7816114370896485	0.34158772954649663	0.6148162895670239	0.33281052417141355	0.4399879538466681	0.6480922988342872	0.48778493189136823	0.49487118816297176	0.36613320981864017	0.5446970967616602	0.39298520016123784	0.4322964076814424	0.36900149942396754	0.3330128310434657	0.4551344638498887	0.1423755049972069	0.4152127819440323	0.6413924174911215	0.5060289812992094	0.6261711361154287	0.7520466975282882	0.4832465725151385	0.6707870097675751	0.5519731274026469	0.1939351904259738	0.41125107071491096	0.1493966268801638	0.4861494289200286	0.6652408348488588	0.4422366590247499	0.5510304560003209	0.6655908052454952	0.7358082637789252	0.5768997798919051	0.5436016396811936	0.1344947080748451	0.4960774383767373	0.8630616158213119	0.18758915623627326	0.39575529603370774	0.7465032320058446	0.22601104668756647	0.5982983090241335	0.14023126269921443	0.5571520485475933	0.42267493366796116	0.6844539936417802	0.5185313850797589	0.574496634172099	0.35636282764885335	0.5262334154892362	0.3879305472029125	0.5781155930602718	0.30487459914925225	0.3261237522887846	0.44239020084776515	0.5211460892618328	0.5277962082329155	0.42952868750846745	0.5716438339847241	0.548947763870461	0.7045624384135644	0.6424669413171411	0.2565761555930153	0.3266026673285414	0.35900865829558604	0.2858494933660404	0.6632066072745247	0.2529016393440273	0.4870208866081039	0.4412436613841182	0.6612794982893238	0.4771942874846114	0.5806286981316241	0.13286758027141943	0.32788660516018026	0.17394460505032572	0.47595505316050984	0.46313136740743965	0.9999999999999999	0.3716188004186996	0.34436446831124157	0.3986233465218275	0.6314053306549631	0.5507201186401802	0.46827213168588344	0.39446419829366597	0.40010565418527977	0.23097494080931308	0.6821104997084766	0.3111378760116741	0.8212028926292515	0.40316857744802814	0.7968698908682441	0.5731359875023951	0.7053942063006373	0.6433404110210263	0.7168286902037622	0.48583428582330523	0.4930576584581139	0.48905766774532755	0.6991373656610101	0.34232296581470306	0.16767569399267246	0.22491013015085418	0.6171712633586042	0.5697242669833533	0.12125670148082945	0.5580902530737274	0.6425627603860442	0.13362811065748698	0.6375607906063485	0.4093894912969123	0.39663205200479434	0.26868883963687473	0.4571569337649229	0.729424639839418	0.8231485755566	0.4652395098926121	0.36103727691216436	0.38972723416340893	0.6079113549553291	0.6403459695596659	0.6645193624402059	0.6260190732706795	0.5154861178285397	0.4955438616736243	0.7463371301421002	0.3204196709980389	0.5301340086305136	0.3583169247637731	0.40461933562551783	0.31402438410537065	0.45473162398953026	0.20281611071603745	0.49896895428781574	0.647086023298482	0.3970508979855789	0.5967815571436561	0.33912457602182844	0.5346103854508306	0.4233767761372096	0.8906277939286877	0.691276134145026	0.3285501348208075	0.40989768215708794	0.563361678192801	0.5342063646074756	0.32551391150957965	0.5472875574884695	0.8746260267289301	0.46687397697698585	0.5264299030966839	0.517711913408123	0.872539139453636	0.748491656137708	0.1130219043687477	0.14771375345471005	0.5091046780812235	0.3294418221577758
silkworm	0.695403865989094	0.699882045876873	0.1300114421843091	0.8546682075515788	0.6504383313990759	0.45917926396661146	0.6675247911857798	0.4957905911826059	0.47956595002244756	0.5673587398819798	0.04817033824869765	0.5146850755773658	0.34994817364007047	0.6510671399896422	0.817814016617447	0.6866503035288967	0.7347088194459795	0.7459631313710541	0.5913814555491137	0.4425478798318586	0.5905014345531773	0.27729799987394393	0.8036043106327324	0.8104237680203044	0.22563226179517196	0.5651521585414933	0.7084258831079548	0.09311471143174149	0.6191703207509706	0.54923750876984	0.42993963828010084	0.20969939310225544	0.22894976405567444	0.6146894822931066	0.33975087465453696	0.6472673398898416	0.7571384509147233	0.3813847498824678	0.8878365631208215	0.6272837129742515	0.4842420572113759	0.6278464409554518	0.03817139970463718	0.4087894707240693	0.4357578249126593	0.6802186308176842	0.8253096023687214	0.751696631550683	0.5180438046050317	0.6744087781146972	0.4237951207383954	0.5194572127276076	0.5964629098626414	0.520841885743141	0.6658189001747278	0.6102034783452794	0.7130390345377738	0.33384482780751024	0.0667927747848368	0.5289611532788233	0.39142103097363273	0.6688961174786486	0.16730353575852008	0.7158354596439814	0.3374570871653188	0.39978637054844013	0.40225658492706906	0.7041018169002818	0.6792997965710459	0.05446568603843216	0.7356071549331017	0.14648166930655432	0.7788404672678624	0.3982695571818753	0.37984763940000765	0.3440310247108408	0.6500392047442984	0.39729578503334595	0.46609204684889527	0.41661001087542315	0.4814428114092686	0.5081808327463267	0.5235629238664634	0.4761916794188386	0.4060713799933649	0.31177275398369875	0.6372937105502294	0.4039110609780853	0.63036823155639	0.6100086910537644	0.24489301924906592	0.3661692455217377	0.552522908710836	1.0	0.6545714286680242	0.6913207301988342	0.3877808683964098	0.7100518987656323	0.23191298052573475	0.29079039202113616	0.7639253829374164	0.22498543578136565	0.28550996150098906	0.5020483095459799	0.5180584170651633	0.55705222598182	0.6535249766458149	0.4260743407535518	0.39457996883540897	0.6701560102750201	0.4665984312973964	0.6836252441805393	0.17368601566552702	0.5395375042905226	0.8226710389164684	0.8862611353672938	0.465296880276865	0.24258256577430712	0.22187857573289915	0.27916258991698895	0.41601161008544313	0.32531452480572853	0.5790831749572249	0.5590264642485083	0.4994960375044663	0.36188995162600573	0.28990496926335607	0.29367500971432464	0.6217148403254874	0.5990176991670174	0.13399123052858603	0.27539970172987394	0.6972062080061971	0.4911780724925328	0.40020783429800905	0.670176321863408	0.7857716176218386	0.29637990196922487	0.7586011570893668	0.4375335069592637	0.7108362302445812	0.5344277183245711	0.49453592442216543	0.3796424092527292	0.18725304763270434	0.4450578659999529	0.6073001170170961	0.432489917275915	0.9640034773582855	0.42519981893006487	0.6781987230902554	0.5875685651662281	0.46760836820284013	0.17815574108354348	0.6621832663025912	0.401261280925654	0.6797782651102245	0.4326865772998042	0.0951492317553807	0.6991507794381034	0.6981639392792484	0.45977618228638206	0.22614325911814465	0.4766563953876327	0.33930379326561033	0.18974554965508517	1.0	0.5641919847280136	0.3754279480045701	0.5995794505554801	1.0	0.39747418483553326	0.07747372765550747	0.7438247439440886	0.6583929955953843	0.8348206278685684	0.38015930907755535	0.6926342664372865	0.8371036886026981	0.6037034222180094	0.6274410469672161	0.34943417278407063	0.6060808942469474	0.2663126319795996	0.41887960073072844	0.839228928199389	0.37778221808602364	0.6779190863399258	0.6050339845589586	0.7355176741719613	0.5280496071442919	0.5262673417882691	0.7140551994792037	0.557999337581079	0.5270456295877699	0.5818127120015355	0.7591848779742718	0.43604373875181357	0.8248196181840404	0.6650472464371304	0.4334016485881045	0.2966298646197612	0.5173091652292634	0.42328320461289154	0.8933020673265419	0.6401452638010742	0.407009785602265	0.372835978699194	0.6727466356822753	0.3725489359670933	0.5786252537238527	0.3506871329706219	0.6130353752959857	0.4767769289922488	0.09505949520756651	0.7648605431317639	0.397906929406098	0.40254179534592505	0.5896844645713916	0.3427428160548804	0.279924622423567	0.24547056713061635	0.21872817929853167	0.5189731611624431	0.6743839992814457	0.18555417685659212	0.5042073765262379	0.24002600803749236	0.4581979254015719	0.6003918436291134	0.6901591945588189	0.12436445777297378	0.6595330657742738	0.34663847291527317	0.25492611006053373	0.5985569361919335	0.5615778540142846	0.7387450076494411	0.5082456434006937	0.247424737859413	0.5644036094149479	0.4175092735706885	0.8667135505699219	0.39590067565580406	0.5806049161143597	0.5802979561054358	0.6115239533137706	0.6134489891195118	0.4781529059728674	0.1673832652330819	0.1375282241967363	0.19887270152832537	0.4396105715540945	0.6694081985417801	0.07670314655087845	0.7213566779980823	0.6325056379588718	0.5186489468863174	0.7636938782682641	0.4808585980678084	0.5649751969772783	0.4649369132611243	0.6134997574036599	0.6454854192314649	0.5280403170240975	0.7335963108045862	0.716300833555362	0.7563704345296014	0.582525821072364	0.5643509926139926	0.47852426147424465	0.41613793757979795	0.45012107132321855	0.33905625024303	0.5692466708357415	0.10989119524103885	0.36023213190706743	0.4488982756005182	0.6680045534537788	0.0	0.49876753269678675	0.559128241255493	0.5400157115209958	0.2636819607958282	0.35310830101811874	0.6124339602910324	0.350958961792473	0.16329617033563515	0.24461342102785555	0.5890860342007931	0.4528533241446567	0.5811935953406309	0.7083287764085499	0.33527955540489907	0.13354651576752619	0.5047189299451804	0.32826074993200344	0.5873995514283242	0.4078798294618474	0.545946346852875	0.2783865041568666	0.43295176796195295	0.6533690820003565	0.7238270459869273	0.822776727798623	0.5331097393091597	0.0686140167625639	0.5736046772568986	0.6072660982401987	0.4753106069273755	0.6944128926912094	0.49808518587871764	0.4783291970492293	0.12950027073664105	0.3324240187447607	0.7468312969575601	0.7073561420427905	0.6985389103961224	0.2938522319044301	0.6033927537774952	0.6686561704750928	0.27300050409881343	0.8496527581665274	0.24483681122143786	0.6090168153215724	0.7624827904382403	0.43287775020948055	0.3883249138542955	0.5585729960197514	0.5224398505468617	0.26898939367962355	0.3034446379962622	0.5137227123438987	0.5652081418962438	0.45509644990475745	0.8205922629134422	0.47509659049965347	0.6961651827504334	0.6502368440078733	0.55956659189807	0.8164452679090572	0.6614692917950835	0.5110807646938883	0.4577196754453487	0.6183443137527029	0.517231339432715	0.29197072690451287	0.5067005434706656	0.4340047288618815	0.8667786877115764	0.45375187996071026	0.32027731050819125	0.48488909662139806	0.2511989887432484	0.4742984513693664	0.4949780634703321	0.5165436206433497	0.270336527990506	0.36747536641157597	0.3818363639897345	0.26256143523278924	0.35571241334102593	0.2915540958156106	0.8293233346757476	0.5985462960826847	0.18446910909721945	0.627805781547394	0.5029159487619989	0.16973033220182657	0.6287259519144294	0.410156197568763	0.2290969985059455	0.4395848330493297	0.7781975040254494	0.5730813240878793	0.6959435280950158	0.5702880324196296	0.310255486371698	0.18006076111527702	0.5492365749979685	0.528955768621649	0.24972765151781223	0.7363118233665731	0.5260385853485079	0.2150098345462214	0.298221143553184	0.2879518076262188	0.5497368064319488	0.6041011539169955	0.34598147434128196	0.1442458207529288	0.29566830285141754	0.4412906492926906	0.4225731978247957	0.26023258605579486	0.4763429593883034	0.6029829184995675	0.2747803667937723	0.5516998125505166	0.7890346904790564
skunk	0.47196391372709634	0.5198955875929048	0.6079517535771457	0.5215970330663725	0.4008989514644884	0.13927231333330548	0.508183771701253	0.36938287559073835	0.2877771006968778	0.3883844531569575	0.6257097200280012	0.47582101865522763	0.6376563720312732	0.35574214929777365	0.6416300353227347	0.4321397366042773	0.7059250813847439	0.8105363661539904	0.5851595489622657	0.7789436958879523	0.028141261898051106	0.4813016834377803	0.4079325551796448	0.35520858316724435	0.42800167006314166	0.2714464826288475	0.3239633768777811	0.403034947559511	0.4937249237952065	0.8011530526706935	0.14039671657002806	0.3174973567144093	0.44411655225251423	0.5653008075415504	0.2688285026845475	0.8774691455868102	0.5356013871677494	0.4951793535165159	0.5370789297338407	0.49759617614335017	0.5250702276784712	0.143004178415863	0.4612855250589206	0.7293900091236285	0.4104277770828871	0.30696079696487133	0.6179173443442011	0.5838973853392604	0.3535163485414857	0.6220128030026347	0.880370563246644	0.1403313668143596	0.33432164687205	0.6916024169438832	0.936505398065522	0.48750988782849386	0.7259203396975314	0.26080167051384184	0.3364620240988119	0.4009356772102778	0.2887645469993063	0.3488663966023635	0.920051851968512	0.8741641576388389	0.5552094113789127	0.5976202404151678	0.6710898344916354	0.5140236109711648	0.4792313794700256	0.5944360893549717	0.43058513445721264	0.6411774465736078	0.4944856182385157	0.5339896869833893	0.2942736568209512	0.5762821734777026	0.6095543713744074	0.4816870175813781	0.5520135680409491	0.7004410297011667	0.5675739432613801	0.7213642270004708	0.24351550117413828	0.5991217397801331	0.33333919247442717	0.5114709527862206	0.18901995576536929	0.2095085525623811	0.6683926805994884	0.5293317421849159	0.2617030020480493	0.6123902924541532	0.2748500675652801	0.3142469737338749	0.22992657525998042	0.47432045420631824	0.35740447115822777	0.49357234276758555	0.711689791307634	0.3965286229629001	0.11158198987588713	0.6550997229027744	0.14612917279731602	0.5257196519891869	0.796824056330205	0.11358256920744159	0.5555456603569707	0.3647838079931298	0.5165878253523575	0.41672992829706473	0.3917570222232969	0.5089029853217261	0.23970670154772583	0.308411643085826	0.2759943439536794	0.3149851663489595	0.5469306443781657	0.6752067548018643	0.4996167564445923	0.4602221471454269	0.7179602206235695	0.030784708859481036	0.48185670785766344	0.25031627274958673	0.9679353088000151	0.6666102767231651	0.1899747631119578	0.11194284733750215	0.43715681014535906	0.5578950677639789	0.360085956092692	0.5723509742357094	0.7478358872096327	0.5847294729884172	0.16060888030554688	0.30297886575226674	0.5533876067301106	0.5386076575033637	0.5700927582641776	0.4867226104511646	0.702739118320787	0.6193404653436192	0.44745787131913495	0.4999072318250277	0.5078721287307826	0.6477185658850139	0.4792767525230329	0.5453819170093215	0.5486707910672999	0.2733486539305404	0.3889657442462504	0.5819401295603357	0.36638026689027287	0.2631128705627589	0.20644900426469764	0.6374901626191242	0.4754261990903296	0.42271224048229855	0.5576310772451799	0.8276524857468077	0.634942302466035	0.8436270509842806	0.3156018506436851	0.25822794787701925	0.6251077534042488	0.2777495104569453	0.6038048452038283	0.6910472000363708	0.7598438322011853	0.552996837354444	0.31840794989198123	0.27070059546907793	0.7489547364373218	0.41145960056464737	0.5865590153570713	0.8949841216562379	0.4768232789752568	0.5946447311281166	0.5770043467053193	0.6836951664329007	0.7041698422493119	0.13925804723739282	0.528319125837312	0.3057523139505912	0.15855684450491042	0.5305985267737791	0.7426275587635045	0.32936098305609174	0.4810206283741633	0.4885319822125616	0.18566397275500418	0.37113069284859496	0.3182083303890435	0.22112608725251115	0.296184196378035	0.6835393925396354	0.5358051276084036	0.7528462480133193	0.39862412809891135	0.761340392111564	0.2594842857296615	0.6010665514506848	0.7961301424058731	0.7396343532321269	0.7663131054027146	0.0	0.3469966066337079	0.4864933114760119	0.7297137768527027	0.5971590080023018	0.19174009842350556	0.41469950128783073	0.5545037588247682	0.6855109486168668	0.585309573203376	0.28119861389929435	0.3142919616630294	0.22716781041226675	0.5582710001589497	0.6308472787423908	0.6559675176230959	0.467223140794793	0.6104208364335769	0.15176156345205385	0.41258915790255535	0.6120121750582392	0.46225530348621446	0.4736101169268185	0.5622974016062456	0.30180030977904077	0.48048970477886616	0.45500950346872787	0.4833470182676103	0.5968267935982081	0.6033327786422429	0.2203205114324651	0.14785935337184314	0.5201712510106471	0.6979904743830146	0.48836775068055643	0.2922299608888079	0.4581230078940187	0.6778767081732946	0.09489474810102883	0.5461121902148383	0.3681168318330794	0.4130985764309447	0.2340558942645341	0.12742479118358857	0.82636893380959	0.6120279828808813	0.4175856847437438	0.7010012022761619	0.48490049306583244	0.7727163206625463	0.46299807277811067	0.6187062269689504	0.22530706064007344	0.7645901161431095	0.1395306645221075	0.7655392564504079	0.33537379127804834	0.5086526757873704	0.8584757041134577	0.4715624356164735	0.8574608284066598	0.41190784450446516	0.9357722900618463	0.589172643556272	0.33230349191496555	0.44216107154147116	0.4811397638000277	0.3266390024314988	0.3587634606842471	0.6416570131933257	0.6462812349500777	0.5917341216572716	0.6100788715396619	0.6587202763145723	0.5971130878724393	0.5097785996353976	0.516359663565477	0.42183153498714476	0.37327431231325203	0.424590379691402	0.8010344132199756	0.4536472382283023	0.3043695030799742	0.33733001237105964	0.506176264209474	0.9999999999999999	0.5508637977193334	0.5389715576190202	0.5681807509724361	0.17131973074982532	0.5068263764296147	0.33028994332615996	0.7569879557736015	0.9321815039085292	0.3630594678810776	0.6518713372509717	0.7382020989184952	0.24041249257177327	0.6495150799622798	0.6079807300877204	0.4179172853170933	0.6665953795074138	0.31262528605141526	0.4181469109937046	0.5817208694441817	0.5515459110483917	0.5176800662576837	0.8565414921291886	0.4079741599793173	0.536367918431609	0.5639983431441943	0.936691593627184	0.6336103272068501	0.4652858731444966	0.7569290921690466	0.5131073973408105	0.5191132365619154	0.4484488110233983	0.45482338521194593	0.6535204074515655	0.2709457420800704	0.7757634512834148	0.3667667284562472	0.4124633444108488	0.7008836559483091	0.6662660034100816	0.23824087217457135	0.4507019835133668	0.37901221956565084	0.6858511129891626	0.6928971550387265	0.5361035747596399	0.3446384179109763	0.5592363700198578	0.4843054754174837	0.7242406488822395	0.7970402788124349	0.40311765738325017	0.49543876955167926	0.5061150865939343	0.6225795852297595	0.5921318595227842	0.7379100738608605	0.8928440639582458	0.7316732978903048	0.3609718782614099	0.17675671381526914	0.7200986513095933	0.45206706934125784	0.540938825481823	0.8247059246620119	0.5827588542084832	0.47323113313149384	0.6371427181578839	0.5726597976381826	0.4227806835452035	0.6035169465978829	0.3646750326166204	0.5714582820327663	0.18324911439421165	0.3274551940608478	0.9695570316965829	0.19152329944885327	0.4972813550170745	0.8674267123175751	0.5905921005248654	0.3120446497824374	0.5448658577754693	0.7220258034051372	0.34956527447047164	0.2883992268598402	0.6388368623373668	0.5010431640535626	0.5182280806280254	0.31087340589256063	0.24331451700468365	0.7780263498399214	0.43868103839830974	0.5867926531069958	0.6197408925509553	0.5163854153856581	0.42886587382773994	0.29567864184763787	0.46188938129129203	0.5369924538588169	0.4898569585789291	0.596328059082019	0.40257927719611053	0.513248248317912	0.8226517873929012	0.47963688914522895	0.42009215453717386	0.25704630177868887	0.5584770059956802	0.3490396473662806
sloth	0.3899597231078363	0.39935529482505144	0.4028110146539322	0.08396263030690432	0.3988161107308566	0.8206874419443053	0.6671951684800815	0.3430923331383416	0.4956123803265619	0.25912338612206326	0.33563679442420047	0.20765880984098692	0.7365246677827366	0.569201661158331	0.2850860238900431	0.6504926824759113	0.391811301573217	0.44442353825903	0.2832549562615935	0.5749249311293934	0.058584416893503355	0.6072916099380666	0.05201766375581185	0.40214164285277054	0.6375545959779046	0.9836413631699337	0.6596949195980033	0.33904273373638705	0.3491046953481748	0.8094807702317045	0.7622773249292928	0.46792000074649776	0.7353684519059036	0.5607857216834913	0.5077882374857092	0.4388872106121279	0.7077333102966148	0.44359330283322457	0.4786811141818738	0.5230681147890844	0.7611121579616198	0.7121794813073243	0.4574237030929651	0.5747692339031251	0.7882661975298896	0.5879363106481249	0.5293176479350212	0.37505099875970715	0.4085757464040819	0.08412876577317596	0.2932135153792773	0.45903024275997467	0.21867108575203348	0.9169881600173777	0.0	0.486625256404611	0.5561359895552034	0.6356788334118606	0.4367241754969822	0.18538700342416536	0.8889514383320842	0.6823753312584417	0.5075915462850339	0.9277854583408437	0.4944698035626367	0.5514392945569607	0.7395025351881352	0.8221937718947867	0.47114890540365595	0.47775644189132604	0.7099469658197846	0.5263239582501595	0.480223314264329	0.24066039524981414	0.24367013447462318	0.3004127742319538	0.4531640177820587	0.6639140456809535	0.5843002852158985	0.23491623212074225	0.4497358217193767	0.38909108934856707	0.32430509914963745	0.520378144489849	0.6032511872356201	0.7088631479019001	0.5722132754643113	0.03758787654376694	0.8335254273258093	0.4366722508720793	0.5153897856841386	0.4509827130738324	0.7235886143459941	0.3609661962869224	0.7067201915180914	0.145387808759396	0.5578284958607761	0.6208577936298407	0.4290521814277778	0.42613420559174325	0.6065839771119007	0.27846526365471413	0.9362195730207916	0.3259638224831519	0.43222972154105443	0.3420852886380924	0.3444595125101716	0.5057602754829613	0.5893325766223213	0.40046100735488266	0.5574595823625302	0.31040186904702727	0.5633098398747959	0.45322063841441756	0.5069745994302912	0.5265170899136614	0.32559440285290514	0.3674278231490411	0.594864775020671	0.43393561678866693	0.3425827074715667	0.4809936302909974	0.38338775686706184	0.7865383740111015	0.44010565441494404	0.5519750604412816	0.6530752642268154	0.6773420763476989	0.23395471242680083	0.3515633387471362	0.18845317002835113	0.49326515927668096	0.6451646753637056	0.5738596308843845	0.4291587162100685	0.3017488831816465	0.8044694855011244	0.5495645122084594	0.7369024888957588	0.5581204316105683	0.6100453354979087	0.7461599053554477	0.5925959109780657	0.4010975712140859	0.6102466871476053	0.5092586250796814	0.49642889926499123	0.735086747082621	0.5452302084569248	0.26297642518176306	0.3080558377250314	0.5968863563474753	0.43732628356182784	0.5191138603537169	0.31716864291862645	0.6156434625331673	0.6182316358053221	0.4884032497861561	0.78488104786237	0.37799260223362885	0.16166467034330828	0.700275227490786	0.8097871120520547	0.5167846785990652	0.07113516910611811	0.5728270250566623	0.18841044358836334	0.8568660732382507	0.30197817604997523	0.6904984803244304	0.3049428822283658	0.4852476469892363	0.3086650980955528	0.7677141356364172	0.46216046015720774	0.25778481889156357	0.2750249224586907	0.24059676374728628	0.49071369308548696	0.7060148368716147	0.6568698241953421	0.21955130750019108	0.31482836708123885	0.2985624103497977	0.8766769394511209	0.4226502009675701	0.5102493120225962	0.20517106432672647	0.9420369820222909	0.5644922904611587	0.9150842594848495	0.429676226580364	0.2625463409579631	0.0	0.30329260945533654	0.4906642152039453	0.4694002342311888	0.7784465326544072	0.5876181641650186	0.17208804709710857	0.3575742505823216	0.13604099180543375	0.526751298359862	0.8141278236529692	0.36901268317868385	0.8036364594850662	0.4422672923321792	0.40732017737619985	0.6700083998295551	0.5458719541037215	0.5853871294261324	0.33762934923411747	0.44818431642759726	0.4860471864573397	0.867694086799661	0.19147272946117017	0.5941293340575873	0.3278618059558607	0.6167946578281402	0.5498801810118485	0.7788312917425304	0.4705351027005386	0.37272269132609676	0.42197575640203794	0.6703863108404216	0.5694112462601004	0.7739785486212336	0.44972839662538355	0.6091370257714336	0.3476666853877495	0.2735596777024067	0.5183690433973007	0.6607917192363385	0.5261301524095208	0.4437462359324659	0.7835597445141648	0.2158478085155711	0.6835868633131883	0.6652114738238732	0.4451562597569977	0.4674849809781866	0.42177655900979866	0.7612398783816021	0.5370542200454129	0.3928958749861434	0.4404813892125966	0.5663687596786583	0.4903664874387642	0.46451735260105326	0.7301679215382816	0.5733963550528635	0.5901686376747822	0.32971642574945126	0.5932827233508736	0.33961486371430744	0.5846933102634619	0.5238690739880953	0.5211495877808121	0.22271661901654805	0.44789920600615196	0.41169524407721786	0.612794505437155	0.6351408662972486	0.3601205952671317	0.5658800671691676	0.43504931036946026	0.6362654097648169	0.5506172173283964	0.5725285925889187	0.4522918477413236	0.723070042340311	0.7420935079994921	0.0	0.8542074435399958	0.5407042843519855	0.6446480588585619	0.42214723792280384	0.43459995235976606	0.4357996279960724	0.22197905075321295	0.49039496808932326	0.5618651442237503	0.3342137218927695	0.7494401621337301	0.72201332395234	0.40771175195804177	0.8312416774216229	0.4151870199052167	0.4664574549313853	0.7805873264174892	0.4129973277186527	0.36312431872900053	0.609181133509507	0.4554677878565388	0.64182567956156	0.5329952074776992	0.4519108302922091	0.33575920559757155	0.502437003083791	0.5312093461836702	0.5522210778345769	0.5807536580966259	0.6355887789388864	0.5358612352981028	0.331952237844124	0.5273366942407053	0.5376937080969356	1.0	0.35558029492182275	0.515529253174878	0.6104074680653068	0.33376215540443477	0.6420661278096775	0.26509627471037667	0.43157167774536015	0.3062264574882149	0.38462729740536733	0.10951729061211057	0.24515040304046343	0.7471045339172788	0.5206449967376163	0.4606968739922554	0.3971967688199117	0.588873429854484	0.314649489600244	0.3617353745127595	0.6667983299762442	0.3729996943950343	0.5311647121385726	0.5151051667431139	0.4006592755433132	0.3824357729530773	0.4214602139470983	0.6412136668768014	0.544678918511491	0.44772817881596383	0.6086087727076064	0.56189986991994	0.1881439227940237	0.42505949536503995	0.46376325213998426	0.6125267671029324	0.4655652542929209	0.15304704706413652	0.3761582831615954	0.43946368995073093	0.7424342800958362	0.45328964798336957	0.5636212558335746	0.49492513039290226	0.305371339256249	0.618572298451295	0.7464932103835669	0.4964215077031303	0.4115820555364731	0.34270869384383423	0.794006239807667	0.6264229171373927	0.5647251432969226	0.6486779510826927	0.5418188724238526	0.1957656001520942	0.8118081069713867	0.5535273653806422	0.5999668351248714	0.5291487136286734	0.6213303672561077	0.39641854050721287	0.28094092287668837	0.4994489428515177	0.6406843936074971	0.3373591668615598	0.6556292887210867	0.4301465599291335	0.39015025444014517	0.08757538070880277	0.6751367529019834	0.6510565735259718	0.7052520476204283	0.4816504808302463	0.6007448876364034	0.4887664263296606	0.5267403802370791	0.761709390775978	0.42040676517655046	0.6203240414826641	0.36980208968923617	0.6942567310941015	0.08465776046039497	0.4216713383774172	0.5698772828898243	0.29461823733868764	0.20420227113082845	0.48624711288398315	0.681504271556869	0.5875100200540598	0.40961579683682003	0.6155574332463959	0.4406517001186817	0.5910061659216665
slug	0.11789610257671584	0.38732436992561314	0.3292739748746312	0.44520128796413616	0.778792661477516	0.29181987956132366	0.442474352419838	0.30298175314422854	0.4814520957916776	0.217250095117059	0.9587839357781213	0.2689004079089681	0.8386022805279908	0.6676195598942349	0.37192379483253935	0.1749724711374217	0.49999395012288816	0.37248230608917643	0.3129835860034627	0.4278966482614234	0.3176295320918755	0.4723099260621072	0.445961644422855	0.4643653594225966	0.7001186749150787	0.13560468782030582	0.41849133439457126	0.4295975245215591	0.608718109093024	0.624136875205336	0.4378235714667543	0.3368582937341361	0.6465386302318168	0.7396951106284948	0.6572258891970217	0.7304133845816998	0.472413591754023	0.36778573493328737	0.30008423722718125	0.38450368025578396	0.437049344240509	0.4779722054507903	0.4849320602214082	0.4695650161383824	0.2890791434111771	0.4003879649735135	0.25060224894964883	0.5277237245993499	0.5257562782848686	0.4367052926973173	0.21170756136473864	0.3033004737857832	0.5692961085539113	0.359975768645244	0.5837766427772305	0.22878116710658394	0.46497750628226725	0.27427739477968294	0.7575722104125029	0.6756823863646608	0.511062707208901	0.5354602257532086	0.7644970582728581	0.6296730428151803	0.5707683439064527	0.7230514028526651	0.27175018418843877	0.6462379169052339	0.12632559182119363	0.6157967750166246	0.518264408552092	0.7058999218034615	0.5025757507949603	0.5441769444972195	0.5660891190144866	0.6416696233992776	0.595393335306517	0.5919893207264374	0.983100713523172	0.40221786159793615	0.6119197501561482	0.2930458105649292	0.3555844263124016	0.47094258325087696	0.24828195947243975	0.24445402677189793	0.5868042975491381	0.4929038163378938	0.6402989099538317	0.5607904861950507	0.4219578026264338	0.24050690205591227	0.7082341979146429	0.7516901225125288	0.5563233147519819	0.465939513569522	0.4109347153662512	0.3808804355151464	0.35737533982664227	0.3941535378773527	0.5069700175792247	0.6353986718115798	0.9219753817039469	0.7553209184333576	0.8511286279883788	0.3665612810966182	0.5197061311257939	0.4221985338045231	0.28094920272294666	0.635397862813998	0.37302762674458617	0.5403827567903776	0.5743760684292608	0.5801312233699041	0.6566535974936552	0.4447488070454947	0.27550708718331735	0.535446344075589	0.48306235201370273	0.5492882856510305	0.6376698718798527	0.33604320726195813	0.38771207255697393	0.6362112199093182	0.23235903688522125	0.780381283072722	0.7187801081008185	0.2539514519267855	0.395574491173067	0.3975263592013245	0.6317423341361318	0.5100961768441303	0.41892339586844385	0.41509587921414703	0.59363673240509	0.1471490395776477	0.7102082846321731	0.6159531375954378	0.5114741282002429	0.4678063392434524	0.6526064399355205	0.49095463084733676	0.6821813275243285	0.2518374355418258	0.6209028358510904	0.3736864125675784	0.7752709550877654	0.866526373786335	0.4379320946912381	0.4216693707825353	0.7087708779431734	0.44788381891602824	0.4643893933990776	0.6474053076584734	0.3839273993234935	0.5146563153517006	0.6130253001892519	0.35959483395286684	0.8970345927512602	0.3752796858909989	0.482973329578388	0.6823707017128191	0.358970770630501	0.2960387245206337	0.7518312475411384	0.06709253248934155	0.48335236142207727	0.6474274829642542	0.396409559255393	0.5335594448525556	0.6435325727420353	0.4847069331927732	0.2700044277852844	0.5606924262605323	0.5212868054098513	0.5703607176950087	0.3251238945448491	0.47390430363264013	0.45090716715470697	0.22257223110484042	0.22738849200517058	0.12602174875395333	0.8428900002665927	0.4797053032664591	0.4836833348627928	0.5058655201879257	0.34485248215931275	0.42895171334863486	0.6605556583312047	0.6192636972101366	0.30951448532539566	0.17807507662313798	0.2374242634353127	0.38905943199520454	0.3132457272016286	0.3027165722639663	0.481537761518417	0.5428326638762335	0.2409014144184481	0.614752721797418	0.45385385191215205	0.7419626651115252	0.3969755619590133	0.5817418856430532	0.42761433666755977	0.3431079357487009	0.4322515308547845	0.5859443005410006	0.6566888257811836	0.5422944108618554	0.5076385648467835	0.27147783480175314	0.5087814972905239	0.6631142273710449	0.5090261844946561	0.3544001781084165	0.3211971971146851	0.47892255796889827	0.14020483260138322	0.6091875063667526	0.6966175024770512	0.46673179215905647	0.622431314776986	0.513457277328264	0.2516588126949526	0.702714902670399	0.5822809666346912	0.31264817315805615	0.6902608444048558	0.4132478706478581	0.5668430871214738	0.6404101811364278	0.5123756951257705	0.4839793929978135	0.7069020798946692	0.42183506022790884	0.7087752213459335	0.5099240461596553	0.7847520490156907	0.32402051720348857	0.9728840222349622	0.4545965216959674	0.5823265884923937	0.3516748517479906	0.5488991888143946	0.2795941901705972	0.5744552766984822	0.3837749544189429	0.3458277638577649	0.6364939579795283	0.4488821035224211	0.4087265221546107	0.4847688169364201	0.6042142692766825	0.791049031843708	0.5654893292507752	0.17251295670572359	0.6433601216897874	0.23211047913418698	0.44811023294851654	0.4949940265888844	0.18430568176446777	0.4394466006167462	0.373074719080822	0.5937015266544049	0.40797389152052554	0.4587831693665084	0.8087618168591078	0.7885101432348453	0.603481648605451	0.742297215202915	0.7001845936920845	0.656459505763904	0.3246662528088673	0.19037673791733614	0.5351305182805516	0.6942723318645483	0.546232804664491	0.4277041373636851	0.5089654955027115	0.4655992519575698	0.5317534801193404	0.8706666699245416	0.546609906251395	0.7200264316152443	0.25233712053205093	0.7683582852233196	0.6032867358287948	0.10352201218676765	0.5285345615439065	0.49523418494501603	0.8135947871603242	0.48951676570166947	0.18300034537618004	0.4596394417077575	0.7697950367212831	0.4443711378778902	0.5093307840350637	0.27464217563291604	0.5855042809536604	0.6420310465182371	0.48685085922774374	0.5682941146988032	0.3957301831162019	0.539157019246109	0.42905779835726354	0.39335226511888627	0.44720433744430627	0.41379205040070566	0.7647452921792839	0.6913283539613457	0.6527856379640963	0.7110645953610384	0.5188732877088993	0.8403417622876848	0.6055371298073933	0.36834846765032314	0.34875157126980705	0.08199754985124014	0.6068223564094642	0.22074003051131408	0.5871014368794463	0.5187987445525417	1.0	0.2516616929733584	0.542685092232407	0.3960780870185002	0.20204898959197667	0.5935729232048652	0.46068827620828146	0.7304829419429668	0.6118136279141418	0.46662834416333654	0.359012230548881	0.7481310998761509	0.6719732503606994	0.4135019013096795	0.6813044089518422	0.8096350874158548	0.5449944945861055	0.577106443788285	0.5970295801698083	0.509579672600325	0.39365790533925304	0.45423454921253	0.3964243683762949	0.596574297385547	0.14962988723940207	0.7091210685803331	0.41251965959016984	0.17018538812457684	0.4996423357359594	0.7991072114700982	0.4003800108846288	0.9328170023935942	0.6840316716832862	0.4029772077393541	0.7915003058003844	0.3747811302118278	0.5429422171741154	0.7145365870760556	0.5901908983663288	0.7514215899578723	0.21231514875098967	0.7185290130442541	0.3163065414308159	0.03296297979812224	0.5585120829339915	0.3120011863771568	0.5715847665426746	0.457997759786516	0.18836642483576177	0.4984674429267716	0.5840900062973544	0.42344182419730136	0.8251188442033641	0.8370072209327715	0.281851678721101	0.4912489846111066	0.27618305983865915	0.42662520072290877	0.46639841244735997	0.658731102495078	0.609400411652156	0.3286883895393762	0.8282918500736718	0.6821722298998854	0.5603842738683182	0.6546586059396995	0.410600687729269	0.5638535419791192	0.6244117570974055	0.5123456433641419	0.45537831692508635	0.23470306279846065	0.6352242700082866	0.4229879928064283	0.5447992738127709	0.5998228478518967	0.050587249115468635
snail	0.38943757566504705	0.30928911372231704	0.4657822807503089	0.37331187765041607	0.5292169287657106	0.4925166268574872	0.6022069619352889	0.38786338941435894	0.4632686364794898	0.48098532315143994	0.5071107672896243	0.5768648441845874	0.4539688086626472	0.6917592659550476	0.4236993920010952	0.6085482467522021	0.3014833480432316	0.300346379387642	0.18490086489421081	0.39709995972151346	0.2947892606614784	0.6207826530961976	0.34920657753121676	0.6768725373524134	0.7633472930997797	0.5701748381468574	0.6141670824762008	0.1949973072083998	0.2595574361344986	0.45463014395918183	0.5448891513115571	0.4275669699878175	0.6422059544358824	0.7018633357540038	0.7147005325088005	0.5155222518813997	0.5213137428800885	0.3373746706756924	0.07877927195409556	0.5375703637223872	0.665719608263384	0.5798447506853616	0.6359064005688712	0.8082173350217023	0.5379942835613046	0.46751627342968205	0.5963912427600329	0.41013761904082185	0.5020693120164771	0.567459559271727	0.17729169167683606	0.8061577016540232	0.06280604356826702	0.7552382162310893	0.33278837479540213	0.32175325181978115	0.3791431911969688	0.8122587591654122	0.4601661436134435	0.3494580567363939	0.5138339479367031	0.7769899557301623	0.702551692671127	0.7322592402567807	0.3755877437104735	0.4660804351991661	0.3759985525887914	0.7508952731143987	0.38583621846235283	0.7683454901220993	0.5959880071437805	0.5362508250424207	0.5017391353308575	0.42554492536111865	0.534325173914728	0.34347158373312864	0.45051998036303814	0.48740785050403407	0.3548229226222034	0.5496794323037777	0.4371284469713335	0.636282350806692	0.48168509818119304	0.5866184898449204	0.9145750776996965	0.6109133521172957	0.47044207705613006	0.3147939557911352	0.7721966849955004	0.5249702465936092	0.42364946274543525	0.5225162870201183	0.43702238829447976	0.39481187010173274	0.33332110678692445	0.3100158761574737	0.5239896630464785	0.5828461116005934	0.5903700167370218	0.6779494367025668	0.6055138498971475	0.3955917165405064	0.662767720529219	0.30105920957117993	0.4733872101083195	0.3332905730230098	0.5057918958450832	0.5656150872983846	0.5340655704568377	0.31733649763314586	0.6189350950683704	0.30174171582268144	0.5148318999522382	0.4163406037463462	0.7781844550341384	0.3123406650337505	0.3092027708269157	0.5188649755902351	0.4824048362778881	0.44592524082806806	0.5116808567096556	0.2671562873153168	0.5136853607346434	0.5326174422560734	0.42321915535286014	0.529699322860441	0.8582873017503005	0.24970318221520688	0.583494714797102	0.5705029292985081	0.35647569896533937	0.3548669943417786	0.24247679754436058	0.3678586665312691	0.6478009266059613	0.5506136597982791	0.5973574613263433	0.5181731012293864	0.5759460795423574	0.6523722865753034	0.5704528548793906	0.4592095017653083	0.6730819374151762	0.5252656939000695	0.8982520707286852	0.40485761574951473	0.5072069066598449	0.31251424571346587	0.19777217445901613	0.4366586718239649	0.41183200099621076	0.648410133028975	0.3536179319688988	0.10336381402668543	0.4919865781415785	0.5145453765876474	0.516313864060135	0.6877523721410267	0.6944450142526121	0.30744152303760663	0.41548671934211684	0.5872729832719923	0.5206502481867125	0.2587075653360049	0.6472022550723787	0.3604191125214229	0.23826408816721206	0.6522106958937666	0.3686370745919443	0.394631868629737	0.1795452316130296	0.7076362888408685	0.6784209851668299	0.6619587691838837	0.5135983429318072	0.5892237961222236	0.8926417019256768	0.5274338720977061	0.7396048478313344	0.7381978941489454	0.6470332946793024	0.33593549924420607	0.664916634027951	0.1469103753619609	0.9178521203261938	0.3177609969675847	0.6054554673588949	0.30241778394119084	0.7436452744376917	0.07042014459285156	0.4925349652371144	0.6832259678225481	0.7580314691571475	0.3002376142799442	0.4495761999530796	0.357484766378061	0.5161077232253888	0.7501526920059151	0.2005049860595387	0.30775727645801654	0.6464287492363685	0.34933493305902236	0.3862826017594775	0.6688480833481827	0.5780621988978866	0.8776007662589608	0.49939758877101037	0.45162624557953235	0.5065794222014633	0.2490548993463043	0.5320480559061737	0.5418497895123039	0.5337084029024788	0.4606784839055966	0.19448115815308975	0.33586122554888487	0.4173749979008284	0.4996364614278922	0.5629388667399549	0.5730765527809752	0.8107109711547033	0.36032413272661606	0.5844207611401532	0.42991523102539736	0.46766697586145695	0.12056734571107425	0.3565551263898751	0.3867081067843763	0.5414087566531861	0.572162653417525	0.24424415528213375	0.7507803918365132	0.8054410628998162	0.22354453709418654	0.7011147321661426	0.47458477377331526	0.24900053365335423	0.2896242031346045	0.3110894110304335	0.6109480052943119	0.5560508478903778	0.549604194718151	0.572546129451498	0.5576095289184826	0.9648041716909546	0.3519042830107034	0.26631568675889716	0.3027083213326951	0.5475191474363754	0.7289612559847873	0.426940781221263	0.752026260556837	0.35027097961911874	0.4427052492415867	0.6692034634133248	0.2931694918122065	0.501055911648303	0.2938885047888556	0.3542910009253799	0.39331893986652905	0.3631501148250258	0.2778035845115191	0.33253470485256026	0.6033673048313468	0.455791490969024	0.44040901132380644	0.4803303252123559	0.2551160654755701	0.35770902715045966	0.30576043670770503	0.4757783609455146	0.9137673167167619	0.16397841242272537	0.6969223381367134	0.8077115259853649	0.502613784263114	0.45345394603795985	0.32494630318220896	0.7321231911503778	0.7266617204479651	0.5669867230737332	0.4717726211687936	0.5185386075351628	0.44632280479363623	0.22553457876124333	0.669371233746497	0.5367124176296655	0.4684165609074552	0.5560862090466362	0.5895995777911233	0.38607979761500766	0.5217507955068512	0.37882160874408155	0.8186485146663245	0.6856651397867812	0.36546218038279454	0.2966197700766573	0.2110693040655297	0.8898669465724676	0.5767137300599792	0.7918362109562334	0.7143188233099461	0.20613625890909698	0.5175886875831314	0.42603249924770537	0.5491651382058068	0.5426170297193516	0.6125361054285456	0.38147204097418275	0.6649553616294834	0.12815657153599994	0.4064987455457532	0.7399724634131599	0.5577704286416572	0.30353734634170365	0.4194860538661602	0.509964817286631	0.2658142219252287	0.4649121994166171	0.49751827469546955	0.49823292593454016	0.7016149694440579	0.4840571319530941	0.7186775641330485	0.588452166820102	0.22448607439507529	0.4608201524564616	0.5176550618679236	0.726322608275485	0.22362998182822208	0.6657209400432392	0.3652193761332354	0.5590229866054697	0.365807212565143	0.6441514325828012	0.6151005283596017	0.30805295658640686	0.6823759035257908	0.44746417743785416	0.5798914260278901	0.06300823734230665	0.7210319858907779	0.542532473865914	0.45494676354352637	0.5663517573896	0.5341281810758	0.7075280026806463	0.5961010158021732	0.5119118203126255	0.4941978178406027	0.37857559727894413	0.6435993848408184	0.35420461810956694	0.7567698009158264	0.4820380332383332	0.351536173247318	0.5872154764399569	0.5276386915513588	0.6843155477198574	0.6098014816850665	0.5309582056550113	0.48919307372502996	0.7573906506849475	0.8478855572560144	0.7866898958268735	0.3497600630600212	0.45123550884915953	0.5953821329487352	0.46339961445417077	0.6645746985345833	0.22961369809372933	0.3640433470823509	0.7295036859427437	0.5881277168862871	0.752103454437957	0.13069559003958658	0.5974635535013746	0.5616796129860652	0.49876754186877253	0.4913898364674314	0.26971058690481764	0.2994470005303765	0.6803222244543099	0.5350179222754841	0.32929779279462135	0.5251399750076413	0.34287395889848515	0.5453876838382222	0.3977890345712457	0.6657664770535479	0.7180827293809572	0.23134048038158112	0.6532801563329119	0.9999999999999999	0.18842052799310904	0.22512249185099964	0.5677221434075206	0.5020892329325147	0.20461710312795986	0.4826265361569776
snake	0.3726044946470542	0.8536841492459399	0.3575883771783378	0.6955859741225248	0.6706644847768963	0.519465331515532	0.4948693709761922	0.46397820453698824	0.6073917191417757	0.49472067112081863	0.605420174468546	0.5669179363965242	0.5178693537957779	0.4623298415642054	0.6230507946477135	0.640334393176632	0.8612224773762247	0.8836632478255849	0.23211095574247836	0.37630034211677327	0.29257229277846003	0.37380321517927617	0.23697718355297392	0.5411991426383375	0.4735742937712789	0.4869966275499593	0.5999959729451978	0.6310908039365162	0.5972537767585441	0.5627887356285466	0.3292938376485061	0.2777762257743822	0.5771493402388065	0.39514245403972603	0.43809226564582243	0.7145046024567593	0.5371727087606561	0.7875512429674856	0.668139001207367	0.4436746209876423	0.5501926104594971	0.4860760693391341	0.3671583503244175	0.5244554808801534	0.35447803454997595	0.6571431634011545	0.8043956138945625	0.5013953766830936	0.4161511398598047	0.20336892257463968	0.24702691631947385	0.24292416366751793	0.22733430381680458	0.6146865648659904	0.5727983750543877	0.36933685459896526	0.3619636462033635	0.5484955503356713	0.5158094401065676	0.6604946405842458	0.5808858233283908	0.3645416104954259	0.43249855630087186	0.3025016865129743	0.3692432464487397	0.4292002378556946	0.27221716719961453	0.5288374633052709	0.2966223726633167	0.47866612576402456	1.0	0.1586436416060602	0.4954036653595842	0.26265584821747245	0.28012072097775087	0.550959982130471	0.8817819310813293	0.26645140768062914	0.34415683589853985	0.5644072449927249	0.38995360615628216	0.4406903895353298	0.5552675878629165	0.6984820027967618	0.5232945622585043	0.45640400582089535	0.49880115751190945	0.5872711039309951	0.797241340587231	0.4872284974856779	0.6920107869947711	0.500434330540452	0.6406694035056875	0.8417465419078893	0.5034065496674736	0.6637985521381464	0.13690624043229727	0.10494177796735421	0.5884819723952274	0.8015507709242984	0.25685407716103364	0.31393447209617015	0.10215574322356141	0.5143329842959119	0.28621221699554433	0.39719391151566624	0.5770574340847656	0.40064945244048056	0.829484012487158	0.5347846356305348	0.5025778159337552	0.7207308192851358	0.3112681927407782	0.6194932650821725	0.37824995869739575	0.38665773574009393	0.762500215272039	0.34169875827322777	0.24130089969805207	0.5615574723486072	0.1458681119322342	0.2802398546503823	0.20892668276448573	0.3032041112556811	0.42395387261953227	0.640793020267458	0.5731490977635171	0.7487618814473957	0.7308921176393115	0.42803417348906747	0.31565099587735956	0.6423434555297133	0.2128813410960293	0.5726226798028595	0.3616184981880407	0.6290531104108901	0.8426146183777082	0.5386484342500434	0.902115088606928	0.6194967941215458	0.4699611281097742	0.7586355846645174	0.6026744112488583	0.5622698623807356	0.47708521624347416	0.4341609591994444	0.44721510016884075	0.4362871287103378	0.5643092169393256	0.29183139923204626	0.4061878532718114	0.6039217369753053	0.36310222001120845	0.1634567647959832	0.30773075552738394	0.2416224364970938	0.23054809918079833	0.3662381284116176	0.2981331689183115	0.3988002125295444	0.5943392891377413	0.3330192300762236	0.1960890165001325	0.47479022063046417	0.28143268306218927	0.6482851486419982	0.7276080682210307	0.5049476498426279	0.5273290877181748	0.5248699512365789	0.5729232965702655	0.2852200420040143	0.33161963257355515	0.6367922471947288	0.6396446691643954	0.5072599885245066	0.04749465551617571	0.5320763606013018	0.37281964992817296	0.6188166139758237	0.35390537357732643	0.7354605386511933	0.6589447864719294	0.6338515711694277	0.481452501939116	0.1333472533931525	0.3579868925436538	0.2778947880386661	0.2979623221921567	0.35811516080960504	0.5350365315654032	0.1537300977019756	0.44998170215530664	0.6028523230341182	0.33780020562558316	0.4325368518463036	0.48867756115855077	0.5833250089082921	0.650537321968081	0.45739427380005154	0.4831639104199438	0.408643742732185	0.6980149812617141	0.46342955340209097	0.6515451894459312	0.7348524136529466	0.22282798021124106	0.7167458257934134	0.5801189947492454	0.8205781959105463	0.4997721065655208	0.3464432788941962	0.7461478811857527	0.45391356055838383	0.4826772489289701	0.40547119581526814	0.514174929798154	0.5187784624467489	0.5757226218125505	0.11123732374623663	0.9387498306942612	0.46281207512931116	0.4501498002595175	0.7144447910599585	0.5799110783698875	0.2685640247344304	0.6505375675409939	0.3020348292958568	0.5918681926738717	0.3337148512367848	0.8662385821692186	0.47048575755040173	0.6221954895861717	0.10092179281068775	0.4898741835668563	0.40802178729634103	0.4527717217894642	0.738377158731075	0.9474062215715231	0.6605156366418925	0.3422934316508621	0.6823811110628799	0.798654198477498	0.3741707841534188	0.5344136870495074	0.9298862202105358	0.5001503979510896	0.19886440122804516	0.21248917491492075	0.9136295734085116	0.5617193418973948	0.3584885798446762	0.32518801604597575	0.5018183510714376	0.7664345324186129	0.4900664730507108	0.1004732763034798	0.43399151223193283	0.03352465239262137	0.3770706152502571	0.8107531900310658	0.2701879991233985	0.5531276951061829	0.6063490206835894	0.3326599496847432	0.8149106072777161	0.4830607200821412	0.6624557624311443	0.7441747141176336	0.7490974854594679	0.6848516662059217	0.6503863935804389	0.4847225166077655	0.5138581233240832	0.36016894133862043	0.8970878976978709	0.5831705139101631	0.5305630187185651	0.8078610473402361	0.3987113457951157	0.2914602717465693	0.5210269637825973	0.6501533833538494	0.6883668355215486	0.3497479657094501	0.6170284340658112	0.6322737933098697	0.3791904007754008	0.5006414657874853	0.6551486262248066	0.6096664596004873	0.335273486671769	0.547269311086163	0.46605759905869537	0.5650176584521663	0.4941242767582674	0.4343734672363462	0.7937818880069916	0.6855569211137619	0.4100120747251028	0.7987496939470282	0.6649045056542527	0.40280683777465515	0.6013134871176131	0.6903509178622977	0.409252947069195	0.5416898636351061	0.1822100641137513	0.361857222375518	0.391687015925129	0.037298049100900454	0.4067308704561383	0.7313559249760486	0.548487841342026	0.2960453587073556	0.7310068175550672	0.7750056909062603	0.4910174591900869	0.8716011596046289	0.6152992955397202	0.5652845135052605	0.5101509728460081	0.6245245446797565	0.273330846693446	0.6035184066042154	0.8105292057257419	0.6239920151076487	0.3313610088959164	0.6269136709632908	0.5880613558388462	0.538752961064587	0.4586401406342748	0.35165129135067497	0.4824854066466656	0.3791495693069601	0.5421391068294198	0.5996291459493768	0.5427769455092446	0.6505980888946635	0.4857567644032766	0.4840779008961924	0.5616318583083098	0.6866677709366684	0.4301514453147892	0.5648697747987721	0.40437896880765517	0.19690083742222217	0.5760558184150193	0.17315129087055348	0.6055234886970273	0.50073668062967	0.8354197041107113	0.535297235044339	0.7374325378205702	0.6061803091326139	0.6398312926994285	0.4183700746510629	0.06600242351812896	0.5955359980126298	0.2909170460094037	0.4225177567542923	0.35298239599725867	0.5618835815262272	0.5964561682042833	0.5029447763018898	0.1991935579687352	0.6264541735218386	0.19386390700113182	0.5176129336651321	0.5116579448163062	0.38029280141481286	0.375716456655206	0.7572071830489185	0.4153389981691881	0.7617010336071424	0.6745156541294601	0.6772638146647966	0.15592621442206667	0.17445809573902882	0.44629727043668493	0.30967392630388757	0.23260259285568646	0.40264928051047866	0.5126019163726945	0.4789219002301943	0.7004113854629195	0.5102914830489853	0.3551849700597549	0.20272661562110908	0.5363559545355948	0.29147771306968556	0.16181412071576373	0.45791899606345154	0.6878248035168287	0.5019364779562515	0.552507348320049	0.5776019447546964	0.49899159113810815	0.49985636539176254	0.4934988260091781
sparrow	0.3489873658253143	0.5111252187691995	0.4716468531207256	0.3285567541568186	0.5502544802605177	0.35141303499745064	0.43861839160503124	0.6959008955386458	0.6047642653325109	0.6704746757122315	0.7620234968042718	0.7059083685758283	0.18533598476356816	0.3558838443777047	0.578175906105628	0.7820004386434272	0.6735122312870153	0.7599432391163327	0.5139061904259632	0.4286156711616469	0.4068339985532903	0.5782747942339757	0.4036567027399484	0.42725046595620697	0.6057205757214545	0.786948993802389	0.7389919627455396	0.5353169703254015	0.3300696535885304	0.5686318271126017	0.36604878428909426	0.29485307406745714	0.3206399536872485	0.4604338824981875	0.41671595443643616	0.31566971504873637	0.6718847102105814	0.6561343705842507	0.435843812426324	0.778637600005675	0.6196468338592872	0.4827064621315354	0.5077640249134695	0.3155740167947783	0.43146194876441524	0.40144568069655984	0.8088346681615828	0.1655445319197596	0.798842799985769	0.27168622451716523	0.5410825688655023	0.4376136436906458	0.09698837591490389	0.6808336800757244	0.7506523400986724	0.30922479157557725	0.5754003360504955	0.3113267086830961	0.5044180183582978	0.4986057328031894	0.49169062096956334	0.60735093048568	0.5935229784447913	0.4375271104944353	0.5623641218959716	0.4688541618536978	0.3687128034627084	0.5425843921402567	0.3554361261028265	0.5991578821703613	0.6966456418907683	0.443561923376885	0.6263311298208302	0.44378934337623205	0.9999999999999999	0.273461965717379	0.48486325038186806	0.5969463623730126	0.36970911265555795	0.6980354411670381	0.39118332820636936	0.5152984302251735	0.6648552668842818	0.4499172481091083	0.0	0.5767751780402759	0.4706374483037534	0.46120022016757845	0.8021092423528736	0.19977463787407745	0.3188697456744669	0.8473590385137741	0.33634464732443486	0.46900829713547004	0.27127862045696216	0.6398942298095217	0.28423703878258355	0.44835990940052284	0.5918610988008508	0.22608417040586787	0.3810809786065156	0.3827270677622434	0.2875396024913824	0.41669988061012525	0.47013353573751226	0.28156812526791675	0.3420393862578225	0.8584614446968291	0.6922205178760816	0.1490286298796672	0.28997662825629833	0.43002285133677576	0.3633217192768213	0.1822967400121906	0.537723446072264	0.5033798351049726	0.6615724531282038	0.9999999999999998	0.4133388503057681	0.3625515610651069	0.29609592906597304	0.3740020450165398	0.3355387345768719	0.5811425077645356	0.4991451043998899	0.19243059615154062	0.5302651323516637	0.5042140568456858	0.6981541526059951	0.3583996354042197	0.6680024815491947	0.5301039636483825	0.22670264367646953	0.9385573485804071	0.2371576573073894	0.5190437118577955	0.8072348485515061	0.5914338358486686	0.6704349768069741	0.4545264522014925	0.42437141300059417	0.5808128336654135	0.35585839886408543	0.7997817071261113	0.6219198916290244	0.47668312154390335	0.1416361579876793	0.59374827009864	0.5099426322444661	0.6756820755910742	0.18430445387530092	0.61624096822344	0.3806397377990704	0.5057456174667473	0.5648562259873063	0.8157272928845114	0.7300793045659308	0.34255410090487953	0.3592555248645724	0.35817769869150917	0.3197391215708473	0.348825844858741	0.4630913818547253	0.723287209441679	0.3941986113762746	0.5659585616837856	0.2400412335946301	0.6111869269771746	0.6824939229384147	0.369637428706162	0.4655772477083768	0.4664602373092889	0.41438459703402275	0.7515134670106536	0.5288286741694095	0.6425841408868302	0.5720381067472049	0.3128709071198794	0.40269067837350725	0.39807361692004467	0.730608487986014	0.5521791040436341	0.9189225059366959	0.712916877663754	0.5319588649640088	0.4515976566783884	0.19373051351704795	0.2761004895709025	0.5287566226485118	0.3493512787584289	0.5500236862966571	0.30979391146547175	0.39914316313882503	0.30381704834971823	0.4948196326677849	0.18888939718208037	0.4189268855399607	0.6860674184479415	0.46506171132099866	0.5979751368426311	0.6078859404170291	0.4715022180967401	0.6296368720282589	0.33968577129891364	0.5282758901551426	0.5710106542570413	0.5238019538195383	0.015222046458993443	0.4872465166093528	0.7625159961188182	0.3248240035892446	0.43505395687373505	0.7441971895335282	0.8105211962817475	0.2864582702941407	0.5837723128028464	0.7301753606811692	0.621333476068129	0.397805765524858	0.6150331881819818	0.14646256621209686	0.22545214545062983	0.6513524464420323	0.8307779437958828	0.309387970791518	0.4964144059563046	0.3476610146462801	0.20496320494432085	0.5029287091113908	0.4315537784468476	0.6592266819035757	0.3262806477620065	0.48069973211033756	0.5800018992457382	0.44203306798452896	0.4550945423456648	0.3808003800833185	0.4953330792927423	0.8039032942201301	0.487076387122083	0.7415859810204511	0.26334032377184236	0.4982611149858475	0.4977772154971062	0.2885352273421961	0.34643821463338875	0.3609887786001895	0.22627261548564337	0.09199876571718568	0.759315919326375	0.34050727049540663	0.4053261820088595	0.5319712918791561	0.34846936655487726	0.08979751751619303	0.3736800717278631	0.43297207478578126	0.6139422246497757	0.9481052085405023	0.5098263752013505	0.42529319541914556	0.4664035678461865	0.6636479092585346	0.6223936189686539	0.7684945942381014	0.4606551331778389	0.35533834687101884	0.8343879693847835	0.7425057011750095	0.7584782945295809	0.7065531542994529	0.5355473115683838	0.511815541143022	0.415092650646735	0.39139321080405387	0.5201361165419096	0.8636503859075493	0.4289755279907427	0.8115294721877517	0.739218074047769	0.7469642927245235	0.5941064899383302	0.2579025852836283	0.5455487131904431	0.18046322102409051	0.48845460442905453	0.44589202763678254	0.35183364165501807	0.3545819298297985	0.0970244369359462	0.42341239923910595	0.5408124299913725	0.5443341118771826	0.5133113649817235	0.30548747903234785	0.37269048419464446	0.5563290699908083	0.5032458019665846	0.4900734311071026	0.3482399255105193	0.3603503733810294	0.6656455930946282	0.4466866413083185	0.604080374398343	0.568868539192548	0.22019623302877867	0.27291961809543774	0.14464755795763773	0.6155131093285832	0.5052733353159693	0.5124731916099348	0.3445136505624212	0.7616074166008178	0.5785478115817989	0.0	0.5891724490025438	0.5886908956569051	0.47481840448534957	0.5933534925461394	0.11639313779350169	0.6241047060735465	0.5569930100255233	0.7623646449100527	0.5181992487250674	0.49734381984826503	0.518993407952639	0.3192326309300385	0.6144089081218401	0.6108209711184447	0.788166078908018	0.6401271512921832	0.653408352766286	0.3740372507936395	0.4246398518853403	0.22611860934889488	0.3045038439932132	0.5647078017736011	0.7617867669892913	0.49437695035541157	0.4366447071546376	0.5031802594934761	0.40292912091791677	0.8357418652561737	0.6975236646791787	0.4244397149818744	0.5038367162532553	0.4236934371583879	0.7670680734464821	0.22846807361364857	0.40972120358178044	0.435880140959037	0.41073388580799625	0.39785426652337236	0.348321466741223	0.970385023186406	0.3561511492579239	0.36701150271174043	0.5671055169724444	0.3706025394685839	0.3656512918370678	0.8801648913872792	0.42108064644609866	0.7567610063955922	0.4556308506967652	0.819700915266538	0.2433391451633742	0.5434093656885575	0.3202089012122168	0.5925552164757926	0.8286521893788101	0.7960068613184924	0.8190365334360379	0.5062603274019565	0.6623586795304754	0.5820513222306833	0.7004710517041004	0.7309405146092167	0.5715443623013694	0.8543291096706758	0.5302416926995072	0.40437162653305664	0.2299955262850003	0.4517879624110859	0.5188566141508557	0.6431406768926632	0.2152389982988258	0.6535799913263067	0.43802790597609653	0.6678673558140963	0.31934269661339915	0.212222546564385	0.5437206616470776	0.700382849080327	0.5399091202291533	0.48442863531591895	0.4868444617425319	0.7156993649326255	0.24640365540895606	0.536029705267167	0.529461939953028
sperm_whale	0.2257701274352416	0.4781454265197509	0.7329464047058659	0.5392225362873504	0.5106599271984684	0.4422775573845416	0.749493439818279	0.622194949407548	0.47230497497984864	0.34646572673260856	0.8748057337189887	0.3438245805048862	0.777836835707487	0.5157089172186361	0.3640950061122261	0.29092232547732083	0.4586235896011719	0.49993085879347593	0.2955583517592406	0.20540953351305524	0.27347670072613195	0.46644676741899777	0.5009736647379838	0.3359781258061527	0.8582011965220127	0.44633418663466407	0.22066026887021006	0.6257467598418207	0.41980394096341	0.6472158299506803	0.5054679732890652	0.3953806509742049	0.5210164102611995	0.7083876625121477	0.7034046456975154	0.5819599914501221	0.3157598087834786	0.3905095576289761	0.45154921062562625	0.41832105805734177	0.577656511193457	0.6455242519817619	0.5612135343580937	0.4934561546558231	0.16430905635358983	0.4166484916255535	0.3834354112573305	0.39255255244783754	0.36379615327990344	0.39477615304437735	0.109023481417446	0.4720148984545183	0.24728022129227273	0.4920443052703909	0.4134232263503884	0.34665076767681124	0.6721504598155896	0.5384671370614342	0.3378919763939492	0.8366536264170985	0.35865050419905514	0.7445354610089956	0.5700197098836336	0.39135194845349075	0.7110349391505133	0.45060102102671135	0.14009632831436647	0.6478114190572787	0.40072009802256797	0.5538560981881928	0.6395782411461389	0.821817413176763	0.42227241397228804	0.5917429114555678	0.45377979729547724	0.6391113570773719	0.39133258311080255	0.2949629671030809	0.9379656938152171	0.0	0.6194104215078075	0.648632934917345	0.672067266988277	0.3363625723083084	0.39314572085782873	0.3659797475881742	0.36498848817620505	0.3999517572733152	0.485955979986489	0.5542094468165074	0.09596327217660422	0.3906242210229546	0.7670492855734394	0.7806268526556155	0.4133297410591157	0.2998342936537207	0.5682793601818075	0.4733289840569528	0.5610999815555764	0.31888684426610425	0.4848346301252271	0.45637299276209403	0.651382377187992	0.45151870512998293	0.719707823020341	0.4434397585578503	0.43656399964130055	0.36052688039910785	0.40826838359713513	0.6838939809518527	0.804565215645209	0.4749349517234658	0.716056084794884	0.7792885379186644	0.9305919942719714	0.6027639115188806	0.19745774243455705	0.458342920350344	0.22789417903575476	0.6983730223037978	0.3627839453343053	0.6247098262902655	0.5492463954947745	0.6829724386782622	0.404121955145216	0.738143968898967	0.7850413243611701	0.17415078156726563	0.42945870019306864	0.23722582773745315	0.7944686227173359	0.6345375700891536	0.6429747928766139	0.24445153711260964	0.6536549153586699	0.21732699436067543	0.7473887846340068	0.4461558923722945	0.612068494328495	0.46417526362113876	0.5912337853739769	0.6081819183765214	0.40958750690755297	0.3646291328753317	0.7245501354060858	0.3537681634999079	0.6402991984943501	0.8103467629438941	0.49819859457439314	0.7511302832999457	0.5783213248238179	0.45696822516657887	0.572048697775468	0.3509865305641965	0.5872483001840579	0.6339955949075692	0.5210785571319545	0.4593506942587292	0.5180487819326881	0.4150619332574511	0.5836891129570492	0.2850861830462998	0.5427698438273701	0.2812444888059349	0.8858230636465372	0.6803851620374248	0.5261772349636785	0.5482968964436693	0.4487462490611416	0.5880213790711084	0.6463819438648944	0.5078170028348193	0.116400083399542	0.6477114112321765	0.38607293060503184	0.5686856489642177	0.42981612321374824	0.5467981471409895	0.5715222368902598	0.3186190385513318	0.4147557830474473	0.09268789940470307	0.5268787167991205	0.40051744384084975	0.6149887692424094	0.36045328312336783	0.42764596685380424	0.18061855069850438	0.6446928437216075	0.5551771711700679	0.39319436202919555	0.1459083705326067	0.47579979173533077	0.43611616978103845	0.3736318610393423	0.5541310259255425	0.5446601191262086	0.6496615047802639	0.3361606145804609	0.48496555922848583	0.5667477086691464	0.562037884524728	0.44818124742275556	0.6267718904614493	0.5523637487566194	0.4917462931450918	0.558019824459738	0.5545905788382557	0.7032562471418348	0.43887094026762685	0.7149525893026524	0.3162262541650304	0.6088534014470064	0.714342672027213	0.4978722004142005	0.3634476482558155	0.5106662171877858	0.7244476488217353	0.2739290203790175	0.5491183689571983	0.3163153080876133	0.4153614579629933	0.4458355553151882	0.7258898152330364	0.262990867323393	0.5579919419570037	0.558584209633223	0.4568869672762194	0.5435483035122352	0.6424954667264943	0.5850816320175555	0.68598380270816	0.3253096005492451	0.85905837412469	0.8950176482734239	0.33943808228728517	0.5154028993243172	0.4148619306069813	0.3459943226209078	0.40104839924960384	0.7349826409892011	0.28396474507983527	0.5787269544903556	0.26630450573858927	0.6181848190896762	0.5246886143227397	0.3144030476573758	0.4572706332713676	0.5374868868634975	0.6381449936761661	0.49108983881306273	0.7199016151892919	0.4327447713817452	0.7096047348321751	0.5964549057977282	0.47206577228382457	0.454029807238473	0.5456625126508553	0.5399261279240668	0.4633814053496576	0.3111254736445168	0.22390746220813673	0.36816836324919294	0.225776587148186	0.5559342277480523	0.4235778834465223	0.608854196499331	0.4286977846002971	0.6325723251655878	0.658887952161048	0.5706691921292346	0.21080639976776822	0.5984957396864332	0.5137225051934603	0.3011184492852901	0.39743823242606674	0.7701064951046244	0.531042922420268	0.5255508870248251	0.547082602570526	0.5513063438819285	0.4549432927355956	0.5548070309368623	0.38191953857686356	0.599640264950295	0.2891518585907623	0.7392270394278534	0.7627696585537268	0.4301952222241979	0.1776154589436056	0.3145883233102156	0.7472713263614741	0.5742954051202345	0.6183571760580333	0.4370495520127494	0.5222863213134534	0.3337172457547741	0.419877613893911	0.8863178671251288	0.4840939356821876	0.352301230581642	0.7540273039606318	0.5658426261425645	0.5708680296151195	0.34963887659069043	0.3524135701027889	0.33594087531116523	0.4142949424362302	0.5379435433030624	0.5734824738471379	0.7040629819984796	0.9333500244260456	0.5922741357138828	0.7461434350664635	0.7547511245054791	0.6210690107006369	0.573811819682627	0.3196762943923188	0.20649919600031127	0.4746331757833598	0.40825093354669356	0.17749492236893455	0.15517354208042927	0.8628213922087773	0.2975300451853547	0.4678128642494294	0.27125763337936915	0.49684640219326537	0.493989303517765	0.2512027799307499	0.5964137416453665	0.6099876779211191	0.5154669560503254	0.5458451885047969	0.7178624931018006	0.6094873874848022	0.4663768923235442	0.5113288070493518	0.7071700901738627	0.40931471055065993	0.383444436845928	0.4027590357772033	0.442463779159511	0.3114959993008047	0.255570441769996	0.44063589671660947	0.6213076803998723	0.3161200278571325	0.8764363286560862	0.3184100208188625	0.11176307653366685	0.6882396544393526	0.48214303496189637	0.49881023041053574	0.821721165427454	0.4926350710835431	0.14220550561571854	0.7062982458593337	0.6390630142744519	0.21512982191992436	0.43481540747157793	0.48188811654973585	0.5065177811419191	0.5036586933502917	0.821488672921949	0.49618707608342777	0.26738672944338965	0.35598275538860946	0.49896834930426814	0.5753648607399018	0.4639272061098076	0.44565506698741314	0.5759013133242513	0.4324849932607673	0.32536478236040584	0.480387306710035	0.6356012741357122	0.5248992829702758	0.7285397875926627	0.4666383238891125	0.46941843865401933	0.539291081214511	0.6439092100055602	0.735044182470507	0.40121926386517115	0.6371462795000626	0.5954829401914707	0.7231194760597828	0.6827145231874804	0.5270735081738434	0.37663721241541637	0.7259564666259055	0.5030182101772229	0.4745023770055737	0.427338135761442	0.5030801521016739	0.538128289437148	0.303586890879955	0.5026030412851893	0.2961196618891433
spider	0.4054093786735272	0.7676542091989095	0.6356563774426883	0.6335455764343549	0.5724429113235868	0.7734441015511011	0.6940128483848045	0.43483589486429153	0.6501774725223007	0.27100501517507747	0.684578172565873	0.5612732759424862	0.7954644916102762	0.3217480080101695	0.5473160766830956	0.5921865626867198	0.45030826772568733	0.6132174896353756	0.09778653206904248	0.44625518809764364	0.36666390098917234	0.3774267346973159	0.2408272192433796	0.33922381400417934	0.5543348880593084	0.37422788987390254	0.5911026730754807	0.4784740823026754	0.5997214860339896	0.8253869647564177	0.47444768776917884	0.6958735502543195	0.6574993618424487	0.6924611654290035	0.42800855875616367	0.4826418621322179	0.44927978201035257	0.6772300605825583	0.9282751653318453	0.4807704566028774	0.5722597435877295	0.6370128618189868	0.44966453370788745	0.46945726655483705	0.08811806832530733	0.374861042346145	0.527952181285193	0.17039905600978067	0.36757966635644185	0.3765404271241732	0.6574406828758678	0.1463084355727287	0.5538670057605478	0.5633060742272524	0.5406127450812239	0.39761745078917465	0.20681808919183858	0.2733322001740874	0.31836985368943926	0.6039660420663868	0.5001731397629253	0.618753494124026	0.3934978493857566	0.5995761121199696	0.6279536011457294	0.34399356010982896	0.357279160876523	0.652577808245292	0.5025082182153722	0.6135717047596494	0.7811896105011891	0.685588318788329	0.4233533413076707	0.3497764483636647	0.45818230303821145	0.5937403301191184	0.7158781347019154	0.299978684542189	0.6753102890870173	0.36701750631697105	0.5039438166149179	0.450186690295753	0.3235351362372583	0.5583336769190166	0.36393127603386605	0.6543716311266399	0.3205786552449639	0.3786900701954209	0.2206874064065001	0.7322490602177079	0.33698285334213707	0.5149038805060686	0.3671393817310695	0.21382067446713626	0.37094538541515576	0.5605795715422622	0.38065079786049627	0.5575660213442837	0.4783916671918737	0.13901704063832052	0.6800858328524092	0.33825729518344794	0.4961039054523143	0.6044244369794444	0.5604012630470512	0.29909307491482817	0.204161367037339	0.49093055287064163	0.3796225863667202	0.8093191830684175	0.9526667297377445	0.4842999109753761	0.8570617002640877	0.5166062739582497	0.6381802876962712	0.5448098685177252	0.4801321411452729	0.5929508060000696	0.43210018342616696	0.3743578640583113	0.4497853070558792	0.506411342708622	0.15146177316527365	0.4754157428929058	0.7688148139508353	0.3967719430366847	0.6435616240070986	0.25165403704099665	0.5008521099997134	0.34588819334283594	0.8143606853863363	0.4629948930182898	0.9110339921800787	0.6424389850141394	0.4197514336215538	0.2726685080008441	0.726823280568399	0.39887456216048933	0.6399604461598495	0.627001795523136	0.780229435808304	0.4250332649333569	0.5483399150651153	0.73253820535593	0.09440385551317293	0.17111443800252768	0.2126533546843163	0.5869845214343541	0.5093179839019408	0.6015542577857197	0.22645759457017695	0.6301143490969897	0.4600846273563771	0.7036779001663118	0.2764432801151464	0.5880645788895793	0.9152009799150626	0.7038125528718785	0.8268362385709487	0.6756417989716887	0.4350202768108539	0.5513685799339558	0.851183995001299	0.3470309380187367	0.3193922755231928	0.44191197046530484	0.5405773514939222	0.5847363840832601	0.291486360856518	0.3944885318747067	0.37937769852268033	0.545363705342124	0.41140017638424276	0.5601303203902296	0.5561991773559389	0.3521002651645009	0.525945648515197	0.4733191542166523	0.3904392340531171	0.31282888152869437	0.22620357595023988	0.25874883966374784	0.6602914514029573	0.2650978614015018	0.511959876731584	0.5627574879889868	0.39860177746374836	0.41215064844445953	0.7996832400849814	0.8236433254526367	0.5807996117280398	0.2351323696125857	0.019952639453241716	0.25860295799015715	0.6255323301989071	0.2944436614608358	0.31133172565027367	0.6909599260754529	0.30405029292915536	0.6127711433898121	0.27664934243182465	0.37280841179831853	0.6180424799741105	0.44831222904470364	0.22363377921603173	0.8121872292825101	0.4687693699833526	0.6270451567142223	0.693744203170238	0.38263691733931243	0.3960656932948326	0.10355872784043335	0.4909932504035323	0.4307391469604803	0.5199741893535328	0.13911968007711012	0.43518685737299784	0.26260134496043314	0.3910722579607777	0.33179355747129313	0.22862472250068683	0.2857004755248217	0.3363775852193157	0.957090981203828	0.4559682527707413	0.5202105934647479	0.5137604084223216	0.46681436906579993	0.7345238540803581	0.6056905909908007	0.5135243109797901	0.2876785180546969	0.5675790185723705	0.3512450362796653	0.594952422848634	0.66136745278087	0.49192307480226216	0.44128519165790725	0.1917787317852928	0.44564143153852176	0.6723067574786895	0.052891301744325825	0.39776081314962536	0.4424735840241675	0.619799130626874	0.08274006221106309	0.6185838598098444	0.5073637237976014	0.46707069780302113	0.6582990739467636	0.5148341302186096	0.6299320808661213	0.41777960275060644	0.7521985669854993	0.5193774403654854	0.26071254943159533	0.4985876378456817	0.763434526789371	0.8136809191509398	0.5038677424367699	0.6070398299247635	0.44059303293396795	0.7967645838095232	0.49439962254479153	0.769360892121679	0.5487773279254367	0.5780603101227889	0.6955051264891954	0.7228747914921958	0.7390535639813014	0.5871174269933543	0.618431221966057	0.8020712316195553	0.5622278170774532	0.6217299413338466	0.1302915705610072	0.6282539186521333	0.638896257949114	0.5014618181293359	0.4988347673533121	0.6247770096419417	0.45677657689869505	0.8724966042057523	0.5246561866876666	0.35647437023786044	0.33382389385944716	0.6576272159907524	0.5229150881315394	0.3820162496733376	0.3443321011367321	0.7334207473370348	0.2717969513865496	0.7835214626750714	0.39762977094926466	0.25417632070388413	0.5180894350559752	0.6692490294008403	0.4306993150962445	0.7495422866950155	0.6441239501317898	0.44343219057326355	0.46785293285498597	0.8630273760458238	0.30285706133873186	0.3063170658146483	0.5289113206579488	0.41469733342764603	0.5317977187054586	0.35618502302881905	0.7126048100171658	0.3591551940036006	0.6882820889625774	0.5355950114668737	0.35236703643062933	0.4640902877775235	0.6876906547288687	0.3293026040650905	0.20754841640994748	0.4094733773445743	0.8154993826588748	0.44216648583982837	0.516158702580428	0.22318151237594214	0.35528859261032586	0.5322550002150243	0.7277501129846519	0.5727283645178037	0.9553772071613162	0.5742347080174675	0.5755668601374534	0.674956577242197	0.4337573336645655	0.45397088360290594	0.5457624990023369	0.6371797545136697	0.6664166577796309	0.8079449421533205	0.548929271527518	0.4891032186687745	0.5437574875972905	0.2039091396427158	0.4696494386962601	0.6064258273259651	0.37793693527329286	0.30683196505741606	0.4434438234757662	0.2433729911275161	0.5856477233331319	0.7499620327555543	0.8620708065632736	0.16978301607577145	0.5960314698288772	0.42697255280907226	0.41752438916717965	0.6377892139721717	0.22306323028716352	0.16357812371251002	0.7473757368132012	0.6049177830049651	0.5509352321303987	0.5234432192106122	0.20590563426776354	0.5021824822788336	0.5060300276162246	0.6895519583240322	0.5216073750541994	0.42512454870317806	0.3743203504740802	0.48905208384894344	0.5131631322639593	0.4576339431231684	0.42907648009400934	0.17922778466363726	0.7440906704232004	0.22224073233752545	0.8429327477036748	0.4507858634264676	0.5026861597519754	0.7752917575120064	0.46554035558544116	0.46500092328020864	0.6682887702067627	0.7317169018367261	0.7315101348362145	0.7859916321385731	0.5402921370295578	0.6626750384018771	0.38670900347268644	0.4462663590923459	0.2702539818148211	0.41706094408559724	0.6329614630841993	0.5655349074261405	0.2883407549211605	0.6263665509298406	0.2734226578672446	0.6143973565530523	0.5317490526986316	0.3848261484018768	0.0
squid	0.39894022543900653	0.4632203320287446	0.6553653755880906	0.5848863682780037	0.7428515176582033	0.12432947514629616	0.4364127364861069	0.4408625627666213	0.7922934422455106	0.591836510556151	0.47925741035121466	0.13781198373563203	0.6855709343082186	0.5588596766150967	0.5360012562275057	0.8891197397714621	0.457961796109917	0.4577811896151548	0.3681414613680189	0.3835728254474613	0.6183738832612918	0.6916114080022093	0.45251846821076297	0.6089542890591205	0.1518787324973696	0.6505204523730137	0.40958293850015665	0.35489724369770126	0.5640975914921422	0.40957579053917714	0.4665342630027348	0.6573853557853079	0.7573314446556343	0.5185593681566764	0.6649815830161978	0.7599478298893284	0.004035165152721065	0.6591815434957099	0.035581771598151235	0.5134082804559083	0.7588540079243186	0.33561370924002976	0.4896291399337341	0.41443855642161714	0.3524253130537467	0.5211885675584315	0.6452435969325948	0.6796657359449143	0.4343348390630343	0.38209294842719466	0.33836636200771614	0.2819258906557976	0.29444302664422817	0.5893950123340588	0.5006057796231723	0.30428886395049365	0.82319006923098	0.3490769628118004	0.5790382238252364	0.6842929967735281	0.532992199523652	0.0	0.7383165608670492	0.41188194636687786	0.705033379549629	0.35884235884839066	0.3754099360635058	0.6884722451999825	0.4922359636488183	0.6550979209676493	0.6276365418091429	0.3759314978048618	0.2943032532384661	0.7003689335174585	0.1820857551928336	0.30706455468349003	0.607640145159288	0.5388565591373091	0.5271671103815703	0.7803132305789671	0.37758198373300983	0.7001956698697173	0.42094100086598557	0.6339532272021831	0.42067359393632725	0.2702873085708684	0.6930639843299804	0.5446777758610596	0.7351229933554612	0.4780554236827184	0.6626129510570427	0.7081882355048197	0.5086484107250256	0.6501436024425813	0.19395473428760404	0.5758636742676423	0.2219648090283266	0.23037977399523096	0.4394680336588276	0.3907899712329931	0.4274301308464187	0.42400827466075397	0.4990673745986123	0.49182693281216655	0.4883858685107545	0.8186364450424846	0.5298508300818041	0.596468534096117	0.7158241940753405	0.41385484674083345	0.5074621035217377	0.58153466297313	0.5660794612062178	0.45684825575898186	0.5604582201233976	0.5919089743592753	0.6027251750455188	0.1947092105341539	0.5181200651280257	0.5032602962537098	0.5754024850209243	0.35758502300419576	0.40314207620179643	0.7815497281677681	0.44814412754695576	0.7143123984865534	0.41871974430611586	0.33774806079659137	0.5295969378433376	0.7213092725063216	0.4754618881950318	0.5858508916836355	0.31736582376111916	0.6744690481905226	0.491989818633884	0.47577913134373073	0.6953011336004755	0.5446468728533302	0.7802520003614786	0.3203042340518937	0.841622100219392	0.3076366440673549	0.6544874939600644	0.75077391970581	0.627281878288567	0.697662462597596	0.34842309642764707	0.5460344386068521	0.6700791804530071	0.42241831904260696	0.7919746583910824	0.4692000403217439	0.07403536645547526	0.5750689653796542	0.5666978273485713	0.12052626242650577	0.2699286826210609	0.690174559597713	0.3672329322393947	0.30552436574981245	0.6789837887059892	0.7067018022258618	0.34802217740493535	0.9287742098752587	0.46051311397287475	0.2331004466352698	0.6597073030542852	0.5022546918356912	0.34911072489656947	0.5744301697286698	0.4970107711948612	0.48105336062982607	0.0498153133073439	0.42756576907726995	0.7981628822955238	0.5245613996605951	0.16207238556229597	0.5674048899165414	0.4289874887499653	0.42015693909365565	0.29392099382605325	0.6890792568048991	0.6598469674025467	0.5761823100650725	0.3904678468932089	0.44802414806926527	0.5718453637110612	0.48245787136617535	0.7126465835323204	0.7657553118014481	0.4373875937051797	0.5790579761091712	0.23409641209423998	0.20307173837716103	0.5241253659328161	0.5554850319728647	0.3734500440717994	0.5339059656594951	0.6264423434226855	0.32042689946754727	0.5579328505019319	0.31781105278385385	0.6376358132688814	0.4598522293121601	0.8269978414609744	0.5912470591956489	0.21452472007361167	0.4075457969113375	0.726465343183436	0.5098562879122412	0.3289041660416759	0.34405337664706825	0.39016051211239033	0.2936041048036939	0.20668393749991842	0.5666748460974986	0.17029395422848997	0.7752594596314398	0.0	0.5434460608883149	0.5379286846175446	0.28272343223954943	0.4208653248077723	0.43439699929489217	0.6129315865591789	0.6645887843933449	0.5732861516084352	0.33173836997447104	0.7708141975708332	0.372478676809022	0.5588526821344547	0.6945624789695848	0.28342359220539903	0.17399084142004434	0.5935426434167278	0.3630016271303241	0.5666786500474428	0.5537321687975402	0.847554383542803	0.6035667948989885	0.6218624326940768	0.458677134808661	0.6335160090388342	0.27486840344042535	0.666575757680506	0.5579463183776092	0.2664938001613329	0.27302458146545383	0.0	0.275449799659118	0.302989621297104	0.7667461036884392	0.34794421353625204	0.49498805050892897	0.3067307803776611	0.2211900794762982	0.43113630834185507	0.5796816859333384	0.2960306486176726	0.5509861600648694	0.4327098600134529	0.1945566889252962	0.5254034042228332	0.7852953884617999	0.18419826645052512	0.7172371245399289	0.24555364248816042	0.8011000698371877	0.5684167026596905	0.6468060210124846	0.44481273612261707	0.4664299378560338	0.39675016508387284	0.4834194832926954	0.5730141465285203	0.6422738047422158	0.3719928975669253	0.526079961948549	0.15494510129065453	0.666514944165632	0.47907479501548433	0.672594486997171	0.5785771500774474	0.4154263726653501	0.47632033748057556	0.20672535940645093	0.7947118081632563	0.46860045218907764	0.47260008082442845	0.5164610100018312	0.7655662598581683	0.580008916726838	0.8645371246743144	0.7762724631278024	0.5629953608238185	0.4990087055843148	0.6113880233466075	0.6037782820217997	0.19506608042979282	0.1950346154981663	0.7134796879783275	0.5899439225676193	0.47128085024408756	0.449911339199637	0.7176987867370429	0.41336800995939493	0.3562721753798054	0.5972639056783899	0.5367523215064991	0.5271243135759816	0.4380760835570118	0.35797642566413623	0.7108828204099276	0.7314918868322399	0.31423831770802313	0.5275303728432338	0.5802575288529964	0.3649710299119044	0.38229591152395015	0.7094579354483312	0.3777499367067822	0.36025107317883726	0.5271894692939108	0.38462287779027476	0.4753332236996394	0.8141076117731614	0.45747181556952876	0.3805823950065787	0.45916454024916564	0.4871986702882164	0.5811977084167985	0.5746184880053505	0.08109480207437625	0.508250459073589	0.4358426328055303	0.7859538086589191	0.3682611081829578	0.21123492739978755	0.49411415563109656	0.4000947180407582	0.028161525174267843	0.5556978416876444	0.6021054824852681	0.46217328959199827	0.723138304376226	0.760587569331886	0.5633659092299617	0.5194518271593213	0.49632870022622605	0.4036219517281948	0.512388107175549	0.3682948869654863	0.7401764150320534	0.7489603815335439	0.6554227539522822	0.8413177158303622	0.6839024402471251	0.3725304708565907	0.4082476354083563	0.6976150608433919	0.4741722032928295	0.2046069042701555	0.6641920919177942	0.28262245179664924	0.3871865544837841	0.3285747139537834	0.7043831476657565	0.18063693259343466	0.7421030471020442	0.6186961994022095	0.6244029958356112	0.45523711362625124	0.4206898555711266	0.30302030969341837	0.2298625940681192	0.5861601814048486	0.5089942906130719	0.1630467759401772	0.5072273116555376	0.5292109104287634	0.09590433453432134	0.534469514405571	0.9455914037980175	0.6752172733284164	0.513662451903936	0.8061594121459852	0.49459950028158445	0.7059158456538801	0.4944959871656406	0.38673920352830005	0.12663139782493676	0.4280338276501423	0.6356066095310832	0.5245042324619963	0.6864264151161524	0.5149862422961501	0.3536058062707825	0.696590430243772	0.56576980042118	0.5769815696410744
squirrel	0.44930764492913683	0.2832260432113652	0.5720730133585102	0.3729424410251665	0.4347422178086602	0.7097543638398178	0.45317714831502615	0.7459835611938592	0.4632735008011413	0.5567936112674351	0.6175159447731844	0.521745799541022	0.4742218682709477	0.472314577860374	0.39243139445898695	0.3045565368420643	0.3661861175654373	0.4750598588311301	0.4282933473768171	0.6163727149590161	0.14497149810445242	0.3347700476905796	0.26859614980871205	0.7569640222252234	0.44822232082221236	0.542450253073771	0.2261432959570786	0.3266719341298402	0.6489406010270685	0.7231358733946295	0.7569183887943678	0.5417435696295083	0.42796476052086607	0.4082357120314107	0.482801540436836	0.5376970336722896	0.4462111959781665	0.30734374990373986	0.3813226577009948	0.6193324992837427	0.9019013239085237	0.717274953630701	0.5766532397541428	0.24365599134863597	0.2414226969912186	0.38358877045918993	0.39736786514570926	0.6435374491142104	0.614436947893246	0.6239758685513539	0.22909954281121261	0.23995182462174555	0.09360305384220385	0.6620961173479896	0.3615560145746428	0.4309834672307221	0.8299053742919811	0.5168883380270406	0.053653863238432964	0.7610657437800616	0.6741709966142491	0.5185894021374359	0.7493779302440264	0.6884086150763217	0.44936980142078675	0.02151153089486746	0.47200483203053867	0.5496678571035568	0.29436814987401005	0.6541371663271366	0.6771922985616675	0.5034666789464372	0.6016038562082037	0.5739546886653798	0.47072606588257243	0.4308812669847352	0.8156403370852743	0.5027221686040593	0.4326322517892145	0.6710126131265861	0.550566310698495	0.871500746065184	0.8415825139215496	0.6949439474326866	0.6035501104288087	0.429385860229503	0.25791851700537616	0.6920386277522139	0.43431664580895524	0.5257108267035541	0.060118553501079475	0.7744853005031483	0.8735264145549433	0.5588594815688335	0.4213934905420404	0.9999999999999999	0.2742791432482781	0.5417349469094864	0.4616854003628441	0.2810489502199348	0.3943135174402266	0.7884133847252078	0.6248995185956292	0.5417937811932622	0.4063621310563985	0.03402755208710878	0.3820398485169588	0.5954021598336036	0.662005926082714	0.39818868313738043	0.6224974378847702	0.7000713066960975	0.690484272203423	0.700958401696899	0.6551168530474318	0.8146763423212555	0.0	0.35855807465203887	0.45529603345463543	0.0	0.5777976988570697	0.3591417775447953	0.37092382668694074	0.5342978128982924	0.5529074918225841	0.48990814724939097	0.49075252168738254	0.07221393297099227	0.39014582738111236	0.3595041664791065	0.7245007620967692	0.3550365130117681	0.6643474024766493	0.5391263813645768	0.39410596263193864	0.30040699815755373	0.6840903515650394	0.41185817567815963	0.5119220648090853	0.2527780862767619	0.47822331512330707	0.7088533107890701	0.5673533712189933	0.3765571967771678	0.4551433110852262	0.509557617139151	0.5494251189859974	0.4722429697607051	0.44085916240287715	0.5784653058915294	0.5942269211394812	0.174553538464712	0.5266264678769824	0.611062258414115	0.25643159534894544	0.9087831479665865	0.7098023926580923	0.31030955507385516	0.5835969620633348	0.5666344203868993	0.5131602079815439	0.34256567240814184	0.632269475324347	0.7887471386093902	0.23119918035947373	0.45084743143304207	0.7379257249735861	0.605742488800364	0.49127958454412735	0.47239988256236864	0.646142688429658	0.7132625336855432	0.06042886207306253	0.70214821298944	0.3069224515642364	0.310804564781946	0.24892103801426163	0.35272244019029325	0.6471814757162758	0.3536802171868614	0.43054259891516977	0.19116503122743084	0.7436953355561555	0.45847800585224013	0.8154979706434862	0.42783679367132066	0.30788961571862405	0.2865239370031716	0.3673778933992822	0.46227188606805975	0.4163347564059063	0.6261793601259128	0.47349516295449623	0.21684220015004155	0.48266333586370824	0.4467020102165272	0.705305760620968	0.4922460607648552	0.40542859528708763	0.4161394179152244	0.7491639090762444	0.561461867229784	0.5581003772404569	0.3019973439231751	0.5328134054585039	0.42870943306990483	0.6244569080713038	0.3865299624357992	0.6878999410700829	0.2554690448434836	0.6374418399358435	0.2943269846075809	0.4723107293044446	0.37363793638416776	0.5969363687431072	0.14149025912080948	0.6077708729608892	0.787978673797077	0.4023856451842846	0.40247988061205187	0.3954362159538721	0.2544676396492752	0.4186192959236118	0.26312430528364084	0.7295555651269828	0.35969164754196103	0.2504977946477416	0.45949022009637464	0.6253373821079308	0.4855349218495943	0.7186275647418229	0.19909062128842242	0.3056171652479157	0.5109096282822141	0.1472644358578309	0.4840018221490176	0.3422786037573293	0.5460640767025491	0.38722616365695545	0.4394255956176939	0.6952236718570945	0.5939660857228023	0.25191976245241404	0.29724531137588095	0.8707098449444619	0.0	0.6625608292044042	0.4422579429130241	0.7274451020913694	0.6140212585074661	0.29121624773910104	0.4326403298063911	0.23394516027787668	0.7339285709329234	0.1464130029540792	0.2877157508533227	0.7637298682422313	0.9024798097232465	0.4151381099946835	0.574690027033266	0.3167966050545662	0.3580295587845256	0.6933228689292056	0.8396583039728192	0.46893358950038755	0.20135173000926015	0.28689958643445257	0.3873790829196456	0.5531175634806367	0.8412126960815044	0.368973545351996	0.49275515722210583	0.5817471748393217	0.5988636576933444	0.433519022504656	0.4816372588492628	0.6923004812910994	0.6585083721796368	0.6787050419209015	0.5078736302471936	0.48350507299211176	0.602984022436623	0.6305468377620278	0.6601007537874944	0.6314420504388903	0.599625956637043	0.5066178951925902	0.437317360885574	0.18900064537728584	0.5142087361479418	0.42745904635743937	0.4686579482024782	0.657392659408071	0.7063955340213014	0.2760648021826648	0.47287519172597436	0.6195109029857353	0.5995871388831702	0.6043033875226143	0.842589199590615	0.3501627731483352	0.3812701706381161	0.5635336765618463	0.4746498593023839	0.5122490372302084	0.5195285335824797	0.6536515340374522	0.8930458163321253	0.5184350680078764	0.5887913239860272	0.8916521406812645	0.5806829097411806	0.5427275312810335	0.40044641103871564	0.6494754912961611	0.7896547266116752	0.16847134632731153	0.2592214416698027	0.24851441641609376	0.4931507329682057	0.5039074421231212	0.5657301617687043	0.607081592880802	0.7692855572636921	0.43095366485802833	0.6817727360901958	0.5158458612982134	0.7220496760070458	0.5018765550290537	0.5974456848089956	0.3696661130240856	0.5992491580581161	0.714319406417117	0.54110478987501	0.7660426785281008	0.39678402175285077	0.7204325614059378	0.4746688962852925	0.5539461481388654	0.37794314897527603	0.4027336606470395	0.6484500761571019	0.2683542419551749	0.44533863987018085	0.28658355711582245	0.45452915203322786	0.44555683133332147	0.40189176126254983	0.5411817229693525	0.49492614693795045	0.480907077594647	0.8145160148552831	0.3032060459399	0.6268220036549782	0.8600847994735775	0.26146311901592845	0.6303817857657066	0.2903062356518656	0.25026314487181067	0.18587763438311206	0.6985649299619247	0.3579172033858991	0.40757381927634895	0.6555764538550879	0.950799705734698	0.5460668928328042	0.3884287514574002	0.2273755665509476	0.39676674549459245	0.6370511749793436	0.6243686993960672	0.19466784184761804	0.44066441718165617	0.11756167850999927	0.4532933362498358	0.4178520663388736	0.21950515779025873	0.6438516913107518	0.44096928023819293	0.7412264074367656	0.6438163861195947	0.8516408319896729	0.6932997985748379	0.8223996435507701	0.35732533963424445	0.5840871044505449	0.5623860617324231	0.3988105591396345	0.47012260745974155	0.5420271803926824	0.20040866147001563	0.6230879760777045	0.6858151513070145	0.05114312550715949	0.15718722730812523	0.6375801923160282	0.7218489741774337	0.3860292215326061	0.49505761072771237	0.5596861667590224
starfish	0.6823247230529208	0.42267860219851766	0.22995199871749983	0.5739214052831176	0.6935887589891208	0.5857577889211948	0.3793294660071659	0.2851019826274654	0.44536106164711253	0.39239343096831936	0.6288446279548449	0.3273584069374459	0.2240619033332531	0.5864958566168035	0.5250028616527516	0.303445435279265	0.46954308518030313	0.4355033304106686	0.4713375198898252	0.6054733972891102	0.5793893324926587	0.6859578347526203	0.49219392591319744	0.40217696019699734	0.3760889990417871	0.7763682433866513	0.5692245676098358	0.5872641906943235	0.5373111286832192	0.6219383177274752	0.5625482226032265	0.5401995004756739	0.46551148183344526	0.5902864051343455	0.37984097636178205	0.6143612138104246	0.4075189879173998	0.5767217749719106	0.4370972874158302	0.6012842832633204	0.34700071915958947	0.0670776362639201	0.19443281543274868	0.4281710099331364	0.41928883949918644	0.4431917308541906	0.520588802090155	0.4461214386929551	0.7462901572109847	0.8578589569174264	0.5351216740942366	0.5211671468739301	0.11226706188188512	0.6616537929347343	0.6882127174704284	0.6420061840984767	0.057451943133772	0.780564793411299	0.4641079986567795	0.1338726913099736	0.4803192756125819	0.7585206409687602	0.1994408689573364	0.6100874299043547	0.19413666389088283	0.268477485904024	0.6411476591359073	0.5402552462511817	0.8317941323636537	0.6074275276679038	0.39621228253068247	0.5258032662077275	0.5933442421689215	0.6023601917352113	0.09143497133132128	0.31994481388366985	0.5487584218457038	0.40146854365711826	0.8256787747613518	0.60880738400018	0.40782250660103414	0.4948833728180623	0.33671405729384696	0.4836668523107	0.6799417664459495	0.6283246903117441	0.44164778242667135	0.30174932944541255	0.7275254629374324	0.45122403968301894	0.5556426595909186	0.36107068472296056	0.5142761545492066	0.5404361544431696	0.4131347929839219	0.25583718512150205	0.5765442431064657	0.6000685855245871	0.4100716520478114	0.22950247551571162	0.6666487845980617	0.56893309653195	0.5544531472997587	0.5021322193315999	0.6932480229660761	0.48162547026872826	0.3084125206971099	0.545120068522921	0.28897700857936887	0.5216081925005007	1.0	0.29715929725899365	0.18326136441369636	0.795078117055616	0.38138903582527195	0.7164698819387811	0.7395346967080144	0.5764454568716654	0.07534404052607913	0.47856132018925857	0.5386139476261864	0.2775148613946968	0.9999999999999999	0.4535312787735799	0.5023894447060581	0.11578575161711502	0.9609790659742873	0.2636690865214289	0.4535912156899775	0.37679841519867574	0.4141759917241342	0.2550635722169293	0.7739605473331608	0.6789794528892849	0.7267445371464467	0.89624051630968	0.3786706280982339	0.7650257413553905	0.4201893063086284	0.8331638771549461	0.3526186114501487	0.7107614154932651	0.5488736910226831	0.5495265971066327	0.37689911318499925	0.6953841462022706	0.6880024414245869	0.12737822293010068	0.32794265327329486	0.16032240620072027	0.5933461452496158	0.573251618285015	0.5893051202133784	0.2407795913242716	0.21792436851438746	0.5263066127329862	0.4735969538609676	0.8919710416432911	0.7631447181181722	0.5693940115090006	0.5381174858482229	0.265345702710995	0.6782699285545152	0.35198608388769603	0.5027185336256706	0.6253663933143706	0.5912643875166579	0.48200876692129674	0.23209090045571856	0.5136903737224048	0.6706540467165301	0.5324827143938955	0.2267703644163263	0.4740747468225046	0.6584851777547435	0.256180808565741	0.40055790532331353	0.7548107302070636	0.5789187158725783	0.3616406103987052	0.710972786848642	0.5750324394112012	0.4470637243541886	0.4806527450830741	0.35787249521117775	0.6062973050369945	0.5121697954264833	0.36443127772989303	0.640919970024483	0.1463285791683714	0.5849853704988175	0.7295433960376041	0.3524866278742925	0.5598326485621813	0.6539468529843895	0.5275587134862781	0.5244602657880765	0.684260754565795	0.5725010855272554	0.07902300756703962	0.5590771870384645	0.38126606430970744	0.548188223948143	0.48572092187199223	0.4679444231772293	0.5710911840203245	0.4310613388278255	0.5854355513571715	0.8601964913010951	0.16642516059539314	0.3324253718189407	0.13783716318134953	0.6558076678084421	0.5831032888713051	0.9668582893352649	0.2678072078283419	0.3677455235488766	0.4128017260271364	0.5437800244409795	0.5012892474338114	0.5889824177479297	0.4585411444819939	0.6693507721087182	0.42381329490194053	0.29300762337538305	0.1788826707233903	0.7311199581444701	0.47962915823148117	0.7858775301529388	0.71665997537796	0.41275175975029865	0.5444212184703592	1.0	0.41495758755436285	0.5818709481237827	0.434464182552344	0.27623012404487046	0.7450027777003744	0.676963692690586	0.31615007193234007	0.4152058687962461	0.21638234364029768	0.6170609963893643	0.6935311182091646	0.7698868875615792	0.37894833106225134	0.5054115775047153	0.41542632605024965	0.7186282245313613	0.3260364282743079	0.30162095958687185	0.6872223203075267	0.4506330273248395	0.45064425885754067	0.22942712640374258	0.3008754228516244	0.3570316204465322	0.5694454023886929	0.6732310237761039	0.6364306540983615	0.5907668666966849	0.3632395228056269	0.5334871524190679	0.43202633273201285	0.42481202055478406	0.62339681963324	0.3151128756046441	0.21441340994220387	0.380731586994196	0.22994188516589337	0.18265683152534617	0.416575879894657	0.49550666873799487	0.7867700152452957	0.3843335927685215	0.34302932287735	0.23267121454660192	0.7432700651373423	0.6804986671441868	0.5954944070725676	0.7119239037429271	0.16134810563893726	0.4202025708684921	0.4748217185999895	0.36799943134922203	0.6341351090688568	0.42296290978253903	0.2715173648105612	0.7423196166031694	0.1163932636233726	0.4070653470349527	0.5482483143667491	0.7423136851975018	0.6212500867194012	0.2614689108083212	0.4471866871754957	0.6284345907530222	0.40045507814362596	0.4150498714771223	0.673418206485091	0.4566354975137822	0.5131837325686056	0.9176107704682903	0.20181816896294302	0.620145681625528	0.605001220239438	0.8066602493028749	0.48324248820367394	0.2215485360802974	0.32828589270106207	0.3614321434660895	0.4835904232621881	0.13501249965497375	0.36331073941036146	0.5767768465133334	0.5445000040720966	0.494093726006659	0.46342240920172934	0.6052388858071897	0.47271719615902025	0.5401647320020462	0.2554286157136213	0.5906220599448196	0.6826217204224084	0.48695963125965774	0.7405562740222933	0.6108426652841782	0.649787775160259	0.543225011279171	0.5874921236886862	0.7851856980297452	0.16582134041734403	0.47028905953775835	0.32040173791071314	0.33747451842964415	0.0	0.4780237274878472	0.41905254248441476	0.516831917622237	0.7389292476231498	0.5709823556596226	0.7363342983295276	0.654002524514322	0.6749138011842578	0.5980336787068854	0.7723422749816327	0.5933650385462663	0.4424423372042011	0.6380465024242075	0.9999999999999999	0.6547631076675112	0.5096657045838437	0.24230492018879946	0.5817796191704298	0.6773343280036572	0.4077635775175753	0.5304875005321514	0.680845973765967	0.17750299908760886	0.6234969409098822	0.37283473009685725	0.4431282266688372	0.4673963779137998	0.6188760380050657	0.1992946542900202	0.3973518457260683	0.516391531694753	0.9445773194455815	0.3844520674349699	0.8198065245710824	0.26825871510556243	0.2880913000453553	0.45707496980995516	0.41482384188938626	0.6808990474269111	0.1505026713925149	0.1510859827695401	0.2581880891871951	0.423933507409603	0.6068837725501897	0.586057983003436	0.6374064506527056	0.3161087165646309	0.8192088969095132	0.6038440022633437	0.12888359285118633	0.33898302476157754	0.792457735866692	0.20592904953219698	0.7823601954845016	0.7352566024420994	0.3107454943396414	0.8035618986018271	0.6770070566464298	0.5035789124174819	0.41193649393378295	0.3648401675808347	0.31744540873185967	0.2879695107305891	0.38629139868620876
stingray	0.5498189481487401	0.506829059958921	0.7398687912250831	0.5016804355670463	0.6996146751486443	0.6639038853598804	0.5856391320026862	0.5139343746611574	0.5252811205578672	0.49364080181245	0.33764108650192226	0.5751135283800546	0.5757116367518945	0.13328428229996608	0.6613799125531931	0.7361240007021013	0.45070994538413617	0.6359990562441674	0.5528622849967029	0.12982133632370313	0.35335955750399106	0.6316497475873477	0.6066774704468912	0.39071882816008996	0.5587902595577756	0.6795115727243211	0.19690079745564043	0.6805632645980455	0.40845361347655196	0.43549924290897	0.4589113536601615	0.43834582211736817	0.5812563634561945	0.8001380905154956	0.6216354713908974	0.43721563977309436	0.5069470386690292	0.5750676614223204	0.5108356068079876	0.17363844204704382	0.6483400744350418	0.44489077860040055	0.7810599115080306	0.24337398502916946	0.5941761119039486	0.6320281758445312	0.6729849891342352	0.49873256724834747	0.3847957087194485	0.6582852450225649	0.3601208836941394	0.28634238777999593	0.13190833177476285	0.36744612816803396	0.5605899928097067	0.3771885459617748	0.23358549696146397	0.39077677562355295	0.2560084821618006	0.3813852227762739	0.44693305736702277	0.5441229603864557	0.6854116611653136	0.7247453961589737	0.5827174592575336	0.5268988026312247	0.36509573512970095	0.5646980843932576	0.5513161179176725	0.4689624959081701	0.6959108199132505	0.562951643507957	0.49040452539720497	0.6600205294672702	0.4365025028350887	0.34876267504444747	0.8705852675134016	0.5024111388940165	0.4527184766132946	0.3606818819491682	0.47904476116697653	0.4633708814261471	0.4210666066666567	0.43901021741186497	0.4838700187276761	0.32854860875122793	0.7174969266652802	0.5887936553467589	0.8292108134342075	0.5373396341001019	0.5189472709883682	0.5326737237460596	0.7696282996663036	0.32653961071422727	0.4326248128369713	0.15884231130853727	0.23554638570704595	0.7718900645600774	0.5020770360917408	0.5949334213734477	0.4038921544105868	0.6857346584320348	0.6140546737700174	0.5098641343766466	0.2601915107066697	0.3281886109448254	0.4488121535969495	0.7541418053194637	0.6304164567661079	0.5322648303663762	0.5875153228841106	0.46263251389017856	0.7004413758579267	0.7645927498969649	0.39646959115512426	0.2812845207909038	0.5466150984630859	0.7291861836397403	0.3726894376439304	0.6668642745440233	0.3826734611409521	0.49119795920806125	0.18846760519156464	0.38624018842499386	0.33117202176149485	0.7586554046817062	0.522344382810011	0.5706793119358144	0.527832853080094	0.5450330249848513	0.5192049192418288	0.609347463385688	0.12518898271458323	0.6347118786657262	0.44156065698422015	0.6128639898680591	0.36341869682973954	0.10349569671251924	0.9304388105654409	0.37812156575402256	0.6796513777680105	0.6174160202152265	0.7840859733780499	0.6854267308796905	0.3394247366798559	0.11521483380159059	0.27250751166985276	0.5151732247122844	0.6808327732943408	0.39598753353147104	0.42270402372234467	0.4469467933379487	0.7738874137189546	0.2896980273535097	0.7070476646148054	0.3018242700185663	0.08113848623983166	0.38504912882736275	0.5551282995714085	0.718422248145191	0.7124911017597604	0.7503359331046215	0.36700784919469287	0.4928853441121019	0.20759828406371988	0.3757061620744881	0.712489022503896	0.6220329409181492	0.48400717415957917	0.40260026627754053	0.46338138532654327	0.8126833517128831	0.49423981969849934	0.6592254493562899	0.25057993776828824	0.4624179391198129	0.4755582630488788	0.3493673288079582	0.40365016656535124	0.2519554702447858	0.3326292455298093	0.2460262055897387	0.7320713939466326	0.6853337234407622	0.7995493241848051	0.3388417414533523	0.26275841402439154	0.595450578933205	0.1325778797097708	0.8064690128259149	0.39144288837662367	0.6688755831319582	0.47103358303262705	0.4697380349616137	0.11549761701594158	0.6005244447908039	0.5379461831047737	0.6656666864526214	0.11187928688637233	0.7335600372634381	0.470900515834077	0.5395599354703857	0.4978936684223043	0.8177808173010205	0.5182491422608302	0.7100071521235684	0.6067932775566124	0.3971554292188774	0.43053291780303615	0.6507582543290014	0.36692033128959467	0.10018230463887795	0.637616670760389	0.31421197708408777	0.6631656063912512	0.4906941098031618	0.184908165348926	0.7517102983966804	0.5994929106171767	0.7013010123214695	0.41317858510225425	0.41617506629965023	0.6593805391467162	0.5516576428714023	0.3551432461394915	0.43987508201054637	0.4730771565793069	0.3211929174752187	0.6770779835536789	0.46985416889348225	0.5053071116451531	0.5659573618719654	0.4517274632547804	0.3960369262235889	0.5216691096576775	0.642663548865597	0.44938378545729346	0.21191591357908207	0.46966376506925456	0.2606248883775535	0.5321094823710646	0.3595277404930968	0.8147665690954068	0.13394921629887196	0.8709813015858613	0.47734655466757225	0.2496329050082841	0.552918765882938	0.5844633240947282	0.7526552603994239	0.4824944499318873	0.6285529734662345	0.5982091506481695	0.830187704955619	0.8060143296997743	0.5555689457190126	0.4163893621152695	0.28778285910307677	0.35068905545007917	0.45857140930928497	0.7421206037965669	0.5348874506433093	0.5335572913209091	0.19785288526949546	0.4667843037282925	0.5581497266936927	0.425570710704015	0.8914734077441098	0.5238894248390584	0.9115470054478954	0.8024461645101592	0.6592832394953508	0.5280379262269387	0.49630442405958747	0.6687542489724762	0.8253084541977406	0.6004359122574686	0.3797614969172382	0.538257539568679	0.3479394582371591	0.1213485763045424	0.39070687893586786	0.7772303233212822	0.4013143257869474	0.36776339776775085	0.11136164378217261	0.6306898293961468	0.31483328763452306	0.2407270993472077	0.4964232741929074	0.2248176405175772	0.23408370648049143	0.41249121415487217	0.7059964709434132	0.4309642883922504	0.3606219253023134	0.567639573075863	0.5871268744162588	0.8933904662761596	0.20234207327647286	0.39252661498222574	0.7427313751121136	0.46668003649238343	0.4027020009533594	0.482513568268035	0.2612238694967728	0.23140097609817528	0.2881033201878581	0.46023101031674546	0.3556390692190949	0.3209322554176297	0.5125398371951609	0.5774837524618045	0.6969476542930048	0.47474004812930687	0.35774870520600954	0.43169990032008637	0.5370030859480016	0.3636258768529048	0.31145789498476834	0.6655777282743789	0.4808157378044765	0.44083665885372436	0.5093643599145028	0.41884716051376486	0.37836003900207493	0.7109465057931027	0.4332890748319851	0.17046832850180338	0.6666889938108643	0.6869847813374821	0.6198232946826798	0.48040586774333116	0.4292809187563519	0.38444174210913484	0.532456513732429	0.5552787320679942	0.44819665413572785	0.30417360721406766	0.5149883291878254	0.8534731518164504	0.8514225408215395	0.3359934158966822	0.20151129725455266	0.6393254701451743	0.6010354149914198	0.6071622377413672	0.39566513561577243	0.5817774976398533	0.437602267503237	0.45984937858657965	0.3317165804417359	0.157171154605464	0.6363840070675076	0.6299387519597047	0.49856798899864524	0.624264681286252	0.691443882126847	0.8926112477942412	0.7979859384522139	0.5207662436648142	0.6156513609070101	0.8340916901519093	0.7464060864165719	0.3010248808161601	0.6271313130628635	0.45838457581129427	0.42668425262543724	0.4005482374686775	0.4550096496503853	0.4654399443393008	0.47855750205008063	0.6395859428520984	0.37219799675765763	0.3267569799386458	0.555459989768255	0.5728397658201493	0.3803696959021098	0.6030200914137676	0.341471885418138	0.4191602303158829	0.46269448435105465	0.5200516718944134	0.6663833872617784	0.6185038493017396	0.6602499950632796	0.4641837893517071	0.6824439922493067	0.5032368641858613	0.3146537123556288	0.4425359717891691	0.2871343931695861	0.46709844627814334	0.2760080527873225	0.6329813999564271	0.5345624222216754	0.6200910382267999	0.17326255269667162	0.3628429042015162	0.52929543849945
stork	0.3662230247606425	0.3814415570364965	0.5442621927628101	0.6958653196059064	0.5637941881126667	0.36911720082183297	0.5285406004786787	0.12191223521848243	0.19580370813730874	0.5282572537159376	0.28118444092414496	0.4587571137258355	0.8134536386237985	0.5288666258409909	0.3596076938581428	0.6622854088818728	0.5100991931642762	0.6681744881816299	0.2705981324263525	0.5428379304461378	0.7187588204854771	0.7035714737831069	0.3787802980110646	0.632751717045547	0.6993279478511726	0.4147180768923666	0.4695263704315873	0.9150329933779362	0.5657892322754581	0.46860141418522927	0.5108534117381778	0.19066773103022341	0.3460430029752368	0.5714150763565442	0.39742957900704345	0.9870243397253504	0.5954338955646474	0.4389837487648263	0.18995970777282428	0.7116795887727996	0.7572371233799446	0.4647308529910485	0.40325972920008707	0.7023598552457526	0.4753162211987154	0.5555418541251176	0.10780289341856347	0.39397897814111904	0.4388342640087316	0.5327267643868062	0.24675872580531483	0.43694591878507505	0.23048176151868704	0.6204208832012968	0.012021968187262477	0.24989794868440787	0.43389814065633114	0.2009829122066484	0.4163565013234448	0.8230024390359503	0.6443181757814151	0.47713090024482635	0.4191566124297115	0.5959836930528957	0.6953439326933758	0.11939947930604428	0.31603144215303014	0.40568722910616456	0.7542697304730461	0.5883931564093478	0.4327159171674332	0.5420508776485685	0.6172014895618827	0.7443115249109968	0.7235974530273039	0.5449753970546939	0.45074439773547204	0.634371822014201	0.6633576466412328	0.2589011967818748	0.35380790761134356	0.5535235879575674	0.5759229770181747	0.5452010403686403	0.3407491693327787	0.4800145292127494	0.7415027099126392	0.20763862482364834	0.7644251491733618	0.5378544152290374	0.7930308976159217	0.3856163532501088	0.5789723171754548	0.4799037135812337	0.35070871610925913	0.28160361094344316	0.3713891869873766	0.5509100505736744	0.3051095579669981	0.5652854469408526	0.5141717588507317	0.5532284767531094	0.7030910784892054	0.5110134617194874	0.5135378208218673	0.09359091953828408	0.5461046910798945	0.7305260576203056	0.7448047007342994	0.25977952845153207	0.5476022256321399	0.3297750265786481	0.21226979775513732	0.6191229360737205	0.3593658317784143	0.3761979077161862	0.4564939099595634	0.2648238888813546	0.5171158488298017	0.5403562986617351	0.24558670047993816	0.5623430680925069	0.01676996628494637	0.5386725786673743	0.6259897353426809	0.46717841310340247	0.7757719056968919	0.2899718375579421	0.6679834483907919	0.620312205706723	0.6266729385312344	0.4261646714124374	0.528726047123999	0.6455268343499903	0.3167468713647963	0.5463081749400569	0.6302486084446504	0.3330861530963659	0.4396760218804907	0.7247044564634142	0.4719001014795555	0.1366579409533692	0.5395977251270592	0.44303060849601555	0.4142484554152448	0.6103752554484099	0.36905358862152116	0.5298891871193769	0.3979016818077715	0.4929449300754016	0.4100453141779616	0.6600556194140094	0.44073208494527266	0.8297720824324208	0.612217217368207	0.3637429626095585	0.832758467923685	0.34190493550230017	0.8536344403695668	0.63775918640869	0.3941529598488113	1.0	0.3123425998040335	0.8269115694880504	0.5474297836056158	0.6603257157667967	0.5044977668631502	0.5222068085968582	0.46184690604234796	0.2916531618950875	0.47180898149510175	0.4050042547658714	0.25534205346980454	0.59054474009595	0.6562888744801442	0.49125809848484286	0.3191604595812904	0.7597721561309523	0.3780849317871858	0.28072725917406866	0.30802881087503475	0.24080251614932005	0.43642342350694957	0.41228889144560016	0.29310355240217656	0.6151715847156173	0.35667406313474637	0.4313835026410925	0.5567885998431072	0.6089550893556908	0.8466826697088292	0.4715921571102457	0.605786975731677	0.5298608264501827	0.5271477029281868	0.37233644695720347	0.49959301947548734	0.6095259029608535	0.730473533174658	0.5197507674257276	0.47101040280941286	0.8546228117908594	0.5940095847742872	0.426201234839953	0.3935353290552073	0.3484167423085247	0.46918774253716367	0.151630188391677	0.7306178599178945	0.2562492797463416	0.7585653126246765	0.2683493644091174	0.756640577478169	0.5434067747870619	0.48367177008869094	0.486109774629553	0.6221289410207692	0.3033543684134034	0.4389504789953275	0.15331255185111792	0.3009907821602917	0.42957823035852577	0.1705604851316741	0.8718509422230885	0.2746931306182561	0.49659342226226777	0.327861590514356	0.4028632495071213	0.6856552260886648	0.4109578814476579	0.6945627742742004	0.4525929249041185	0.4328763389551564	0.25928216784496855	0.7108550584443596	0.7552153194887257	0.6585255187447393	0.690471783686962	0.28201287400137126	0.30838577309392506	0.3168243644746601	0.3827878394467115	0.6246662638727359	0.46543370181228566	0.19768389030769756	0.4878538367958171	0.6153747915836314	0.6159900995194247	0.6321727349129154	0.477766100723145	0.6896105765795234	0.36046545834732807	0.376263659629761	0.46770368528409345	0.7295471118773005	0.40666324141083365	0.4151301837906101	0.6592734746758429	0.6137427888622252	0.8515601595420531	0.6953458370703611	0.5077907618443945	0.12798059129493822	0.47579538094985824	0.14984884538872822	0.6545065237303267	0.30454464619289545	0.868400410093376	0.5527330151568403	0.6596078270988279	0.03986238909555784	0.6462051289275876	0.5040683076596633	0.4856501040346735	0.391926868747902	0.6188389298411986	0.6130745696530989	0.5446677273455067	0.2967717381837814	0.5773901557173726	0.7145572767138845	1.0	0.28110147108210004	0.8249150874034898	0.20488347748460572	0.5780575931580768	0.3818023082370887	0.4862779645572606	0.3486522698100495	0.486020351769368	0.48127932613778135	0.9049859585481128	0.4750001740000479	0.35394869306941695	0.4739323703902596	0.6870311168557991	0.4564349031312585	0.7189399726705941	0.21117992326829915	0.31932394578801043	0.6659293861798312	0.44238312982840067	0.4210349658130298	0.5497889721360505	0.43879300426312995	0.16857863182023164	0.23180108664532562	0.395034674019536	0.8056326239861036	0.34947509103131946	0.08160061702877308	0.6606245796058748	0.7929552061563409	0.5671982025870174	0.30932642783229897	0.7139828721830811	0.437608187441151	0.5309196854821521	0.34581862237484284	0.9438424064113692	0.5605719186083055	0.5473926006678059	0.5680870424907297	0.545331952890937	0.4842046086408104	0.7310299049235645	0.6428449525525171	0.5687080564049064	0.6799854320938781	0.7315993427671245	0.5205036982645863	0.3559627880637163	0.6839420691047136	0.9725291323644318	0.3216131396634965	0.5774338924376726	0.7684856468912853	0.6175435455793733	0.7418535038139416	0.44561762483845047	0.2772366238051167	0.48228759082429	0.5548669449447269	0.3836529962056439	0.5224929303610605	0.562317652296491	0.4672849140456884	0.4819363061575338	0.4740909700324391	0.28281013010172035	0.4843439305557911	0.7446364212655134	0.11660240575261249	0.7172246632499752	0.716170039403099	0.3498326564434038	0.41058724797497687	0.24893922466395707	0.7059787845427348	0.6816516838084776	0.6915490063630968	0.42025069455448655	0.5186552244102623	0.552047614372844	0.4158807819218835	0.1860937066048121	0.7560978419165423	0.22709338428960796	0.5215799153994098	0.2865321012705127	0.40230438350204084	0.7826738303945363	0.5760257594558351	0.393185092586702	0.5414114107630751	0.7059036705063129	0.4991051391683138	0.26087869516519435	0.483340580200074	0.6632998082790841	0.2985130660076872	0.8551703473823348	0.5295759134519906	0.5000939728454383	0.502201777809965	0.6486327416516102	0.2473502885091511	0.30879215094491813	0.6683930938450842	0.4468156701555841	0.48903207493324313	0.725141387037426	0.7460999450925712	0.5455198724734059	0.0	0.5041875417486716	0.4261007561985668	0.4220041738946923	0.1662603857784247	0.6254249602514942
swallow	0.40435891225454174	0.34417030514964275	0.35638901637543785	0.5383270813295711	0.42382636928661627	0.3123665890734085	0.3109794902947332	0.3675798177344465	0.8438829559691254	0.7326984126553922	0.339053344727518	1.0	0.7906053424493579	0.44281466683799986	0.6649109909701216	0.4789463759904601	0.6386669686218303	0.6947655133822678	0.1373057723790343	0.42723598444399313	0.6443588333688155	0.2668353204896209	0.7128346715347351	0.2169600097239901	0.38825834471084836	0.703773325457608	0.621675908520275	0.4442743695377474	0.4794519723866425	0.5320619961591228	0.4609657745201894	0.27577559980161953	0.1443419877254623	0.4219103937159397	0.6771013008955427	0.6974387564100027	0.46073950221226534	0.37861948820843355	0.49079766624499216	0.5799941009555276	0.6024976143430631	0.44884369384269557	0.5262031833924241	0.3292875314941237	0.3965291935013175	0.8737881796017672	0.7381357476568863	0.6888933862075066	0.5683541992377822	0.5012390682590998	0.5705555700542362	0.3787871410799747	0.1068575776762895	0.6741839016862585	0.46225763536175846	0.32945546559953603	0.6208042226078345	0.3950990968947361	0.587898427212045	0.4818722557169346	0.4480960366290419	0.5305741810786921	0.4435654680245461	0.4472693242850816	0.41386506818957386	0.3702224721971603	0.8220360291954815	0.47157465003408366	0.3569182027568829	0.2254641633182285	0.734983606016498	0.48929920347368877	0.5464868974398787	0.32775331013056047	0.501533623625049	0.48945317985110226	0.732896240200987	0.5435168988635776	0.19164221481331456	0.8348580210531003	0.6734203108209462	0.3309653330715542	0.5735025045899866	0.2966290134146247	0.43247747476907444	0.2960857582834382	0.4688447453389542	0.2266780630348134	0.7261157426357339	0.29375465193619665	0.621030283568498	0.5139756148424326	0.680421130108247	0.42930287902303377	0.6798745287653288	0.6027329622266916	0.17794035441138745	0.34570372031662977	0.851207354040141	0.44028522394319985	0.6079988471680271	0.4651908526668016	0.46189918401482066	0.3902320082240977	0.4768319168479832	0.44383418619624915	0.5786459572612086	1.0	0.6591309031236811	0.17628541031780337	0.7130455323373677	0.6864109855492786	0.32314942209134234	0.8103768195927696	0.6169469845638752	0.7925522708720456	0.685312633246483	0.3623798284722035	0.1861875845440017	0.4664792989270547	0.39023329301506265	0.05679501009876642	0.4400513498694442	0.5499673403404499	0.49937626513493955	0.48427044091776184	0.459116985697129	0.47291654288179746	0.5945107392703423	0.6320442265215337	0.47091978489027736	0.2744951915063941	0.38720774224381305	0.6971911984379326	0.3766500186597637	0.6549079677769394	0.771618743379099	0.30265928788745555	0.6540003920111569	0.2670684219541578	0.31643181843889906	0.46110029580794865	0.4359528340437342	0.2870396657581966	0.3915554834909219	0.3246198397586615	0.6551454645785163	0.6773551026132689	1.0	0.4717290895590562	0.39247558482775513	0.6978192583701862	0.37156091205122344	0.26948461633418785	0.6139808335169364	0.29579098013452415	0.33386722714246697	0.611635833376391	0.2811567539393742	0.2993380069515385	0.6326034742027032	0.22820467308142253	0.13353799455586118	1.0	0.45854942965033635	0.4721641709750401	0.8003741833022466	0.45489044233364223	0.6161240340587978	0.9005070971826522	0.6863111135891379	0.4999717414668011	0.5084912804188675	0.4976070280930182	0.6573650968802045	0.571439849337062	0.4152905627027347	0.33015582193705506	0.38278078868751575	0.42190087137866533	0.2371451743359717	0.4987790002811959	0.427384025936034	0.9316956076910676	0.5179619548134758	0.16167543178233523	0.38997890205137	0.7213632736583262	0.541671788642044	0.4780277320621223	0.5607553302240316	0.6039888953333483	0.3317278589881556	0.6105839371716804	0.35604219260683195	0.8684740697290801	0.6534810927328722	0.24570686350099702	0.6474271402334688	0.46662501415929686	0.6591084896676883	0.5160879425305605	0.5804717391857903	0.28349658081562507	0.8046571538179387	0.4897967224740961	0.30483399774114556	0.16250948045543778	0.7407613839465269	0.5902904531503727	0.3165355705185201	0.46309376644606987	0.5258995426402986	0.3494401583903199	0.5037837654468377	0.4173133913783189	0.4378737129423546	0.6112605261609979	0.7367259450685288	0.6626218866392477	0.32326865924248815	0.39112556524391134	0.3541533161254883	0.1817809423539799	0.8293582448975982	0.33006463537770764	0.40290624085561966	0.2578541895168067	0.5828561589160173	0.5480400006191966	0.7101786015136966	0.25719432349607363	0.4307161946358874	0.39376994872160576	0.08815062864929901	0.6604897662662069	0.4648275304554911	0.650658378489527	0.7347567324758306	0.8153836860135371	0.5200866871274361	0.7180270735351924	0.4474888869751116	0.5097100991296448	0.4221850322342061	0.5696691883385898	0.47905213605957725	0.507951902453531	0.8153451952039089	0.4689891886544717	0.5390880048891771	0.5776107365711098	0.41945283610134493	0.3745541955520081	0.4181515290709757	0.6817327043751276	0.5954430884231834	0.4116381339880527	0.8135684828788963	0.4620611059964818	0.6828276590957677	0.561439073763156	0.4964158458562754	0.3868860203037847	0.6079931659860334	0.5842612250231893	0.6622420956209563	0.6306448853352287	0.44674765270475264	0.28825734627602845	0.5668474074591099	0.5458167603978035	0.7216867503080524	0.3490521208080999	0.3843073214400144	0.5449074688565786	0.3332395656636171	0.6318006043784173	0.6378802804071586	0.5984577497464313	0.38923738056750157	0.5537989409823794	0.36148265864071893	0.47629342044071465	0.6290101180309011	0.5743960802150435	0.49269729708995663	0.21789880532618291	0.5119619434860035	0.36831703806060534	0.2705890522519624	0.5742652947182495	0.699223493367274	0.6639684234385919	0.2966216526574541	0.5971944592393006	0.38138570083812506	0.5297158428390741	0.5956851601234965	0.3968582275674935	0.6528026142038577	0.6913714278869073	0.5262155469604671	0.6760175132394292	0.751805046870967	0.3095502357514524	0.4769669501055615	0.28164238924573026	0.5038592155101002	0.2641791910393397	0.5416565962826705	0.5929094914803223	0.871504275209059	0.5466099190895051	0.4797412625999405	0.2870240789807432	0.2112144771483625	0.5283343024343707	0.5549564310650339	0.37452836643249243	0.7664661168159109	0.4620691764953287	0.7529315151160076	0.4080315539525889	0.5516351354670608	0.5649902001818369	0.458034530029107	0.36698815099390286	0.6765686751546329	0.5557440927097281	0.5663101810691421	0.49548156326531384	0.6460232635834209	0.2869157024557248	0.423383278541308	0.4371295625765088	0.5704638322704768	0.46613112720878624	0.8021860909132656	0.6069330421320909	0.29558339189750554	0.5316093093669327	0.3866262776512158	0.5548719060788734	0.38709043622924694	0.495471280631728	0.23647137382339065	0.6207639708928606	0.33113275543898324	0.46368136218563627	0.33063288524825973	0.6015731885592861	0.3579860013920142	0.4883413542349624	0.6730308134954894	0.567093620625206	0.20527125258052326	0.3231100297646067	0.6022178870301313	0.5088493945515927	0.42892710219462976	0.3287513614198983	0.8558442556930124	0.5877172935340254	0.567697337677828	0.6065518610697609	0.6323323072384921	0.3534205578912959	0.9000143863673091	0.8588745914091018	0.4738954206830554	0.3006617304576119	0.6325804869002841	0.5112712695362293	0.8171007784554909	0.4927422620263495	0.6329926138629001	0.5263700532692871	0.10036572977537556	0.40501330127365454	0.0	0.4486709064941062	0.0	0.21016093790454826	0.6110166026993636	0.38661083523181694	0.31582237007999575	0.7299908250365355	0.31644086233205343	0.426436220848437	0.18441020903975852	0.35875943544743794	0.3618123166593289	0.582782873619393	0.4047196603009221	0.7549096603661862	0.36591883452439106	0.43487923377625937	0.44579605956437557	0.41664972260051103
swallowtail	0.47752143925950474	0.3972818559265512	0.7490644026640888	0.39378431097254685	0.648176585382838	0.2845896012243955	0.6465437105004616	0.47746240888040203	0.5387728305397851	0.6472374142464826	0.6941863091549361	0.5126264220750789	0.34547119122625647	0.3470390270251978	0.5353641819839501	0.3228787076290351	0.4140759270727192	0.674352120045166	0.5251539973989395	0.4870884226110561	0.28214909199697513	0.4820165236197815	0.6013745693331378	0.5750687963776137	0.4594415514711462	0.523819235059752	0.5736659275180344	0.394684716758942	0.5459385771342206	0.6326136011870369	0.2931388353877131	0.44844637548453997	0.730041852705799	0.923966679880447	0.574575779194989	0.6221446749953535	0.537822783695312	0.6024835284381722	0.5785316478419608	0.5864694951469958	0.7201104850669313	0.44100007990791185	0.5769454287904041	0.5639460546941297	0.397937483625175	0.2910443475438525	0.3538641706219547	0.39284802073662334	0.8149059350461934	0.397967894007973	0.42288773543745584	0.6226220649189748	0.2919487518225197	0.5922551799262579	0.49443520241476574	0.2701103679978186	0.507670418981147	0.1795523805087323	0.4795505726053204	0.6169794871587704	0.30743154857819843	0.4401894642255149	0.8659236457835958	0.45362368361887667	0.6360442585845475	0.4957705043403153	0.36809903969959135	0.772722196734768	0.4434263406280692	0.6826327326281529	0.6119594508963712	0.7348436789668307	0.7486902273503069	0.541387790851589	0.5933899981695978	0.42029639967165616	0.32471502520494694	0.8516488774216531	0.8274026026462601	0.18011668661319835	0.2957181298051914	0.27626340898867463	0.8157643788678474	0.610705206370177	0.5329669618824027	0.5659079570283295	0.6214180004026988	0.39960629895364985	0.8918004453089953	0.42102427421484456	0.2961931576008622	0.6479552903386533	0.230393098099059	0.19175395362302905	0.06965642010547624	0.5445294119778593	0.0	0.44921704642878724	0.32992317633920687	0.3914502984237817	0.18663451798257558	0.5507045647868639	0.7127589536774775	0.5134752879915915	0.4113218602479395	0.38751728020259446	0.48267816907332245	0.2912430383148406	0.5529257043363558	0.6116282119257145	0.32548157424411045	0.575295469762908	0.7316185117372556	0.6267543822274282	0.7878235496720576	0.4617236780294182	0.7622064329759906	0.6457255562404514	0.4598738754303149	0.3734675034518177	0.3766184362509959	0.5043814062107683	0.4111960269677152	0.6387986827516625	0.2438864186585642	0.5167668883913035	0.3778774095232403	0.1767082316752664	0.5519109178562134	0.5530970757828151	0.7230648873776717	0.49186443096533317	0.46241761537307896	0.6872756317214733	0.36442273104395917	0.4006512541761912	0.6354031343506409	0.21490198540936079	0.670222160701874	0.7188857280467528	0.6690424384300628	0.35252795351419075	0.6283441605527982	0.3839048580643797	0.5708335569793641	0.3459923322869536	0.4042836807575577	0.7689890223198741	0.36001114721054794	0.5568017603113995	0.5239223476936723	0.5461215173243872	0.5512698280391211	0.47033236563542963	0.685794404224786	0.62858921487038	0.45572167245038675	0.643497161124299	0.5383585822530819	0.5097896858883241	0.4353097113105394	0.3788899607251006	0.4416099771135629	0.48557002980552255	0.5045133479544947	0.20776880580337015	0.5739097703563345	0.8537428542038616	0.47716153453622	0.22987084136650465	0.2736166180766468	0.6281744464819681	0.15137270664891123	0.5682255429947161	0.6627668989228076	0.6282852388554294	0.635494800021446	0.6052002539573458	0.682311412350158	0.5437125747982978	0.4558072214527109	0.09625946614101111	0.9426354065773808	0.17630311394172293	0.5997244106117835	0.3937572963868867	0.6229928552195471	0.6650467977720711	0.4638998252984974	0.45892634355863954	0.49150723595189355	0.4488450732953499	0.4439966298887988	0.45287741765888345	0.4595430438541535	0.44557070054801395	0.6304711822015342	0.6631154721462843	0.2579864442045786	0.3505424474781364	0.4449817295973773	0.6775959651848642	0.5266120550091071	0.44179383350353013	0.6248669344048399	0.443044961042522	0.23803458670938132	0.43092195272135014	0.7386026208376038	0.6497334280520601	0.34677148758249887	0.5176229010538671	0.7443300364104428	0.5361701774177016	0.21353920713291175	0.4396733607429718	0.3683934851524337	0.9544717964844276	0.12588314659023048	0.5186177435594892	0.31308497915999567	0.12542157408194515	0.2795077548933229	0.6437623995633408	0.33236548554217515	0.366680918945416	0.5920561227376562	0.3590800732973629	0.91415656051297	0.46971556770796796	0.49148072425152256	0.45851782185130224	0.3220448765754589	0.6222595017374701	0.8390511660466183	0.5243685812317074	0.771059568655216	0.5562973699313366	0.5277518221811486	0.35774360074762684	0.8631639374777462	0.4847974932639848	0.5769791631800407	0.31572779781760535	0.5772319045001902	0.1660815940235311	0.4043322961038183	0.5437444564687346	0.65050532953207	0.2854620329862566	0.31035745342586374	0.4612999909095019	0.3735241442552032	0.6275228523751828	0.3260821155250633	0.3003446178137579	0.3018990166970356	0.6380289566843032	0.580577983960578	0.6798281850287696	0.6496796835546181	0.32986587676675533	0.6214325625243622	0.5488286712350916	0.39149465667256395	0.4013258447233907	0.18819641949147087	0.8649251454532979	0.4877696180244414	0.5139393938301793	0.5941144558011415	0.38846237661494243	0.40899919717346994	0.45128484483477666	0.6960431392950561	0.1676585429781957	0.7587655150571181	0.7973294670768303	0.48466255744639786	0.41729573284140836	0.48864644946386104	0.6527993308974204	0.15112734339694067	0.6019930627743958	0.2954769676505524	0.4728775133981583	0.587746415012735	0.2675642195837086	0.1718891545057154	0.5756284299153973	0.5940480872843997	0.6574467875577655	0.5267787898600017	0.554843565265511	0.5214821651640258	0.28884955990274186	0.7215360999886434	0.4344505917920414	0.3902376793982778	0.45711384459711046	0.606822493281621	0.4258109826126442	0.4560963524952309	0.30267505613335594	0.49320810246791935	0.49687719711438816	0.27090494297614764	0.3291859389838295	0.4974674156843998	0.6361378661327569	0.7848639563398994	0.797601424965446	0.6212218132461819	0.39861876415292113	0.6379497965223171	0.4101157206079088	0.6921710379323864	0.22529181313590474	0.24655082082003338	0.49459221601039177	0.8207143652796415	0.6248913683232709	0.4047365137179682	0.6143187875756968	0.4464115330045396	0.38311032416618196	0.5709975152969503	0.551413253916258	0.41827429860342985	0.4745419627187965	0.7234523307844963	0.6267179831782425	0.47232180529076884	0.05075629512865004	0.6722871761121519	0.6211244710477829	0.5097405273602429	0.4888460778882185	0.3283552676652402	0.29706339805438253	0.442690279035439	0.6531372703563079	0.703911308755247	0.58846025630786	0.3631169425742685	0.5591866238969702	0.35332723598090937	0.3301847528764724	0.6938498430489819	0.31133674314238424	0.5272337462498105	0.5560972407312936	0.4978542957334959	0.29661665373499474	0.7447944984521071	0.5879772500301967	0.48629237321215746	0.4831720618096289	0.280849748224969	0.36324029073817954	0.2641665388158311	0.41020271257064855	0.761688761900971	0.5905072730690869	0.22468087911196316	0.11389492686696781	0.5030745675698267	0.29290416525924157	0.22561910892074755	0.7351259199717061	0.8143111149171183	0.43469965912906194	0.5305843850131728	0.751165168860737	0.18245135115756655	0.6448016999956956	0.6454817383326487	0.5130408095747062	0.48830346694336874	0.3676390710004236	0.4631503710813437	0.1315220371577922	0.6903003715179397	0.6306933160995786	0.5955715607528287	0.6987682624047203	0.6617979579571237	0.6838573197160696	1.0	0.27628311387773896	0.2220120588942347	0.8725491641256757	0.6027557883859384	0.2091629400014225	0.5301560383779826	0.43514462589880276	0.6221480296478736	0.45228349239069043	0.4176046785399673	0.4884320505269994
swan	0.4293817030819636	0.6499416520231907	0.41313562068411513	0.6426401499026095	0.8617739489695992	0.7523222105650769	0.7441048745831723	0.40181593340842237	0.4547081730957318	0.38889778705645894	0.5290431932858766	0.3703742166681428	0.37703302344932155	0.6832509965352742	0.38214062204053095	0.03581279885576927	0.36151163624106974	0.6497711464244409	0.39571667858001336	0.4084055314710972	0.6694913380434062	0.5918350618078649	0.8272827097872375	0.37502529662371786	0.44614451634169766	0.42717854044119163	0.7515440716822914	0.5239917472971846	0.5569496345404285	0.4510272997422068	0.3740638031610544	0.3567459616940569	0.6853579288946725	0.3820880730819301	0.4482992238755966	0.8855541470295201	0.7578993075020526	0.2604548124869384	0.2674858184686514	0.6581412180893919	0.0	0.0	0.06005097065311571	0.4978995168308649	0.6811668482991068	0.4609418383431221	0.4332461084671916	0.5525723596276276	0.7520164145289194	0.657236935658388	0.5570547487714915	0.27374357690544704	0.32368003729025024	0.6304652450289708	0.7648605401456268	0.6997074536523449	0.2701915094707456	0.6884473636289802	0.44675104052747205	0.014485948907930424	0.5360272540049679	0.6192311871184893	0.3142298753165873	0.7735775197812851	0.4476748929140154	0.38224861159345425	0.6190606389745024	0.35362983607806264	0.8127625360767997	0.6259320926218918	0.4971584651619654	0.6220747862399438	0.498417745069803	0.5066662618758848	0.24675328122880869	0.22746937271684192	0.5596788097409022	0.24469825358001585	0.4959015232075705	0.6083277526497205	0.48776564157486535	0.3467447555181072	0.43708811458585595	0.6315322441790729	0.6859061206099991	0.605515099342831	0.3898598544777904	0.253128007189558	0.6378658409292485	0.5426233205821682	0.5967021243617172	0.4594438382711811	0.7306027941509152	0.40051415187191763	0.5812461830873522	0.5402041210952179	0.5700813298122602	0.6744971423565411	0.4708706647747046	0.3615498796478439	0.7215059234110622	0.696564610421432	0.15000324692231964	0.5503119737430787	0.690515592403391	0.5272089534921105	0.5920400225631949	0.22638153742766193	0.5630401326449515	0.2268621650128547	0.8354438677821344	0.4094458730287206	0.0	0.8013252952595721	0.19947276991070462	0.6635952086614342	0.5864963274981897	0.5828333675334527	0.19206605990438308	0.4684504161914359	0.577823063860675	0.1310191883809464	0.9287822183866952	0.5246205290554418	0.4245102353794632	0.3364164544392367	0.9920966648521501	0.150300519337432	0.5072154607987986	0.5612218355394475	0.5517193230994515	0.5207220413276159	1.0	0.6216282314901826	0.3341804336938461	0.5457255032832147	0.3775445557863103	0.7339606733438605	0.6975713616914762	0.515153254690995	0.5704471847776477	1.0	0.3765018308126331	0.3054690190385072	0.3788382157678007	0.6348193333685929	0.5493824816066082	0.3756971800937766	0.14329141096981202	0.1309357146126906	0.4877817982283199	0.5176058375100162	0.5077488942619772	0.4717669493864286	0.12803036176670007	0.6933859846902563	0.5519647666056231	0.3517873872648133	0.9800438586982753	0.5576400770920411	0.7303160657810266	0.5124056517800317	0.3378748178770387	0.5060537710042555	0.4422839373995323	0.7196042296885601	0.36613754197051185	0.5645209433600845	0.3673113392844871	0.13170082611361011	0.5313977963934796	0.5133337028327705	0.0	0.8115339746210973	0.6774792577877368	0.3931912772914446	0.24531261929456405	0.5593437457727523	0.6052000171301427	0.31442526350104827	0.5081896697833004	0.5848492402965987	0.5539836918667485	0.45951324014592415	0.4606434703534181	0.5883629451433285	0.7839804164713924	0.574043022649531	0.5710475120726819	0.7080298826735858	0.4339297072036996	0.5709451854091883	0.38481934640343113	0.20373975679249118	0.702633991978542	0.5297865220110818	0.6228542371318166	0.5269649768666463	0.4212410858807548	0.37565834925285657	0.4227231703097658	0.38941081383273196	0.7297284650231531	0.4164509031272172	0.6112235726531476	0.5951225513901435	0.48850681000759255	0.5912089528508395	0.748973075108113	0.3111611537749728	0.48261713025445796	0.5017507143544601	0.6543165615638846	0.7295772375605261	0.7887778577436885	0.483801134491473	0.3003135636710677	0.6184006704656639	0.26530312080516527	0.6323025733992205	0.6920111048366042	0.5514644590406922	0.6769825185458922	0.5173736987617038	0.29490802265976035	0.3319504748847798	0.6342277069114559	0.3260423765852918	0.6609518962904324	0.5415783411416057	0.7010740783947599	0.2715982840350437	0.5081479946280338	0.6681746374607436	0.49551019167403226	0.5853912409621278	0.3481903635029689	0.6715153595196108	0.6881979801305814	0.49176387123966436	0.4045655276406853	0.18199678640841926	0.7150260792563334	0.7030251369281422	0.8427473512413972	0.39897263214065276	0.4482127226634365	0.18555679527927532	0.6301341982479044	0.5959745432573162	0.1215123395625334	0.5660091589490247	0.22753442849202893	0.39127147249621613	0.2864606313251513	0.33052832560323303	0.14594663605852148	0.52553887130598	0.5471416582358707	0.5124807022001372	0.7354502821341838	0.46887056233168467	0.5766479597622786	0.5824543143823675	0.6608675686952361	0.9671311125146271	0.6370507309514551	0.5979544413148127	0.3389566128150047	0.35150788669094984	0.39943765399860254	0.518233981753911	0.789833582165048	0.8621027486694546	0.21624525642184525	0.21298585307746837	0.5773605577008711	0.6225362272176896	0.5681212770229646	0.5691853690283679	0.600171110351191	0.5282026202170775	0.2573929716784341	0.35150171736311686	0.6162257412171519	0.7671678511211089	0.5986586061592303	0.42478709099817635	0.703576836702021	0.4421836537932385	0.6412923108989425	0.37980080717644804	0.7218153221300103	0.45074616030032016	0.06227604004019799	0.6181784166344526	0.5219689217356275	0.34005116778467015	0.4389127489111148	0.5629970440758647	0.44716803028345425	0.24158425284419158	0.5665509140280917	0.5663165508673358	0.6685195555967259	0.5784073606826994	0.6412865255735549	0.33909977746445974	0.29328190989898495	0.4073720354882361	0.30534411944442713	0.44832529032012514	0.21302952149436805	0.2858843654723354	0.7176924210546932	0.721271946803341	0.3715165254669854	0.27475022378813396	0.6302335396145713	0.8984083612000948	0.7718050241622605	0.199861148592089	0.5845342223665552	0.44637177183536336	0.5655822479319215	0.8352815586410922	0.7007369717084316	0.6315162434130221	0.27720292202708086	0.48355252324213827	0.6007555574569434	0.3364431270327207	0.5911704823993995	0.3959276118063392	0.4093348341394184	0.303679041940254	0.5403467459346436	0.4784638681412795	0.17655689360555438	0.7268381341225277	0.5255419523727362	0.6779385144312828	0.6021113462585322	0.32777574538330995	0.6285983014974317	0.9789555454677475	0.3814496108326021	0.301795675290381	0.5468831122694044	0.6382820574715731	0.4322223411296301	0.3659432657668467	0.43730838359383417	0.381938162698558	0.8432593426038694	0.5280582405311809	0.5767658584712906	0.48930723846959073	0.4498904011725638	0.6757546905845766	0.6905343587940416	0.28981407128433456	0.5395469508807977	0.38671211194279664	0.06534252110900873	0.2538151623787789	0.4719111557083663	0.5919441782271104	0.44367197216678544	0.5493283985619418	0.2956931329372302	0.2942899944081127	0.2870153222337576	0.1754737463287746	0.6954664672462427	0.004863174616201338	0.4505650035106895	0.33271406998819786	0.6674164833594396	0.46012161280081054	0.27491912077474	0.913940498828058	0.4594665167261831	0.7137315491817908	0.40063434609309767	0.13684596349092448	0.32893091684876397	0.7193015215489067	0.011631247696481939	0.6575928992742707	0.49946650175923624	0.5183644502833571	0.5768621205797352	0.46962736617688994	0.583106097625979	0.4498319756472374	0.20856397717540076	0.5525929248401835	0.46662458207980245	0.424914460404649
swift	0.3432682506898427	0.622402949564211	0.39855481081896726	0.4116088644957928	0.5713370152880387	0.6340523075543659	0.6303548719933871	0.4943228633473662	0.31742833837401774	0.3787359007929254	0.5932207082334908	0.196249351881084	0.4964490602008377	0.1880386435066584	0.3042035261756132	0.48796244320049853	0.699335102308186	0.48193042195173036	0.5137949478058097	0.6727899587160813	0.26458225003763924	0.4958939385144441	0.6221096720636055	0.6785157249087858	0.6572084705293791	0.7093768220734115	0.44641748444412255	0.3435157834533485	0.5175658007735479	0.4813907429626511	0.4381211452194679	0.5847409839882247	0.23442512136792104	0.30033321768811133	0.46775756782918065	0.4497300091348153	0.6370163313769346	0.7537275833740978	0.21517946193959459	0.5094041342505371	0.7723556047433336	0.5223633346492567	0.5452530359097241	0.7765805075185545	0.6418844358568745	0.8123989764416478	0.41454280094218865	0.6341755535060615	0.45256688741620094	0.7036361888551331	0.3197954105766482	0.19882538424977608	0.24326393809966818	0.4705192690319513	0.6304874773606616	0.45934311566761216	0.8881324435374006	0.4483176568728414	0.9565027077761095	0.18409396738843525	0.6827194526608671	0.6766649390666213	0.4078031676010149	0.44270977570222037	0.7032656039358869	0.07031057319782358	0.5867074169529924	0.315137345726409	0.45855529103608417	0.682047046769067	0.5041129231527266	0.5393742544955844	0.5401514124334562	0.5578144283148017	0.4221341086967937	0.2762605582269857	0.6713005831161734	0.1494067102883168	0.5819373958094236	0.3397568161997982	0.3866502808131562	0.6160721565571715	0.07023702844353896	0.24550243629118707	0.6170962202903246	0.6508932504863061	0.7105693550172584	0.40384758557143074	0.29816109672449886	0.47299066821820374	0.4306335538296234	0.5498387436081552	0.23930747239372213	0.46873544575792747	0.47550400686868477	0.6035642168731563	0.553652729655479	0.6625320294673828	0.5732439851798226	0.7058054978924617	0.5078720262153129	0.4999512930570087	0.6330760152974614	0.42879396481010407	0.8182760502431464	0.2122846087549448	0.4404424790044667	0.34045952782378297	0.377508371619242	0.6285591089353636	0.8660452721532892	0.5530377308638283	0.519483988229428	0.7105203323468654	0.3330830518632992	0.5074445750362174	0.43953698415334747	0.8090832830850926	0.26719997209440344	0.5166460858216115	0.8584487039278167	0.6906299470109306	0.5028370795238697	0.6272148526800944	0.9999999999999999	0.5914976247607983	0.36708808642441604	0.4402727805955974	0.5218867102536039	0.5299431210499026	0.5152514013911474	0.5102971803036664	0.2717101869290684	0.40114290687166754	0.30637609113536585	0.7689579535591173	0.26908299876668856	0.5695238477221406	0.0	0.5379602288652869	0.9064731611152783	0.680402575396737	0.3004474443172422	0.5070738067065925	0.5812244236532939	0.5770169630553008	0.4078465720696034	0.36048379855556795	0.5442450237555863	0.1860883011584734	0.5254433405097971	0.7061787317507165	0.4920681455008824	0.285784989121743	0.9697724910409522	0.41072191936166624	0.49239833570111236	0.5482190047857292	0.46233003318521726	0.29835057315907487	0.49000154426785647	0.5876389759832821	0.1644698924189119	0.20692704412011959	0.2706916144541436	0.6693616985808704	0.7242318113021647	0.5300931270035755	0.5688483528276803	0.3012293549906388	0.14632942017925687	0.5482248202857387	0.779159645714121	0.42153728284798486	0.4202126821110756	0.726472486939923	0.556270391655919	0.4639373105145914	0.7223792637348831	0.40241810301247016	0.3807074808607224	0.5783313876487638	0.3449799476414111	0.5093240104327066	0.22929576159897802	0.7192820486297159	0.6206441887221523	0.07719493529604471	0.5709339695455639	0.5801990197332919	0.7417442497741016	0.5456460591652704	0.5042750668157294	0.32179683796674285	0.2955282768844596	0.7969480870752327	0.8532336389301468	0.710259448309867	0.43851065796967437	0.23378075960197886	0.5799683278107753	0.37536230253514674	0.28132046524701265	0.8153675857293707	0.6308859549975434	0.5197207128638278	0.9860109814451954	0.5956697897030578	0.4442976077036339	0.3583739594074542	0.07124537508083323	0.4891943513308944	0.46874505288666835	0.5972995952841266	0.5804727129263954	0.44715206876446034	0.7249600574859079	0.660578431278966	0.7083435767353405	0.5714232690974297	0.11634730745097421	0.20428282601326223	0.6018839707693965	0.48234017294451925	0.16632259066754496	0.6588887026852459	0.45421850324099233	0.670916677698362	0.7964904516451954	0.4391490069086305	0.44718531504441605	0.7175586934996651	0.6447015986473732	0.6627279211960542	0.6823470575957631	0.39699118041034254	0.15343946061562058	0.261036914922832	0.8298311270086584	0.2518659986346222	0.3334274169910958	0.05826359313909041	0.4452511058493589	0.35178264269659476	0.6366579895588723	0.6966223829721087	0.5861880886927008	0.4719386590780308	0.6521351847835053	0.8725554453500617	0.2528126934269974	0.22846371250833308	0.6274123317282689	0.4147398688523806	0.3967632093367699	0.3582365367586812	0.469585412291925	0.5083241489302868	0.321904856105597	0.42318877383757536	0.60984913637507	0.46930049247842875	0.6834019027377813	0.7729746365194263	0.4549817485480159	0.636452545996199	0.47180480334669156	0.44705085848234205	0.5713671343531478	0.3197162250041394	0.3046659909617747	0.9354085369010888	0.722199025499922	0.6219153497625367	0.19122317348146983	0.6220033252474182	0.372722199011214	0.4635480211645857	0.8345827606444596	0.812817505897161	0.09271019729299715	0.32488809222396836	0.6530726365433616	0.7478161782900336	0.5757688183511507	0.5590319177540062	0.6860764094238574	0.3910746193535855	0.9961941377205223	0.555293740232556	0.17222991186183267	0.9208108446538267	0.155654247896083	0.268294415803942	0.6618273724847985	0.9153685496858159	0.35012998246772115	0.35889640014853913	0.5448952554613861	0.7634520970200025	0.7947618845837083	0.23478548503191615	0.705628028140565	0.7579432364135592	0.4898138983735112	0.821379619507823	1.0	0.326637972492516	0.7137528408826771	0.27123060298978885	0.355651739602195	0.6132615034193809	0.4737801501326445	0.3346270040059065	0.020684926170777385	0.35677969544789234	0.7543215039230818	1.0	0.43638065548938076	0.5762428550083727	0.6281758279229467	0.49784140213330236	0.49421744840741566	0.4510818283392898	0.6036552517569449	0.4028652063033999	0.3633294865058808	0.5194340812281083	0.4972609785008557	0.4899451369221748	0.3876430559427985	0.41608806218919625	0.2119313981053364	0.6080650888495767	0.3601565196883158	0.5357155556404605	0.277104186239731	0.2560974939746007	0.5735760078052333	0.3815579862358572	0.7373617690948725	0.26214511111541805	0.1514032347612077	0.2806826636315967	0.2049002933168509	0.3956538536735203	0.49112105215405133	0.6431524515954065	0.6411438778233315	0.22863794485294536	0.5487815454618246	0.2970462050832631	0.42209181621927494	0.4812389488472205	0.08284867908702054	0.32117034652598997	0.5250976406934812	0.5413006653708867	0.4887782087736713	0.17672567164509334	0.6119382353114988	0.9438320482525209	0.592332815421159	0.4433855584267117	0.5111394270143426	0.08167762500934475	0.34289995638795967	0.5679126535554104	0.6159874596726871	0.46007745411185946	0.27884134278877765	0.4546915859407916	0.10357469804242986	0.7370879664563865	0.6678593075866642	0.0709723899344763	0.1665910612803878	0.4448356473780621	0.2357739092108021	0.37061810565018793	0.5320838922952109	0.5059977407721553	0.4620943227170581	0.724753422635387	0.4377977547997125	0.862839595378381	0.38269612832482985	0.14479536182954017	0.5524934752237758	0.5437427931736099	0.5185877431019351	0.6887994733684857	0.49930543711813913	0.5290835757403586	0.162451119320562	0.7936131342887023	0.526634776869105	0.4270498246348858	0.5466393643385511	0.5420008947742073
tapir	0.39229701287493207	0.4286549841125792	0.7598548435151049	0.573837614461731	0.7551671879943697	0.8744766175921369	0.6477910849229278	0.27832418118166163	0.5810112300975233	0.40640744618520896	0.6170102966533468	0.5319080683311208	0.5225282746771838	0.8317922044669603	0.37663991830588367	0.4747750881471727	0.26769566671188605	0.14575482019608427	0.6189010398792738	0.12461174413778542	0.43606083372678206	0.4866512759904418	0.35161286392015645	0.7338392482379739	0.6672957361985936	0.5779240827506046	0.7893405562962559	0.25167001735007233	0.6184141320013783	0.4979827291177441	0.49980284803600483	0.41601220725433075	0.4516946770566869	0.386035437204906	0.48952793079674134	0.7607766518492673	0.5752018615891054	0.7157517133726129	0.5281249150838402	0.5019929667476598	0.49750062188836897	0.37514325251871095	0.5481565110713181	0.6693960630984173	0.607877541710117	0.29310249411908956	0.4772410953135797	0.7702880694467444	0.2510044929578572	0.583580903276295	0.4571757809402021	0.41797044250155685	0.3024897223628899	0.39620381287430795	0.6911278243475953	0.32659641115357146	0.603648399588356	0.4649056825735876	0.498028882563191	0.13791205162387632	0.46835742553623905	0.6964635531259445	0.6196197507566303	0.607044478656672	0.47610061739360127	0.4381731657012114	0.5934624970185056	0.17632052321316638	0.47211728606100073	0.8418211912660497	0.4257117655155099	0.46509415305196045	0.5761989305459265	0.31595636481102585	0.39205981325478356	0.27341876429037343	0.5121120579672439	0.23716929651981492	0.248804806304603	0.5858867249429355	0.44534118692061364	0.3927581866151505	0.27969385105491906	0.2488422914265137	0.6375398372150617	0.6198661481959583	0.48319956330394453	0.3395887150072517	0.8384715454058682	0.3363739139468407	0.5033247591080731	0.4327829838388651	0.5052978557816126	0.6543129939357112	0.44078765553583327	0.4934279839460226	0.25010912883037867	0.574856895127488	0.6682168018804736	0.39892862089888226	0.49157283703557875	0.5650702851516342	0.6544219774133884	0.7016875440816531	0.5600195646913201	0.5121353973122378	0.4632256951668227	0.6036114129439545	0.4415530334560583	0.30315218334042393	0.6040404486628455	0.3407758855887551	0.1874985502348876	0.6139577984203818	0.10782173423555469	0.8252003954748384	0.8688663135086396	0.23602466328295418	0.38920812509110264	0.24883819479928493	0.8505784459658523	0.32039683058257756	0.6907650457251938	0.5039113967969379	0.3719646703313541	0.6021731401975383	0.948895120994218	0.34167672336939814	0.3668258693464385	0.4885044998152837	0.6763505575028763	0.29203561687082147	0.5611581729464984	0.3265171113404079	0.6661036721683009	0.5767844629229277	0.0	0.51900253542178	0.43152280225310713	0.6714210637379566	0.6545174311480951	0.44777440226203286	0.508553027773662	0.33499542362775525	0.44054613040211643	0.5226618259158844	0.7425030478345205	0.35924141585269537	0.0009931158459395295	0.35873235515195795	0.5599245708089149	0.7119133485332987	0.5889336596945802	0.5397866603896323	0.2565788777468666	0.41000569616586324	0.5260534706595832	0.5813256034630399	0.7833015343770908	0.25000553920126045	0.5671914112947403	0.3970570649221304	0.42104947885855615	0.27305071866839165	0.5688332330295683	0.6793281711368697	0.7618700369067802	0.6168443744949702	0.41094224596173	0.4509291385741633	0.386092441569446	0.602343852581335	0.30424085798558737	0.6039256338216685	0.3589908806911357	0.2896492446748977	0.2424720660367864	0.5377566011758235	0.2882413078401324	0.4593438090199795	0.6247783484042321	0.151111273256262	0.7804042202734462	0.5954922611025701	0.6822292365010131	0.6115648744356206	0.11184031136023798	0.5906706128736887	0.4562113409599242	0.5529797675137079	0.49949195062848184	0.1908059178086387	0.5318212590592053	0.4439016532370436	0.4984645067507389	0.8274381775793553	0.32697747203688954	0.3815493212041702	0.4475292358235295	0.41380873038189564	0.5605089840464155	0.41802828375590173	0.5343237541320326	0.8644187232988981	0.5673064339101227	0.703710276370803	0.7288454055378337	0.5021502660360138	0.667368066471994	0.4717665480729753	0.5413068257108183	0.3413599701433123	0.5438029400546909	0.4343054544547381	0.8649736475097309	0.47435679643539497	0.5406527454876813	0.49919573702399944	0.7126336366290393	0.6517329348448849	0.4391267834571965	0.5140287109469183	0.8433249281162669	0.30995988277643594	0.8137838182749115	0.7238405123555254	0.4147496784912067	0.3458414562015415	0.566235194800577	0.679505603388188	0.5740671683007252	0.5647481560757458	0.6270762639494608	0.7455895575281263	0.35434797262972256	0.4652991395333532	0.4767933424757519	0.7150639402238245	0.6247211470776344	0.21463560013363503	0.3563102137383938	0.40193912626324213	0.663362274749032	0.5526081330281639	0.6582781974502618	0.4046027966670525	0.4970785863320217	0.18630002182349253	0.5406861606102963	0.7924188037792376	0.4847782155168223	0.8263255268173524	0.428687522065213	0.38235700584204746	0.7140950902225058	0.3441963482584784	0.2459810624766531	0.28051920277847986	0.5988918506544824	0.45303070147139246	0.8639120234655322	0.5724673757098202	0.5677984448828051	0.6966325039226473	0.2348731969455513	0.7180691289817067	0.5896167576165622	0.32138781942494854	0.47021503866445824	0.7121713149873566	0.26033480758881905	0.8346834094335216	0.5897326027066465	0.6964478698326652	0.4399508521976754	0.15531672729734658	0.47739728843485757	0.6668984465110201	0.731318619569976	0.9999999999999999	0.35374736509545	0.41287891511376934	0.4024238805456679	0.38625269044917343	0.48574919008915174	0.7157964333355815	0.45144360612931117	0.19653220001910804	0.6688370586226785	0.5374249396579378	0.5054972970201581	0.21806111984604448	0.5579811723410874	0.6180280588391138	0.7843183209345521	0.2517675965118892	0.10816495726012265	0.6489125723174504	0.08292182473578308	0.4875524467516923	0.2854558249291632	0.7169436412468566	0.35613078215217303	0.35454047769509067	0.4779105758600918	0.5660707403992618	0.425454654845517	0.1587378276624518	0.43377134029032216	0.7535529445208704	0.6942013226841066	0.5349628453649574	0.4914971894626244	0.5492506320181346	0.4636685869818916	0.49827296066016297	0.4678300092622253	0.18492484349831562	0.3079009409197098	0.5427308523700768	0.8930114360278478	0.41671088528787203	0.345812050801069	0.4431930653779189	0.5957391348486099	0.46357366705658953	0.4740355649095997	0.17558836469075403	0.6058550517105837	0.12460906635421065	0.6507761946499341	0.4022850451556119	0.8256313326053362	0.754506712801984	0.6225014354503	0.5878274021884177	0.49705504314476867	0.25567740521913035	0.47324934595338025	0.5639253357288467	0.3353629822537144	0.5676385559265247	0.7592963561201816	0.1673174354548929	0.6786573764549236	0.45385700240352755	0.293051349997419	0.3352838206658621	0.38754224320990843	0.6306560686077702	0.47417406945771273	0.3457504997044979	0.4462353912962157	0.6747248994255142	0.6595848628481789	0.6201761833236716	0.524203156387414	0.654533637977411	0.29707840189864654	0.49778215330497305	0.46924390465042265	0.4755428001176536	0.5603741888644834	0.4922971267742082	0.42632448082787855	0.6869013467318168	0.5441421747382069	0.6771437973773818	0.5790050846126095	0.7327921303197783	0.08304441712924687	0.30888906018608153	0.3302969316269835	0.11956520945097221	0.47612667742519277	0.03200933619081403	0.6611977583527182	0.5478584725357691	0.855361476897093	0.3757232357639617	0.13594061631339072	0.3709315780451291	0.5039579747471135	0.3927650544872499	0.17557995014226369	0.6262393217212336	0.25983341779536695	0.709609421023506	0.8131639479417099	0.3258239489920577	1.0	0.4187464660000259	0.6771606803482081	0.6511888015937047	0.5912496306326729	0.4553299270633865	0.3908454993049869	0.5580720600688077	0.6171604998356022	0.4295358780994101
termite	0.41298760295905645	0.47820605755390516	0.090666542065308	0.501106343438167	0.552601569488182	0.0	0.39808837866319224	0.23757680631061023	0.3484128601171862	0.6593492002121333	0.08976676530635452	0.3781313935367502	0.665434794486097	0.6160318112084542	0.6806790220212157	0.6884577370847064	0.753866468778972	0.3178318756466985	0.28017537225699674	0.5133187505780434	0.5723805912022519	0.19175756080463863	0.681001952620224	0.41692372039745607	0.42358138099003706	0.816209609999941	0.8803825126188836	0.44047122802257876	0.4562988374831908	0.7163665258852543	0.5455331760642614	0.5667186971887911	0.35363563961109995	0.4348783286715642	0.450742985029018	0.4883015771293403	0.5716679930581802	0.6675731030476352	0.9587010745141672	0.534382703915948	0.5982888114353228	0.9260017683359053	0.3951247477625962	0.4858170509584315	0.03701534503481374	0.3958692749298611	0.19927418640970235	0.675862503403458	0.2218367959185007	0.4269816930371428	0.20872556538270265	0.5770306523051227	0.6170585874172032	0.45504754302661327	0.3766732137674582	0.3582804760374505	0.8237342913793582	0.42021990797740905	0.5023047878762826	0.6233732098459385	0.7169060062679598	0.6987136119087671	0.12427307724886014	0.5693892165737704	0.46288273569302824	0.4269343089268826	0.5751270056958544	0.6658699007101111	0.7635770223301888	0.7334228901980699	0.6986165744737127	0.4783913646096957	0.355454221444818	0.0019978661522831176	0.49433693796799805	0.495242392762331	0.8669499888954034	0.21164608478498395	0.4841976692228112	0.1719084069082379	0.33387619176743544	0.6973946380699813	0.6452570025159019	0.24157938217497138	0.316798878140236	0.49496076377513964	0.5936820585199443	0.4659151510010984	0.5327369609801741	0.46533419304527507	0.31689820295185606	0.5109144065577699	0.524498964884424	0.838537893174327	0.8367473863089674	0.639186946840033	0.4955239544466316	0.7080282930742433	0.21008397034355875	0.7008302486086223	0.7246943623675289	0.539354389260656	0.16156468159728182	0.5203830585633058	0.4568443771398448	0.5289053019648445	0.8426147020607446	0.40602966704533816	0.580697294405965	0.6166351954059051	0.5224792908971031	0.7878579560701362	0.11445126896759014	0.9999999999999998	0.7977815188611577	0.8284657043253703	0.9814553424504365	0.2042362889704075	0.3175747545837066	0.38532329039810775	0.18552847380115925	0.5574706178159452	0.3033275275789432	0.4685616395215369	0.17540531731199632	0.5461047989243174	0.3900260560261685	0.7061989176277162	0.4086958079334247	0.4030210471493596	0.2122388480660253	0.4194023326626937	0.7849014493044294	0.35674605395950076	0.15663104726031712	0.5367142002314539	0.3807774296469256	0.6343832903860439	0.678697171339711	0.515775539792304	0.3747869791694146	0.8590582983682555	0.5945615339101298	0.4221535869788353	0.322224701283233	0.6400965602303401	0.5564374542253616	0.3862681436138544	0.6881292974458593	0.48979912614160953	0.25933142980924195	0.4462305654678064	0.6895911242052428	0.16896390160347213	0.474686832357979	0.46230608659217776	0.41022806312896626	0.4899167117878601	0.5320443553912055	0.784692574380061	0.6083511792886995	0.30626909230895416	0.4314435073568531	0.9755875278367525	0.11644765267466228	0.4642404249732764	0.5945453813048382	0.7905646679010301	0.27958726196586214	0.6615160959754801	0.6476118201845851	0.7355782365305374	0.40668966453232136	0.6788058123840293	0.35861187563891195	0.29406413534580056	0.5810890001460867	0.6845248167034687	0.36643965181784444	0.33746026463590945	0.2910279043053261	0.4949618503458767	0.21715745622064608	0.5293916085981991	0.4880101445618292	0.7665612139218327	0.3772477929533896	0.7133272202159041	0.43694301032245003	0.28743952979665155	0.5142936413483502	0.35085938088091717	0.56315195794991	0.3507978275197926	0.5061875942581304	0.5961408386172918	0.0	0.2329126641601828	0.7021737484784252	0.5333933607399336	0.520739188592378	0.11657144671631703	0.6960989709308879	0.18424634202099577	0.39176765469154157	0.8526678400522365	0.3221032171266168	0.361214409112498	0.4617981988717691	0.6834337528905334	0.7813355848808801	0.3472461705856155	0.636863174794035	0.3528053762261986	0.742177978880963	0.686814900747079	0.2961296723865928	0.7503558859646947	0.5079893546850246	0.45711486326374073	0.2756677241565157	0.4135714536637217	0.4943680421109299	0.47297245633397234	0.6574887654571575	0.5577529800054261	0.14706258573765446	0.4329795695822679	0.65867665310552	0.6337015833963057	0.1823524548831373	0.44444082462513507	0.3535154325115403	0.04453797294931516	0.2456848658684443	0.3863276216517381	0.7670811044651316	0.5334784046166361	0.23661402474505216	0.5519102175227579	0.38894255659578253	0.3676797412943714	0.7765254472951161	0.5845930330145445	0.5343620548607663	0.8077678590887309	0.6281229066858621	0.2655675076162824	0.6933175713719205	0.5357150922244289	0.0026675635584643698	0.36629936378632255	0.38291606614622636	0.6022398195413587	0.36805775557011045	0.31228023251273934	0.8241152702770564	0.37620849520248206	0.6422618883351707	0.6619806976130542	0.5847145766471047	0.5884198715086082	0.49210082231419594	0.7132914830303859	0.25087658112595645	0.7800480532659442	0.664712039219492	0.6907068507548771	0.47376487250080734	0.5411015957782083	0.22492876827967545	0.3458852704580524	0.7029874495921564	0.053477839068800215	0.24313379550998412	0.3575504845563031	0.570291092731323	0.3192967428823884	0.6076122185677931	0.4553106959251704	0.07567318883887039	0.5609535993274285	0.541377376266138	0.3036908198361149	0.4836616752717553	0.6448043453027329	0.5635245781893231	0.45070927954741136	0.5322185806141476	0.7260041240526353	0.41214605327718545	0.6939231688627076	0.5734382768378127	0.3977834967546461	0.22019005596823088	0.2562495034752824	0.456483511568778	0.5136506844780115	0.5099542699825235	0.7918382487704119	0.1965898486399359	0.4540515929980514	0.35598847290007624	0.4758904779142328	0.5203129199718541	0.37043288054891	0.324611079863058	0.6101206255239495	0.91289736451198	0.47769032861422844	0.46901735404316003	0.6871279817829107	0.5189796590033595	0.3832875050004221	0.5102797634518229	0.5237663362264976	0.8170980088318995	0.7706224480807388	0.5863314786946547	0.43201481302680234	1.0000000000000002	0.5137662466727796	0.734328650430375	0.6792199541331639	0.4048044020277474	0.4437242565256059	0.33331164629606247	0.4141381332011725	0.6785692380795163	0.6565535267782062	0.42340446048395297	0.6187060616804413	0.5312802936694402	0.5986215654583735	0.361984785574602	0.7026250748775307	0.42641824035266607	0.7823200033868284	0.6803558799490022	0.24188045126545837	0.3896607406031807	0.8478487566140698	0.7561607640953103	0.1873232902653371	0.6575167849994878	0.6633847731182859	0.2469348647095156	0.5455597448458617	0.5006102688420777	0.8193852653799061	0.4110946651799214	0.48262024314103347	0.7014660686400763	0.3545401067018869	0.1888689866092938	0.5841334033297446	0.4237483056277416	0.30041227826013805	0.6799145158172042	0.24682466959975002	0.6267184603991417	0.6469807021099977	0.4887333883720121	0.8422091600215807	0.3690605514082085	0.42959215557574804	0.686709490115401	0.4894804414312272	0.2996907431206857	0.6106478089738818	0.5635111829399224	0.5841543888334035	0.2285715900217333	0.7818658851327249	0.4312027919448657	0.31974845954010817	0.44260555341915725	0.587046343511997	0.5951631113932677	0.49486719614868824	0.4488875709978191	0.5947469489240815	0.7133547324085986	0.736435020430535	0.2722746544267012	0.4251474500756726	0.23506863510067	0.29653838521375875	0.3326694433021602	0.35584523844621396	0.30871813662349484	0.6062213310370249	0.43017168590292254	0.5307502359627356	0.6172052742982682	0.4617773842956208	0.33814816403725056	0.34783384329464867	0.887295694789942	0.48399842098460144
tarantula	0.5196269053656652	0.4848739618377764	0.7732926057269061	0.6386761557105581	0.6915832821169159	0.6207503472058171	0.6679724170135429	0.37717451647717404	0.7091582915357592	0.548726038995918	0.4628925546591609	0.3919305657451214	0.5221745180081828	0.7472290490391513	0.5070196433747375	0.41497062394512285	0.22764104520319944	0.5947355613713682	0.3306169580090061	0.6472817700527239	0.34517486842014256	0.43043828794962985	0.48129492949310254	0.30942136011986077	0.5435835413512139	0.7756255176078177	0.33971238935354225	0.2847661084171421	0.5199409533418689	0.646010589523219	0.6359114622268317	0.32856136510275846	0.5360613924367698	0.37396228132591125	0.6972813860231998	0.2770011548721545	0.8722515185926492	0.24864406646277684	0.324470293924477	0.49419178936755015	0.5378075129364213	0.6884643364851725	0.5190873256528442	0.6087531522360305	0.7075263481080768	0.6453334342375739	0.520277154087521	0.271985326877395	0.4249400881446655	0.12656745901071842	0.34438024137720613	0.8414708881002522	0.5540841749089219	0.6585592341674542	0.4569482038787969	0.5340099600711704	0.6998901546649238	0.4851895403451973	0.33596407093348934	0.276021024413628	0.5362751692091643	0.7053095337163132	0.4574191198174856	0.6972393010710776	0.39660037818012067	0.41616852166770446	0.27692361122682063	0.4661497141940637	0.2712600749358688	0.7459199841442319	0.6771541768281153	0.673450392713082	0.7085469516320421	0.6439205910593935	0.23507615294675166	0.6036405773424167	0.2707884043839533	0.47126954126115767	0.5739211978601473	0.5518374718472624	0.38300749928040545	0.4251845822346579	0.41976856210903457	0.6805190882866365	0.11929789634364008	0.48270865132578866	0.38022393018338685	0.4147969999587588	0.6692431975685226	0.14614096296633866	0.952731391868365	0.1391843181668877	0.4406960411410158	0.4785149587602825	0.12119174027174201	0.40493817250458486	0.4141840690057922	0.6330414289704429	0.8605339542297028	0.4538126334615986	0.5905866621072489	0.7409503852133658	0.8113528772141158	0.5066668519930071	0.17107208829337517	0.5572948108369453	0.3431107259028645	0.4563483459988016	0.6215709027814599	0.3749486127065499	0.33641320131274227	0.5090589636850574	0.6610787918066761	0.5314260394883534	0.07217923888556232	0.7302987648946662	0.5866464049313509	0.1492881714006439	0.5413974254686572	0.578756013170075	0.7257475256914718	0.6487933591645393	0.6165733118502625	0.5526234707795904	0.4288011173644577	0.6227315424183436	0.6717917323033762	0.7611193498277858	0.5226798400983976	0.6492016432129396	0.6228069798833322	0.35133707325091756	0.568019681503008	0.7070617858610917	0.43944026861511565	0.6768339339430016	0.3606329444222288	0.868587964169699	0.7677185934067554	0.6135511140097689	0.3902661347790233	0.5772699171711925	0.38459032794428716	0.3235206932828127	0.5737498773962768	0.47781366845523565	1.0	0.17064725591312832	0.4019841240252385	0.4431766497528663	0.19184824753051882	0.34947889439684443	0.31442742556413056	0.41828125393888155	0.5016425053013998	0.9790507296843779	0.4731965938297522	0.634523858648604	0.6008814334091308	0.6148940022837869	0.46694583808567813	0.3056552526955449	0.7752850086012786	0.6791430890882145	0.16794437538905083	0.3644971197620519	0.5700972568496858	0.6844378246211678	0.5169369172652913	0.5627938009757	0.5999230956627205	0.4659388130391439	0.5510026135509597	0.648461506247711	0.3351674147106213	0.23631450137111118	0.41578770882641125	0.540796033716783	0.572502144552962	0.6025841641893721	0.7938773781575327	0.4541798828514217	0.22109497116398769	0.03858529179488557	0.6393165901375788	0.6326573896814692	0.5511381678517991	0.3086177753281599	0.6840453895316723	0.6037757135343129	0.5322635176284489	0.573949377782269	0.3511823790726007	0.7953185054657728	0.24530303552746222	0.5333058523282758	0.6797411280005153	0.3245976934377181	0.24050471559634312	0.12453505877864579	0.5798134420608467	0.5694898357076079	0.40701314862205107	0.7031773202877409	0.44607817531754673	0.6144735402137464	0.7765751164921069	0.24937977225549982	0.24054862469440047	0.4256756310063548	0.10642047743055405	0.14694900944903622	0.9492638165001178	0.602429375552472	0.36606001595837107	0.43881302607781897	0.6008988180923533	0.07398893003779705	0.6801879944117988	0.7147236868616976	0.6201536982716649	0.6341852462541107	0.5441060222718501	0.28532998489934186	0.0939822397732542	0.7053726212269722	0.5749916055355594	0.3383806151157592	0.5626438339942854	0.6503236754796534	0.36789405646785756	0.6784832302349681	0.4371909966238633	0.6238284027441652	0.8124261938094015	0.5271061431769866	0.761201654010109	0.4611089472913742	0.4450757607200953	0.3093819387663143	0.5092535483100984	0.5082147181105593	0.43236010276898085	0.5277128118483017	0.7337405450548311	0.5832745354916619	0.21429334829215158	0.43769694127975317	0.5117876348206576	0.3495382644466065	0.07925784489916865	0.0	0.37588737313646625	0.44332264563290885	0.16013166144949395	0.38044865158664437	0.5332431569601677	0.723565839958423	0.5330340992626547	0.6836416062195976	0.5482635339108924	0.7107617079882979	0.14849383900976873	0.15649829076403543	0.08358841376688503	0.4955548070332188	0.09003636505295554	0.09633199282904814	0.5880154382700672	0.21749990176365047	0.43449973066747893	0.635452118360381	0.4216400319209628	0.7175526304224961	0.5379963421021312	0.3250538328894113	0.4765767140359072	0.7175547735297095	0.5934378589916972	0.8286714552643286	0.48018066069597487	0.2242060062636409	0.5811869561991846	0.5238221311918012	0.7497525053883671	0.5606005953415586	0.6343218989094156	0.4337777348412469	0.8189345113318345	0.4992682909795314	0.243565084433783	0.5026736555846403	0.2049497792755553	0.5302396245272449	0.7312683629086972	0.36734889726423225	0.42906923304896033	0.0	0.5611126568229658	0.7023601054595656	0.32958094694943296	0.9846221524899132	0.5047671239669177	0.20440893503362673	0.30706769557408287	0.31849130296221045	0.5599288095910573	0.5072924432088595	0.36333296318301456	0.6128213214351175	0.8798685820244077	0.5848920470442753	0.402391072655075	0.29132716779677015	0.26837158480093204	0.5472310329890088	0.4207288654641028	0.45849266587878235	0.5488563959591678	0.4023734487064542	0.3435177218275641	0.48612137760605445	0.43014429229692197	0.3430571475978325	0.578400658712592	0.5960210249621827	0.5780671136756703	0.2460458426002231	0.4598215540784101	1.0	0.48972875063321564	0.4048947231769341	0.343102174056583	0.7700079010403003	0.7285009933285835	0.3351143016260007	0.6830535889555661	0.6661458084301497	0.5654181671097045	0.47057349953251754	0.9335356230261427	0.36545351849824803	0.44226333597773027	0.6450791962397711	0.3177697886299891	0.5534969877225162	0.45888858576891467	0.4992313985366994	0.3198229437046233	0.48668126884909607	0.6689130369427669	0.7368866507153101	0.2604599498744486	0.552525897279827	0.16272380113014245	0.37697219961998163	0.5987202494658488	0.45816078596647014	0.7012151651781702	0.2692047715918032	0.6476013086937602	0.8960625089160119	0.4847737867283505	0.37047350332943124	0.4992757146512418	0.3281658710663209	0.36381316002955927	1.0	0.4653947284075608	0.5515084612395563	0.4539829126530658	0.5889641781838834	0.20443055452327663	0.5691625212831917	0.243889093585836	0.12060328796056191	0.4219268045473631	0.4647910064952142	0.607250190489419	0.6981985913275239	0.522022123214057	0.5804857978271003	0.696365003778765	0.7709993587611088	0.37871231028469077	0.7476278837001284	0.48425588042120105	0.3082294953372535	0.46627483960131827	0.5435933387204357	0.5081396086216045	0.33505617072308647	0.44316028682617126	0.7887619449715899	0.7423762132062004	0.600128353274785	0.6281194404394603	0.11658770951456532	0.294945102477338	0.309645508852486
tiger	0.26511693073111015	0.5016407040768001	0.6466033422866704	0.3514012208759997	0.6597550453882421	0.3614819720018319	0.5303765085642207	0.547568744272902	0.3848197900516919	0.14575980366308006	0.8256995608206317	0.4486793145008563	0.7261381447511694	0.6211074960358147	0.37661532472079823	0.4995928475142476	0.47304374875377003	0.47372772443208006	0.3764649540189929	0.5597626021333183	0.3600312620736251	0.5368403846368872	0.317611669021463	0.5798961419731814	0.7338362642817899	0.4495279849309573	0.5003836432937072	0.31976039588032235	0.3846633695533769	0.6234896139460332	0.41348064562892317	0.5411371197620595	0.6498349357278892	0.6774634977733878	0.4280980031910444	0.5541209199829357	0.868240743206548	0.4164889295680337	0.4416695922775159	0.4189720921353422	0.4174894751251735	0.6509619025047608	0.36414614657067385	0.6517976690745118	0.5207899217932821	0.5066437292631083	0.52816864409063	0.3154734484780453	0.24397759021954651	0.39421480808383486	0.4395800998051483	0.28082421910225686	0.5298044199123719	0.6461860641254795	0.2473307618855247	0.2194281130883285	0.4682314679876407	0.458803421798449	0.6535724975005596	0.85862814570923	0.39220529080612626	0.6323999338832816	0.713905381905438	0.5941358522959703	0.4521439802743309	0.8648379273021234	0.20332433138378175	0.4230710649132897	0.1849709206104066	0.767973092068612	0.7495379238948661	0.8004190993484839	0.8265183874206674	0.39570228254580736	0.3572255706754969	0.6920522294606886	0.20898304013699104	0.5574680678865498	0.9591190505100711	0.12643195124281825	0.5539763819460708	0.4801455459781854	0.38931397477429425	0.45664998213305774	0.2030655293356206	0.34581239591789925	0.267666471984341	0.4723646543021379	0.5458481520133873	0.3880136901450174	0.5721836192783857	0.3416636250678208	0.7670432979260353	0.5947862063102436	0.5758077487177505	0.3466434379667417	0.37960766398164	0.3909257685857276	0.5374204733444697	0.11692152884463836	0.5031805537086123	0.8267818100583428	0.9915640760864872	0.5115183647095424	0.7153120223987028	0.36647599769424927	0.4143376028744814	0.45127447787369146	0.49598324303497227	0.7457331580707107	0.3736061714514309	0.6247746547819639	0.5870047008255002	0.49605865824946216	0.7937821940771588	0.44504403246126467	0.44622903903881406	0.4351980655321873	0.49245033997053356	0.6367743269922497	0.3650167467253923	0.36733708703196866	0.21652920989490776	0.6978427786286286	0.10240785746771491	0.592557565179569	0.4555676154132693	0.48114211387019257	0.3926735302325274	0.4500838962414995	0.7407432154448321	0.7877835621729739	0.4207963154831886	0.6517548004812052	0.7104936009052079	0.31799962404093	0.5170568093548654	0.5378929121780108	0.525299673666528	0.6841837469146592	0.9810952131600128	0.49462917234690507	0.6115436400873872	0.38737711117398466	0.8480570852635927	0.35901807178228506	0.6922309360498706	0.6411643187828283	0.6329001206141013	0.33292751800286663	0.8095338882274288	0.6431566027055573	0.43331562165794446	0.6507961279321721	0.3206983896734561	0.4563763006477679	0.6036375515928151	0.5045761303274492	0.6722219149957365	0.16326970772578925	0.6783693927538272	0.7593154999979846	0.5717357748253238	0.1506276751706382	0.42361047196977947	0.18161445799319015	0.5026533881541477	0.7680300075282978	0.45626745814292763	0.41260142751491996	0.48431193014378476	0.6433810189957057	0.13737159861281584	0.631992709137128	0.6416952395131436	0.4761187571469003	0.2032668935184265	0.7223767660295731	0.5998437993033632	0.15983314960873674	0.493961707873228	0.20189225906343133	0.7249648487759036	0.6862601279482766	0.821018590823526	0.38186254062006436	0.607282979420835	0.4850609431864533	0.6713135798588338	0.9495601059215151	0.20100044255286395	0.37825020515435936	0.44420382728694646	0.36358582128710937	0.35718972017237305	0.31402864330953184	0.5560011963865509	0.5508120036786488	0.04774261817136116	0.41706083888208495	0.4923154155718084	0.7668123597818939	0.4086125930072376	0.4650882417723827	0.37953822487449607	0.5617321029124678	0.5322045514209643	0.5344442786792917	0.6792940175737091	0.559773836322002	0.39673601574068956	0.1785522601182759	0.4278822994620619	0.6050870855991851	0.6457185179354427	0.33340509233815396	0.2702284398595336	0.510432344005533	0.3691232535344288	0.3390135917383799	0.5343767114659371	0.5037377725116468	0.41832430169887236	0.4388737791269621	0.5152183651515203	0.7386885712482496	0.4636941488771742	0.49297401317109407	0.5768898670022095	0.6711292484358208	0.3475583126474632	0.4902714875774676	0.39776293626947584	0.775331990085711	0.8307964727108128	0.3018589431611515	0.6555687726933458	0.44583964836542594	0.475219449417867	0.5903515059983824	0.6027975917916981	0.19270893530203037	0.8445480788212413	0.12858850224411397	0.5905778248447183	0.6211342266366876	0.788056654881772	0.37607490041329833	0.10258486699137864	0.6558634078570384	0.6971832995418858	0.4224312350086864	0.47114132703961836	0.39155701114410824	0.3383353071439893	0.5008688510649677	0.26222776933725833	0.7334298293417096	0.26445375493793943	0.5435920538803821	0.4388817473912081	0.291196441894444	0.4607409188098778	0.2045356848284391	0.4535966030524171	0.34670188068322416	0.22301001310544594	0.4060905666399188	0.8700173191556815	0.7655508855886346	0.6524348703304992	0.4902385911024251	0.5059675508288016	0.6515676489825043	0.3163088170343274	0.5269168581446773	0.4793173907497998	0.5640747788175541	0.5071890746053414	0.3688691098722504	0.32851092379257374	0.5963204790530746	0.6270719295834828	0.49769733772854785	0.7337432962113992	0.28531101033912193	0.757950788390251	0.730025278858928	0.303110794727133	0.315575258177703	0.46827055739015483	0.676723892921866	0.40445917588465297	0.2822629114528564	0.616189631191326	0.5545500026723463	0.2576535912855091	0.33882036325939263	0.3397275575773553	0.5938048546059346	0.4775949105560641	0.3475521723511069	0.7123074922501674	0.13806941558120045	0.45222193607702166	0.28089068278529833	0.3117998070049848	0.43953696776090395	0.32658374781036126	0.5680036590191029	0.7946514722369405	0.7262811476977842	0.45471661656013707	0.5931097485454893	0.9999999999999998	0.6191287975972218	0.6959518193242427	0.20363493943134137	0.236904882628574	0.5140245103383279	0.5542935291532947	0.3046684914378862	0.331900711759477	0.8403158921788256	0.35945244043592417	0.21621602146056307	0.3522453706821337	0.5576994043078207	0.494340627649678	0.29649917595430514	0.517307939260591	0.6861981013214453	0.46981726648626354	0.4964829785590458	0.9683988360157165	0.6110200009889349	0.49341426256668586	0.753501515529641	0.5761285309582174	0.4598794479366336	0.4509441212319517	0.2628515901754792	0.633796450494025	0.6109378073221474	0.5211182566192859	0.47983862491413853	0.6911490621959339	0.1718870948139617	0.6335168525453019	0.31570151645588207	0.4359208264350323	0.7670325043179532	0.8956263594484586	0.3707496728457019	0.8437711581653367	0.507807656791853	0.2192583863519451	0.4587345891990851	0.8132652640456774	0.4768075787688003	0.40725096711212816	0.5056931985735194	0.7915859659055136	0.5430986501277967	0.5722218622035437	0.5730330719902881	0.03204806848098907	0.4714429903117316	0.27909076525030735	0.5022232516612628	0.3976546174978633	0.38787274425426915	0.31399738482254297	0.7708459454741317	0.24365665214917975	0.5750140268071389	0.5575448617527787	0.4615224803401996	0.624778367609411	0.4543092218181753	0.5970230602223349	0.5550253419878446	0.49217164841362326	0.6145011127610108	0.27342167536744705	0.7363522994910767	0.794944311659761	0.45246994722207	0.49705307650742303	0.36858200583492984	0.45600313421661764	0.7382631671138837	0.5007959574669135	0.2780458260547181	0.23992068731402272	0.507550830357637	0.41591584946815574	0.47348371590431243	0.6018905980054243	0.47795314767859876
tit	0.36281092558736766	0.6430262761963689	0.5923678822415328	0.4577090756867721	0.7379750497114941	0.8838090270470464	0.8745752211447304	0.6051903346635225	0.21929364442256905	0.46024059342484747	0.6777022878433789	0.6374963599678521	0.8697667645713586	0.580487924599027	0.5917380418159857	0.46020309317803987	0.3931225460094365	0.11108372309812065	0.3525424848072697	0.300898071755652	0.5340290057337609	0.3841397188678794	0.6399698078750267	0.42702767606512726	0.4758150928757123	0.5104067644226552	0.5182361681593753	0.38233390089712466	0.4150649675411567	0.6038501272358179	0.9016707717221019	0.3040932494878638	0.5937317606060251	0.7820551525959759	0.5654054748951456	0.6860810231131952	0.324509277601973	0.3347230932242365	0.5181433577864186	0.47154656036844667	0.4762248897575278	0.38622614761482793	0.45602050482197215	0.4658345962943312	0.538701601378201	0.500904769001495	0.8265162366483854	0.8372421721011967	0.2635214105890584	0.5401270914408055	0.2273401407501543	0.4252554859109387	0.37238509221041405	0.0	0.574170125628944	0.7127765549249185	0.6392192128713668	0.44833598218165743	0.629345597947022	0.5581577453047863	0.4352827840401013	0.6082553441697071	0.23883571295679998	0.7276046632802103	0.8221828554886881	0.4305796881691338	0.6488727604660051	0.6782779458901299	0.6180242378745263	0.6363000378059819	0.35764492015982163	0.3522378273991322	0.23823614943020266	0.3277744373934698	0.2229341743821066	0.4875360538039253	0.3097251702144397	0.3534772903383307	0.7571703967684497	0.5644398769573835	0.6057071779848535	0.32033550014421575	0.24468535769611577	0.5579284114981481	0.9155118542134326	0.3992247020093981	0.55189386187074	0.4556733274188676	0.5974724063830675	0.37164116010812176	0.6593900160133367	0.2824034071620413	0.33540363982503646	0.894130888551977	0.4523217884995517	0.4360332798002665	0.26762187953851857	0.6079410167230673	0.3684656162788567	0.022637511038676672	0.4800512944223054	0.3723062585137814	0.5841604787008492	0.8517715687555031	0.45483392219421304	0.5490524614038105	0.4068639001726887	0.594479462782593	0.1306558673356094	0.7093003508102831	0.6924869910015912	0.7731748389054146	0.5589922190581077	0.40639279987731747	0.6592546600785749	0.4606229230992366	0.5980503650937454	0.38907389755643923	0.49817080877678954	0.7306765205859257	0.7614482180401588	0.4700435312380182	0.554321798351012	0.22819464545878784	0.20733154976354823	0.5826010285261395	0.7998562007159828	0.24227430951653534	0.5746921454392281	0.6711821791317355	0.46686225834730455	0.3854604725144891	0.4917278087268511	0.26191500125152783	0.7654907505170768	0.5430291983291474	0.5467187737332866	0.08476376935768803	0.43943358036476166	0.780502204310312	0.4707567664981455	0.3349651707343965	0.7425826337799237	0.4090272465118241	0.43395951987083575	0.4954003309051232	0.5805268687256415	0.5437285294477693	0.20883903518512603	0.4955534435852505	0.27512831006281585	0.46865352678037997	0.6861127799040818	0.32038653593246363	0.27059185724587576	0.6636542478565598	0.4677349422705364	0.6347999609741681	0.6628196659901866	0.5011173065524244	0.5922894768990669	0.3657765010301323	0.5822155320771523	0.27969715492070946	0.38981335983228993	0.5571576778965536	0.6261528035549582	0.5977879637280741	0.4257196344942098	0.5074433281776227	0.6544390135271734	0.6034443944357748	0.2850593426830322	0.5452285262996549	0.720692983512603	0.5137720296213997	0.6620845364786431	0.7975933171267697	0.5475836514460537	0.7157247905427955	0.7240610175931818	0.373722017985594	0.6332499656183914	0.48859504088708877	0.2279014984368513	0.2920572698473749	0.33406051515226565	0.7104677857752095	0.8068015207674695	0.48286745633137745	0.4755084677650784	0.1540583282990063	0.6768955153956612	0.49279040889683035	0.9691490885664144	0.5645035982956641	0.7706172146476366	0.37415365455752514	0.589394255324615	0.4179908498039964	0.4372796060422111	0.766784849457143	0.5474994219057132	0.7304003209314898	0.38156866503229325	0.5926554213524523	0.6221328913570218	0.7005245991404623	0.6138804661367759	0.4868607624101889	0.42850693502347864	0.34155989827293487	0.16130164266029684	0.614633704683709	0.8754041594773737	0.30887928336286063	0.49216618479944785	0.3593573464023115	0.19039963764351647	0.36841285655237693	0.45147296349418237	0.3254671855222426	0.49245399178383387	0.6190156324798937	0.4003988439515117	0.41018928726416487	0.3432838857632333	0.4375450764586079	0.4728679290668241	0.6218840043797237	0.5515863051065295	0.7455221288740187	0.5060875560651461	0.5337417782783676	0.6316027181327828	0.4034101588324369	0.6433365788282699	0.3784001118739158	0.6812467161117968	0.3529316368760621	0.7689392049711689	0.4639729198299599	0.6373886323609856	0.3432350083480652	0.5426913588471042	0.3305936728314299	0.6149953471152649	0.5225266828663823	0.721653029926801	0.17947376985341468	0.1949668072272377	0.7545872954660153	0.7324969190037429	0.5894504477751467	0.7525597327593407	0.5381703009450589	0.34229370707230244	0.6574344744746508	0.28431289599489407	0.26532054301685404	0.30387138767094074	0.17467477134653608	0.0	0.0	0.6130750797978944	0.4532375563237847	0.6771405065985973	0.43445513374134215	0.5573160590964281	0.5637193456398675	0.6727591936205107	0.27611372748732055	0.6130715745653327	0.44203904252288795	0.4565567588395966	0.22586272840020932	0.705580609791798	0.7235510724137513	0.5596082154452641	0.4791801469147165	0.3136834764133989	0.48310885725459585	0.5056575070733692	0.39756871752610023	0.7700146285645708	0.5145334961003033	0.6997328487317557	0.10470393653515725	0.5708226156444195	0.0	0.49112549762986224	0.36765788586841597	0.6365760689732277	0.8223764259030601	0.44173688752863394	0.31138987360229164	0.7236907034144142	0.5826095779396099	0.8256229572700273	0.25752915842778534	0.3318280574406274	0.8682934250111187	0.44045149167717457	0.4068193852838615	0.5329748427914222	0.4826360462944361	0.5760052731985197	0.4798916275172861	0.4500063633955949	0.3590375274121859	0.524093074920589	0.7035762036540321	0.28886990852870376	0.5615245136894321	0.6680820385764059	0.7294979641832414	0.49822609175351534	0.41211480461801475	0.331084322626162	0.4086176995296476	0.5722247959108322	0.2998351573961698	0.46994889823329755	0.20004455107272917	0.4768211389200671	0.5316575745641469	0.4298976571391526	0.5204901705587098	0.19126143555636227	0.7362293545677722	0.8970242210416167	0.4869604523597644	0.6268641647632396	0.321302392875643	0.7752815552610054	0.4200944484692075	0.5257115368227429	0.7194973939173587	0.5209353997921192	0.4888326397257427	0.41495525833675634	0.6608687679924277	0.8188443867726984	0.3528331074072597	0.4847540256871269	0.4854661750514198	0.5754647810438912	0.36026565207069705	0.5068388076813192	0.34197909281074806	0.42399609663361887	0.18274645844430842	0.38112893716322793	0.3942708041577039	0.24717089371778256	0.727221332898625	0.2793237123978549	0.874673020040176	0.11971503062339922	0.26031841020238666	0.6964431241687296	0.3632280411108911	0.684197980590516	0.497858697610317	0.20875446298058437	0.469289017972163	0.12443831394447558	0.5814837355466353	0.4370027673745644	0.9128999851967837	0.7056839677803735	0.368313921318594	0.53078468600573	0.21252452624872603	0.2302055084083352	0.497495347701697	0.47655164855459986	0.11512865092764019	0.659696913246752	0.4886339649619629	0.5791316285132474	0.5045308348074052	0.5535698368907928	0.45538086107115616	0.13897946118424803	0.301494707427458	0.589600007334899	0.4927185108512532	0.391254202702296	0.4478799841832117	0.5329432851598213	0.5026269818948872	0.7824154751945613	0.5326961052087409	0.5201993305978001	0.4444433171863582	0.6248309253615492	0.2772525507325706	0.2735216524869461	0.0909606849933362
toad	0.3005503764596775	0.29672795502780225	0.6182946458053882	0.4560313816737234	0.7261688787420117	0.6316941880731513	0.7243476599672651	0.3338176733632006	0.3031153612089535	0.293732955201521	0.49286969411640713	0.40431599210105945	0.6140010424940965	0.5245997520782026	0.5773221304739458	0.48528822238190317	0.18437708087642096	0.291332951407866	0.34045467675466384	0.2782517152923525	0.2906913405331985	0.6791106902819212	0.285605349945638	0.7779622080174318	0.40744922660648997	0.5230787163065223	0.33829582329943886	0.6288276719824293	0.3569034158288922	0.36389101355790326	0.6777737872423374	0.18352758854090273	0.8253839398818401	0.5466436444846278	0.5611870474372789	0.4971891872290414	0.6276834343534509	0.4325882211660671	0.4245346937182489	0.649128058273188	0.7651542910463054	0.6117042163063061	0.35299250628726775	0.3543128552088538	0.27818955986679844	0.648658728983945	0.13011869378786023	0.8073076100019776	0.3528383726935799	0.4460465285601668	0.19276985006665528	0.24819807861998264	0.5511448104769389	0.24180338726996947	0.6612785539937154	0.528113569800113	0.42874184605904714	0.40243497187874555	0.4580558082351545	0.5304688726038573	0.4370585228201941	0.6770187639896053	0.7752212978661979	0.5568451421043338	0.5684574846934607	0.37715565826408837	0.44549555831326354	0.4793875820408486	0.945960209491032	0.5759141679622585	0.7098927303770999	0.6126403139271434	0.42499646652927314	0.8994878191666358	0.36512142686808735	0.5205857158357122	0.5643832903566826	0.6991676195349934	0.3459238486915921	0.13218665028832655	0.34506179870585385	0.390345114635696	0.5287478579336728	0.6366256128519544	0.4724294895049088	0.3794644251577629	0.6570250859931492	0.5482349800141166	0.6741074291340681	0.3571335081952127	0.559340833921781	0.7836961670929496	0.3017926218536902	0.40193537071908964	0.3989102175310411	0.5409488435449009	0.45378331646246783	0.36202194533562326	0.5085933735687257	0.6132925505009098	0.8201930156709208	0.3735035241103086	0.6826347130054737	0.39192286537793997	0.7203586246893315	0.9092704361225297	0.6428386258082079	0.32306191586466726	0.3467980527521626	0.8756640257493219	0.33077979236619687	0.5299442395461155	0.31808058464046546	0.6019546791828367	0.2763879590715567	0.24834996693992661	0.65646732590059	0.1861638882982963	0.4321603215112184	0.7536751269973907	0.4528635864484638	0.4641974958097424	0.17982604485685394	0.5065972955319633	0.3128921507405243	0.3453207539654017	0.5161670876656419	0.58187037987703	0.6249356577667772	0.5127381066901249	0.5900586631924292	0.5099718770695023	0.48911959634411284	0.20863332913652655	0.5990650086706981	0.49786210651229557	0.34505934512417696	0.5453134543751189	0.6899942271056397	0.3984021293807807	0.41107093952589746	0.6165674062077646	0.731963867875801	0.5779888950724144	0.7247312974351352	0.6137490661624806	0.42522011185486525	0.35586509561562996	0.6196729926232659	0.6471055950210374	0.5548812728345077	0.6645418998927021	0.40052331921618556	0.4223516559639512	0.564543403290864	0.5372723284017422	0.24430360304199988	0.6682401635560474	0.405242766833357	0.6440657047983226	0.6302767240061655	0.4657269259250243	0.16603159509989418	0.47234189142677635	0.6299831848498425	0.6587965082211787	0.6252859796163359	0.5619528316238434	0.4045244520614294	0.18100109187058777	0.276937956915239	0.6899568024002873	0.7576651501714349	0.7056931978526846	0.3883719039848814	0.5582072773632687	0.16323826669791347	0.9445456419288147	0.3937072123516744	0.4824168213404843	0.27963887706321594	0.456807950085346	0.8215526315842758	0.5883942661641386	0.5071783443730428	0.4980672649269364	0.1346909821631438	0.5001801933799731	0.6211848308459734	0.218358326052489	0.30040417304744776	0.3154121341528927	0.7063411370451301	0.47374624611559346	0.37945977157739763	0.3448573663535807	0.7660510666991414	0.7154096482812848	0.5214941001047666	0.918783083909904	0.3537373736346284	0.588024410832666	0.8105801765822429	0.778652210230075	0.5709214489117511	0.8506999612381384	0.7722354107027208	0.6142270064099551	0.44470344206649	0.6901439531466109	0.3586182665510489	0.8760852216727542	0.66717894966282	0.5614342563130236	0.1831469837022025	0.7017237093731179	0.586768263129064	0.5327328504947809	0.8016024581609956	0.5083033553745231	0.45005227309155177	0.2811893785743948	0.5472661937932671	0.4486467930835268	0.2069808948645343	0.39610420322152745	0.31001800646599503	0.486500418677103	0.4045838725489408	0.6393568470146969	0.2930397729261652	0.5100803351405	0.6956959359207779	0.3752510318474459	0.6362855238275442	0.2559793672049603	0.5148847127020557	0.5868094366450047	0.6778271539566002	0.5131043767260801	0.6680696598166297	0.5636565514720724	0.6077579414640953	0.5208178665949319	0.6039887181436373	0.448258308507827	0.4935838192835385	0.3808734131467657	0.20401522897733998	0.5814883479741567	0.5561278430908878	0.47781705195586355	0.4683264659336434	0.3197054389076268	0.8299478401388178	0.6143294824515029	0.24288146571995872	0.6056088531058029	0.13069086397892177	0.0	0.3163836492207015	0.6402659536028386	0.4411447696957822	0.5222458023895633	0.5899242544873902	0.5086404551044984	0.48665166731764087	0.6434217717499857	0.39365714981046396	0.9307604671644114	0.728571478851444	0.7475552056310564	0.5455643259338472	0.521309340839241	0.406926766143683	0.6866115673148602	0.6510137210384768	0.32640200449954904	0.5385321401915457	0.7790930150256745	0.13993304309186355	0.6983259422802923	0.4836589773478503	0.22206145046330691	0.3926569061757269	0.5156579475805881	0.44616196941365865	0.32190857885711105	0.5590873645361925	0.5004432987905789	0.5460313415306194	0.40877446655109834	0.4482922555108694	0.33406734257248866	0.6583279329660976	0.44936213518217855	0.30645637727169006	0.6277200937435345	0.3254980765978772	0.36310954399686846	0.5871691658024945	0.37817493090530513	0.14212189986939405	0.35622453605593074	0.4537324448905369	0.20690316645997853	0.47837994370348935	0.3717395864597289	0.3384917182067577	0.4354995653436129	0.3018209995549631	0.8029445888884156	0.5220540378495095	0.36115030140584375	0.49403941981995203	0.4216991565025553	0.6183851906998579	0.3397493802618205	0.5358831410041818	0.4742196943582132	0.430016506391676	0.5314883095208051	0.41857208455042333	0.6209247255370443	0.5411159473513057	0.43237253512185425	0.6283548221495655	0.5792903797473896	0.2884725519022515	0.351899019688237	0.5256624046329216	0.5877301914067428	0.5640738291814944	0.07876082855148536	0.6157182970363109	0.4081870546926931	0.36002446428273704	0.6803601967236141	0.5307939820673664	0.33246839148730484	0.19786656002166136	0.6987315926739535	0.5222061379201949	0.518832890370782	0.78060675354679	0.8515794391077335	0.6912981658430453	0.3841983387033703	0.5722613954981612	0.5877275674912686	0.4115338119060741	0.5971923439630928	0.5050108899144482	0.5133031928877387	0.43422149231756857	0.4515946339870002	0.5665496437477157	0.5427984020345433	0.1621273831912442	0.5197535888599574	0.40638646597146016	0.23144476621892973	0.7384703686295336	0.764572594294307	0.3503239546080189	0.7982975319012806	0.6482472214395779	0.5166701747558505	0.492319013702023	0.7122431654237998	0.4182448209288732	0.2942478332842651	0.5157970963475007	0.3832655616549163	0.40854624123164696	0.41251226233873484	0.40923860088910047	0.31024009360392496	0.3672593373517752	0.30696708209211	0.5514482827234153	0.6347991881858184	0.6357023172021593	0.0	0.4469268828307583	0.6883925818998096	0.4919804007660131	0.5708722592052016	0.44840553830094665	0.28594699740680085	0.3142530256199826	0.28124182183870905	0.676550414721282	0.639714791749574	0.36894105273087685	0.6929323645593815	0.7338627073319366	0.6589615996928512	0.24451242257756745	0.4312659470961986
tortoise	0.5099672104614053	0.39969672029942727	0.70322715467714	0.586271391427855	0.7046594124270305	0.42217815133326514	0.5793085634661649	0.3791727269961498	0.48906529753649935	0.4067138368534452	0.31925408234484715	0.615605135033334	0.2868175629912152	0.539138106068457	0.5223610316193984	0.7271055437937068	0.505856269493854	0.5419288860960874	0.33115876046004067	0.45317050616633636	0.626181961072202	0.4602365938773146	0.9557509533704216	0.5857594851925954	0.3559789494473141	0.8221106307971346	0.570104686150133	0.2903908809839275	0.5069444653745345	0.21322078760056784	0.6065361815586146	0.43942325663861737	0.13762377705718637	0.4145514167858546	0.44756858231546937	0.27536119603848225	0.5366908436240561	0.4379749359996469	0.6298732498359485	0.38247876614235804	0.5958030453343044	0.7079821094098817	0.5474397345741236	0.3865808614163297	0.14436754356345483	0.5778440563480717	0.23171312850829723	0.3734180261124749	0.6142001983713867	0.6813055384756038	0.17844951374458123	0.5594964187499447	0.5806303311334297	0.12680701994143523	0.5152728186404066	0.21234098963424033	0.24977957334884593	0.4303210491855479	0.1344641188995354	0.5615308758482452	0.5996970831589481	0.7098666891194889	0.14794399469344569	1.0000000000000002	0.6261455988076967	0.30608164324275455	0.23742939001805646	0.7649835983768529	0.39087623408925287	0.6379723955509355	0.6101671013736397	0.5113157074560561	0.6087700996137395	0.4182044266197542	0.299656360576008	0.4828220213288337	0.5669864030866987	0.18889010370223946	0.4798547145035701	0.23857139136045497	0.33886105707657965	0.9267133436916505	0.49801681815490173	0.5882152206442854	0.211543998503328	0.5444257992697683	0.4107362166989359	0.8317157224177575	0.9578388096010855	0.29405355301757097	0.2265272950375692	0.0	0.6602494873596659	0.697491922321141	0.3062350034276809	0.6969500945081644	0.558125267779265	0.5148841659159917	0.7082208800045744	0.3979854267572601	0.465020228666284	0.5555616665611753	0.536265357869893	0.4188855885654569	0.7454509156635627	0.8639935535302483	0.2991879945030783	0.6261295417929854	0.673168006568668	0.3361946604443208	0.5233130072898022	0.4420823918330844	0.10072027683392998	0.48262642112992366	0.34048129773524793	0.5678413217087929	0.39352381947826964	0.7073035219626029	0.6601391058143949	0.5000921044440707	0.6843245563750069	0.3810438136324569	0.5474296891366379	0.3025738244520978	0.4713010841223064	0.5802922460395741	0.37354932567506416	0.5424218749639714	0.2610624425866705	0.5540681447190067	0.4126699592649058	0.37698340221909804	0.23768328195295013	0.4771011749295454	0.614641777918099	0.5076086932460823	0.25532581123373177	0.7547004281530125	0.7327168928665007	0.3898448853819264	0.5837549855990318	0.566792440895018	0.5754951650230797	0.3509390230845746	0.7459778162586184	0.27938664401316593	0.39767032839319766	0.44534158745140995	0.24936667720155242	0.5629986074995228	0.2758565790326352	0.13872298775885217	0.5635967377563292	0.5271101202355422	0.5248041214519918	0.590662768631368	0.33147711253403783	0.38874006843882114	0.657115247471896	0.4400252127409159	0.6134918755966696	0.779826461799065	0.2365846657162493	0.46334491337198347	0.6600946162665301	0.2813907609543361	0.6810792010486443	0.5326996275810455	0.5523616558642445	0.3949306185182028	0.33639455081702685	0.7851464009304476	0.45641002502450845	1.0	0.5043047888945869	0.3168991222516391	0.4117753245733283	0.5668038541511594	0.42740734150053306	0.37525262768614964	0.34778908011000004	0.3951316161423662	0.5642909417873072	0.4903224106824352	0.45915553216450783	0.31766603862379816	0.29825652201506114	0.5825298849537053	0.2785993342103098	0.44772198677474545	0.38169748365077083	0.505229742778417	0.9255834610835194	0.556999227227406	0.6767225194947455	0.4086329173209903	1.0	0.6000459625815338	0.5525049930971561	0.6470115092771671	0.5917656249996264	0.739634792401809	0.6719730619839073	0.31187826812731584	0.27031985852666485	0.7127446613187853	0.20801049836913055	0.24418239736253133	0.5059831314945055	1.0000000000000002	0.4830010833505039	0.07586911408839547	0.49442820598582315	0.6834844505856131	0.5630939181738113	0.4556920755345812	0.30793522813008134	0.4510254738902202	0.6093546670667013	0.7952564480194467	0.30902484375892914	0.30569020478194814	0.6678919993448543	0.06944812837380054	0.9383501661856015	0.2532453702607465	0.6019814404721128	0.5844956283637303	0.6068952044641959	0.4917088809779541	0.27077499914516734	0.21040453009599674	0.37716399124309874	0.6303743715495824	0.7801994727534616	0.855622317821032	0.3720477977068325	0.5039059196176657	0.14628908016085468	0.3377018630293644	0.5420883661774425	0.4038175423167965	0.7580682947198447	0.46607365105580867	0.7859358395226205	0.3713822776496066	0.3238030003633269	0.672328209289883	0.4712716145055493	0.45414984525977814	0.3119852358187163	0.3611589584313287	0.3587345173231691	0.5291625986613545	0.6683180165970735	0.43165139213831427	0.42082108391418327	0.4114948421855328	0.5664558510640969	0.2680890721762096	0.4720768314147285	0.3908810227336036	0.39155942341421285	0.3873408967242385	0.43519839374642805	0.5621659804190295	0.41552542371864876	0.45318929898076443	0.6268105357609138	0.28231079454030955	0.8024465925358844	0.5875195045590933	0.7234898252692687	0.4845862917765494	0.5009025876977361	0.5091683313492452	0.5318809277953849	0.2525901951478462	0.7091491976065997	0.2583541646690889	0.5247671672576997	0.4205613304574316	0.2511168365424969	0.0	0.6404282796682849	0.6942548901529766	0.3336495574723449	0.5265150954776041	0.4798197074050483	0.5735696016255245	0.5779203421998099	0.7443410186046788	0.4386826552243003	0.4180443718499798	0.3388885079138369	0.3199001076096627	0.3728630114037792	0.5631908429462456	0.5717010757498731	0.697106837488575	0.6046787617398647	0.5725524366958936	0.5366154843497533	0.29296873458950645	0.7799081623354457	0.4217468254711278	0.30031854272268166	0.5005819546171043	0.5888667526157657	0.29609612328204776	0.12119285162299565	0.30614314089630207	0.32013514331823706	0.20399904550477016	0.173851601091906	0.6699385482095712	0.7308558026337775	0.9091103269882882	0.5419167464294337	0.617931914931107	0.7105172207896466	0.3431572170406653	0.6191403745031658	0.7771187186636047	0.5697139813654277	0.40239218792951403	0.1433520737244614	0.7505259841182619	0.5027669569485423	0.46074883146065193	0.08651653842618634	0.5701870526791797	0.4210007593634821	0.7503007900988401	0.542269939873812	0.5173420203762271	0.8205765405831392	0.5658801518118927	0.758459273420276	0.5653021493356558	0.7474342328986292	0.04798001526359014	0.481373955028052	0.40106683355139705	0.5904990059056292	0.14971735787610116	0.3629664885361562	0.5856355574981431	0.5481552083014015	0.5420446045247123	0.5093689805573782	0.14570122815476572	0.7228333170320764	0.5491991970003253	0.4876098713150224	0.7738305850858722	0.5895488767228084	0.26783981545375896	0.8201915378962408	0.37935003377194854	0.7971789681513136	0.6253620059718282	0.7177349504980443	0.7702973715278254	0.5225379472844777	0.5596729443935986	0.5259590800399784	0.6592180545256094	0.5420950296616076	0.4827977133791025	0.4526427314732969	0.7071172017090055	0.5382720540242125	0.5039934637868313	0.44939696351626424	0.602101324449866	0.5641990290536343	0.5251253516639018	0.7884300373255363	0.2882176958065438	0.6712212432446523	0.6430817553312413	0.8354771406906051	0.6703946733686985	0.6917272037207077	0.37071554554771435	0.24198984983657373	0.40703219070630436	0.4923223690165925	0.5751269503200559	0.33655036016585327	0.41823500965832955	0.3594423016466841	0.629082906392009	0.6301413571777936	0.4599698247877587	0.47288691145399425	0.6189740121242535	0.6162542363868465	0.8684789136556852
toucan	0.44864979098946883	0.5753124807415706	0.3718501889085027	0.7155668296157763	0.7914741452946473	0.3050868271920177	0.34753145029023536	0.8081435138604999	0.6780424153234814	0.5354853368574034	0.8216979478759701	0.3524862729381631	0.691169855937606	0.5597270476642149	0.44968967976402496	0.765699205197198	0.26142870834692883	0.5910370296322542	0.30968173314408826	0.38612355698365175	0.31564593273236347	0.49032555992677196	0.7015500942248698	0.3297545254079665	0.049470498109640326	0.5490886435143031	0.3263614409878014	0.6498135105757518	0.5004996236361843	0.35817506141231403	0.4265141897107962	0.37245506685253743	0.4478353277822229	0.8347527013575253	0.4481338131786724	0.4661886101152932	0.09162097200226693	0.5042561788125584	0.0839710325149774	0.740144871040909	0.7493217381018825	0.3746149123694854	0.5151354416123164	0.47468069015474423	0.4047443894338066	0.5969527240687937	0.30431911362802716	0.7016267348423921	0.704942076233844	0.39739278783140586	0.19022056027091752	0.3841478155708931	0.442932788585372	0.5844979251440822	0.20081468882569167	0.4076304260883291	0.33579990585548675	0.21334461958978412	0.6188963549691162	0.8425934221718185	0.5057048071538935	0.4956648411787835	0.3918469519623697	0.37175697012891606	0.39942703706578736	0.3956477702520346	0.21590564623995395	0.6508802159969516	0.49224804759420615	0.596286484000619	0.34654555178983293	0.3867642795541874	0.9101912952922864	0.4348206225928934	0.37935276936624973	0.41582340299954446	0.5703325603212062	0.6353857083327713	0.6929357000594625	0.5615458662799019	0.5565580605615551	0.47871934613736994	0.798873839074882	0.4905488040848571	0.5964718079824297	0.5224315479915146	0.6355027973276668	0.4804214418986498	0.6659855824456558	0.12175303762663514	0.3754045014605182	0.60331875516292	0.5835218612607909	0.8084315041768051	0.2291670716362915	0.5333795675268508	0.3183840952434226	0.7154484488326913	0.5572690573573593	0.6184636004077593	0.15098866164794655	0.709487366695375	0.37463189519686124	0.7699083035637609	0.6518536324410725	1.0	0.45789130089484403	0.47608806458320085	0.49855003615605276	0.1612654097478735	0.2408484751422167	0.7706082859176158	0.7073614809064619	0.3779496245178048	0.0495226055706241	0.6907108985394389	0.8028606745048892	0.4662890534416126	0.5625482341453212	0.453213434268955	0.32313495405533565	0.46310098845461156	0.651170373603776	0.5137074791043179	0.37449268550624987	0.6175253364647749	0.4111173576739514	0.299849885764743	0.4619854973725085	0.5130541874534784	0.6230383881218923	0.4779822367588581	0.4900719846580127	0.3486451792266237	0.4348868899813769	0.47287550312131804	0.6664295450037875	0.3888388558802074	0.7886841122163532	0.3276726598190104	0.4528967232859666	0.04400227868735995	0.47494740780074113	0.5071452117775496	0.2169342313833951	0.40682898450610616	0.2988098881919945	0.12272169204448544	0.3063611737711847	0.544574232243345	0.35179747795923244	0.5632201147330617	0.4909501263773488	0.6402786193436012	0.3700086447256763	0.5541831090479838	0.5648112567083455	0.5787075561001547	0.38186515671578036	0.6634228737023407	0.6102435253568361	0.5880709468123988	0.27273484507809337	0.7397092816429666	0.40443087808387534	0.6164062704712617	0.5107151222906415	0.6539806816455791	0.5903570771194226	0.764516185809804	0.37324495946517067	0.6668327880955754	0.3703574460939796	0.48778789314335524	0.8268603025348464	0.8651479858074828	0.4705801573142875	0.8142144171128634	0.6020809462709873	0.4533570881956138	0.32113632835473543	0.4695757823135412	0.47167915744502703	0.21819983086066813	0.408542019073552	0.42747495891585907	0.13602190524471658	0.1575449334617292	0.3740176151505363	0.6509931931359245	0.22744906295053657	0.5098268817080083	0.0901581205433975	0.4212599631670312	0.6159183997624853	0.5821824883146225	0.4643378330168559	0.1967954529928198	0.2508606943984908	0.37129648167567786	0.29971795538427215	0.5947249115120046	0.4542177044566905	0.3963820443782139	0.4639097457586009	0.4041083450024975	0.5072299255640609	0.2776384778435985	0.7886566744746617	0.858555199613108	0.6040309431936896	0.6355695868995118	0.5590303744189191	0.23188112656845056	0.10162778397778549	0.5975990890838921	0.44835844037553263	0.3832997439962341	0.3403780361431844	0.59300382871032	0.3424276341650935	0.373634477033937	0.6922582551904118	0.37896788939821335	0.07113206112709836	0.541446818741392	0.26109041729762045	0.3452792488759707	0.8759118330457036	0.5170453214192516	0.5674341089882471	0.44865276788346115	0.4703432098020483	0.3030432215959967	0.5654577495453311	0.45509114499602193	0.6290420428612623	0.48302610688356573	0.6272133168853158	0.34364896764817193	0.4610201038595214	0.5180978739944176	0.6993574775442547	0.40092512088556564	0.4590602624978053	0.3127280106582565	0.6413874596831886	0.8513945683860178	0.49217208592512285	0.7967673700538862	0.3792072382882061	0.38195860727845177	0.5066182561509438	0.4271215654399219	0.33721778753834736	0.1378954602618923	0.492847513467405	0.6659467607939707	0.7651684207447675	0.6566780480982501	0.6550785449445569	0.34653757247353223	0.49254549039360684	0.7127451446604463	0.8077125859332315	0.6008717423898375	0.3679220526240249	0.8927351750932557	0.9952581933235567	0.7860158028235009	0.8609651867783716	0.18835731616981927	0.5719006476224043	0.26770993568310536	0.5977903941122465	0.39318656220230175	0.6000592842848328	0.6206399088805783	0.3042593317721353	0.7447693545585419	0.5115236589076413	0.41335840447312405	0.19069087712592386	0.6328454752610823	0.696577368517548	0.42298904831291584	0.6120043951188081	0.4280513978531455	0.5577498702652754	0.2297284065977094	0.4819926239754472	0.6281878962958155	0.22866131901073633	0.4460609127923892	0.8761970437906632	0.2160394133675402	0.29396142502976774	0.4309971491123303	0.36716609363511393	0.1741162772718679	0.2832554560826829	0.22958849556551833	0.3065904093128514	0.4254401859251912	0.4863634102737207	0.4379073966972221	0.5203999920064292	0.7087754879853096	0.6045820882738031	0.502138808479795	0.17967288974242543	0.46021070509271234	0.8907292909659907	0.6484974818156606	0.30563113348741533	0.6662886741736663	0.5259711731087819	0.34690401874320625	0.4975256012738741	0.5255096364509456	0.7152252051512668	0.6106925195330652	0.3551748633941328	0.716415537567858	0.4974039208961587	0.5645495168034765	0.682153846102945	0.4392596701882787	0.5537194922582246	0.37507675131951257	0.8374526225154704	0.46482068063513915	0.4451151798498681	0.6591908957086645	0.7008629280905245	0.5010052116512747	0.5455969113817948	0.6437725900034251	0.8104581487398654	0.4101905350507003	0.2718796752649946	0.3762158537292648	0.7448981934894053	0.4628098200042632	0.5672973923721752	0.47889158500493	0.5238797040417075	0.8328114379304156	0.5749411989268945	0.31809381729262187	0.3202916612798946	0.5481576901308566	0.2642447123056535	0.7729209844680385	0.5507586904650424	0.20295821665375777	0.309058575445893	0.36969575913151986	0.269044145062006	0.3314332138636892	0.5430912635515875	0.0	0.7371640144779221	0.2048203680718269	0.23261658196846086	0.36978094873838874	0.8553317282852544	0.34099391905816284	0.5196004033735885	0.4987899899880503	1.0	0.3067963167304708	0.49529545792944374	0.9021548752656036	0.6999747241790879	0.65063027593364	0.4980884119727743	0.7202113409979478	0.5156598379706119	0.31229104874527586	0.4826943499620448	0.7949323267724978	0.6494728292560894	0.4167464079595854	0.46634976165847647	0.4420914407304164	0.7759241104087796	0.5370665459238586	0.491449340647783	0.5829055641968833	0.7706869538360115	0.4462345112184434	0.7135966988299761	0.8087758514667411	0.30941012011871194	0.5020405546910703	0.6071718568243959	0.3310554770329126	0.6435984091321736	0.6337641543087423
trout	0.3168147393566542	0.5668722931852358	0.8084485542812484	0.5329713529741865	0.682984008813801	0.290048832527879	0.5929930582393448	0.3725341214353868	0.6400839604154936	0.3885786048495405	0.5802594587174706	0.45804066323036574	0.35733271027670355	0.540027595195077	0.4938457143914957	0.4951903210468554	0.46742289862848774	0.6497723270883984	0.3282578859985041	0.4737200089102288	0.2333864116917762	0.26675311550958947	0.4671299165661202	0.3347586203571099	0.3265991287080179	0.5702786426179917	0.5212072360077189	0.5212184391573508	0.8620658390500016	0.5828243374277108	0.43224139686523877	0.5096753823612502	0.5473159556416178	0.8119864372139463	0.5050947597638368	0.2513597934398269	0.3679194590979356	0.39448618495585414	0.6875844018961715	0.5409753550515166	0.6278128916855948	0.5598092125741997	0.46556448333975436	0.5028041930572961	0.4479720784065395	0.19313163537430855	0.32317700167562036	0.49668881145866045	0.2151013659758284	0.38731767802361683	0.32640565222289686	0.4957839856155746	0.14005758659747053	0.3861366688129301	0.6659056504454626	0.45691629678423984	0.38042362882185243	0.38433624694019497	0.49219233368244686	0.742991918358417	0.528464964385358	0.54859803414921	0.6239266557817504	0.39497669090812465	0.5618402475239811	0.5348498467279285	0.12732888918619384	0.3097734359370154	0.6048449950280426	0.5913081753185392	0.5399371695990536	0.4858883582986899	0.20967950949368763	0.5904811694662402	0.4823470376347246	0.2402156482868121	0.3485161754325608	0.11373255039567165	0.5720324215449918	0.08028045688819718	0.599290658501004	0.5723264788094452	0.6446328477758085	0.3870874920716367	0.3245323406489295	0.2805922417442043	0.6291734082770052	0.374427179278987	0.9003529706464752	0.47566311889673085	0.19553473360965712	0.6417206982683118	0.6155631257430274	0.8277679591371905	0.4895671152825747	0.7797068231894143	0.31743776076210073	0.39891186928323075	0.5011603831137639	0.5283710812644533	0.29791327718552163	0.7228809293268683	0.5565711252757225	0.43210739935788756	0.42158411336221696	0.624512231229293	0.0	0.5902511584191337	0.6823021858905247	0.4475873242757608	0.4709115474147578	0.6890621457903141	0.4275776848930433	0.8640204779466691	0.3636041261864311	0.2048930039746972	0.4408329055435356	0.5602424276239276	0.3747481443571367	0.5317591279787652	0.5883082851468251	0.19528437028830353	0.44912341887925716	0.6547857497794028	0.3058553398695074	0.6958182912693643	0.8009646238760694	0.2892408398716312	0.580767256344164	0.7610028484938934	0.5625425588677448	0.4999734986862601	0.6542372862864576	0.5437914128604796	0.38704685639133296	0.41238529274206837	0.4605754525742701	0.33689227205282535	0.7073340634962361	0.8114208417387119	0.5344494894612565	0.17063140779399988	0.7150813264539119	0.5658678280619248	0.47551434585311236	0.3814080578068217	0.27393100254761693	0.5932870294369134	0.44204179161660295	0.5587613269881554	0.5803499537467073	0.7542592083938495	0.23202738042636695	0.44206793273222866	0.0	0.5347640033516917	0.4303552430256872	0.4908934922297346	0.5628776224222725	0.32040959669574726	0.5891349729973416	0.41796341740433074	0.6357249646714915	0.29604592885063774	0.31958639114335347	0.4555421864474388	0.6746193480811552	0.8402770526266914	0.34888344074521477	0.34411499511088095	0.6476033045763274	0.5443954956893673	0.3712832359415555	0.5970774873597908	0.7121474369847984	0.5680911819663286	0.6852728974437847	0.5110792903746959	0.45822473120470963	0.7276940812381777	0.4442594463442088	0.13827741104933206	0.488488517476389	0.2810039148019382	0.7740380067294929	0.48789348972228364	0.5286922745293507	0.3281905883104971	0.22236738352826801	0.7671279255545178	0.5685313577522614	0.26058691410177737	0.3292133836720139	0.3617593790509283	0.569688077960421	0.7420799855979365	0.4542822136861725	0.5086927603775079	0.3960049149501631	0.5365724647710727	0.24504081769210379	0.6815870328723885	0.278762974502979	0.37920245407227055	0.593375838246316	0.5691186888444256	0.6090504356482628	0.3686679096863297	0.7133063257734138	0.663091515630508	0.5489557275843165	0.5465706647980125	0.4022194805412907	0.37572115079476265	0.3897807749271521	0.4576683333681056	0.5474102646268266	0.44558031390047864	0.5139017073196781	0.32951344474466343	0.500767932424945	0.29917695216745344	0.6870949170092333	0.8715134248166746	0.548212208353747	0.1343588029228973	0.9318284234756691	0.3977095095839575	0.8062090857405602	0.28044503226553263	0.6735693715658657	0.6228441205705414	0.6879744384262789	0.20712529540332952	0.595963095907102	0.6072935656221945	0.7301914114259942	0.4436476843125444	0.6832328003065733	0.367407006970182	0.42773350937200655	0.24825044842730176	0.7574436380256682	0.44549873421794306	0.42417447164909267	0.5764872876584809	0.7637033842994103	0.3590273806662008	0.6233515423720645	0.4595484059358851	0.5412623681570446	0.7663431309657233	0.5195046028729812	0.5895337937587427	0.5838572672353136	0.46701100308783383	0.3215381999636313	0.7852385890615419	0.3974747816318734	0.6751745319864797	0.5206561405611672	0.45477624376549686	0.7950382206179225	0.7323093253732024	0.3147749574352846	0.674141444152041	0.5393013546828238	0.5837440778907286	0.7627144193265619	0.5258883563542284	0.6607019852594993	0.4547291596681847	0.4257679635376028	0.6035603687067499	0.6066358483703513	0.44501618453974257	0.6480539019301703	0.4038887181366454	0.4733135162166062	0.8594036190161563	0.521723232082707	0.5706873539075543	0.3821916829858843	0.3907192338825145	0.373555360708337	0.4365601600910314	0.6876899190509254	0.43061925429793957	0.2889782194893089	0.49656775928638774	0.467442826281406	0.575493505259614	0.4816397684183479	0.5612066840592778	0.7374608704814472	0.6852398626221825	0.6439714491455633	0.6607661569904233	0.31697554651681115	0.16369141899382728	0.4668463426130195	0.5821425655363113	0.5898372074850962	0.4355189959008032	0.5039370324223047	0.4020013804379795	0.4502133219530142	0.4031999155966274	0.43963066239964177	0.6105872004191247	0.39445665679396996	0.6418787074812194	0.6819452133517467	0.7831352806444258	0.47333409607530147	0.22374727384628168	0.38444660807738373	0.3267550082305811	0.3143156499159931	0.7229132809943628	0.24710967739585105	0.5030700722054182	0.6701305573974308	0.4882677320372249	0.352714339223149	0.6919425062476003	0.5752019065123152	0.5889244105389383	0.44008683269289384	0.34144811185960516	0.5879924305901678	0.566737691215822	0.3766871184227055	0.789445619697557	0.6476194242603095	0.3418414586772216	0.53712747667262	0.2266336157633097	0.25290518264373	0.4519660430954821	0.620646199669471	0.36954024640136046	0.5044345654315285	0.256613465434525	0.70274586180252	0.6928968616730912	0.32940484710020823	0.6341838108755141	0.5310406381319573	0.4472188627303493	0.4731687929221863	0.10221676751600761	0.2573318117909365	0.6283080573615352	0.7489332932394572	0.5546683433985478	0.44524348804468683	0.36553859635811875	0.4108767218422845	0.5252261619345372	0.4312879661848889	0.7266894262950804	0.6343487321652886	0.6806282414080247	0.6666822067975307	0.4819359620298377	0.4738406279598521	0.3499344860909009	0.6448168683592213	0.5835622307700914	0.6126529250503729	0.22045711747754543	0.6787807316859311	0.4976701974589769	0.4321044661734063	0.32874864083395294	0.6296450638588269	0.6098683854223376	0.738028065196007	0.4037912678289524	0.31208103365811457	0.5116705152449768	0.5768449155660547	0.33134517758191334	0.11374556244622824	0.5884397875161568	0.7956048912372996	0.7560240952878527	0.37227557338911826	0.45513524190393984	0.4031121848043978	0.46955851821053785	0.5682360045086027	0.49561914006567037	0.5406308794306967	0.509985821643787	0.42345368306799486	0.6031362935283434	0.2837617987571807	0.42439882867439116
turkey	0.46628636560366177	0.8052960205476911	0.20175815802226058	0.3896126520761315	0.6259985851194807	0.352561296010048	0.5341320946436539	0.19732777645003746	0.655375761420947	0.44674794509363225	0.3155909775431677	0.24565324080437526	0.4731466567644975	0.44616234251737885	0.3866223262722745	0.6981181118516256	0.4559092397319737	0.716696821154896	0.0	0.7099527782138136	0.17641749621147773	0.5877445263154013	0.5261776786276562	0.22482944154030132	0.5930053725918009	0.33264480840102995	0.3504521057821728	0.34209791727519245	0.29361356045474535	0.8052495813634643	0.4792327151204498	0.3331690517521906	0.3743833830873743	0.5217203252333071	0.5483861652734108	0.7155061627687899	0.9654102443420398	0.6105984047049454	0.5665407929598454	0.48891140200064087	0.7850296232928392	0.5126871395987743	0.39921803946560536	0.21317383907753917	0.7442780872394072	0.7106186850616905	0.31330699960242353	0.579730927952844	0.056359593803011865	0.4836369457561374	0.23641945071632095	0.0	0.3462205693558289	0.40889037125477423	0.7181888080375105	0.43448830227248286	0.5968174176078884	0.32403369818294875	0.35167434208812187	0.421001956591132	0.3054403760757133	0.416806232920991	0.028237656742532424	0.671016169942903	0.09481169098734898	0.6741518400811486	0.5133929753460655	0.7735328829045808	0.4794830376397326	0.7984546286472392	0.0	0.7372814829959705	0.7488625927545524	0.03569278926713024	0.2925955129323531	0.6775871637105587	0.8120496561951233	0.555336077121979	0.2725608215877523	0.8071735332112413	0.36828763302989115	0.6904988727924428	0.32809598907107657	0.44903716255239745	0.8121180394065199	0.8710937855032066	0.9181591597213024	0.4251678090388508	0.4975955447545347	0.6330405677372222	0.2615668065730541	0.7125179971838564	0.6888830233217009	0.6662075907266133	0.6310070496284378	0.517174219074573	0.2867557350959259	0.6134725402475318	0.6196571890809979	0.6928037131320787	0.7315669197837057	0.3031233608076256	0.5164878609648242	0.607904256221822	0.42172404114141615	0.9146411567758919	0.6096806037546667	0.5932658772596935	0.3771430067291053	0.46160825372820713	0.4497870019043426	0.11255610046555892	0.5426443348814971	0.9228354957998361	0.43339982220573736	0.37395530269254246	0.8308538877901444	0.19324247636780048	0.7187457532523449	0.32139898270254363	0.4565891372570084	0.4856012364764262	0.5129255698692218	0.4650774621095878	0.4652486326079709	0.6399949764375715	0.23033981871062445	0.1553443785194394	0.5522477364321735	0.7449879863892848	0.4678600579731934	0.4806265178074854	0.8197427356163606	0.38399995004232584	0.5169513764044172	0.41895822348521694	0.602245364174821	0.3168221842103051	0.9382500724332019	0.9058575600783721	0.43584098027706303	0.11495220203780637	0.2093741878421121	0.6569041484444139	0.2058649248754759	0.5446200951710989	0.03494771990875167	0.5230091275674971	0.5529793566090674	0.4967198456271093	0.3248154381304088	0.675612907182553	0.13625407251912136	0.6682130088127025	0.5956733229322154	0.2526520122053874	0.415373479520664	0.5358130434000434	0.4633451495588253	0.9083755070419248	0.8873777414218675	0.5485581723528006	0.5575415127202739	0.5344287233294586	0.0	0.4736149637211377	0.5896733497525403	0.68451607830631	0.21402267589789797	0.5390199907954577	0.7073503228751774	0.39738813602097023	0.45330884310977754	0.5079906153242347	0.5779398357528978	0.360111124589828	0.34949478469916884	0.5503252172954827	0.58678180142305	0.18315277378397873	0.2005282981578827	0.7871806132753528	0.6629160126227749	0.6784365579085732	0.5769096295759063	0.6733443573473419	0.42922708414084326	0.6618812891915304	0.6283176462981025	0.35162565318543554	0.250963654894207	0.3505193524767932	0.521343160721631	0.42967877851045555	0.5886393137415948	0.7281927971767035	0.8039598369868	0.7060446156285779	1.0000000000000002	0.6970797328654701	0.28335625036211365	0.6849364260285445	0.299618477776004	0.6793635686569963	0.7303816515055094	0.5750417289160751	0.7005315070283106	0.3968116200107522	0.6534062892054326	0.7259039480769429	0.4254874095559311	0.7267849280965029	0.831774985121637	0.6197246315227721	0.3871160397877216	0.6056895477092987	0.5132858275935444	0.835737183054802	0.36751586396552716	0.507556328282623	0.6183225082491237	0.3557427549669042	0.6449248544695985	0.0	0.7878395203475411	0.8474052833213181	0.5526301535415181	0.34627720047775223	0.33491420778078324	0.49592586105184955	0.08935625413108961	0.11974969580762146	0.6995828878902235	0.5071239074029088	0.6153229989239937	0.46795302003348965	0.7760727920706845	0.19491792674626995	0.3788570652498046	0.6939447687404817	0.5699766036653062	0.0	0.7061658188889187	0.40596078192934093	0.5935645887307285	0.28694262405054793	0.5635426567963693	0.7501661220372509	0.61928427200866	0.6257899810515649	0.6826836638678309	0.6520761263421808	0.36809426245213345	0.46138906970012755	0.3255073692540288	0.3889929973587583	0.5307371650558366	0.5969594245881138	0.2940191107187506	0.3421531765218477	0.6845609649181045	0.3376299953623376	0.30530520732503164	0.5689259061732163	0.3921006871079407	0.5233851715776707	0.9303399648968439	0.5616254176233031	0.6027643409956779	0.9139344157398288	1.0	0.565548543029633	0.5941963249184858	0.1187355809447293	0.4708511860978046	0.17368429399975605	0.0	0.7184087063616477	0.9999999999999998	0.3430643617534658	0.4350277497687558	0.23784735068507237	0.6971814233661986	0.5489258007653607	0.6166184556976518	0.7624217871444512	0.34671550684958696	0.426991241793883	0.6638165966119774	0.41674332277929954	0.6399043344372748	0.6282220255037763	0.6566287633787059	0.4018342875177868	0.5072480397652965	0.8083448755205309	0.2690930504238812	0.6201012109319683	0.4137879980102846	0.4877421111069797	0.3974491537971353	0.23358937650418907	0.8273568309395454	0.7784658902616542	0.3044092890510632	0.41954400133781783	0.5969671844957956	0.3466462834803246	0.5107630669552022	0.41938048808873885	0.6368249143802929	0.4418343560452266	0.36749152104481675	0.7114185193292263	0.8532426534308275	0.6113644051431926	0.46558294741250594	0.7873142187073853	0.3171422662087412	0.7729748746494285	0.6650649263543074	0.09540193432384847	0.4783573935307228	0.16854685375357448	0.668257564313049	0.78826566887834	0.6089728472969066	0.3361779305408418	0.3794421899263984	0.6690850948671814	0.5989363238317501	0.3682097517992632	0.691303391636379	0.0	0.6718585778809747	0.6376523274738617	0.9510271121792777	0.5534162597284482	0.0	0.5097752317653242	0.4463651052332854	0.5637298954917662	0.6992894365977333	0.4823744667245723	0.292116154910799	0.0	0.3630683609526809	0.23968052605139772	0.6166045825801756	0.21061242336832986	0.08783226714327402	0.23428110628462007	0.113910142680821	0.12410950436921336	0.470836088758268	0.29336875018471154	0.8233519217834496	0.48327114639334606	0.47147470386119444	0.9494735671846046	0.3946995737180756	0.4819717947341223	0.3930365504676019	0.45051091955238504	0.43584540223937795	0.5932283255885151	0.7627273079691457	0.5110367431936725	0.3844198340005561	0.36440804596908194	0.5032562679072681	0.5000610112464943	0.24112820483686379	0.29817170857531566	0.8524410624015424	0.2582262729736899	0.1099088431807489	0.4337322593849607	0.11847886987525175	0.5395318656794793	0.8050819670380815	0.7349464529068859	0.8279396107202805	0.5709078613789611	0.5202570793326198	0.33742416893986915	0.5124750356759498	0.20679895676171245	0.3524674656482887	0.4347306993295557	0.4612048386696578	0.3344593360510713	0.3711706940402908	0.3842380164443337	0.6222709235788112	0.628736950631323	0.09293896436302218	0.5933068196272485	0.5084865210191524	0.12023047154819616
turtle	0.48437553476572925	0.2151961558049874	0.590989557744257	0.2232861304389867	0.5318833919057033	0.4217112231402981	0.6307508467146696	0.3045381852436568	0.19927422077067752	0.2759944863061439	0.6720576314368053	0.6745046055826887	0.4828500814771456	0.48571128050170753	0.4705490461885522	0.5652948569843634	0.49564946972021195	0.42826110585923105	0.524716333855067	0.305800066109224	0.4731495470926749	0.37358337747863735	0.5301242543619146	0.24356263630215302	0.8198854492963465	0.536574473735208	0.7109605990665766	0.5151868771368662	0.5204856978030974	0.4782298973268287	0.7842606383641082	0.5131113964798957	0.5307084292332183	0.37560032174759717	0.7314066836710991	0.24291559576979832	0.549594367949394	0.232603442751704	0.6041950575519859	0.8198736966171541	0.4938878669335852	0.5125021775063507	0.4079037331032684	0.193493861785537	0.47504813377210675	0.4904536217428672	0.5914833225303066	0.7140051360297726	0.5864029683747193	0.49616086493488837	0.3415769168313515	0.48402763821158284	0.25346010468329694	0.299839658489001	0.7880963421523348	0.5003663790337834	0.9484253044567087	0.36766702579275207	0.31027225074286363	0.6108290234198751	0.5684233130509047	0.6909187057434998	0.5288539032577273	0.7683417956361208	0.46544839496953705	0.5136638467700659	0.4525978940857291	0.2804961200214972	0.44273886552650077	0.7901770595185629	0.5064079775443359	0.3190961867718318	0.318943811093476	0.657095895386236	0.09803774995611425	0.5585709033184396	0.6446030316020214	0.5907863640995741	0.4378496586668077	0.42862657353203054	0.41192466633714725	0.5179092469504865	0.34519865604729194	0.320260350044509	0.18799567516764182	0.6563426443302561	0.596703108486734	0.5699113844055077	0.7894113468990888	0.46256927989206004	0.4689422000754916	0.3918703967845028	0.7520931748137709	0.6235927134492409	0.5441646964261868	0.25048035657627377	0.41666042482346605	0.47514606429847384	0.4615925284542189	0.20386850401376258	0.4039221884893551	0.7063996374667301	0.5417073724108189	0.3947902968005258	0.6490568660016115	0.6019254697901337	0.35623992984218666	0.6056913241494178	0.4413743481603523	0.12003169060365726	0.7840941156925945	0.40711782048972667	0.42242366157025685	0.7306015939056177	0.6347387412351088	0.4172802176677951	0.5098973598729812	0.5979684558795596	0.3991570994453963	0.8415972958302349	0.8608228870236536	0.5840151086029385	0.2773687565148588	0.5650655286212248	0.22359577332065883	0.525021644646902	0.570433761286399	0.21076093901651177	0.6679442095852492	0.5558344560588873	0.7018267529342272	0.7861552983719656	0.2858491001330046	0.3727461704610024	0.5870838656000783	0.4412704012163908	0.33208846061419595	0.3183610662577494	0.5476690774715804	0.5546534171702993	0.4789567259463427	0.7109392623300426	0.4259907887246631	0.09737580487434189	0.4082465105095382	0.5548297020627044	0.2717111846202462	0.5350450816818879	0.23796865448293936	0.22119218327955265	0.6507004522102081	0.6921125965716655	0.5486015803075995	0.5444852363820651	0.388722341912986	0.4472059424459182	0.7216120837032827	0.4215497024481476	0.5739861563627857	0.46284648809785334	0.6950682086779236	0.2785630318312289	0.5173481638004928	0.40689168274575405	0.6523396487999016	0.4734618777298605	0.5753838949902212	0.3528566624778575	0.43027702030032317	0.3466543287726991	0.5026094487344286	0.4415656526797898	0.47786158056864403	0.6221844302318371	0.3544053814968806	0.5888803968966689	0.3292259106114774	0.49261763616575494	0.4453519848677663	0.48668847967834705	0.42417968242062576	0.4081315296673015	0.4063317677634477	0.7663297096352969	0.37182330305951283	0.5937377161035897	0.4319452151592676	0.6051023117703276	0.5975707011375793	0.5362339323125364	0.5303405439062031	0.29571164129473704	0.4696105438349323	0.4495047780830546	0.5228157998685282	0.40652265129965165	0.6326165057274984	0.7998622224447011	0.49890806333826726	0.7990242904167428	0.3905953338556584	0.34315095064763235	0.44498221572664787	0.8126560483669294	0.3941923155244147	0.6775217518104537	0.7533880847345069	0.39056574240299197	0.5160493923022368	0.347829776835678	1.0	0.7426752117528843	0.33192977875518004	0.5991291573861608	0.792927866585359	0.5413693912150255	0.5840082244856691	0.3888959143423736	0.7316380812776061	0.4512187340118263	0.2180480977818285	0.403568559100865	0.7309733918985598	0.6440040024707773	0.191007139798685	0.6213529684769472	0.5992077516406366	0.19004333995129014	0.6460502392609075	0.5006984765914119	0.832174907852177	0.6898843818170343	0.7487641646142769	0.500291224967075	0.7996872708368769	0.5337283768915697	0.25343269746326696	0.5383634904806682	0.9033943542951908	0.6015895568319694	0.3796741113393062	0.654025945017037	0.8067802658568253	0.3852932711565066	0.8265038996206036	0.8556077886014877	0.3340248974229999	0.35107905984374604	0.5702331190742084	0.3116221618261228	0.5139792159996337	0.6782488334747067	0.5849111798096278	0.6926572867116199	0.5248512428402439	0.19193316307226563	0.41305038520871495	0.4426897736087636	0.35930833042574306	0.4242791362347207	0.348563050853569	0.3218664489870745	0.4809278503713816	0.3290055570337487	0.6340943758426069	0.3866968254940889	0.47957422173057807	0.6030453737173964	0.703854644593713	0.49533105985224213	0.3152535330036269	0.30520726391821823	0.36118149215987044	0.5596142250297551	0.688604746709807	0.7056439144553861	0.6183738519368953	0.4514669190738745	0.7139546388601439	0.5633578694366046	0.3790738523954441	0.41740168957674006	0.30476930280748077	0.6490294100172839	0.5366604019101943	0.5243441237787829	0.4282507390542205	0.29954099060069167	0.5560011518191378	0.10894665368218226	0.10212243470791421	0.3999017392068103	0.5547782518627766	0.5013506592837952	0.45586262721590953	0.49532704372799163	0.5703220077121951	0.46945274299019857	0.6643897573904568	0.45785772749687437	0.3313242422518079	0.6161603562355745	0.6137756385545443	0.49441674526995605	0.5579650286583385	0.26687629183695616	0.5691578814416487	0.3440885170387693	0.34222893622285044	0.4585051634469625	0.6031592795270995	0.45035081947237804	0.43192163457615035	0.7595468132323326	0.8758957018678332	0.6447552907275383	0.3006572997004292	0.11313558254870137	0.7660483131609508	0.576959717519242	0.19701699923728577	0.16358347800915654	0.5303173562181719	0.6137478437739281	0.35871179640400197	0.3097499667530399	0.5361491317707816	0.4947074192397512	0.09706906774451313	0.2760916327702264	0.6372274865784096	0.49456784782544405	0.555768933383375	0.4889987581311102	0.4301712583677707	0.5014929263857184	0.5040330904915318	0.4138561386061608	0.3951460166671342	0.47477541638761733	0.5924934836120046	0.9580375985083187	0.3840559172688983	0.17018146718972504	0.8195063187143427	0.7511449474288382	0.7600013215765732	0.39250003617256696	0.8793088728481009	0.34141272823533597	0.6340731347650257	0.3071057209494937	0.4055230825524204	0.4331080111164101	0.45728905622329113	0.4562876930222633	0.556629116420487	0.8138607226007222	0.5911597815965921	0.6268782897447319	0.3149147484142731	0.30954736147113676	0.4598642448898483	0.8768532669427115	0.3487700907728847	0.38495218045805013	0.5189806569530337	0.580396637331252	0.4594533161024604	0.7379284996993143	0.385056826383596	0.5587890380325204	0.7974620363896754	0.4164585760177724	0.23632953492297576	0.12094583325213931	0.544083339500344	0.5606731648186168	0.6263511706503827	0.4958441263941061	0.5447453323173617	0.45366064364837166	0.399032819639299	0.48481249433970197	0.3603173900894967	0.22312960876302496	0.6458827032908342	0.5750316819177226	0.43765237294462783	0.1647375907222826	0.611737080283933	0.04479583441243845	0.6052890130092364	0.46226759573796367	0.6304111219729641	0.692908330330672	0.7406181908164663	0.4339671872842517	0.3786795928866666	0.38386661123705507
vulture	0.5580172050719417	0.4376882342765013	0.453559808941002	0.3408287694111404	0.5832701022912461	0.6185435784812561	0.6644828144393846	0.24713802844336996	0.5844768474373075	0.8064713161405107	0.453664738998308	0.3917789704279558	0.6274124303751558	0.3205292110044023	0.5189336995724844	0.46372108564461184	0.3593609508461911	0.12295729274108591	0.5173419006853599	0.45868256856424483	0.5781097481444858	0.846743198104337	0.35222302822665036	0.6175000545554268	0.9087356359510552	0.6506592343910564	0.8324649791822745	0.25392997971548653	0.4876326869122769	0.6570561846819906	0.596163542344198	0.28274328100609414	0.4563546638913681	0.7005217789254385	0.6985864915443007	0.724503653010198	0.751813039037939	0.6435218258515607	0.5522170882387775	0.6501053587113015	0.7681805421798711	0.7562221616087416	0.6397652083178863	0.792897225667997	0.8341877978191673	0.46166267490672447	0.6289222192160431	0.7574603448390352	0.4220309645666115	0.6770951949851715	0.2753168336610341	0.7767607596653789	0.45953032970241836	0.9248977986636849	0.4920020527631501	0.5274598268148524	0.6397881032933895	0.6075114614151482	0.4159151074536896	0.5732579982967209	0.6837696010624073	0.8193864018819063	0.18842112458226554	0.43841397302583107	0.4901788666945699	0.40701924076455054	0.40272522612004874	0.30971672861955646	0.5391746635197083	0.6977611676932929	0.8114613367985649	0.35914746219267113	0.6701005288075198	0.5089779689376746	0.2764912623389585	0.23030723332167669	0.8031238731189995	0.4891505200404192	0.3421897339227663	0.3946827234037829	0.5675273118961692	0.6356989352925398	0.11363968766651067	0.540147886359251	0.33482110600210874	0.5206513620931915	0.28495599606202	0.4711198692325901	0.49839508415848943	0.5652401167782743	0.230474585708198	0.2396755742518311	0.1934899145656575	0.6879566548811256	0.42320422619576503	0.47062345434594266	0.7009608305124517	0.5715685881012044	0.6853908494291171	0.5581595244744676	0.7993746446529484	0.43470730963923615	1.0	0.6552023090206593	0.33437552607197735	0.6041496596117183	0.6517076796415647	0.533632120576992	0.721756677249114	0.49877836154974425	0.3678610871749156	0.3686544990142923	0.35619676839849057	0.1701581453556938	0.6117699543102203	0.8175759982015569	0.5190602977689293	0.2787882344744225	0.6346106322490811	0.4487705662113333	0.5655772043823266	0.1248570380190529	0.3281649601584017	0.7586336047505157	0.6863851516283338	0.4320355387235435	0.5865594679612169	0.2491840354113621	0.37866990929124045	0.6424934525697523	0.565043847009425	0.26548025931926633	0.22555535134551202	0.43551480390265745	0.7001724115063598	0.40287411772332965	0.32585099199338113	0.26025786249450894	0.40687024499114854	0.7883621196108759	0.6075891915797493	0.33094400747747577	0.5184269595311853	0.5748417388099325	0.858329403285492	0.12878052716795757	0.46077557441313854	0.3463631473349079	0.35329912501331173	0.43446656856944205	0.0	0.2001820406690487	0.333300801908767	0.5378256481903988	0.5927868184624935	0.6143664351034323	0.3415925939273857	0.6098902628070377	0.6854177015906667	0.5473627343911205	0.5779834037900163	0.636728978362193	0.459377845258105	0.5962459146058019	0.9999999999999999	0.3294526742553469	0.6748867373312306	0.6818158513860229	0.12350668908578716	0.5920280692429347	0.4386010018538359	0.6068303099064669	0.5309273678595421	0.4727484614983581	0.14846253728030262	0.5328655260846715	0.2162468863356457	0.4826985426261697	0.6024831908395761	0.36755003908286393	0.6493716624711968	0.5055418031443668	0.6093314135721126	0.28642075891736557	0.7386333298608493	0.679368392995223	0.42558822396380913	0.32582129616292715	0.418535423300184	0.47670572698170155	0.5306159560329505	0.30121070616322265	0.544331458203543	0.4959581550986144	0.22450962540064534	0.4682496868988204	0.43430387012307303	0.5887299532414522	0.3937893606190228	0.5491794827371356	0.29297648930991566	0.6287997861248849	0.28695276615969745	0.6987184925253394	0.42792192766400244	0.5095604083213499	0.4983880892354228	0.27653277086465755	0.2880076083105508	0.46456021570961636	0.7941272841569771	0.1294008157696433	0.42152213972485036	0.4584706288920115	0.5065436206214033	0.22238555596755216	0.3712745250001708	0.6424842054620531	0.6922486894976327	0.4538872399127068	0.42599155615069095	0.17887669674494938	0.33754541568529606	0.4628387719289918	0.482109256311997	0.33396430791085374	0.5024099697154026	0.22161585483199286	0.37708750408658376	0.4671349477695074	0.24549504776830747	0.3327088420777986	0.7253209600560613	0.5272315767501901	0.34584189771781976	0.3363928464061047	0.7477088314357941	0.5779468160343535	0.4557108096052904	0.23659911918154025	0.351840681848413	0.5471933389221016	0.4046947459628918	0.5447127098845055	0.3463151608403008	0.5074868598399359	0.2752157266428137	0.2660217754613677	0.5055579333774044	0.7356198821564675	0.4231366997674983	0.2542171895567927	0.3504945032702019	0.6452042336246601	0.4606367280182122	0.5687662175470791	0.5065101024960391	0.3835932711660069	0.34313266067505394	0.5370847028474669	0.4846365820393315	0.5511308999765793	0.3989185361332361	0.5650684051658006	0.35277134574601865	0.38271324544015367	0.36032202434923755	0.2758706996792723	0.4690114196993472	0.35269710438606183	0.40962649376776944	0.736657257717133	0.4703041035213614	0.2380447541750275	0.4223110502514683	0.8030621088431142	0.39962064657870705	0.6972580099145193	0.5811843502015307	0.8073707553745353	0.31450404052126024	0.4290392423373318	0.777421026349196	0.3147353234745972	0.17450714249614108	0.5888053043178203	0.40061360442097116	0.24774657226764707	0.6230365513331582	0.5924478905201455	0.4258150490756937	0.5233620548697921	0.9058360883176592	0.5688532234421667	0.700876756735193	0.7996826874355013	0.2526930566929123	0.3327679232432953	0.522023092325758	0.4784596014035961	0.5797954607945666	0.6988264213612879	0.3604341859729669	0.6443296614225055	0.26216725317168904	0.5972923877786125	0.3006877391453803	0.5979206325059108	0.5297180536044035	0.5115243261675217	0.3186993270094212	0.29151516936752625	0.2819872426897079	0.3964005582235558	0.24072264637643848	0.17316542065225904	0.5743569234229012	0.41664130393052085	0.77608369251034	0.7574845672404816	0.09146105368575319	0.42081922947516465	0.5374314484100099	0.758214078331207	0.4801627452882765	0.53990160355719	0.5811423667368815	0.43677248503922056	0.5606117713940593	0.5502524643075326	0.6672936417645101	0.4695039678490293	0.3946006919833811	0.78167259725703	0.2902139923214594	0.4325722007505949	0.4586637463829547	0.33954670433748774	0.43975128062778585	0.30480707287180075	0.474685047979305	0.24394611120999854	0.4103600683078388	0.07532816034235812	0.8048258067038769	0.6589997620457668	0.6266841770688922	0.6430561209738732	0.4309671076524876	0.39800614508966814	0.4075118579107068	0.5618624350288318	0.6453311701678175	0.5439153184390518	0.46041834943641535	0.6564982858038733	0.6364984814029739	0.7782076903951147	0.45176500941590864	0.6573826495624695	0.6733430479041849	0.4255189175764942	0.6415604308309064	0.6590583212250525	0.49464208860804704	0.38184581788585936	0.3177848873392622	0.7291621724111321	0.5954974740836647	0.686746181379865	0.1803560670968716	0.47280641312526933	0.633204114668155	0.32323705195592695	0.5086910190694938	0.4476975579791195	0.7336005040689255	0.43122895240084697	0.5115549255032064	0.6655578944242849	0.12396758537791519	0.5731253487009744	0.8602245510042748	0.4776628029699545	0.5079381988865767	0.2187455393126965	0.7856475614288856	0.6565527046323748	0.34890949297245627	0.43162195625735195	0.877011779301097	0.6375849344450188	0.5374372719499683	0.7232188915612996	0.6438873836932593	0.6744713144348753	0.567621753709465	0.3029530528927924	0.29394807628946595	0.4233636102176317
walrus	0.4008451843136178	0.7334171594366321	0.5873483689294549	0.386006597447939	0.7246788511320125	0.6524602041876968	0.6191034926775949	0.29802447186737596	0.45454643138315387	0.31360283737018546	0.510676312330198	0.495481649980554	0.26810458954964217	0.7966025183592982	0.5051131179717854	0.14943693485319764	0.433239441824068	0.47217516207409643	0.49359786029863445	0.43267764634931816	0.5308882380290995	0.524163981010047	0.3798309492987913	0.1732693848868897	0.24620048707506542	0.6403190165634354	0.45533962994892196	0.6921716426617204	0.3400198352470089	0.8648537124432522	0.9380009191766108	0.6169065787570454	0.8000071396718851	0.6670116476007729	0.6211577344114982	0.591990552455871	0.7781788226603098	0.597027164231712	0.4455826360184317	0.6777746128337339	0.3562177953080473	0.48404608138058397	0.3189998114481164	0.33284321234105474	0.5536879278087872	0.4493429047376683	0.46028925581321245	0.8581108748002975	0.28014717479157214	0.46388230635839833	0.40480130377083196	0.2812784537877737	0.31164610658899544	0.2755141148369672	0.48623856889260175	0.7419797058868914	0.563112699977166	0.34639414857906714	0.3285704969502785	0.44909168057751986	0.5204097034990522	0.6744444894427298	0.6078225507662496	0.39498977449885153	0.25991827313892624	0.49414288949527774	0.23763919791156793	0.619157718174353	0.7260189798501748	0.7486022623012938	0.34099165662982633	0.485192248078324	0.40452202266730625	0.6183476511530033	0.27348889186293324	0.5157485799673849	0.5448175310359182	0.5176565555728256	0.5413039849539134	0.6025001504874787	0.7755222598676872	0.5156769033039164	0.6537517956275726	0.36387360638344657	0.6389406569007343	0.5485315628243743	0.7763001394490325	0.2401596131369663	0.7019653762810615	0.44653195078282243	0.5709561502144059	0.5742994897360288	0.7913594069702874	0.61835458417319	0.6828770626210332	0.5151873196589691	0.3762503464424825	0.4983609028005572	0.18602822180928702	0.3229129734532545	0.5209331277144571	0.35950569753973205	0.3071097142956854	0.3194146149544387	0.3377027398737554	0.45221070465231045	0.2511398806282212	0.30844834277480354	0.24158958761817545	0.40103282614490315	0.38051772105771997	0.27723068341653934	0.18447898448721178	0.884121056129738	0.6398388432654181	0.40758028447167294	0.5917377286173763	0.5311051110441423	0.43713924601075227	0.5502783785654601	0.7466155606962842	0.5915828202713826	0.3882124712697107	0.5394804848653352	0.5263107096126414	0.3991196669987535	0.7008449399073136	0.3148582042290391	0.5653977537454634	0.7063839950888107	0.6521247352757764	0.6072288522497492	0.7788473474775256	0.6959110383853673	0.6326289631967282	0.3335155753961208	0.2559743873075342	0.3443536801142272	0.5398219485135047	0.7018854966881173	0.590584674449139	0.6708756262510229	0.5255694733517668	0.1592846481668838	0.47951913797675105	0.4478087684415708	0.3298167049631037	0.6881083820523668	0.6682235825265337	0.18574797719790115	0.7807287351831061	1.0	0.728098262429435	0.40702140655574637	0.25165695218764983	0.6659964333522715	0.5451590244768661	0.43893689144884707	0.6838499155906301	0.586190396153106	0.6027307853740608	0.20399419759240633	0.4949112016546532	0.167200456093404	0.7122002211674198	0.2424558919024174	0.6059618385425414	0.5062793738149829	0.3244089340998187	0.35321873584057745	0.5598776336310453	0.2091153708770039	0.4883295399284966	0.7190890398815888	0.685924136654487	0.5670699743661634	0.32240324367633183	0.15626041627779447	0.5688750731982832	0.37356821602280726	0.6140148796854825	0.35735762515036046	0.6220960351083178	0.5981470085461975	0.6531110169663207	0.3937489158263484	0.23712453813452572	0.5760147980347794	0.5044284205506798	0.6188507672088984	0.7088095060184605	0.1064591886740544	0.34675534476072783	0.5148161756956783	0.432736466055818	0.6225853807604441	0.46132987205097253	0.9139031515649111	0.6114939377227032	0.6066538830251285	0.3667387268273535	0.39387579559016517	0.7463685189383267	0.7238740952978867	0.7853979875525521	0.6768481203700525	0.6333875252769825	0.6884359739771386	0.12813476016496522	0.5750193872040618	0.7977193645540922	0.5786586558012813	0.5228686723334406	0.4082846382734529	0.682432378547151	0.5969119848808758	0.6041575586478097	0.6075865677853194	0.45484541803149403	0.4963505632889824	0.668433940146845	0.4028005918239309	0.6492603034600614	0.6257961081564434	0.49136694400630204	0.4680879482991824	0.3183916088112811	0.42413955542423537	0.6453344413581429	0.469637798575644	0.8061900263994746	0.4416474256666567	0.682365530042013	0.4274806844504525	0.5893406737653535	0.27038124216942605	0.0	0.6678406821268892	0.8614673305825367	0.57692481708872	0.47750258526074985	0.5873429134169499	0.9365086282705928	0.47261290289382635	0.6135984038488165	0.7157262506673006	0.8300840020769682	0.15765681992391395	0.5337927159088685	0.20503479162553623	0.6875957162626931	0.7196154414498921	0.6582033943591195	0.6433020708443942	0.5738865234443945	0.4056751304561739	0.17182771619356102	0.5859020245929761	0.14071011418677531	0.4937305467795936	0.3922891800394741	0.41083377363810625	0.7192060715078852	0.2939446076809006	0.5538876824614664	0.6199338464660491	0.5705591769655708	0.4709983603301188	0.40869825617913824	0.4614479173873481	0.5058141196450442	0.4676968513911125	0.229436716504177	0.5694586643676914	0.4599542252401956	0.5591943474145209	0.7270157480271173	0.3209256503149993	0.6465980015918047	0.5620530235960012	0.6173803947813221	0.6372515192709167	0.5027676742837948	0.42184209849474513	0.5852717168668483	0.5691838006409197	0.4271140898020231	0.3638004435322886	0.455548673645832	0.3317955479171367	0.5881714386999499	0.3945968248080202	0.6718853911072326	0.3534941455613595	0.631091602374707	0.6756916103264584	0.3230334727572287	0.8095228953453046	0.6752333216664007	0.19107539272656954	0.5934432827498759	0.504978807993762	0.3388345357212096	0.5171504088684638	0.4962807245729165	0.44108704924895226	0.6271150210835075	0.2547296913019629	0.10421942672878864	0.3288796702994432	0.6936997685734496	0.5938577228687018	0.27616334663408487	0.7949784682994379	0.6920588726317576	0.4384228003041768	0.33702323005183715	0.05310427796299377	0.7579163983736454	0.6042210067252859	0.5667546843952683	0.39228736259250274	0.5034843249708004	0.5293955672257159	0.45374915295377366	0.40572666763933046	0.3925402366520436	0.4913353054272951	0.5039543075317153	0.22713603712685365	0.5044119244604783	0.2945970690493556	0.7242693135813691	0.23879394638500545	0.6087786368476157	0.514746904014932	0.4257101626904355	0.5090790197769788	0.09817837575412142	0.4951497088489547	0.49455532788302664	0.35490003817409027	0.5673709119840115	0.1192827970798066	0.4784079404514827	0.588550910543518	0.6967174327899269	0.39886619450817706	0.4768932619975565	0.7418475818525474	0.4151174410425536	0.33711082811660814	0.48088676884270815	0.34060097482104906	0.30401658522439534	0.5618666109713624	0.4059144908819837	0.6361187417259964	0.44661705911514815	0.7654131202253354	0.45858262921390036	0.18247867889687452	0.556121414900954	0.6435016312084567	0.4017690247265982	0.5955763007891379	0.575993010808888	0.39124614409397285	0.40398555026911614	0.7498143745247561	0.44184080858184077	0.6044333432257007	0.6071233504555986	0.3323396930396224	0.5837557258625399	0.41519779582036864	0.6961042356059641	0.4418775075827954	0.8248769747904696	0.17240451864665013	0.44852401328209257	0.21784375678284323	0.33567161148858665	0.48842190071218494	0.3392317790228404	0.10294616586224381	0.33121418714076106	0.4243536125158056	0.287533240771272	0.0	0.5411363319006601	0.21014215114358825	0.5473250859958119	0.35511008393567234	0.6847348751628861	0.5999536211250588	0.3291179794139362	0.5175196114029994	0.2669080966450226	0.45053574974777755
wasp	0.6628642616792217	0.4514012336067357	0.6189137437609938	0.6705805972175116	0.8332888735131807	0.2989001442676108	0.12038686147574928	0.4833918047339979	0.6839660544585047	0.5853876262944888	0.3849177874112445	0.20359885124877591	0.2824113673605646	0.6687233235262664	0.4475404323782772	0.38424557807500653	0.6873922772263298	0.6489323500101192	0.3732662339962288	0.4505890580713492	0.2380188231498241	0.7655977904596565	0.6532577534816938	0.5138738229200528	0.2164223786715939	0.5364078678545043	0.6494465954499683	0.713865353550423	0.24750123363001497	0.5292427078193491	0.0	0.41660306227122385	0.5734656013773259	0.5060818921085507	0.20660744580442397	0.8635841255242847	0.3175666088103047	0.602547273664604	0.5489985757897805	0.32255337926980454	0.578562393539672	0.3524681989757979	0.5484265787622691	0.6369065673735421	0.6069322109353008	0.49589327322168464	0.27943700293423845	0.5035331909444952	0.6703827683098647	0.6519927924843258	0.13853905277471934	0.32895920741836565	0.23800603995920466	0.359094727633957	0.5110594677660533	0.3339978550267998	0.4781259861112975	0.2575147300023843	0.2914113587988613	0.40939191581399437	0.4807151618959588	0.42996622780153204	0.34897488775303714	0.769814436223754	0.42032465669579455	0.2896991435451957	0.479064442370104	0.6596323224620667	0.49679675917489396	0.46598414651863523	0.648960988855203	0.3542911009514471	0.7202611075897154	0.4675527713445267	0.3219500643838062	0.6686717144380534	0.9670478377190046	0.49927140038029044	0.0	0.7983692251696168	0.5395233928360412	0.6685980253717969	0.8517256235579513	0.7637515993251806	0.35732559121291946	0.5864374491749592	0.40674435005906984	0.3194737066199228	0.7827770609366917	0.4707553690870774	0.6985968258424737	0.5425968497994771	0.7887907472661875	0.569488944663848	0.15378444720148304	0.6426687298140529	0.39959831761080966	0.4089958304758905	0.6527554310472912	0.7024380220778311	0.6055139688792005	0.4454525634101285	0.39037032257609744	0.6549981732581158	0.39910799914745176	0.5502847998757154	1.0	0.2597272708453059	0.45755674682764413	0.38972574851915986	0.7748997884786971	0.41742467353458723	0.18607635544727413	0.3870165681574128	0.508318853444151	0.42779979735546686	0.5529994754018743	0.3417195032768216	0.30832539778294565	0.38568006712344993	0.6636573535475412	0.32890355833571183	0.3855557235492166	0.46406158273524933	0.3941359452765456	0.46177689428174346	0.6224979268726974	0.2891741043876737	0.4869542857821653	0.622211105589038	0.36061676116709485	0.6588014729766776	0.6131721363408271	0.6971598725952981	0.4592890970568362	0.41814040720851675	0.5111913146044299	0.7407633942537261	0.754775349742419	0.5163475420009548	0.4375592552654851	0.5598347231256792	0.46934803893887106	0.5028162643344674	0.6586084447803919	0.42177471245318593	0.5834360079364472	0.6080855869966526	0.40640304723104215	0.5103171221647824	0.6700172139889753	0.37117396340052755	0.3978294998987445	0.4059437738422358	0.09206478989921962	0.5601114946792976	0.2595378082428961	0.6117602893277775	0.296544250915938	0.6350773941528809	0.6502432733578749	0.9687546414661002	0.30098884269243326	0.4733959829941379	0.5036544740139531	0.25127739943610616	0.6193193034203557	0.5438682829263535	0.4777802154654671	0.3735041072926292	0.5163596564325252	0.4804883137515283	0.3081855150840259	0.5107764528182023	0.7681016128560281	0.5426651733723408	0.18563103225122607	0.44548061061701005	0.3672988898007503	0.29983102678550516	0.3269058928910839	0.37855713696917553	0.7919638869463524	0.34904791243192096	0.5215366631483618	0.43947139833987875	0.4493092542966472	0.5741445241379249	0.45469203840648015	0.12255729120510506	0.2080827718341661	0.2365991821559434	0.3206340289580117	0.5779539231995595	0.664636989429428	0.6182937634792838	0.6501749662794885	0.6040321008450918	0.3792028623090733	0.41361106992713087	0.7939584105771705	0.6157628698361259	0.7195198854236842	0.808109357172697	0.48042231369391153	0.7629858116068989	0.2510437707581822	0.2855316646955801	0.56610304317157	0.2591556481907657	0.33983506720206513	0.3623387625107925	0.2870964239300535	0.6066830452341487	0.5564889648240514	0.3893620170901931	0.5208769978683092	0.7063005510451125	0.33516083166085353	0.6207579233222476	0.7732378681781962	0.5460239776925792	0.37792976226621455	0.24950808500837995	0.4606879128370654	0.32156085647380905	0.5247737360226696	0.21028674672250824	0.5232881003773557	0.47128729701583816	0.6681806716548027	0.24636657887074992	0.5900535181852176	0.4560912632809722	0.5525398679421561	0.48109262701619365	0.6407764764251828	0.3564464983538177	0.9468929890228159	0.5141197404145406	0.4089290938756053	0.617554223584178	0.6387923342279928	0.5573248742964882	0.631957064465232	0.7209131298398354	0.3958093356840914	0.489404769497298	0.34938609253582464	0.965093608106926	0.620918254739862	0.6114413776527363	0.3328483005686218	0.0	0.6336810879009587	0.4061744230732843	0.32672557184352363	0.3565725239919953	0.17540058347159088	0.6686730145137253	0.5034451086441231	0.48559211858771467	0.3908915672112308	0.565183948572426	0.5970390508071786	0.7911517750352619	0.21263329537620573	0.2473088543108906	0.5886000441014493	0.03745791569402379	0.7788600276610587	0.8043568951837231	0.6822051387453412	0.3736942702069366	0.5731585394640998	0.6604448726483139	0.36040752118826463	0.776209766944047	0.8628539206041927	0.5276377951330637	0.5443061967819398	0.5012876857903226	0.7869223893302564	0.5948750758261929	0.42904153225202074	0.8933271134264302	0.43351260895616917	0.315149387417766	0.1714284660960957	0.42578221100289476	0.7510841387759958	0.3091446350659084	0.7283892349407673	0.6947134451595631	0.6465788666383744	0.5264536465820089	0.40366740891464087	0.5283126839545925	0.5756320039095195	0.6700335219333635	0.9999999999999999	0.34077417636978835	0.8197539087982857	0.46771429529771613	0.6303282620698528	0.45561385102188234	0.6227067420593619	0.32588904702707805	0.29908753539912203	0.5428026345609969	0.139349289516088	0.38211866505950653	0.5210881141711833	0.2907719593057787	0.7175680213303777	0.402317419712539	0.6223423765706934	0.4534313394291737	0.6982536804834776	0.8463763951384352	0.4794877430642287	0.6596725603465978	0.49605289735116836	0.5483391929510907	0.7265527295859118	0.685778020399965	0.8869579153961966	0.6215201900134023	0.2321369399730443	0.5074027216156022	0.3557384261609485	0.4639855956483465	0.6065759049980085	0.6893593446781701	0.3931655355196084	0.5171048730133805	0.43348277571386373	0.8916264538728969	0.5007679248882324	0.8509329599786606	0.5657906418971647	0.6788639717295641	0.5288459561854272	0.42776151951173724	0.25712195488626477	0.9399716200427127	0.3853370929750191	0.580808656236332	0.46197906687696727	0.8726057558078971	0.3744455847283482	0.3943796675234942	0.3768230109685311	0.3453228420200207	0.254242895910596	0.7190941981181582	0.6248530133070601	0.33097817277875147	0.3773674501810167	0.77749788828091	0.4044218087784854	0.30218028595343355	0.4332875207001542	0.34798656112476184	0.0	0.3119712736640531	0.5336809884907291	0.4304968548602077	0.5318339418827003	0.8596073748269821	0.3254788294171617	0.41610123371752616	0.3160259249961422	0.388628592285825	0.5755522119877948	0.5563848280090654	0.5724804000928668	0.15120829776568995	0.5044578575218746	0.6576310745591181	0.1483304833821582	0.7764412264832525	0.5281472797817129	0.3063823013681144	0.7158276650514322	0.1384073818387416	0.13291633851417076	0.5866033320181462	0.29919243401993945	0.30517978900020826	0.481209180381765	0.5040696874004413	0.5925013246582723	0.6948055777227354	0.3641901516699405	0.2718120949275268	0.5310194454906808	0.7560674537633111	0.4892391042472256	0.12194167885017437
weasel	0.4719974695752452	0.382101348507942	0.24845568768057924	0.6347453864602497	0.33882768349524994	0.5162970560073545	0.16737133262290188	0.7454443037763382	0.6024229766510562	0.9398434414124996	0.6137327495027802	0.9550377933577918	0.5815859180387217	0.29230131095714124	0.5721586494232191	0.5749032064569476	0.4869501706060004	0.7305019063217107	0.6157085835095134	0.2928029937819934	0.5133285802716119	0.4867250238895177	0.698016701595312	0.3078989974048322	0.3383471253035473	0.5289286475555575	0.23867564471024116	0.3230430061541504	0.5060100423946956	0.5176256719166303	0.6058931012092259	0.2634326053254584	0.252958725657893	0.5358670391498244	0.5051917231462085	0.3264825485905407	0.5068469394761304	0.519895677552977	0.6335471526150342	0.32047292503349434	0.5901422926255627	0.5137536521952591	0.5948966507821449	0.4249225069983062	0.7098231582199489	0.6786228434631255	0.8152006306958364	0.5432785003274029	0.2970005227644201	0.440470093889591	0.6301526634300086	0.5846691578600123	0.1608322474804076	0.5505499529871039	0.5061164963964565	0.30345916463712164	0.617034467189228	0.4863793797297814	0.5977167222301155	0.4592842143627384	0.6064108453747908	0.759766411693376	0.5676836006061444	0.5500082955994952	0.7921212861372351	0.6063417721901122	0.5653978487967154	0.47895182289245564	0.36476309013665564	0.4588302064784849	0.7805580837266923	0.4023522346265619	0.5837590270258584	0.08190256772106677	0.31125983471557317	0.31433691260112756	0.7626451521253628	0.16988480270931516	0.4459713338967876	0.6924810294148382	0.5091853508018608	0.5876657092117971	0.23535111876971912	0.5282060866460384	0.32368768051292723	0.259781969084356	0.4835205014585403	0.05754397403224326	0.8344606416299308	0.539164664165403	0.3019753281527745	0.291531589615103	0.4774662593787916	0.2530802389306093	0.2815089322002908	0.358517252279024	0.35380459670785147	0.4913866383532264	0.5057116169621985	0.2062587150827947	0.385902460209572	0.32875030472528405	0.6111187118218125	0.46567628134812933	0.3658265700214534	0.4838227888972589	0.5974334975731712	0.8503185770303323	0.6724452307087372	0.22929232568872673	0.38368497390044176	0.8265552231825788	0.5502415566500658	0.3750306312935563	0.3936436907240655	0.6753893167147007	0.7228270282510193	0.6918564518604171	0.5314774409552259	0.2266760806651646	0.5371066527987154	0.5648916531869685	0.4388134491124731	0.5061811163343376	0.5044186320152977	0.2558278905363285	0.06511089201540765	0.2533008547927508	0.5466045356244056	0.45820878169277957	0.8457810863199553	0.603068073030846	0.27224431293749846	0.4214674904411937	0.33425384250238727	0.3912553534352938	0.4149358346812243	0.5709955308003045	0.7129757311958203	0.5412375498713349	0.21619225091313365	0.4297941736651166	0.5978354646549683	0.18959722826498823	0.20842627778473563	0.4613955512445176	0.1866377891076679	0.4260901605919612	0.43051199328754364	0.6298229094980716	0.2381003854765772	0.6321885370068808	0.6859500394604813	0.3647305101969607	0.6118076057480264	0.7144802529912477	0.5239446558116608	0.30056644174844227	0.6706155226764423	0.4742408810305415	0.6126885951231028	0.14194214222180254	0.21141920407497605	0.7511742914290457	0.6625757754571333	0.5031595409623996	0.3760539663011775	0.6207966773682653	0.6364959335409662	0.43780768677395887	0.33990224554651194	0.3784116564237279	0.6333395866412542	0.4890291721128587	0.23659447854641014	0.5473746039707077	0.3595815658374057	0.5453739285542083	0.4307427538609697	0.1665977996672582	0.5684070948826419	0.3022681512454416	0.604460269972531	0.7250934585034429	0.33231195626347704	0.005823093405808555	0.41382519344537994	0.33489119630870723	0.3552378542902171	0.5467897929009877	0.428798258240009	0.44210958910193604	0.7232629391330265	0.43864485492058336	0.36212872766744275	0.7398648290087351	0.9851474415172476	0.7867564670850876	0.2465824720983233	0.3961539049449616	0.5567572216245339	0.4629170653846597	0.6753394147702634	0.6860747472768732	0.6255419532423392	0.3954199690267979	0.617310375271716	0.14146285327215463	0.515250633653325	0.7799527521480714	0.27150744922564335	0.7242959981194068	0.47950174117750866	0.8065129587854858	0.5392982706873405	0.6850197647751088	0.5002725943138329	0.5262517440222761	0.5955885218757788	0.6463911556344132	0.5093828304250604	0.0	0.7915027547493899	0.6337878430169528	0.6390164221184321	0.254949864711744	0.2890436537757438	0.30466381360474315	0.5710680103436233	0.0	0.5478523576755148	0.3725509806475914	0.5457656414859506	0.5511842365669505	0.4729616738019982	0.6450993483202174	0.4303937797366205	0.6133045662555684	0.6582850473926215	0.43016917325763604	0.732127098612202	0.651892068214616	0.5326934115105769	0.2175181970000732	0.4676207905943934	0.34207345200685785	0.3372262128303197	0.3956698831104028	0.7193082816331513	0.26969756529247707	0.1650319022638966	0.3686912750920137	0.6277198274904445	0.4643431564697367	0.36439347926222354	0.7255847332784502	0.6038611505194788	0.2702613328117038	0.9635081096196069	0.6558055258630674	0.5782271418200118	0.4889534860839694	0.3054302672792362	0.28119783447002605	0.8166315337219056	0.7580259653712772	0.5313655958498796	0.4589573990680159	0.7149894252055979	0.7491357101491651	0.9540070692464542	0.6266142487725845	0.7235323642725372	0.32641070395811894	0.4749272250099448	0.4829319136891689	0.45446838640487675	0.3499325624552555	0.7895042730924318	0.5445289555309218	0.7517897753514504	0.5887439582983767	0.2742577801733773	0.39510283049449924	0.631457685650391	0.5743505532849607	0.49929713851748353	0.32085889546755464	0.29253153428898293	0.2754498157747639	0.5025227384983816	0.7170574687269966	0.5619594144195638	0.5371404023049977	0.4483745577260645	0.5839054197653145	0.8542762135799002	0.38008792676967684	0.5576796306958388	0.5259172257290363	0.6001554984617278	0.8081457232584162	0.7255690112023976	0.630918978670234	0.8206341136648078	0.38580620868339194	0.43439951104249275	0.16905753585747207	0.4443704558305466	0.5990934387864151	0.528596188552944	0.1793368148609803	0.746697925193147	0.6441910684934036	0.7594188320955313	0.4673089549574508	0.1273741755612104	0.48097347949304076	0.6405587274424345	0.2661806095739447	0.7295173902750041	0.41236666880264816	0.6933142091688445	0.3821525806830332	0.5621462035202855	0.3733685639604897	0.46026080845352807	0.08853602844807845	0.6285590322220085	0.46313649899085985	0.5747107570886956	0.4835816379587974	0.7810670995770741	0.27086717772472546	0.5159192228348379	0.483509987117064	0.685977863692901	0.6872545763256623	0.5467239519709115	0.5328929566725591	0.33917047696264324	0.6741229063003066	0.24112750317792064	0.6056888499321845	0.4342286475840838	0.22267008918779713	0.49429461678005066	0.466406134486067	0.49558537506236117	0.37447687259367113	0.3538106508542135	0.7635910680417056	0.5306576066389017	0.7216408191778722	0.6411112492940563	0.49328543290666393	0.44472795720872416	0.2555287416988175	0.5599795679795092	0.594961186638886	0.46330430422155855	0.3727210671577352	0.7471370848866504	0.468316322764575	0.46671226168311963	0.7656132780224981	0.508077245823405	0.17186090934823745	0.7307568777122226	0.7828205315127941	0.4550980067647293	0.5916151954487937	0.8523461797432685	0.4763207286569684	0.5364998935328108	0.6669560566345554	0.8166772731621927	0.5843355576683423	0.6611534752323033	0.3993752728294232	0.11134743744645692	0.6972176712345537	0.41598568516911255	0.18411817903443212	0.4459229288579968	0.6038335387715621	0.6862771278466284	0.18211854366914343	0.5527775182046871	0.6352570846474922	0.27699556651288615	0.16514936342820435	0.6367091622176259	0.47102464046901793	0.4856490892180597	1.0	0.2216612096002809	0.33295400161764815	0.16842836961527258	0.3599155065525456
whale	0.31627239486952907	0.5850488551235198	0.5854071688472138	0.5270999490633088	0.46769961402221283	0.16128155779446718	0.031053574859587207	0.6871651870149128	0.605958934519205	0.25154225535988267	0.6976399988332129	0.4289470188878486	0.5294300907095502	0.5459759371624181	0.34483355980463937	0.37581542068320484	0.4094154921321782	0.2702946821618639	0.5642857496246819	0.7257592127136359	0.2931229988395358	0.4747544570301831	0.7034715101819029	0.41509742021627055	0.5710702036917044	0.28948578603948966	0.49470148973072536	0.40146815401741653	0.37161394051440255	0.6173930370867466	0.6051167679164728	0.5096816063139042	0.7376084244126565	0.7739741402584183	0.776478777396029	0.9561355208286104	0.389387773041385	0.46495273325209574	0.5989325807674466	0.25066669409631426	0.6075617873093436	0.48078242223133416	0.48122173669214585	0.46069386547043734	0.2095151104473834	0.5631250747085603	0.439213661764595	0.30951862492885335	0.47456891486102376	0.42583196684720737	0.36327033175079926	0.29846340923806625	0.42548376315124636	0.2638270244595524	0.5245386843340146	0.20826146968396617	0.4169814289153686	0.3314094331630797	0.43331042280428556	0.8154059109880101	0.5136696880923955	0.6883222468328128	0.6166319148326826	0.32718197300378704	0.46958435893563955	0.727557437923608	0.04838882073243994	0.5471336815098441	0.3881909480280647	0.737595661899092	0.6794962233347238	1.0	0.6346108147989584	0.3569623234450233	0.41506321026192133	0.8317175954547312	0.37237730810305236	0.43839751173080344	0.6762196468311734	0.691947582635221	0.5983567397255758	0.3041003403185298	0.7366332901823265	0.5207482610743869	0.42616766807361817	0.3988739580217029	0.24934990331587076	0.6274218851220694	0.6868804080050023	0.40281493480094854	0.4694684349341463	0.33745208435518065	0.6672174955280312	0.5550959270713814	0.24984114532613003	0.5045935358871536	0.6360969615562035	0.3347391615606077	0.26858912382600475	0.21721655879911705	0.5821614932595257	0.45796069488155366	0.8287367185671333	0.5807438818889843	0.9082488367410619	0.5750299908652203	0.649936322583069	0.4089105690079189	0.4133841507359442	0.7908030019079136	0.07629227013882522	0.4347318117992344	0.8137753382683748	0.6361790396074529	0.7664905339602814	0.31070083034619206	0.6880688605104305	0.38657727023252675	0.559201495459909	0.5047388435015883	0.7458652654942871	0.6588394902163488	0.0	0.3389363239847719	0.0388802272927915	0.8425997867927952	0.3708945274662412	0.2395721236083625	0.27536047910142786	0.5397334523606151	0.34352207198655593	1.0	0.5856910115382994	0.570007189449324	0.5421051061609619	0.18748620945204236	0.8105802425421205	0.4039257822305278	0.4436785785298298	0.5530401059270148	0.8894926754638476	0.2153672639705012	0.614375582858348	0.5808354108936379	0.7148024215350137	0.2883875719969615	0.7140881225313377	0.7109316711383253	0.6487976189355533	0.475133371309172	0.7358595571398815	0.4873988390146682	0.6979242077336074	0.3431627277842502	0.5586489849722099	0.5165747649092127	0.3863711570855126	0.4664515363804392	0.4883177697737554	0.0049481948043434976	0.557655749556347	0.31947224119321016	0.4406532233832673	0.24053006340220046	0.8076902855399333	0.17938418180041615	0.4768877044838478	0.5847963998658269	0.4421212165058438	0.4634202662522057	0.3989296184221416	0.7385753763519947	0.08343048884537507	0.462096765485676	0.45725359748805083	0.41419690412834104	0.3521422927240337	0.5709883859471812	0.4338132405266545	0.3488293252372132	0.43281555277368905	0.1016118554651459	0.6186196057220861	0.38905744017977006	0.6680711314896672	0.2628965233901506	0.4533956645998567	0.3949768930951151	0.6476847019209704	0.712442078084296	0.4680427233649684	0.5822123608165689	0.314713453710726	0.42148636854580845	0.3587014129867989	0.3693466351908199	0.8072496889988134	0.5271796348645058	0.4065284815630341	0.15238014899846708	0.4817248524074118	0.7073254669692486	0.6969524272548677	0.7471872453692308	0.6469015682459145	0.4430674715550657	0.36397961352465846	0.5787683844228795	0.9886981302549389	0.5444561180166099	0.3337246139479477	0.4128207917305675	0.45373750405747443	0.6818791101197866	0.7594205986194547	0.37354512602813894	0.17747364243013625	0.7608432956630686	0.28444239776783553	0.47570372730902766	0.5835786162655978	0.5067361589009602	0.4232389545435277	0.5347939084361214	0.19091773435438864	0.6563128336208419	0.5451119334957641	0.5365251199840806	0.5023632221290787	0.6889364868925476	0.5080933714699655	0.3770551656540766	0.27865062999694823	0.7867474303949069	0.568256593131825	0.44135335063642334	0.8458652886929356	0.7887810944771	0.4259218340225727	0.6400673786464514	0.696059712695216	0.44750606261692494	0.6243025232122192	0.21378985970687028	0.6910551777281524	0.03082649637299517	0.6096261462553112	0.3622897663996161	0.328372488127027	0.6582902069950063	0.8093020855090102	0.5602852738125689	0.32925419735401196	0.4478334925110443	0.6019367923810208	0.16206297442492826	0.0	0.7486198174727464	0.0	0.7436766313932271	0.6021160446825158	0.22737597295343087	0.43388643128049964	0.331159712025325	0.5029655742525271	0.3030581254566759	0.30286129306527737	0.3302834784263712	0.7479010076125486	0.7702913433593664	0.7441750142580456	0.5529621933651774	0.5298780203992766	0.4552024646012871	0.0	0.5946569661155546	0.5815496454053016	0.8583958553647462	0.5413968067313745	0.8392288478483585	0.21060619595858152	0.44161116876279477	0.5484733723427713	0.509452126052176	0.5631330468287548	0.3706761564990029	0.5878150895889579	0.6064636323535294	0.35707346801790085	0.36158971413113195	0.7444334260133235	1.0	0.5591874413233328	0.2536942025860912	0.5561015759061098	0.46290103533788585	0.33747742604641345	0.48459632356010474	0.36690153225072086	0.31409491709052006	0.5239256214497668	0.5037719861742118	0.47549355393057824	0.44972206152932287	0.33100383921806625	0.381686314601958	0.20678146222696436	0.27462647282652053	0.2496977409393314	0.8266575182780095	0.8400363440901307	0.7429451438517357	0.6951988572935434	0.4108172827365986	0.8617826405981244	0.6323196417995696	0.5636431844449409	0.3187400714729597	0.5056858976081815	0.5494230844754638	0.3293287165586503	0.31876637360744275	0.640110101536405	0.8422920830728022	0.49191994580644394	0.6363537176988117	0.6167186844616412	0.4002393530052654	0.2518501026140393	0.2424599024714032	0.5348351015311843	0.5253019069075062	0.46375192807391974	0.27576982733744126	0.9869499969914297	0.6728738966791602	0.5109931406496692	0.5047852073848087	0.6129503794666923	0.4119963065049671	0.4696413327995558	0.290377254787291	0.34071943739245697	0.26426588315661054	0.5002561222053166	0.5615101359143058	0.44022077851136476	0.2673661079556182	0.6104601711538268	0.570144434354019	0.3141285061936592	0.8311261357194114	0.8171663497813745	0.3956635630399874	0.9267013692425281	0.7280445758761551	0.3744039851628641	0.6691121815080558	0.6529649457571542	0.5703481574089176	0.6027149327789103	0.42428432865288146	0.5403884032495943	0.46112891887193036	0.49255581359792605	0.3102223721894528	0.24921177603039485	0.6268463353585072	0.4100760235697122	0.6741686838241987	0.4034747416925143	0.2744787070092566	0.5049729668076488	0.4526903701638445	0.19256845162204045	0.9989987857688312	0.8108918764617816	0.30634702168138045	0.5594104348201625	0.38066869771230083	0.4196351731722391	0.5177437273069885	0.4103535062645135	0.3238558317028435	0.20774442088780765	0.5711743090485027	0.5959854419385648	0.6840090702924424	0.7997640741533248	0.5614477401151065	0.3795180844601439	0.5216094329774913	0.5900126294182785	0.5222406955791236	0.16564763688009765	0.5748149082354695	0.5353601411126043	0.7511344618131681	0.4610758301254612	0.39177999666983887
wolf	0.40318143918143157	0.5439718270710938	0.6753727367008239	0.6134036505965067	0.8265191478725333	0.636425381582181	1.0	0.43869255424487597	0.5541124092983031	0.670359781456427	0.5018856160739948	0.369588012786473	0.4624759230058932	0.5359069248333541	0.48972589611318806	0.41288249459050363	0.4142812803592381	0.624616574673845	0.38887175135576624	0.6201902546854953	0.5508620262560069	0.3695860610508763	0.5351151839111669	0.5477111690948427	0.17048232096951987	0.9448283834006262	0.7249933315145283	0.4273048658736189	0.7371091979386496	0.6254454760637218	0.4418977947957311	0.20713222111295446	0.8964190539645713	0.2356089708521651	0.5946587505151554	0.5868954702455145	0.5677815420414141	0.6399048287800224	0.3507249218212417	0.41581360894811137	0.7820809680771327	0.7463786312447809	0.31729311615236444	0.6485137961179195	0.7043381547130343	0.7371273864244645	0.5437999719209939	0.5073001400587753	0.8544546662714152	0.5037711142999036	0.2502195302721718	0.8457927881777413	0.6022081634935517	0.6095497559807006	0.5605484624132437	0.3136053915403715	0.7559786657321507	0.5746516025154511	0.3449610154968825	0.39072072792731094	0.7405452951419149	0.6245305624138775	0.32528617816402	0.5280864717307241	0.3913294649430456	0.20635356596758148	0.440191827398874	0.016164988313260853	0.37824226287840257	0.698087551644726	0.6811508879829838	0.3962826979045085	0.5065751218973384	0.4560724195242933	0.406347755973459	0.31269763417581015	0.6690708712733155	0.17035745462556706	0.354230090544287	0.6744264373499398	0.30946413417760416	0.8417411478657248	0.3968105585498645	0.5897579542072768	0.34956435404229663	0.6917041915327109	0.4671046713496252	0.3186652306031676	0.859491888092871	0.4070250080651714	0.7516900905739802	0.2577966691868451	0.06387416131263016	0.6138491378355154	0.4518022715982317	0.2051811634928039	0.7213936220266192	0.6291261065300056	0.7639956686715144	0.6334548670642617	0.7134267300023288	0.576926166018368	0.9305316817228226	0.46748196601076153	0.1474854819744129	0.20854788485766226	0.5481962453623852	0.7008520347406584	0.7056946920822746	0.5384052415122488	0.46964259459517055	0.28917243146402083	0.23897661261333844	0.7830801873736626	0.3411020671932823	0.5981870164531712	0.8716984749346771	0.26790813596704394	0.6660508600269383	0.29227898677553676	0.531593422458241	0.5299005324943623	0.35141380915654147	0.4144465090773616	0.39414114107507886	0.546128150478962	0.662298238269535	0.5373052775900043	0.2560169774757282	0.467841803238173	0.33642182634924167	0.31272252689734	0.33844626112643506	0.5034199598003243	0.44591306327668595	0.4785475012082329	0.41799271102962415	0.5982600343632982	0.5657733362491083	0.6101852056063124	0.46558865962303836	0.23511782179137938	0.7037910514940083	0.41926383594394856	0.3839186614882857	0.34746743821218934	0.8421422910533152	0.19010752839041636	0.0	0.49803596544542583	0.448105824129505	0.46978324720584164	0.41012086487377897	0.4619815618071498	0.1716931081984166	0.7728518921249079	0.2454981473572363	0.536900728840028	0.5925169002282618	0.29980895062232665	0.5610306949086195	0.2986275106176999	0.715672603547468	0.4820669035308939	0.5328760724156999	0.7171615709538937	0.7550744850697224	0.6283492044331616	0.14815305388718425	0.46899395157800894	0.40926420071894265	0.7526951158644642	0.49183413675719234	0.354193593432795	0.0	0.47589781881231624	0.544577780309869	0.5892116756880039	0.3676681054028239	0.3852485519615408	0.9054252720228961	0.4915048408176728	0.38127712373061373	0.38603839455962996	0.7259326872424445	0.6856703950274357	0.5657625446503846	0.4263146179636836	0.7388051029115467	0.41392022891993574	0.6521376727729238	0.1894599553153002	0.7000008691633998	0.32417793562930136	0.49918510355697154	0.5855041722077191	0.5849295008063663	0.544980098058423	0.5084519414862193	0.23321252105252493	0.3767858411562542	0.5010251534887684	0.5701125244411923	0.7260309419545941	0.740141844481273	0.5307649213165168	0.22910606234539843	0.23778526794435895	0.398577051189149	0.49913453943763564	0.6231473564838952	0.15416182985406718	0.32799476246870907	0.5931754120174221	0.6861422516983886	0.4805012843536589	0.2710492572540466	0.2929134880569356	0.5958725782365508	0.39394280935177883	0.7272807899145945	0.4831064249609174	0.29450901157619835	0.2884531461758876	0.6619594431380296	0.4490452135193595	0.7555331906218049	0.5303068626597149	0.5356000228540596	0.44576013526414626	0.42937971383167217	0.793442259021536	0.7686399277041951	0.41886815297945806	0.3698332885036967	0.4996011976980482	0.5389147456879317	0.7663638709533547	0.8030412541186913	0.4986525382418721	0.22520326572769278	0.29303115976894045	0.4400333894601385	0.6174018977931566	0.5798662813777874	0.16907500940741302	0.5361814546385255	0.15566669980288483	0.46772068330044003	0.537376328196747	0.512244323285023	0.5448295172179848	0.1305548346215681	0.6427344098039821	0.7383817196520985	0.41902285939529355	0.45650039098457806	0.6258012347517107	0.563871861626887	0.7703173051998066	0.879178821752638	0.28427454874946034	0.6675454864144559	0.730017811232033	0.4691133434633167	0.7191200869949417	0.14955054593489858	0.25688907942978545	0.5541351291014129	0.2981137146527674	0.4419902437951543	0.6866423964437203	0.4855753905924707	0.49674125255603996	0.12752838612412665	0.8929366189876141	0.7786150976100216	0.5699160628954968	0.8266096386676794	0.3449816894338861	0.6338589437163479	0.29042038606816817	0.4460574607403679	0.24925503086257955	0.472019463820999	0.5682587572140703	0.49146627624076256	0.26749977873677755	0.7192184160037809	0.3300134290179844	0.7043648993419835	0.4249140513297345	0.8243444136389195	0.4934050811795966	0.3514310771878146	0.5037423345907723	0.5257738467089742	0.38518926778937623	0.0	0.6680149060223437	0.5918442384505188	0.7284118287421417	0.7040304651983553	0.4686093637329161	0.39261291577235735	0.2775115931732113	0.02828615604075746	0.4211874108763576	0.38653794771919286	0.4111976610575655	0.5910012564263198	0.20757975409949103	0.5349755102101831	0.5423826579154016	0.7556203144997293	0.4830498210276931	0.43467007457117857	0.3839609974023037	0.5778718509511515	0.8599818533231578	0.3637191568766933	0.4314554964945198	0.684829164441917	0.8593594874633618	0.632394822658398	0.8641689005120305	0.7123953365667619	0.36772929034388935	0.06528363535219733	0.24195186089205595	0.49110702908663273	0.6751554938849325	0.46553095042085335	0.623372900782357	0.655238583563804	0.3446308365955103	0.588965128431218	0.3228856428016335	0.4447928549739391	0.6660974740092587	0.15792096676629325	0.49348890925556466	0.4286873923519246	0.2580798266594179	0.5802116389017247	0.7865148973805691	0.42718044855331405	0.21684664956666766	0.670456369824509	0.6585727713961762	0.4003005202905304	0.6085989654240834	0.28004976208254045	0.6360440198514875	0.30868853973994326	0.7712650903587109	0.5851546908543608	0.4023505777426778	0.2812250041283487	0.568534643568076	0.36943215593255785	0.37708295652779744	0.6629927600782501	0.2653479434027649	0.7798097068354424	0.33104332181154256	0.4778786267130765	0.5237885459591619	0.6284761291828759	0.2758309156246094	0.41438028078729067	0.3962422545015106	0.20023661660094244	0.19759197534256195	0.3172047776515916	0.44631918906483403	0.4459760163874015	0.31542737179047925	0.1938967708824471	0.7617653934491898	0.43913821521754776	0.4658112084880342	0.9826125200225082	0.8591543395310707	0.1963319202569413	0.3717381603553962	0.4603958154484894	0.30806675847671294	0.6535825840581606	0.5334665558448171	0.5772454836846951	0.5437534745406427	0.4312434795436395	0.37495485145225055	0.9340391461341342	0.3728954373124098	0.06821608140640639	0.4058637194848289	0.4570657393385056	0.2024474747529213
wombat	0.5286312957073088	0.3218896942515492	0.4141134708725263	0.7291257480221092	0.3681622539435693	0.3297930056503176	0.40422244055251894	0.5796482960969722	0.43201525372855776	0.7411878448554734	0.6475623820992338	0.6673939749505886	0.6127985673311109	0.1899205495581346	0.6624159397158487	0.7082715857504609	0.44525791756341737	0.5906974435208446	0.6723296875830415	0.3625560942400726	0.5727009438676314	0.2435214928741382	0.687598164534856	0.4779544221740603	0.39992048709816486	0.5191150260272687	0.7861164732512512	0.37135785499592644	0.7177228851168642	0.5990202501358332	0.7570991336068151	0.45597470138256724	0.29470727080483006	0.5334586827682473	0.39959834047381526	0.6532431923271358	0.7167608084835205	0.6364785838564021	0.2659093053646004	0.6885983669273918	0.3441064355496957	0.6327040044199226	0.143266998926049	0.23883446434568553	0.6825029694704184	0.35903601991477074	0.774940245608738	0.5290078778233732	0.5916084260258991	0.4233777927561784	0.6527076724611488	0.6507267730516052	0.4016733246555584	0.6073018424352851	0.6874214112681072	0.6781874044450664	0.19239712459798913	0.517556895511734	0.44661524344344	0.5442457315313245	0.43452307658109024	0.5805366994380887	0.4756920776276753	0.5318288047109072	0.6218322885565667	0.19612792763604114	0.5760207085496021	0.6776202495268345	0.8332243906281274	0.47397340826015777	0.6643570682015101	0.2877089413191562	0.5037214559434586	0.4814931939259264	0.6210415688855837	0.1300554230971328	0.8887581993939097	0.6256080078707954	0.798368231053378	0.5493006879756124	0.6697442081607929	0.3975813883190148	0.38058467504002463	0.6095662905750718	0.2433759543135519	0.703523312140836	0.40665110213737515	0.11549918891182986	0.7425682916563947	0.4600553985689512	0.24668825494501073	0.46176549432870717	0.33602197254908805	0.574103454273059	0.4160700212139379	0.4691636665191218	0.2597413973309125	0.5219081591482574	0.7605618255382459	0.07803043730249709	0.42432507516219736	0.06018370502673165	0.42336641528783164	0.3627613151144064	0.4007600712942607	0.4737772489219493	0.06278493803731261	0.8052654081228945	0.5853928429564146	0.26302285206160136	0.6625877247727902	0.9079549918887143	0.5496298714938432	0.7412475310765426	0.3582005569187595	0.493059084723089	0.4550260130452268	0.6745996726739001	0.3054998415987255	0.434715575299004	0.2167707925412431	0.6878877587650379	0.27018464983355617	0.25930939534202124	0.538724979469921	0.4766978907786352	0.5210201452620496	0.3880014660146933	0.6397333682857335	0.62774790106643	0.8227974462300907	0.3107024706506315	0.43023053041719284	0.4312915800179952	0.30959564412586904	0.728039626770856	0.985501417769969	0.2650286838542015	0.6642227041847663	0.46840069359108655	0.17841935125442632	0.5718450496181762	0.708529197269032	0.9170733465658881	0.12394173292481298	0.45471789077746183	0.6310347920098435	0.6111822860792051	0.6289231888027177	0.43637158066164533	0.37356795339320303	0.5762266670055916	0.6630945850753518	0.25895024692948565	0.4955867118829708	0.5276522844138963	0.5966207828309155	0.6294978294528637	0.3667292897935911	0.6558034274387751	0.4954083220065972	0.4031523996800731	0.5378582455753638	0.7053505576272522	0.19843400615157625	0.21618400648111247	0.9567346367505168	0.5747740129300626	0.47444990218522265	0.6645594961219751	0.9593447436212501	0.25752897095982963	0.25542424618304355	0.7076351289724871	0.847263032184412	0.574949730501306	0.2728857870096486	0.5013202658674623	0.7656766945344926	0.4808573117649238	0.4230150805665793	0.3795272118592603	0.33403959875869754	0.5279198719125024	0.3784010594472129	0.1557906507556977	0.270236584859253	0.29113644273309325	0.3764530656308812	0.4383579881527755	0.5910398747573418	0.7125105268174095	0.4889100667729534	0.5127371299357912	0.479683830474374	0.5144903698735442	0.2218032219368294	0.6177881274992396	0.5974049737172574	0.3337480881064596	0.5223726745897683	0.24415532172515245	0.4272388082273656	0.4940744028393714	0.24082166895342433	0.5309217583536032	0.36658391849856076	0.30354090643527387	0.6753327893342925	0.6885822164924963	0.5845137618481978	0.5155355159667396	0.5298324348113982	0.042089909131311276	0.3732671053398674	0.5915981751805729	0.519308294621734	0.5194077960504531	0.4703250205070295	0.38741872739403155	0.3977075061971095	0.15430634012662953	0.6429464458074653	0.549140907483443	0.8013658547506912	0.01300036144346356	0.3331452082170984	0.27628326247344215	0.534561121235242	0.2778215451574688	0.4265359665401734	0.38396182992173716	0.7658289331727531	0.45886798209171326	0.480598154016381	0.7559548755662611	0.3458264375546379	0.6064858785503079	0.5920349242179291	0.36427863217753403	0.47591169639470654	0.5365806296321602	0.7541153238067773	0.5149470597927619	0.4502513051819691	0.6981123404917848	0.29365315513829116	0.6071901714800126	0.6659228636664379	0.19292293592847332	0.5749387894746028	0.18265379343964216	0.42117671200630213	0.8412381367821482	0.0630929512230139	0.7792922471940721	0.9871715608151701	0.5497324752681477	0.7321185932269378	0.6591564780586753	0.5534728543924474	0.7460271935078507	0.6624253998081151	0.5102793191222725	0.33952048043556887	0.8427825605171728	0.4642934152898137	0.6949357948439141	0.6560626504578252	0.7191714924691178	0.6928200718264117	0.34505218052169073	0.6101141253728453	0.2968116825257259	0.749832752882762	0.7234552342627797	0.5556107686165868	0.13843480894262433	0.656514064909587	0.21918287844072915	0.6751181896096037	0.45155707528965067	0.6904259045861674	0.44553995038362504	0.6509117410647076	0.25529642545689235	0.2309980265130931	0.1726684718492442	0.37852261815199806	0.5059044885747644	0.28726303368977213	0.6305990783169814	0.8470011772383756	0.5250191327052164	0.33708060083096303	0.6268017876016719	0.3499263102183618	0.8110927124165483	0.33154843046570487	0.47720553686328343	0.44824210040564466	0.48069140722320236	0.4928311955914987	0.594157093990533	0.5667594059590073	0.36490628289128485	0.0193067657035767	0.4442834021779032	0.5572332477243206	0.7411560731921889	0.6226272248098579	0.6854150623610393	0.9756407016057801	0.5154212507495012	0.6306646939160755	0.7223637805051827	0.7222475153019856	0.61850826260675	0.5112501691624124	0.35637463565819666	0.6042909240255077	0.4174379753290882	0.6180835092114707	0.2396094241002436	0.39897030677141376	0.6366213839186626	0.3967683124808208	0.39763559176475044	0.47860935661601894	0.5160274635549983	0.2477313456029392	0.21568858852475264	0.5182317149604403	0.5308406215258489	0.4364891900858562	0.6022930254048133	0.7530729788905391	0.7728999729465579	0.46004639150551174	0.3768114510437833	0.6073337194029645	0.19642262168629182	0.3752856153275422	0.2911376178135669	0.5243493417952861	0.12246866292362982	0.3502694188430093	0.2430923876598844	0.5405964204659208	0.3119937042287658	0.5532659837469567	0.4197115490362525	0.33629719659882623	0.7985110820295734	0.5198018776157357	0.16773727146618336	0.4541075508043867	0.10339301714983246	0.3986557514431488	0.23048974141806633	0.5890339944839421	0.5135217397936722	0.5010848532130927	0.4618838974230401	0.7978366333348261	0.37151675147974816	0.5536360774832083	0.16771418206883654	0.6152244683624578	0.6341588044196801	0.3469546066974283	0.32251377717444274	0.4538917475807157	0.8315404090380073	0.3167624804641026	0.774136573932834	0.47201831071665673	0.6415974712030291	0.4442967558292936	0.6608681844654452	0.4655433641943697	0.38691813707461675	0.5096358517408043	0.26107127443692296	0.6592722680977572	0.5986313482430838	0.4711291830851625	0.5699147922273188	0.7435716701925852	0.38336046022479453	0.024769042821818854	0.3111962188354213	0.5498682939283426	0.44351043212142793	0.2273509884685307	0.6181827371898047	0.6165869191127719	0.5424839724275508	0.4866061432430934	0.8454373637638462
woodpecker	0.12811622758323615	0.4160204978040026	0.7716461751333097	0.555848402054639	0.5207824225570619	0.510333097466527	0.37461560602191746	0.4848016379925084	0.5570474243913309	0.7797051180139097	0.5150451360719913	0.4357112417142557	0.6516876057245096	0.35720312310534974	0.582846488990213	0.6704555949521225	0.7043069066041996	0.894740881796947	0.5847734291702668	0.4149963539161058	0.3361012651674802	0.529188985509681	0.437475178888538	0.6862988954679328	0.3656710439429433	0.6784717877723137	0.7019523895566603	0.5355543849556711	0.6829496779302674	0.6937166106204562	0.6337148148358975	0.42213650665199487	0.37978396646896795	0.4288791321811829	0.3112412029058059	0.4207835984324365	0.6804002948884267	0.1908579091578485	0.4956550038982448	0.44687535591311	0.6014022119546304	0.5427697973427048	0.35132042540684133	0.11922071367877102	0.45680227900489806	0.530639999463274	0.5520254323164381	0.2645800104570735	0.5881568273763546	0.3810200327982115	0.4195062569230607	0.7608147560781287	0.09185939874313992	0.6349573123159585	0.31268823211476193	0.5836154153407495	0.9088163840754356	0.6755286255657069	0.7134460326444871	0.4650571656818141	0.42306361937329184	0.8294792767006396	0.5176820026506174	0.4340289199729186	0.573398004625645	0.45729731498537013	0.9006744441806722	0.5796786480185324	0.46986842725461625	0.3396043267269144	0.32139797942263115	0.0	0.6999652633143041	0.5475831821723671	0.5841729215147414	0.5521203208342913	0.6938115632849505	0.63365972422294	0.4866209542103319	0.02492254501538782	0.5385461089508478	0.49876137878403715	0.6934290851121941	0.37120442543417564	0.6635251345859409	0.3088160301356224	0.5581453106058757	0.5460781075248282	0.6700658007809758	0.2679795848708363	0.2512003953088789	0.6245147664706672	0.3055721188416553	0.6101199753522781	0.43498342707300064	0.13081251247577774	0.43308151043829846	0.5775338120731404	0.4290875869647728	0.4325918857430095	0.5100623655522406	0.6134097350349927	0.32666054984622384	0.3341170976785695	0.4098111256879774	0.29667906776163433	0.4830766475470032	0.44280169660857527	0.5299097410069544	0.4775788611574513	0.4892555443927188	0.5844588256917156	0.49976794582311973	0.435559083273978	0.6269906437734034	0.6044207135816748	0.6543263307264354	0.3639438333488078	0.4618378179523569	0.4756708924677375	0.24353760419285947	0.5336826331105007	0.4306811868128756	0.3987831683560975	0.4529387047615337	0.529032448746796	0.6830217528115232	0.1136461609364782	0.7816994904821459	0.5315296144501951	0.4205713841947367	0.4084787944286034	0.5333819246503533	0.21412059431286967	0.36438893512105003	0.42952983649961335	0.7253594766972212	0.4447053365345259	0.5446032651279784	0.3848058926200866	0.4560123137630048	0.5578902417911845	0.6117259661352737	0.7574941473445196	0.41540773903140193	0.30787315737254556	0.5374292057456596	0.4199205727045131	0.6568638826431585	0.38279133667691506	0.2792819873956781	0.8897653023324051	0.4965496584327869	0.35778841319091576	0.5918462096994306	0.47088101988449216	1.0	0.502353220199981	0.29807539846084996	0.7295944475127997	0.2736228741353398	0.5371444895135841	0.5538407314553002	0.574248243722167	0.3996682302289837	0.05057577142673042	0.6723174654402883	0.484911169241061	0.7237611196038014	0.7494659931342962	0.6287456415667875	0.5070482096668392	0.340794009757154	0.47829703195153295	0.4520547321568839	0.7311698854241835	0.4925185777329818	0.7910212266658245	0.7751871897624412	0.5182698225064806	0.39987240299146026	0.2998112966593869	0.7668253651330601	0.4663706964206271	0.46914815313354674	0.2541395484739894	0.2515482458727438	0.4400569215552214	0.32338858122168723	0.5516728429597062	0.6588275533229322	0.6430982838106307	0.30473895313622523	0.13917934497791398	0.5247080128199796	0.39578758875859077	0.6358040319286473	0.15160276266482214	0.40734853078204225	0.3902303564407218	0.5699810411230756	0.6758414430083389	0.4131318015265932	0.280228575208139	0.842299404729326	0.6126698880687219	0.542947447487266	0.5113164141584676	0.813533677134597	0.562596817699552	0.7180336937714211	0.356231751896707	0.37084678785334185	0.28644830691742085	0.19570800149562168	0.6376329790695248	0.7276096133015539	0.09467266146620057	0.5591031732797779	0.5592481037974838	0.48325724994983527	0.4707339330235937	0.24659740129384689	0.7376601708100421	0.39232182198409365	0.3400719607180875	0.21154229227577986	0.3516037735256533	0.739420457013013	0.4865829032427686	0.2359928362566525	0.2758325967709593	0.5805454040621127	0.8500402700761249	0.23234155601763512	0.4164480465204553	0.7520966020520878	0.5836293204190275	0.5202666852298911	0.5693153830529004	0.3951381271134977	0.3433901553077142	0.8049296015786851	0.5361933741135464	0.3436046721757545	0.5433610924889843	0.3151516301886428	0.7447614749274554	0.5599869569129033	0.2944898023682847	0.28096249078200625	0.44062990100640564	0.5528941994713892	0.8739684266433458	0.5014291251782013	0.7927695561064335	0.8544678171735116	0.6723385495968255	0.7989304142703955	0.4723138361878827	0.4523656384896566	0.8448712723925871	0.45914450369593146	0.6209330222187961	0.43116884097731883	0.5826753616466381	0.5391670251245433	0.4786463729424296	0.6189194958235619	0.4156387687595217	0.7203080023730559	0.3403078205147178	0.6771346880028101	0.3696763456986698	0.2526020341000301	0.2542728333929789	0.5649683856652018	0.38702413585772394	0.7636826034454315	0.39893927217262637	0.3621738155514694	0.3613158311750857	0.36971604304812566	0.49904946665579974	0.43397431017899785	0.3950026797459623	0.4582159445781055	0.26676484531173306	0.6840415998334681	0.545251793613311	0.1461140477802778	0.5952325674271584	0.423716727034825	0.41230803463603616	0.508672448200402	0.5603268480104883	0.7777200785543064	0.5718595409938388	0.821066176277081	0.573062999098944	0.3420366186037689	0.6798381033804419	0.6760400946164815	0.5835524552164026	0.4347902309248527	0.4612303659403988	0.40641256519804086	0.38360946899372794	0.6697535876460661	0.41683574226268844	0.5282334813668635	0.4745990983242766	0.7417134576681415	0.5104981440681393	0.678516630866068	0.6469860588615499	0.5962565966256681	0.8985088110926968	0.46064649489384235	0.152334253203741	0.46822063878832537	0.23088291588936669	0.1426373438338659	0.7440988323599453	0.46951973039399597	0.9036296430876007	0.20850806660801569	0.5979162556963775	0.40986628490382987	0.5786805281492289	0.4272861207812201	0.4167776518205059	0.2943438996428383	0.5935628138871352	0.11225508108925891	0.5522641745114141	0.6421185408820355	0.7339656651656609	0.19197533439967424	0.2637914270341745	0.6204532177875113	0.4603972587350017	0.40307166916523035	0.40342173841830875	0.41034814350980303	0.23591304002104882	0.19956532472020094	0.676813291894684	0.5547788802427553	0.23600470498396797	0.43793256282341403	0.17736004738512579	0.12277993689010452	0.4472693896526254	0.9426160212063055	0.4061509166592247	0.39845440856831865	0.4638833025146508	0.6591821196422655	0.08651235936602286	0.47471548617535964	0.3125625500360539	0.401017762328839	0.6931629463387046	0.8450016966685441	0.8824536349287512	0.21575978653060113	0.45718484506841595	0.4433431462449217	0.8072489687896158	0.5227476647833293	0.6992144218452554	0.27011749373877536	0.5990057723897972	0.6754579072686667	0.9999999999999999	0.6792803256898723	0.6003244158269415	0.5860281016193737	0.5435809424109135	0.24221170561999855	0.5520496919497007	0.6962282939247728	0.831864385902163	0.37942578560325535	0.39139246429276314	0.5701578203246352	0.5765571645937253	0.6023234062780245	0.2138901762263934	0.26483210836121013	0.7554025012245824	0.3497239837919628	0.4371025688634297	0.5194903972292222	0.5482777410104871	0.8577328365542061	0.2808264752207843	0.3227135304544329	0.6295338866430233
wren	0.5263210732621091	0.297996911650904	0.6499919786281858	0.5715672600180065	0.23869006382981234	0.8899023158273109	0.3363040843381032	0.406977241128441	0.44142269933782236	0.4495502252655311	0.7461164564426463	0.8282127685428307	0.5924731408635422	0.6602376108677306	0.287772483148019	0.5722099540459633	0.38503932820345166	0.45636331374850914	0.35231914121291524	0.6085706899581173	0.5013749355189987	0.9999999999999999	0.4227019740919425	0.21775970808893258	0.7297854777443968	0.23469383233189708	0.3142752873056176	0.5364293011918336	0.7381610116856601	0.8276254392906194	0.32637772640723245	0.42670689439223236	0.4615562972752116	0.8525638969630571	0.4629991383815209	0.3803819924955367	0.5524656793649627	0.37177590894961404	0.6397479732944669	0.6417543986358224	0.6542311758136388	0.627683138454169	0.15864408784743295	0.46427546049109264	0.31703063445227736	0.5832619651627156	0.13857154770552693	0.5241448748252713	0.3647588560752467	0.5134150413746641	0.2815121337273343	0.5325681043708588	0.02884989086951073	0.4764056015319748	0.4552503563684261	0.6716735488417445	0.860783950802865	0.4696193022328917	0.6611833026196239	0.5015897661170756	0.43856916694656206	0.5529414757885541	0.6483376617400332	0.6398408179234641	0.43540808053231717	0.38186601206204107	0.28097722084639004	0.552907066859351	0.5962178852933867	0.46417684707298085	0.10118734752629543	0.21516845135776985	0.15750916550817917	0.8229252757506273	0.09778235319514927	0.30660241041832026	0.6583242711456534	0.22298378867846408	0.7733829821627686	0.5841450776923651	0.5827234376717587	0.47124004985020596	0.4763292038277241	0.4010939086599405	0.6712445410198355	0.35243669469529426	0.6016336126426611	0.5438171429495782	0.6228307052595436	0.4344788549268293	0.43194449358012577	0.43324806042265734	0.5367173252657195	0.3794025971064295	0.5206527757656596	0.8093569361392408	0.3683147769798314	0.2877499905661158	0.3963225045807782	0.5813449743742686	0.3110814127184738	0.8266501412737388	0.47732209705379197	0.5050768880603728	0.7618218387559954	0.39774814866521463	0.26057848898298364	0.3926838334542654	0.37555912280661513	0.48270015707930214	0.3967267472153214	0.445859339272086	0.4856155317678381	0.6905030228421875	0.1604486388006755	0.37047879867347555	0.4989202271487682	0.4898364325573482	0.5188599936137321	0.4501148965350502	0.850113954761986	0.3882965427462472	0.635796466073494	0.5983335157125452	0.47349787762430007	0.3503684121839171	0.4878014714909628	0.5279476540982394	0.6595891438079867	0.6050840164905003	0.41778706755859313	0.3898608393989995	0.3930813371602022	0.499887090244792	0.6223706167572786	0.3070425717666829	0.6223846772919565	0.6478827495671804	0.3000409443727349	0.3232230287437685	0.14307157443471713	0.7102973669144524	0.6952472095345104	0.30318862035894334	0.3728018303709159	0.7140847196976151	0.5528708659071284	0.40638949643459593	0.28090542814837505	0.5596290249298177	0.5366287970095023	0.4822024212448346	0.06921299184429783	0.33068002981201583	0.4112100647942014	0.7234433197374992	0.631889133152395	0.3428442495159996	0.7291975438691762	0.6199752655500457	0.5660173555602136	0.4800428381626919	0.9983983971695971	0.4878350568589151	0.43587589689049544	0.5958386022872832	0.7136428801502777	0.4272713725441338	0.4815519653086785	0.9840617464707435	0.6050087680520624	0.17003881871273502	0.6294014153380931	0.5313060281851838	0.7115416225024349	0.32951701100479347	0.7144325818800595	0.8174100051635808	0.5712346841247179	0.7066343220852864	0.4505091689549331	0.0	0.45817854797634205	0.3404737651960728	0.2216829601909362	0.5788674466298385	0.937645388294819	0.5087179763665467	0.8740984739183346	0.5487127316990336	0.7573795489469946	0.3595998958601222	0.5171480480774663	0.3603740397260982	0.3950707848378334	0.4559208950497958	0.3705921092792608	0.6515109335934612	0.3370993684662767	0.7369019397378103	0.2970015292539891	0.5056824925946705	0.7374371626701243	0.6791529765146382	0.479285868670656	0.5128688056009214	0.7197564911317502	0.43051583373801766	0.4068659194493098	0.6674589499879641	0.6978416940458806	0.30623890965911815	0.7813716200546339	0.40690449320547883	0.6106653038291174	0.40457471206486945	0.9187462523502933	0.4917243727639378	0.5296055071466799	0.7328252216079256	0.4106331547736771	0.8014023660814465	0.6397176932656774	0.7138669404377411	0.5002371509790888	0.29193946772706925	0.4997688012653233	0.6372532190286719	0.9711068626756416	0.42905783707938283	0.15250622598829217	0.8476063442093899	0.45371625613212213	0.645813173858263	0.6545367261860798	0.12688501658950258	0.4493394663654712	0.26943590797573436	0.5104615922467197	0.5289849675376259	0.5712987812590564	0.20570198006401935	0.626082543868289	0.08143870607555292	0.30830633952443287	0.25398582339805953	0.9134576266048808	0.54040366350841	0.5547834808451215	0.9126444891148582	0.727671986395616	0.587282660619951	0.3567479568978143	0.6292707571412218	0.7028495787648574	0.4753211626694315	0.6484769356396958	0.5833964103775138	0.27713822012398925	0.519639801765141	0.8058511997956166	0.26425015904758575	0.44087276755041793	0.6747189486070743	0.3229884315029943	0.45428455007499535	0.3729383809858884	0.36236769341163144	0.6586600818895407	0.19922781939706274	0.5622159339476136	0.37611445699322227	0.46971590414909226	0.7328205576768628	0.42945026157278654	0.3181479326811526	0.467161276324592	0.3935992059919596	0.6724663814242617	0.8281388783504642	0.31371695917659975	0.7364688022189929	0.3041739867600559	0.3572657157516829	0.5066201808551991	0.43669707261571433	0.6998102307863022	0.5345565904140283	0.33587262179313593	0.6470256427549335	0.397031291798296	0.4711938214633481	0.30818549793546846	0.6076217128096688	0.38451612951678454	0.323563154846983	0.4840862540563578	0.4719700766748596	0.48021832136835085	0.7791757542327197	0.11218207121562673	0.8207136878629293	0.6678740797645236	0.28730271904491245	0.5116290995638362	0.7084878562853608	0.6322419387093172	0.6905419618967794	0.5026051503299424	0.438609102282724	0.6955248610559974	0.7516574691188389	0.4133757279924659	0.5125213736474136	0.22339986080914565	0.6011287598810248	0.42596126889107255	0.26424332471866485	0.36731098345950985	0.4461036754386522	0.5542473261622104	0.544354120405188	0.20211497966441055	0.6468549150027352	0.5462882757852504	0.40391768213886114	0.26762229578678465	0.4092807439662164	0.5792129089626782	0.1676075961331261	0.8051210548290599	0.3572616425092383	0.48724441033200533	0.4502261714267077	0.3793530741001555	0.28059741181442627	0.5507972327978655	0.5131433563183204	0.7490622841133365	0.5607127871432026	0.71279608014383	0.14396870352541533	0.2839246844845237	0.4820222863434944	0.2939050029961737	0.3179146435893669	0.330565137148373	0.5873636911340547	0.4206589824060635	0.22094286264191398	0.6865456557753136	0.49628876559975416	0.5145440342311378	0.5659977178763338	0.35168990477876527	0.4849085717776531	0.5183224779992721	0.5007406689636473	0.20056195088414785	0.1274524511884308	0.6584856221420131	0.6490076228957742	0.3836592426499701	0.10558101370066253	0.6462691112596117	0.5411769341060724	0.7781728581314312	0.6617987486906756	0.38042956379337756	0.4851698892688205	0.47947292327904695	0.6079213362550915	0.0	0.6299836362702504	0.18315146832992985	0.4776613323134169	0.3811746015252705	1.0000000000000002	0.48690204432509065	0.553326640748244	0.4538117475534691	0.28579040063064215	0.8706433956482522	0.4286991683299004	0.6389947906422577	0.6194511167688519	0.6082023284616731	0.5550205688750429	0.15031044159675921	0.6385741292806902	0.6103938900708976	0.7188529652214422	0.340506120909138	0.5500691271806587	0.23684672712852478	0.7708266076619545	0.1258329469049685	0.533075867015754	0.3380197438021025	0.3289715064766436
yak	0.2472266544133458	0.4432690264228226	0.37922584188195335	0.545103612281313	0.781754910277897	0.42651268629371397	0.70615250812439	0.7410206376530001	0.5928007206008871	0.38959599667213274	0.5352823608492556	0.20365940213745876	0.4979637365614634	0.5067340832957496	0.23478808764698	0.604041347661588	0.35185881926429285	0.4471171243553152	0.6276958652817545	0.35779389110427695	0.755743810036406	0.6086378018650517	0.03527760883439973	0.8255004883108316	0.34204831732858776	0.5824842392299984	0.6123872255660672	0.6448727759413742	0.4896758306715237	0.5782856734345874	0.486925673594676	0.3366973971906146	0.8554917500007369	0.6427814186062468	0.4058942953829372	0.5359495061081986	0.9094161958662276	0.6314765617650131	0.781634738343031	0.5315924100303521	0.829820830061966	0.7290840899466751	0.27386058961842485	0.27551373510534516	0.4084897012135126	0.8693837795996807	0.37551664789572675	0.7090929873708856	0.3360702308175346	0.3731019388983781	0.2018918286994593	0.6918792198016928	0.6328728569988994	0.5273725278005233	0.5082004867886575	0.3049935855658363	0.7627102884426858	0.2942157182938424	0.249484072736098	0.7826094949514164	0.22776159576496324	0.3611907549145333	0.0733768243660543	0.5260981259687185	0.7010931325855134	0.9258365382710341	0.3853443870621093	0.43097712273581174	0.8134512827125459	0.787010321219715	0.5151132165483301	0.5340154815411893	0.3652270724587081	0.45386762017668125	0.68585586993894	0.12596585992216863	0.21873429042276082	0.4879920379560098	0.3597108987466755	0.6390143740182109	0.19186767321796716	0.02205246665527033	0.35073924741357443	0.3184112064307855	0.9118303913996819	0.03340592895187383	0.7710265631968181	0.39760604148970136	0.7135467851428143	0.5178592733674885	0.2445586015937143	0.32545940211985447	0.8126519676471644	0.8718518962076578	0.2493656787012684	0.5144314870060626	0.24398150345179476	0.6722641302800224	0.8716062019808012	0.40005937587263835	0.7621193636626493	0.7973880813670731	0.8006404216734939	1.0	0.6041764291287244	0.4853067803464639	0.7941108743215716	0.7689282228882721	0.13813326421066513	0.47757804851099006	0.8186454442222895	0.6029238156102293	0.40434144945902484	0.6857292647444417	0.8644805727152653	0.643074062712733	0.7881809960084702	0.16978961074981896	0.49440565784043594	0.1023965229049138	0.38661360007890233	0.6184907606910083	0.13616248076378978	0.4777180364511403	0.3948768839684212	0.1302247263308779	0.1308444802082961	0.4062735629229286	0.5899896566946765	0.6322588856047541	0.4617977251224704	0.5408255643316018	0.8282556930205288	0.2697769209377734	0.7383694585380461	0.2157301628678378	0.35588413179931483	0.5332118576378366	0.3341650246242374	0.5260490003875465	0.2411106778533944	0.5489279858766778	0.7881845708424823	0.11944798389857703	0.5346870932876198	0.43557469914739755	0.35326175937004184	0.49793436451199274	0.6218719620145006	0.43211741216304356	0.4610869422440156	0.47370292283367743	1.0	0.6522381585913619	0.4038027534104451	0.5500412282290408	0.0	0.5849933895289978	0.646044230923472	0.47137533576717383	0.3030582003365905	0.0	0.5402390363975385	0.39195707772615074	0.48300252254075593	0.663425010767929	0.6366944518026376	0.7615599787300105	0.5948039975189052	0.24996823684739514	0.4779325189050019	0.5574455739731753	0.7152603191416844	0.38785161509357885	0.5399296064902002	0.39744292859822683	0.24293325769977614	0.8177925811891633	0.5077182986510095	0.2314678645791553	0.4834134755249273	0.267167148774201	0.551330356164521	0.3673364452168074	0.5962228453683678	0.41692146695181564	0.1855244088670434	0.5018460736740135	0.659545378717024	0.627676624009963	0.2917322352984711	0.521525332361953	0.49935821583994044	0.18612368391049328	0.2860853934343322	0.39655204893857854	0.5948030551964486	0.5763624669234302	0.4948300856984098	0.11208546639508243	0.43770577568548885	0.5439649810669501	0.921031557591415	0.5004366317375577	0.5938476658900418	0.7061266812284216	0.636210426434515	0.4104153904724517	0.20242698029917683	0.4501509534665347	0.5883675246429582	0.49663117134000667	0.5867873164177724	0.536312123840364	0.6783265020433098	0.6654656802864103	0.4153115364806322	0.45864902439377664	0.6107987558994104	0.4814392138929187	0.45096720623379816	0.51482497779108	0.06085996367161162	0.5759762216037091	0.4021732114507205	0.5956798908605414	0.332401148438862	0.3829162601306382	0.6957592315606311	0.6318934848160613	0.21902288658450764	0.6154798902149842	0.6170339803082451	0.472957803983411	0.39002651222085527	0.34421632686761544	0.7789380469816948	0.5584355882321205	0.3931704146534034	0.053647532544207566	0.5171113486000456	0.4540297338646126	0.47068155931612854	0.50677092864008	0.7554921442093785	0.033658152614026715	1.0	0.5138156151189499	0.6190074403457975	0.5010829618858589	0.3665021209226197	0.527048156252697	0.5092319936973112	0.5388729772625919	0.5232186656129497	0.4310988402026058	0.372797342689995	0.5674758419245134	0.6093468515579841	0.2728929493491489	0.47904033889936304	0.42724422706697895	0.3860024394605837	0.5197597151011978	0.7748216106203434	0.41970459168538155	0.8927345278502934	0.3838843593690626	0.441669663423399	0.29764468643460246	0.836361119261918	0.3669934601680449	0.6262415373095721	0.3083560143056102	0.2757665036599286	0.5310641395635978	0.17857104507048008	0.7039912851516525	0.6358143297953629	0.6575621169701897	0.14045778323476116	0.6152538285374778	0.3786110390133295	0.4352798426573271	0.6367071750010681	0.4218624425014601	0.6008803430962446	0.2271703437539627	0.7882869284974812	0.3719841002012019	0.5350781073978828	0.4686231406412532	0.6819683867627399	0.37640516594647755	0.15340130480940356	0.5842517833546721	0.5407917286967014	0.40841203160590406	0.3109945644741531	0.9041334894147508	0.6523206466138038	0.31708832895285033	0.6985290805265549	0.7105697873675136	0.18651373527144022	0.5153539293591353	0.36433080075676416	0.28659083819632913	0.5727019304553973	0.542231629337424	0.4291395588961833	0.5438980311378766	0.06201405951870276	0.3091271978948787	0.911841143279816	0.4487954486420872	0.2911021874468315	0.6931937893462546	0.6306220404879066	0.8751310386307951	0.2514502921722394	0.5587498169723026	0.40286661848981387	0.3620463389330643	0.6410741860902247	0.4119028754385387	0.3814181237317825	0.48824094242153065	0.5399678996611027	0.8893812440053366	0.5424943706245837	0.5853942485937701	0.7549972734191542	0.6075992748274878	0.2704050277801899	0.6856972229995295	0.6327708929143993	0.526020587447701	0.531720432533635	0.4903280084571134	0.37629061924108853	0.2111328557523654	0.6354097191347152	0.05498718220295551	1.0	0.33762785535464457	0.43694523347767805	0.5458150415866752	0.5263779069189192	0.5837800249411909	0.3248966819680441	0.4796134012127886	0.31861945186859564	0.37178479566808204	0.6701705393113867	0.9261070460859069	0.3784963400492387	0.5349014537677811	0.3768959459579485	0.8089269005421875	0.10488687911977668	0.37576214576024003	0.5288490193206952	0.6619897755754878	0.7183667110131847	0.6493207388500446	0.34148652832332266	0.4662050512152836	0.2923472545655059	0.5506380418678276	0.1713775569764559	0.6268443170026016	0.43779544167730294	0.4884641180240432	0.4470389861191872	0.5107912962629526	0.5760666228213095	0.3130670915872304	0.5951932427418084	0.5727857584779694	0.3811882838246699	0.5326220324711815	0.8884087853234752	0.6866266354990452	0.5800545360536419	0.4514489512972322	0.01631563692073218	0.28585557885568985	0.2671379053963591	0.5039669893662541	0.6183014058778354	0.9353884551677188	0.5459855177896766	0.48499037664882283	0.40037623848536985	0.7216038626915503	0.4966750151372946	0.41414186855194346	0.42507797912982725	0.15020304236247795
zebra	1.0	0.22834155497486341	0.09671555330517234	0.5677747491854053	0.5191525333100793	0.5116686930244735	0.8198834460857245	0.5804384490192477	0.47957925242288735	0.45657270314518184	0.26737536472906226	0.5820447178251074	0.4264552584810456	0.6573141850009949	0.5581508807094582	0.8538431278342329	0.4592037121973722	0.834802063441038	0.6604848368581149	0.3510484292485512	0.11697239308753354	0.3231900913977185	0.5648875161476028	0.6330930108009338	0.09087043561274916	0.6234678118388636	0.3366504255907866	0.4290490004835429	0.7152661634627863	0.7834087874410588	0.5440732301972266	0.5292310214011935	0.09281514206265984	0.4117268455765172	0.3240250535209175	0.5359002278469235	0.7030913019185869	0.3805850040056591	0.6716198598571035	0.44994384239835555	0.41757421654427584	0.5053783432027145	0.3912356264081415	0.09009028419497034	0.5272568457019191	0.5711769080237781	0.6342224162078978	0.44052765481049455	0.9126302911753094	0.9894545889095796	0.2939857876952327	0.3576909107133547	0.5038941543489842	0.702433161539791	0.5045711665570685	0.4895533593543713	0.5858721316821416	0.7206979839172736	0.307856983259156	0.3461664854770147	0.6925179440413318	0.5802812875551459	0.18135797808907142	0.5099249130217802	0.5733301986167078	0.3187071023924303	0.767480947572744	0.6786513955024772	0.546827009542308	0.2062885043311854	0.49428765197659114	0.3400568638917834	0.6632493472556515	0.016712798787922645	0.4981492106031062	0.2227524895307115	0.6367861325509278	0.24362771777294848	0.1392994228097751	0.25086105893143307	0.6543706379450628	0.5134250716608361	0.6304228702252772	0.4240658247713288	0.5345297940282121	0.6532405600695006	0.25883831088407033	0.6109552922229291	0.36790425655321557	0.5302613013407259	0.24495604050210357	0.4607643856890988	0.45697500534534374	0.2187395845124779	0.35229368391646443	0.6089300159796625	0.2706803121877718	0.7460196491776105	0.6196012346590565	0.13161617232958905	0.4938469133415788	0.3685879884042229	0.77034842181369	0.39604696757844726	0.7316973533560354	0.36546920982385045	0.3986180996543925	0.5673076565691191	0.3930195238877171	0.537433179852268	0.648317164233153	0.30644333746531865	0.44668627920867515	0.4788371896156626	0.7218108951493982	0.7763633034900861	0.6137346718315626	0.3800790501045922	0.3209521161750645	0.3393844826295528	0.49459079476115925	0.3462987046455134	0.4111642075787621	0.37847344549244744	0.2592192228471369	0.42666354903881	0.09354756079611398	0.44090209573902406	0.401902151971882	0.4857477395291352	0.29059851066024883	0.271938379053817	0.37454183636559113	0.5788212224453793	0.4364652169837278	0.7443367794178068	0.7270876338555958	0.5019412174263611	0.6293449074255162	0.49996593001956313	0.4675703866097151	0.66094961977554	0.526757878361327	0.4730321108689622	0.5081512755068329	0.32121216215235715	0.4980070706084785	0.3157056828732055	0.7495228194345047	0.49694129096673884	0.5394067850004313	0.5945100203433705	0.6295393200870658	0.12959840075713874	0.4904134102494473	0.5320540551956098	0.35557518473617755	0.44482222065036187	0.6881857961893074	0.9239260793715105	0.6768461299151123	0.10644321318913164	0.31538180896556867	0.42821123888675194	0.42483217201181545	0.32778824385632577	0.7436851940813235	0.5007632793808132	0.4996972330170666	0.517411523076123	0.6433857926702652	0.5271336553685775	0.3839325815642963	0.46342122009488274	0.5286596566973253	0.2922749830445796	0.3332092725121038	0.5638839271563992	0.7466950383950077	0.4927307860740263	0.7073226578742599	0.6212569920203744	0.6479337404911194	0.474743353130347	0.6913654611300974	0.4502664420234105	0.5156389762253611	0.6603464768040235	0.8040295270537741	0.6403196146490147	0.2863575039038234	0.7061218850323858	0.32822525636598704	0.6242018412592403	0.5452004445927153	0.654765132764237	0.6485946280314382	0.609561367571578	0.5273134005054465	0.09910178649245249	0.5307692532125008	0.12245107371615618	0.31182991012198635	0.8218554108228614	0.4265650578554347	0.5502263180293296	0.0	0.42373728557066276	0.4538345121901169	0.5647528603388363	0.27154504202462904	0.01772887351707997	0.3667065066556756	0.48170839343521654	0.1370142166690329	0.529519945411526	0.18750289873645198	0.3226496528451095	0.5204655715126338	0.23399872519429304	0.6155211737345667	0.3731642511801421	0.4096171143059458	0.28289024791488554	0.6294211986750933	0.09616854113763068	0.5696647542187505	0.29508127076838675	0.5119348463327235	0.6274645347737268	0.396509918842131	0.4761502985510751	0.8183460726482525	0.5868028101714992	0.5084940899293612	0.8207135052532977	0.38898849817485126	0.40455221047539913	0.42443183600683637	0.7926963076637508	0.3368395253221754	0.3137925499683527	0.6216902137102999	0.32049223026301743	0.3972270400922796	0.6159901832413486	0.17076649879554345	0.8953484187208604	0.5441031989435052	0.7429321523180579	0.7442029756695767	0.03280114889142083	0.4568379076113232	0.5039244800137136	0.3454647443383671	0.514652283615044	0.9033324338362274	0.48243442882038706	0.9994603355835296	0.21578111787688747	0.5812879921484061	0.7005330688645349	0.5691768531984592	0.3917385577574338	0.4878437003553956	0.8680452060402802	0.6326227889268264	0.8628397003028558	0.7213087955069664	0.45937895516167904	0.24936148709619838	0.6234046272235686	0.7215790703850721	0.22612289569075164	0.6560595122641285	0.2673939087422037	0.20572416959744652	0.611416895574416	0.5365857120003487	0.4329263748088557	0.5037913334491746	0.38592607828042363	0.5397470713901897	0.6719218193994634	0.35287819606243337	0.6446426478875803	0.5659755994767948	0.2149879374512996	0.27873784238187915	0.4355775403728357	0.6537149893687397	0.34200335905069884	0.6808825383524932	0.2807554480966701	0.31518867089977887	0.646044753749797	0.5680434766828988	0.5733190082808981	0.36213394617978617	0.6815862361550554	0.5969845112447426	0.16688949497044198	0.7655830290920415	0.3537269285910749	0.7817777532442309	0.41937675471966107	0.2585517506198757	0.27995545442384046	0.41795641700136166	0.37215987323855526	0.49445829577137157	0.6095911757271666	0.8305984155252176	0.37236201949566583	0.4726253416769483	0.7776028110978538	0.4294904819664944	0.6855304519235862	0.4306928665512001	0.5794360059798993	0.5721392959506013	0.614079986737367	0.5168744009559081	0.6338236310580508	0.39786201026381324	0.43358018486420236	0.5710043460449556	0.8018758120051304	0.5454250239716495	0.19222372592329834	0.6809853288274571	0.24178604283149246	0.5069391988523643	0.2128839395708181	0.774648173499332	0.8315965879541182	0.606779709760246	0.7339041683046925	0.5274343392563651	0.6157169155437658	0.3719523036787331	0.7649126025074253	0.5745078784528603	0.52395590861182	0.4804328679913199	0.6851444830923937	0.413550044791991	0.38496531244105303	0.8066716801571323	0.5478551366507579	0.46253015912087675	0.5006700340919132	0.7290981719465592	1.0	0.6921438642902902	0.6415133668583547	0.16205431651420327	0.3031367359614621	0.5515139684814363	0.40554343660191894	0.6157516885512335	0.6195308876252275	0.7583821702547936	0.5262808496355939	0.6106002727718819	0.015160345365975103	0.5773948199500378	0.7785099110790834	0.4870489088205266	0.7159318081008603	0.49077271212965523	0.43843861444629295	0.4784872303996923	0.6188188866050398	0.638161456970528	0.45304861283070663	0.6810041185071434	0.7822531266426301	0.4054276925869704	0.34070882291104476	0.5338728736426185	0.25142478686891856	0.6755390587556745	0.8584122073900813	1.0	0.4711505828855131	0.30115673129452386	0.8598464633075947	0.22692426816960654	0.6463071763054663	0.39432116823839075	0.0	0.4071616082013513	0.2887106152769275	0.6602052556349712	0.4377411157141452	0.7864355820741626	0.8590276563765253	0.2520454252727127	0.05736559127289842
