	albatross	alligator	ant	anteater	antelope	aphid	armadillo	baboon	badger	barbel	barracuda	bat	bear	beaver	bee	beetle	bengal_tiger	biddy	bison	black_bear	blackbird	blindworm	blue_whale	boa	bonobo	buffalo	bullock	bumblebee	butterfly	caiman	camel	canary	carp	cat	caterpillar	catfish	centipede	chameleon	chicken	chimpanzee	chipmunk	clown_fish	cockroach	cod	constrictor_snake	copperhead	coral_snake	cottonmouth	cow	coyote	crab	crocodile	crow	cuckoo	cuttlefish	dachshund	deer	diamondback_rattlesnake	dingo	dog	dolphin	donkey	dove	dragonfly	duck	eagle	earthworm	eel	elephant	elk	emu	falcon	finch	fin_whale	flamingo	flea	fly	fox	frog	frogspawn	gadfly	gazelle	gecko	gerbil	gibbon	giraffe	goat	goldfish	goose	gorilla	grasshopper	grizzly_bear	guinea_pig	gull	haddock	halibut	hamster	hare	harvestman	hawk	hedgehog	horse	hyena	iguana	jackdaw	jaguar	jay	jellyfish	kangaroo	kestrel	killer_whale	kiwi	koala	ladybug	lemur	lemming	leopard	lion	lizard	llama	lobster	louse	lynx	mandril	mallard	mammoth	marmot	midge	millipede	mink	mole	mongoose	monkey	moose	moth	mouse	mule	newt	nightingale	nuthatch	nymph	octopus	okapi	ostrich	otter	owl	oyster	panda	panther	parakeet	parrot	peacock	pekingese	pelican	penguin	perch	pheasant	pig	pigeon	pike	piranha	plaice	platypus	polar_bear	polecat	pony	poodle	porcupine	prairie_dog	prawn	puma	python	rabbit	racoon	rat	rattlesnake	raven	ray	red_admiral	red_panda	reindeer	rhinoceros	robin	rooster	round_worm	salamander	salmon	saurian	sawfish	scallop	scorpion	sea_cow	sea_lion	sea_snake	seal	shark	sheep	shell	shrimp	sidewinder	silkworm	skunk	sloth	slug	snail	snake	sparrow	sperm_whale	spider	squid	squirrel	starfish	stingray	stork	swallow	swallowtail	swan	swift	tapir	termite	tarantula	tiger	tit	toad	tortoise	toucan	trout	turkey	turtle	vulture	walrus	wasp	weasel	whale	wolf	wombat	woodpecker	wren	yak	zebra
albatross	0.0	0.01224067453326003	0.013245414946901577	0.012445573132394125	0.012987629017685657	0.013940395275406978	0.012656593907640767	0.012772134266026056	0.01259868435176601	0.012819824740062425	0.012555155799809276	0.013000723131780372	0.01381976320116058	0.01386151605209806	0.013122957467967314	0.013714282467055765	0.012614972421322916	0.014058516399429783	0.013553561435744954	0.013392321195775818	0.012065822263161188	0.013652270775716936	0.012120657847864242	0.013852134035588586	0.013137991255654645	0.013714881224991662	0.015060157926000947	0.012776240000475876	0.013243876478261765	0.012830840029021594	0.013155082055202903	0.013212599658877121	0.013941303091645001	0.012418073836916786	0.013615234886352736	0.013326066580225565	0.01343064511068743	0.013776566975640796	0.013563402027101917	0.013218028002513033	0.01266889608338586	0.012927708731858395	0.013198434439382966	0.013325755897895926	0.013664677660337677	0.013554610316797205	0.01355353413250967	0.013294909003607207	0.013522577059108153	0.013136587773071163	0.012868480839701012	0.012148696103936225	0.013127086021311749	0.012232468954374636	0.012719389676457138	0.013033430476039626	0.01335949367932083	0.01306036471707969	0.012930846358473603	0.01282285070333334	0.011029814686214166	0.013343070659986625	0.012312406605862131	0.011845797494956796	0.012121423055936324	0.012180854729186992	0.013733396185051865	0.012829596661752174	0.012003548189429026	0.013688911182482735	0.012887951345281272	0.012390070664613784	0.013196027053464215	0.01158502983572784	0.012263834642529368	0.013562049078853005	0.012717647693153289	0.01407384062040401	0.012890487140471547	0.013850178219238786	0.012767705134435602	0.011787283387379999	0.013399977111327005	0.012933485746928495	0.013938607730679602	0.011863229003765624	0.012843713729215162	0.012807469900934308	0.012230820783828467	0.012932726749204829	0.012428310844233226	0.012457086963955281	0.013461913970407422	0.011465290818247358	0.012913732799755296	0.012447398808211843	0.013441610705635907	0.013931331110526399	0.013416885476692304	0.012085896238759823	0.013405107504425305	0.013344813017074327	0.012916909438965054	0.012904320993960777	0.011587613411434796	0.013726049370502662	0.014242005593160809	0.012616963925297743	0.013001511355957703	0.01147302633236924	0.01204321077522276	0.013122077002941846	0.012860093713807315	0.01364030627033893	0.012949344984814332	0.013520498981763907	0.012501199034830782	0.013106585392431045	0.012596605453056768	0.013251285093969601	0.012658985740885611	0.012608061646956343	0.01235888802355354	0.014343996931283276	0.011955442026117839	0.013834105770735778	0.013371599906324663	0.014079921454748874	0.013429899464250251	0.013562796407613913	0.014271575509290528	0.01255347522260294	0.01265524022909456	0.014007538719448698	0.013553346198567413	0.013214089772430665	0.013453771039277413	0.013758280125126492	0.012995085374680682	0.013127704075599551	0.01286186007534805	0.012524232602651602	0.012654370903619032	0.012288730364445834	0.011962789962266464	0.012148241341597784	0.013264631162539706	0.013119583236474998	0.013242706739319326	0.012611239018125876	0.011445055555514916	0.013038626550206092	0.013540374065705962	0.011746286227179334	0.012881098044888685	0.012415267711269981	0.012658254881331018	0.012862725828548853	0.011616649987654278	0.013604310120504974	0.012642781870612857	0.012731639989283013	0.012215485569770366	0.012674140141128014	0.012992403603528132	0.013626523224933072	0.013319287035278758	0.013037953679055636	0.013060684411591346	0.01292438844428481	0.012969503188159547	0.013687128869567166	0.012495843513473801	0.012335523178218238	0.013191939467818102	0.012699863177242145	0.01260972648631753	0.014393592338182173	0.0130627224159267	0.012932567133030476	0.013302987783844988	0.012636041176724889	0.014239913573001523	0.013431240050402273	0.014284879437800397	0.013467697543966628	0.0133558680196553	0.013317176345038697	0.012856267464972862	0.013378403091141015	0.012862034756621274	0.012792608137975139	0.011959016431191152	0.012184109834348754	0.013392027182733926	0.012095928405246488	0.013588878690400112	0.01367188361704069	0.013156579228906298	0.01286707509161245	0.013237484422348518	0.012578593083465473	0.013407291951839387	0.013226034883840625	0.013639336969604392	0.013151409296762735	0.011933476523157207	0.012217065340868638	0.013469135816713784	0.01277870182202186	0.012511953188771857	0.012029795908771956	0.012127982829235835	0.011840797780173875	0.012249844587937814	0.012874538690794612	0.012745611374196443	0.01325840007022328	0.01291522013205081	0.0139590564685916	0.012885585335951643	0.012576326239483106	0.013189665651580583	0.013582697537052624	0.01261084458418384	0.012262053310579397	0.013583274214557595	0.014560414924462283	0.01250002305756398	0.01215702726958761	0.011661315848043974	0.012082606362246388	0.012361346240365839	0.011269940218276217	0.013350978712519916	0.01257022447693203	0.01208245074217174	0.013106860196406183	0.013002449622759107	0.012293031662208005
alligator	0.01224067453326003	0.0	0.012315165733688247	0.010844341696560305	0.012595413304040775	0.01358110291313435	0.011066720135588695	0.011808878672286874	0.012447628077511153	0.012708616619335486	0.01250963654027678	0.013207999709652805	0.012565683284413945	0.01260443452845005	0.013138652804458036	0.012503921971472678	0.013020689693764369	0.01376708860681479	0.012545509927358488	0.011142835339916583	0.012827213989676498	0.01340763258043489	0.011776342318703687	0.012903181267127908	0.012660522165101534	0.01312019515970198	0.014098022390600764	0.01271576962106496	0.012963450820129382	0.011240433334947942	0.013034063442380821	0.014304972445095591	0.013052211980754583	0.011786413432232006	0.01270361220181329	0.010920811558057884	0.012139862404476414	0.012159285895593957	0.012291654250074096	0.012844974409851917	0.01327314710284951	0.012696849496608834	0.011124135022486081	0.014148557312117716	0.013488782966105102	0.012028035136940169	0.012230985877974991	0.011384300356812493	0.012530301680566331	0.011801496435609578	0.011515129536297956	0.009829027335212513	0.012808796500407848	0.013326874341841053	0.012489371158726916	0.01242481632081802	0.012346269403691884	0.01231051823677157	0.012102780639941661	0.01150229002433605	0.01139887275256081	0.012939656456956465	0.013290264220024965	0.012400149808734884	0.01192526359005543	0.012397151900126985	0.012855599696472599	0.010465610836983816	0.011198661706640009	0.012804454226986504	0.013900205825898498	0.014032735366767834	0.014151395371802716	0.012239187551731059	0.01180440894966707	0.012362150849030489	0.013519769473925294	0.013363538593325404	0.011339022942337866	0.01367422810567333	0.01390676734692688	0.01335554022986209	0.013041552481947221	0.013157343753178697	0.014238202033837308	0.011765649683273326	0.012202321135548533	0.012238648709016262	0.012596231830474747	0.01168852732616422	0.013120412131825812	0.011230847356356925	0.012587672478582284	0.013445009953270907	0.013784211379972789	0.01267538137774573	0.012872104684620467	0.013964781175768739	0.012150863130299182	0.012923100487490926	0.013146058937097489	0.012996618632044085	0.011234183103044575	0.011263892275150558	0.01260606537967384	0.012984940330290183	0.013722438613900852	0.012284601314633523	0.01221290119392735	0.013219441543522482	0.012490980237853267	0.013879240265231853	0.0122975444141674	0.013319741861435482	0.012800456262120388	0.01279176026824362	0.01235161202253649	0.01271630826472107	0.01064430365501877	0.012836307439207524	0.011040182010817006	0.011808342595540517	0.013137492941566672	0.014724700862129646	0.012775138287545755	0.012578208585555513	0.013296348536850437	0.013891219406785796	0.012388625936268199	0.0120016448157782	0.013176114701177523	0.012860951673624985	0.01180516914004191	0.012550543579101549	0.013597154963742418	0.012793013869865734	0.013218914907899537	0.012822216546067133	0.01461348274070612	0.013492253429056576	0.01316487005590494	0.011622716179816759	0.012711910890443854	0.011664689114427345	0.012252603696788225	0.012124820305802048	0.012368946694832678	0.012296571835231394	0.012797516484191314	0.01369984838101927	0.012330267456801755	0.013023459250774224	0.013093762902390622	0.011841122848008985	0.013625629268900803	0.012687441981856024	0.012985509160232476	0.011083659607447324	0.012467592176931852	0.013308186424054453	0.012126438858761015	0.012825190727730584	0.01156957800583775	0.01188678864120047	0.01217275582035004	0.013088322037203202	0.012480696919786179	0.012674498113003571	0.012976320728779045	0.011784717203004993	0.013485247057045156	0.013606186645355893	0.011917170227120468	0.012711311932877212	0.011884963360648064	0.01103021861936748	0.013390439402958965	0.013776606631033772	0.01368243253138768	0.012135613667043198	0.012615229374485955	0.012104271192151185	0.014965626898179532	0.01250100750871389	0.01365481725092165	0.012397008237904648	0.013068223770620366	0.012297027386164623	0.011808014837889727	0.013242971569422488	0.011894025373961453	0.012501064330295462	0.01223849166153642	0.012436705839925323	0.013450455034887128	0.010969242983638796	0.01333566176952289	0.014219196454872402	0.011829298205609025	0.013031112414550525	0.013222497163107196	0.011659159652946399	0.012888021441370481	0.012864328029662713	0.012779665867529438	0.010909112690168083	0.012888587402163688	0.0124858742043762	0.01285659797158892	0.012071815993695945	0.011468964755046716	0.012646982383735107	0.011736668188776856	0.013061674745726455	0.013011265415706711	0.013186690586507987	0.013693045776790322	0.01370337527104887	0.01179110353913738	0.01291677970283011	0.012013783236428863	0.011493061301934115	0.013803362909794739	0.011481822643696389	0.012302891324173986	0.011936140533788837	0.012574978354109393	0.01462931540735789	0.01052443576918137	0.012567282080241026	0.012137402381788669	0.01300207937339938	0.012098281899964125	0.012121656516360128	0.012749416444174997	0.012309790439605419	0.013043310203713592	0.014326641955057527	0.013557039183842204	0.012230934213941985
ant	0.013245414946901577	0.012315165733688247	0.0	0.012334479869461646	0.013749192981199858	0.012096549371915679	0.01213191757882347	0.012327029910005123	0.013255276175171695	0.014317735260434424	0.01330362273326026	0.012864819606295546	0.01311542061482733	0.013600907881496628	0.011160258084566659	0.011461063935035303	0.013668791449295274	0.013690076857583378	0.013409179095449421	0.013684568479534732	0.01320411812399599	0.013705488614708201	0.013629452145791986	0.01338837135350097	0.012918328808700825	0.014566231279534244	0.014312191155041086	0.01194312426312366	0.012502246673127819	0.013320827382520268	0.013324419036338799	0.014145976117546175	0.014341514181983936	0.012444213592208115	0.011902191420373454	0.013036425256577137	0.011794998755211334	0.012315354850453238	0.012810718333554674	0.01344877550072462	0.013047220221316049	0.012963477060949594	0.011056571645077142	0.01462488989279403	0.013493546159157509	0.013123943119997117	0.013407632363927646	0.012848770302327402	0.012642379647791328	0.012584921170946964	0.012126872585640571	0.012524647739981434	0.013239713650682237	0.012683936862507534	0.013228261527236052	0.013550926523618534	0.013533717940286101	0.013685233466516606	0.012681408636156046	0.01221958149703108	0.013241813771713051	0.013367498148813607	0.01395488207188154	0.01195944985305085	0.01299040829569463	0.01312197984328406	0.01238958755392556	0.012778382337871652	0.011967296156273864	0.013799061048230392	0.013704761929115397	0.01363839270568155	0.013805815458651314	0.014099571349886004	0.01348431984130688	0.01256645727071229	0.01318943450612013	0.013257017795566666	0.012398761710206943	0.013113243305750096	0.013663562129749991	0.013806024609605195	0.013000756855601713	0.013510244733560892	0.014091840348140882	0.012932463337581886	0.012687955852801788	0.013189513238985665	0.013245615133696346	0.012599399153321726	0.011803608988643632	0.013224715966905718	0.012531190399887183	0.014127720946021357	0.014283189188941241	0.014419257488496883	0.012394130374472933	0.013667665650865822	0.012300132601476936	0.012704739785902525	0.012724443548706207	0.013641399090059491	0.012684196901363827	0.012300683912132286	0.012931766478712964	0.013225671366819687	0.013529443206941329	0.01220120275367666	0.012576315440511849	0.013197569439730175	0.014040260003442561	0.01293943539799461	0.012806159635904138	0.012794216350265342	0.013418434748358694	0.0132965356035674	0.01358112276446562	0.013220445357941462	0.012333288843943246	0.012924057623212044	0.012663958544686221	0.01194411060232261	0.013786642290769084	0.014108393899579458	0.014121083634238148	0.013254248921477727	0.01380432676426481	0.012733294912178889	0.01159101816514017	0.013169660634219765	0.012888302026072346	0.012826699372207338	0.011641476862960005	0.013731676588544215	0.013184938465296583	0.012430307157815528	0.013490680702193997	0.014045078728813044	0.014061625925634385	0.01379117696694612	0.013417883613368563	0.012113132831063918	0.01350409070638733	0.012150099442737905	0.01404185556017439	0.0127404662361279	0.013791449436914998	0.012622025613100149	0.013324205216245572	0.013718885759544745	0.012768853732110102	0.013312212542814719	0.014265338788915925	0.013794923165770174	0.013410585357996132	0.013151635644424597	0.013689338133597883	0.012259584847145046	0.01305660541802291	0.013987456699104117	0.012981284232265591	0.013772117835149098	0.012653307413779175	0.013557371307021095	0.0129657166739078	0.013951015355968897	0.013616099697592305	0.013341256012757919	0.012953642717839378	0.01316576769895522	0.013594234061868741	0.012588187441613696	0.01216006382856098	0.012931973071893688	0.012503223820123368	0.013109645176176767	0.013004955764841007	0.013339053657280872	0.01354833299867223	0.012633172611116102	0.01328890043851601	0.013270674004434744	0.014066446800714238	0.013081622619702214	0.013788174584460244	0.01351712199630148	0.013958170240901903	0.012921146826750798	0.013733773257672674	0.014587841167264226	0.011424385165098947	0.014148495297827	0.013629984234889364	0.013555346390070016	0.014582215770531738	0.01279578056403396	0.013166033896061816	0.013835554345858377	0.012960643900955653	0.013171346200550821	0.012617282435140152	0.012536583224667892	0.012910503284759843	0.011957611365957877	0.012565372894212319	0.012013713795795999	0.012852981821545597	0.014151078230679728	0.010683916950133494	0.013442668048215988	0.012390475841113326	0.012290981756524735	0.012941588105304429	0.013474727308563741	0.012881470442705281	0.013257029959304438	0.013708802789969712	0.013865584674022545	0.012929760729051306	0.011324871492812461	0.011320501279948568	0.012546751643659204	0.013579530882725647	0.01269209412962549	0.012794864355599844	0.013329565801548442	0.01395812361451549	0.014397271981446625	0.012498772588956824	0.012237294821321597	0.012930416961655491	0.011406969061919136	0.012257392243021388	0.01401565820502495	0.013462070631142138	0.01298138391150215	0.013352572766385642	0.014081580013458977	0.013806451111686442	0.012502105263174253
anteater	0.012445573132394125	0.010844341696560305	0.012334479869461646	0.0	0.012041092736153735	0.01346451004357871	0.009579847393881173	0.011443392607910014	0.012588791178562337	0.012840088363048084	0.012949023415013252	0.011920290466366057	0.012489022399245188	0.013191900689124242	0.013127618947319229	0.01250936204733684	0.012911436432688795	0.014056208236146808	0.01272175192563228	0.012023494345562682	0.01322592330273189	0.01311570468641456	0.011291816879711107	0.013540616514089509	0.012996576205671996	0.014148184556428378	0.014248509797389126	0.012387475194982128	0.013369586748127542	0.011479695665317716	0.013718054255129794	0.014314772046330065	0.013573293715804164	0.012509469154747021	0.012531122394144207	0.012192946141658202	0.011630925680242227	0.012121713543748644	0.012936008144783235	0.012026913400959082	0.012873597795712432	0.013359419253342789	0.011227287945194963	0.014792229105442565	0.012654919266849836	0.013281871586023246	0.011931304097285338	0.012468665244735047	0.012963684233724758	0.012286813409293966	0.01201886518820253	0.011872852371827653	0.013280825617368961	0.012827571403534844	0.011920417420260112	0.011904068900503644	0.012732322811626076	0.012555094787613108	0.01259651221608966	0.012071250931717839	0.011998680224445972	0.013244350563941177	0.014040717132435175	0.01182107327191	0.01260481124047763	0.012756765245538	0.011600740109407572	0.011529663585371856	0.011706170125778646	0.012893451292491366	0.013564524343617023	0.01379983201908469	0.013641153094211387	0.012149103875181722	0.01297473407204369	0.012658683346469461	0.01381366346352667	0.013769533400119903	0.011196810560567984	0.01349288601088509	0.013541660049199015	0.012940701898204763	0.011796213191239337	0.011804284428613844	0.013747904304651953	0.01149053129422696	0.012583260524226814	0.012319265362003753	0.012845567367781687	0.011818301106923683	0.0125462143345587	0.011586830026917067	0.012238717725133106	0.013384015636136823	0.013867610908397514	0.013335803670108526	0.012034363801553184	0.013760230498756625	0.011205375568100457	0.01336957858232328	0.012103379055215682	0.013729741791023254	0.01164303327852082	0.011269619477598034	0.012051088030495554	0.013280665558275421	0.01404955394828583	0.012237891580391593	0.012514517050733092	0.012750365093296457	0.011837681150374266	0.013169642048979177	0.0115520691529005	0.012958145238373514	0.01135292780056002	0.012174505843611867	0.012428820157312281	0.012581037633787585	0.01095687153995616	0.012998795848861518	0.012054466758643833	0.012022719758273065	0.012835539552391046	0.014753011432292905	0.013088079493718173	0.012792171407497726	0.012177864087758417	0.01415263480976331	0.010998553196395856	0.013641690702158727	0.012884978694821848	0.012143686487939289	0.011755667676524023	0.013083139740860556	0.013250759616525417	0.012297094558498627	0.013753185417024588	0.012940105742770736	0.01408287882071174	0.012988840180437373	0.013045503917260297	0.010794166413577014	0.012337906615196674	0.011663677249187392	0.01220216501234486	0.011655239764716574	0.01385872056629561	0.011484629629943734	0.013669989853427105	0.013131821474445426	0.011698342755607171	0.013288880359552868	0.012593139621790893	0.012693305821257151	0.013310459305705832	0.013450389885973362	0.0132603492996359	0.01229867725478756	0.013199969776475766	0.014202623337925505	0.013180006219667584	0.013398104569453237	0.01112606241472302	0.011804086953899917	0.012138410683362076	0.013364302105418328	0.012461218508484733	0.012944752837398403	0.012313427892743029	0.012615543927344845	0.012697981158005514	0.01321652534362612	0.012419873084311304	0.01318898606009129	0.01188056607635305	0.012360344500905413	0.013294134115562692	0.014074888491040292	0.01326720253858326	0.011022066018147434	0.012977599264843018	0.01170179643289081	0.014277438168410674	0.01301493587508628	0.013699188806302916	0.011575217085912266	0.013822149422618895	0.011583460458493235	0.01210579771644386	0.013398956682795182	0.012187403793445326	0.012202849490808666	0.01139548853059851	0.011801722156613686	0.013987750108399383	0.011891674197727591	0.01388475384026018	0.013914468097363153	0.01264284293426087	0.013607040933285993	0.014261320497187419	0.0119011387382043	0.011207044162974682	0.012305232373514328	0.012649693543831948	0.011664905815285493	0.012888067674754072	0.011896080281980725	0.012396309894093197	0.011793509316492139	0.011148120749177022	0.012275025859964676	0.011834132897880736	0.012373289723582736	0.012809785378815861	0.012856961332089144	0.014047314770091544	0.013830058091889752	0.011305975948707907	0.01267790473111229	0.01162048876417703	0.012357908465098441	0.01394029844685182	0.011658198299183955	0.011954927512083689	0.011802694401717327	0.013249630780337055	0.014955137500657292	0.01174673228661753	0.012001872939987182	0.012023993977681445	0.012521873740620535	0.012262656347614358	0.013001885032865952	0.012864559063978593	0.011923553097142475	0.012409583145481929	0.01366710195130147	0.014154175905549453	0.012849365723527559
antelope	0.012987629017685657	0.012595413304040775	0.013749192981199858	0.012041092736153735	0.0	0.01373053636703504	0.012843083091005793	0.012165419783953507	0.012130504668352204	0.013486264970592566	0.013834802578581204	0.014049935683657597	0.012771173335045736	0.011411702977860906	0.013752821985013193	0.013309527803884821	0.012416405180431295	0.01452509624801412	0.0106509813131762	0.011516061269668103	0.01391633075695037	0.0137104233509532	0.012377145080682002	0.013455999181789541	0.01384900133266326	0.012137561827772076	0.014041568598495252	0.014010354055796209	0.014047629548181237	0.012343540990208244	0.012282809436882485	0.014101221482274471	0.013768412211778911	0.01399630314897609	0.013472930701048205	0.01335123909306075	0.013263481760561685	0.013420064284097102	0.014067473530619885	0.012998173614167547	0.01394127648015617	0.014348762041982821	0.013622461809939963	0.013896363864640477	0.013389995604091199	0.013585180921227529	0.012786545944283266	0.013377112615270607	0.012573998728856112	0.011912380102015318	0.013077527467028999	0.012555171009424857	0.013389595402900576	0.013671052084395967	0.0139120926732906	0.013328130046198771	0.010501521536020082	0.012953253602122995	0.012846403733804164	0.013232590921369837	0.012650661569373802	0.013813425754111435	0.013115367975157263	0.013696027018902124	0.013317982027023462	0.012100505521736611	0.013630490114502491	0.012637161082017038	0.011222300822620039	0.009860565182444518	0.012720243969937593	0.013559271057693856	0.013551902033922767	0.012611892537361155	0.013555145544574066	0.013616424522682153	0.014523809134865307	0.01400889649358778	0.013218927163745677	0.014030549326188834	0.014281300511989826	0.011778081654918284	0.013261348948050415	0.012367418678046773	0.014014341057275228	0.011662292090405842	0.011743872992664597	0.013680268999685443	0.013136989672959459	0.013638836779109653	0.012966114396291549	0.011209451307107548	0.013348401133136324	0.013152708676716371	0.014561989061749709	0.012827248986664787	0.013179250477968418	0.013430523232390943	0.012690229050649348	0.013252421508087784	0.013721015212328873	0.012782764304010406	0.012128139185617764	0.01333184804768232	0.012993895379134908	0.013753141845365434	0.014470599633377434	0.013571050081553158	0.01244813527541	0.013081039558111605	0.01278200358727561	0.013788628604494877	0.01328180828273262	0.01452226830433423	0.01293913187730706	0.013274103785766203	0.011456609871453345	0.012625446540757588	0.01277124946930932	0.01249640721404709	0.01382836317589454	0.01289919027189486	0.013084743712054599	0.015126462487343813	0.012994172008145672	0.012652377941395914	0.012323216520691915	0.014284966369603896	0.01289953972772284	0.01279881696332223	0.01307743807874422	0.012137055328553224	0.01359481501097647	0.01239333029303729	0.014105810203995716	0.01374638883362183	0.012261654095480707	0.013943871294462147	0.014433850790374987	0.013059755372134703	0.013526749013391813	0.013871489511668604	0.012227259728272356	0.011518583467249748	0.011487563100783544	0.012393623447631476	0.013333862121018183	0.013393883435078087	0.013828119425401592	0.013080785528095582	0.013390010999283254	0.013339828027607853	0.013471857675375494	0.012629479361412661	0.014732231285242694	0.013368353973028069	0.011438712498513423	0.013238243396403915	0.012715148924122913	0.013374808401835525	0.014029940354121568	0.014194593824973654	0.013020074676735764	0.012474569360345102	0.011728596310314565	0.0126709480542859	0.013369941679059654	0.012181329094434893	0.011509551044060616	0.014139265966821168	0.013668396816884807	0.013602185370145604	0.012948959961370417	0.012561242483652339	0.013387084261755656	0.011709794260836182	0.01423821390718056	0.014772711261249872	0.01335350722751945	0.011846216195917357	0.01199843861863201	0.011185244798554723	0.01512492092859911	0.013735428585505834	0.013505676502881878	0.012865044530652493	0.013222039119265476	0.013588456139864879	0.013050598669102988	0.01361806956544374	0.01296919228701226	0.012362721616277647	0.01222700641366566	0.013244165815515836	0.013093295590325753	0.013315460901327451	0.011771206225181529	0.013818894254767176	0.013440284310480643	0.013808661414897656	0.01396385515455559	0.012991736354347054	0.012160471880380452	0.014289033013546192	0.013275566900918198	0.012518155321153752	0.013180386969187472	0.012600189410687293	0.014360354441404505	0.014065059651957897	0.011905670119068519	0.01310854313307288	0.013666378299007173	0.013154349002807271	0.013361154583214201	0.013590588426970586	0.013608165210574253	0.014221961205071102	0.01129843698861515	0.013346842356272474	0.013468763898162468	0.012923038255874939	0.013886595281980343	0.012858786943939294	0.012586332747086171	0.01338194529179179	0.012787463150610854	0.013623773446076523	0.012316309257471512	0.012877344040192407	0.012913666800293782	0.01332970694831709	0.01339811838397318	0.012999519203351342	0.012958307502577673	0.013070676100078059	0.01359085058326075	0.013946100591864536	0.013554833105022873	0.011978200113208408
aphid	0.013940395275406978	0.01358110291313435	0.012096549371915679	0.01346451004357871	0.01373053636703504	0.0	0.0135836313654466	0.01352563752294416	0.013891901702763176	0.013906154637111678	0.014737894636916297	0.014072733442010082	0.013865738971690389	0.014377595453303386	0.01283373708227642	0.010929699146282376	0.01456342312979594	0.014256460955479569	0.013659837203730412	0.013433471683332511	0.014292101602919095	0.013714667648596785	0.01397018696489057	0.014837119811300875	0.014159243623140956	0.015071319596420227	0.01525438759360506	0.01252390437444413	0.013521236578354768	0.013651761123106914	0.014214034161445921	0.01449452100609556	0.013204633887231438	0.014117614302829297	0.011906180316374021	0.013831737793080471	0.013606750053738776	0.013967592449348	0.013751572535417098	0.014067033547468083	0.013966117878474061	0.01351828705872268	0.011819237304314476	0.014101038564461035	0.014135795946315468	0.01386486222515595	0.012927489254947522	0.01355538935477516	0.013539392998725829	0.014241672808613577	0.012840007799367517	0.01416829135057758	0.014425056613359608	0.01342057355473604	0.013272770273114066	0.014311805980991032	0.013279600211062455	0.01356222560324444	0.01388545111559591	0.014214515106186426	0.014610953511649025	0.014685798243338188	0.01442805746627088	0.012834043395767514	0.01440396665792693	0.014390398012810602	0.012737294123759074	0.013642447153623385	0.013812775399683022	0.013908846982882042	0.01423012084068034	0.014889407272571868	0.014435997277949095	0.013775900507060403	0.01451458244402045	0.013317715726913468	0.01372543881791298	0.01530301101643211	0.013797944613518472	0.012339813063402235	0.013893843098634874	0.013965799240369383	0.014160808588200149	0.013627288754711584	0.015153588349757663	0.013997593874361853	0.013991459263099283	0.013845026046166338	0.013962545356398945	0.014745492356677993	0.012986296886323391	0.014016299126802429	0.013523723603907422	0.01417682309194614	0.01423841530484827	0.013784801238078017	0.013157028753490278	0.01457521585144949	0.01224380578296182	0.014244141795149793	0.013575930756676614	0.014256020087952766	0.013430580701512066	0.013749626195516802	0.013623917195917587	0.01476664579208068	0.015374409646570246	0.012607708046481337	0.014214452276210892	0.014021866965285536	0.014348309012852367	0.014178095131612466	0.01411596735593167	0.013380205772874824	0.013706895061505636	0.014150577726925604	0.013791578290467114	0.014583345409589454	0.014011031407619366	0.01424530510026776	0.014193763900789866	0.01120395990229417	0.01401468520095769	0.014199829715479945	0.014664541671420402	0.014311725257263883	0.013898994989540028	0.012887007906109466	0.011220810880078274	0.013856921429667324	0.014283272761247037	0.013859399103604208	0.014317430633832588	0.01446249529661121	0.01157420888639574	0.013182529274352293	0.014695872259622766	0.014033980990185178	0.014478995309744593	0.01346166736060704	0.013241293522196598	0.013966144805014036	0.01406594511802849	0.01292054150066281	0.014203234965533017	0.013779279997376237	0.013274850788630145	0.014346021290636495	0.015051979771407462	0.013563673346215808	0.014231605667344178	0.01510834305586535	0.014688885773569244	0.014646208771482493	0.01486630866526329	0.01260412944537195	0.013332666853258401	0.01337638833234344	0.01359016231124917	0.01462179115062216	0.014347149244929603	0.013305847205855831	0.01389410009253037	0.014142455241479286	0.012365010424144712	0.014577646543094118	0.014515993266192241	0.014104877480710288	0.013150426888484555	0.013650790042107327	0.014682410675902653	0.014007815673280043	0.01345172604814067	0.014264557544560304	0.013889300603444206	0.013746392496186142	0.014578132312813342	0.014663669942310125	0.01222636882497896	0.013168713756317611	0.013837345552177926	0.013210129309130259	0.015136902716125842	0.01453526969476235	0.013310096769701492	0.013815174411325449	0.013752002159295356	0.013936345202421431	0.013326241929788192	0.01340182457263546	0.013881258312954767	0.013815810085765916	0.014081225172805436	0.01352944247468976	0.014562337463022983	0.014113842237668171	0.013198075630150345	0.013787227121391339	0.013128274186971482	0.013954555252237894	0.011505882278837653	0.013383663867632935	0.013804882533305285	0.012631932922942653	0.012672568368840129	0.013802914370573516	0.014363499750380392	0.013728390289068478	0.013856295874725526	0.013633959213879759	0.013349229430662475	0.012506214067055973	0.014169119627867249	0.01353836730740045	0.013866087219005676	0.012365583395609607	0.014761278088836111	0.01463838842437173	0.014064870553763214	0.011360875347559647	0.012962654543594172	0.014270907622522644	0.013755366113189713	0.013399470861260396	0.01405487700352742	0.014558797202602319	0.013395952145428231	0.013745236965820853	0.01409101923227726	0.013993711923710983	0.014269374712511926	0.011532295797220609	0.013720772888159333	0.01420877299768931	0.015003262389341075	0.014312923811316866	0.0132751139747352	0.014653129941352008	0.014192127672504535	0.013882710497984714
armadillo	0.012656593907640767	0.011066720135588695	0.01213191757882347	0.009579847393881173	0.012843083091005793	0.0135836313654466	0.0	0.011897455870616452	0.012609177456498548	0.013580901258921595	0.012812538039127422	0.01283455048680478	0.012805265037442974	0.013547786937070386	0.013046543372199938	0.012683629964921365	0.012836342880496588	0.014130472633577496	0.012853376722185162	0.012670098190037067	0.012632304230279718	0.012961060607694393	0.0119918653626876	0.012978012097916516	0.012358266333336426	0.013840038322185172	0.014502866552409961	0.012031594844076088	0.013755552996623635	0.011408167122584724	0.013397633890584081	0.013964192281112604	0.014049619908859945	0.01231214236369973	0.012795924392002596	0.012640619125579384	0.011672195833340457	0.012019656414963007	0.012897836770325723	0.01255532220025889	0.0128268881593344	0.01353377042963247	0.012131478404328514	0.014813011023401459	0.012827452352238646	0.012707778513422275	0.012161784719225226	0.012071895498720635	0.012679906123119603	0.012321136410675332	0.012899838902717713	0.012130937265620171	0.01354056251573738	0.012720208745469691	0.012337789978309952	0.012597112809276391	0.013231633051359628	0.012635471805732885	0.012364324332405285	0.012285986781704348	0.012586415465044933	0.013285454117420471	0.01345122810934274	0.012219465152170414	0.012924283717274623	0.01275137110659981	0.012317472452540567	0.012023465930376693	0.011894119373352408	0.013226500701580466	0.013752697978840676	0.013351302116376253	0.014193295088323692	0.013100479348272891	0.012366667459156275	0.012914917197113613	0.013616243198887011	0.013522533117562846	0.011904428318306954	0.013913270586227745	0.013892394420269107	0.012889198856651064	0.012079657876095657	0.012780104927496089	0.014014434309775552	0.012161229376339722	0.012799629407811144	0.012942821832011987	0.013172875043100466	0.011488886855879359	0.012412189305980054	0.01225521354077887	0.012516246434169069	0.013883552007840893	0.014238985803505497	0.013718727975119256	0.012589393884998867	0.014188790785396886	0.011239059569911914	0.013069656835327226	0.012441576245349625	0.013843629548273128	0.011871413098337063	0.011863519515243321	0.012111704849578542	0.012531465045227503	0.014074090585460663	0.012529815987241748	0.013101660898981439	0.012613828085616851	0.012588197470091688	0.013112536064397835	0.01166721235337742	0.012662392254208373	0.012153604943967253	0.01295063980712441	0.012870622333860566	0.013079290360342131	0.011341313421926154	0.012326350465611244	0.012684965259495893	0.01244913124622203	0.012917142462009019	0.014324876397536195	0.013769003541399538	0.012411368242678298	0.012731021169302977	0.014162402861360295	0.011086740635722545	0.01375420674254988	0.013160119017079896	0.011998586239319613	0.011751489705484768	0.013544965715784204	0.013777021195597958	0.012199254185645938	0.013124515225989127	0.012982240948798535	0.01400376341976523	0.013282632556053973	0.013382852460103203	0.011714969552436305	0.01226921676723961	0.011776706580882564	0.012939040538807223	0.011956197433347266	0.014007384522723789	0.011790684421537261	0.013060401876603575	0.013269938273738922	0.012473776449644923	0.013502836991906918	0.013434417150943945	0.013190694151504076	0.013539051179464806	0.013697223028869715	0.013632866360945047	0.012379795427840118	0.013291958161084584	0.014039231661352536	0.012135858754232119	0.013921405702832157	0.01172683595209354	0.012278133647885629	0.012331693832334184	0.013434876488072506	0.013185536828462905	0.012690753228862104	0.012406306748428342	0.013298795348034268	0.01228663192065859	0.012429930857988629	0.012578676289535098	0.012572249200217343	0.01214001038503047	0.012423331537893566	0.013335013088294777	0.013873268460134305	0.013995773445876993	0.011284023695201319	0.013361918588225576	0.012086626874553452	0.014112423616998018	0.012453216237200932	0.013898930592652136	0.012149258324476114	0.014344933671474595	0.012427826980314414	0.012680680329979493	0.013562557237935194	0.011960352213266185	0.012786807158597193	0.012501597994461848	0.01253541083518942	0.013937194636460558	0.01243299436111017	0.013883763089230868	0.013179873944820158	0.012868456739589076	0.01267885682030636	0.01382047833091805	0.011852553069970724	0.011706081760646598	0.012472231966748777	0.013041254125442239	0.0120621028130272	0.013026852319614876	0.012849898057044734	0.012091142456195976	0.012197312118688696	0.010977150447529232	0.012031878477305696	0.012113476092567776	0.012979155995654135	0.013149027804753076	0.013263155492892626	0.014316276017360923	0.01370660004992188	0.011096765546352631	0.012891184419548113	0.011360022425829485	0.01268023455065111	0.01385994903605012	0.011925269000799934	0.012112146700476143	0.011949848475253875	0.013450859786422195	0.014868517239742701	0.012082838490581914	0.012269765760453572	0.012747768623764744	0.012566641601954136	0.012431702440858885	0.013109899288392686	0.012845183962131159	0.011894451245289704	0.012834068335082709	0.013622845274287105	0.014178349973870621	0.012557757081964507
baboon	0.012772134266026056	0.011808878672286874	0.012327029910005123	0.011443392607910014	0.012165419783953507	0.01352563752294416	0.011897455870616452	0.0	0.01261336041102531	0.013619111824606274	0.014342159969476131	0.012641452521849412	0.012260430591117234	0.013481802827834849	0.012908965207677854	0.012801722619198047	0.011587871735518382	0.013457345235485167	0.012483727530107479	0.01220657008667289	0.013799870512424069	0.013400196404654074	0.011962156443574092	0.013462373653788605	0.011310413084584975	0.013668477684829386	0.013772417024591126	0.01285110070141306	0.013683074048836912	0.012392876265484225	0.012234019200884691	0.01349418379644645	0.013819459375132159	0.011906896629989124	0.012440352015607526	0.013054455069418302	0.012099600297079398	0.011522988808604317	0.012754569442973717	0.010329384887674913	0.01275261231381632	0.01313989956965047	0.011743187624873221	0.01467895745738118	0.013325282123463551	0.012941275331184166	0.012937813887106873	0.012772570423265562	0.011679659221026711	0.012128547516338158	0.012901097368944396	0.011164537367485895	0.012709348462318132	0.013069441378850017	0.012322131900058805	0.01184298359982927	0.012213798305878569	0.012668963529902726	0.011295134193383505	0.011523435632918107	0.012472616265586364	0.012255316647796817	0.013407799664259508	0.013159713763288816	0.012360059861170869	0.013575293688376313	0.012720499503515717	0.013150878487688013	0.010331593134954504	0.012889565746768838	0.01352798105516112	0.014186078665360561	0.0133324918437426	0.012838489102656012	0.013186461960649374	0.01309006255429279	0.013947064821033067	0.013708305819562238	0.01176507619332643	0.013996948411423911	0.01431972469234239	0.01207181521502727	0.01249240559503247	0.011182701449404501	0.013380744171166832	0.010310551362797292	0.01121330952916033	0.013105346954907227	0.01310822974058492	0.01105920750189699	0.01341887492718951	0.01165770873300755	0.011437591887478107	0.013902150741499092	0.01435004728289719	0.014338209025810091	0.012191401191762107	0.012936380906379812	0.01202250861920821	0.013422408322444462	0.012540389966295114	0.01310240587742975	0.00978851589984015	0.012353595119828443	0.012370886026481938	0.013672917548233385	0.014825417588889653	0.012423444313125928	0.011872228332005543	0.013472302447846038	0.012256483299085128	0.013160050952433777	0.011218803166889203	0.013044242847735796	0.01188917473636094	0.012821069553561078	0.011694536782380707	0.011709392280476318	0.01161680058996043	0.012288160895152538	0.013223295999904329	0.011819250710647261	0.013448790203019376	0.014687987882861098	0.013268099091333134	0.012456480566813033	0.012538939841265665	0.013337476735281333	0.012539034278622877	0.012852249790278061	0.01167841135607067	0.011254898043736097	0.010723673580130069	0.01327500324601653	0.013832253484267018	0.011694678034462572	0.013073171519407957	0.01372602579118559	0.014363256855764148	0.013038165210290734	0.013045044438387863	0.01238244881401142	0.011451463880903694	0.011385280469838116	0.01332383204261138	0.01214697367618917	0.014381697491229114	0.011574159098411911	0.013146034025827282	0.012596344436975587	0.011530013859862404	0.013214327825333777	0.01278384789683471	0.013497272467285954	0.013329009384628806	0.013474550387324168	0.012669371255557966	0.011587391649487053	0.012392431728455016	0.01388891765314809	0.014184370944918352	0.014410891449843739	0.011077677105729499	0.011719909552682775	0.011866309524395593	0.012965611888493182	0.012113880877516626	0.011945026738979368	0.012345572426329863	0.012857162368779434	0.013434850008543333	0.012898926144213431	0.011663260711981142	0.012741575561407084	0.01166849764523361	0.012357941717646214	0.013274576158674048	0.014440790920996514	0.013277830309579242	0.010741648750090996	0.012011323626244725	0.010352290599418043	0.014559819997047883	0.01253955431281343	0.013842380596441585	0.012973280974122134	0.014187022925614452	0.012076648942914346	0.012597813641785829	0.013931458851255385	0.012205713031691654	0.012414818178607267	0.012388663945066642	0.012220750847629892	0.013654539055220065	0.012126577467157224	0.01261229682034646	0.01367560398929641	0.013775084830390106	0.014186154547496726	0.013392845766748835	0.012039051697609778	0.011723765813554056	0.013332507521279777	0.013133757572543661	0.011317411050424428	0.012848500309975848	0.011955911991488917	0.012660175703594807	0.01326270807877365	0.011124778187356623	0.012954735525910229	0.012832174198203549	0.012804559926720084	0.01363820446761242	0.013008808456700681	0.014030681207089953	0.014172307670534885	0.011057906806991192	0.012566235161265003	0.011519002789370167	0.012009969227732693	0.012875704350619304	0.01176034963544857	0.01150780453885635	0.011963694986774116	0.013872517673937495	0.01413343734079469	0.011267893223723163	0.011794698089194457	0.0122870061905826	0.01278872664539152	0.01180759360350897	0.012683081762517097	0.012589050982237535	0.011447822872416604	0.012970594257843845	0.013832600612942041	0.013823723569021801	0.01175693622461836
badger	0.01259868435176601	0.012447628077511153	0.013255276175171695	0.012588791178562337	0.012130504668352204	0.013891901702763176	0.012609177456498548	0.01261336041102531	0.0	0.013571499405388548	0.013577581122578635	0.013508333171725834	0.011550078870831983	0.011125719089676332	0.012392748310406017	0.012639102634222531	0.012915316473790706	0.012983705286305125	0.011500021492478116	0.011675645704781417	0.012266928133851078	0.013285810175061044	0.0128951167061376	0.014583762100543766	0.013795127492691144	0.012475858991065736	0.012497431624775115	0.01303417685571902	0.013959130526776475	0.01364430755871332	0.013294797166269223	0.014441933677750296	0.01312991825515335	0.012338970866194225	0.012837973097869508	0.013463576642419466	0.013311244633610095	0.013168286636505298	0.013344324057324544	0.013167969419216451	0.012092502806956028	0.014144165677911094	0.012570109754655051	0.014439853827598057	0.013872184553969314	0.012502015323503573	0.013860961977171056	0.012574147432432787	0.01272856734438261	0.011714566767451641	0.01278185754538504	0.012253652882566584	0.012074210320450453	0.012771020662246975	0.013725583390227461	0.012196466101764177	0.011763435964975266	0.01347157075767139	0.01160967779874495	0.01194991328866281	0.012722765074231425	0.013063259256971995	0.012959247645273595	0.012902451164284725	0.01229933232061079	0.012039221057473976	0.012829253435260233	0.013319477967234173	0.012291332119642293	0.011783491749952458	0.013047028949477957	0.013422644836445792	0.011746720283715524	0.013633183512921351	0.013275129507977905	0.013255701530799899	0.014107153869505729	0.012095271379043844	0.012733387035111312	0.013427779997733863	0.01324475983266634	0.013053069050114925	0.013945548642784132	0.013476512509724519	0.012669258963569956	0.012852398942894815	0.012089701000869334	0.01293945435775139	0.011814559767181822	0.01271611233452488	0.013052703160421923	0.011388518851908402	0.01270471330324288	0.01302510661281361	0.012180605835827968	0.012793998951706359	0.012436994918752048	0.011290997517563113	0.01342158343782522	0.011440382735075336	0.01208238932513536	0.013086776559248932	0.011871513330601234	0.013617034461160528	0.011934855365512096	0.013338176653430043	0.0137112635731901	0.013924004534052228	0.011684642124315194	0.01283924731972006	0.01275283414013664	0.012473950325097218	0.012151497999792411	0.013340263695841237	0.01369105553507967	0.012167552361688413	0.012189333445418192	0.012321967397152188	0.013157803203933205	0.01328174560852605	0.012859327301923412	0.01223830316468592	0.012586308846338013	0.01444128805208714	0.011963768177234404	0.012705054755367293	0.011771045172449989	0.0129805733226495	0.013014389037190344	0.012071500136198968	0.012779397820495784	0.012317624820668003	0.012860789415062641	0.011754923965485808	0.013800417650062662	0.012453121579050605	0.01269269875325393	0.01305654229884405	0.013262748778428469	0.013954474016751449	0.01328520289506815	0.013154736934301504	0.013697976955117572	0.012631226906171047	0.011357333204650313	0.011724661875310492	0.013256281592234185	0.012315931132866356	0.012982569423942302	0.013909779828176738	0.01289071720498187	0.012703576031217734	0.01307293541864631	0.012181920356117476	0.01306649306576795	0.013216483136300926	0.012241680565881152	0.011535417332356772	0.011955286935411716	0.012265150686614303	0.013052118865335494	0.013003219942672102	0.011973241279117865	0.01109693696566854	0.011250301792961772	0.01294817141740679	0.012830223035612346	0.01232400550180107	0.0122886353945314	0.013123582303891396	0.013603769961582919	0.013696733173659366	0.01103260462803471	0.011790523792643115	0.012219567236634922	0.012006613472504077	0.011982499154178287	0.013702717205516244	0.013428812561741532	0.011985439775441704	0.012588431279566426	0.012953467987806763	0.013682893766749714	0.012614914284681825	0.013795347450749307	0.012702701518073269	0.01300463298116506	0.013433137321710784	0.013550099434039406	0.013937229532168036	0.012872136791542112	0.01302794170756248	0.012539615533580607	0.013722384079473736	0.013378647112173134	0.013033201633112789	0.012777247021114279	0.01434373003980833	0.0138423863104147	0.01324382877013901	0.01391622943915202	0.011920524984887118	0.012557826502203004	0.0130774970542758	0.01322240232444535	0.012589386442407162	0.012551688777612188	0.013425919616050785	0.013627077545422115	0.013923888582524566	0.011319891699770301	0.013225191164462106	0.013625901228206467	0.012898991541537303	0.012337436282147856	0.013945596552715909	0.012711503132363666	0.012581389986377057	0.012627343344791053	0.013700224718639228	0.013327141896558996	0.011615466401543055	0.01322510005955086	0.011489462126187193	0.012446511256671204	0.013377695473976183	0.012738479558832238	0.014782903833868398	0.01200337809231312	0.012802518514219924	0.011914242158529386	0.012491657087554122	0.010998661160292982	0.012893185045176605	0.011320271544839545	0.011304689167248125	0.01312110249642975	0.012600540449430044	0.013578201721573958	0.012629218707857475
barbel	0.012819824740062425	0.012708616619335486	0.014317735260434424	0.012840088363048084	0.013486264970592566	0.013906154637111678	0.013580901258921595	0.013619111824606274	0.013571499405388548	0.0	0.013190623418280185	0.01339771678688549	0.013850824600380729	0.014460924321772768	0.014062758786485895	0.013495361409125346	0.014332644261928096	0.014060113111944921	0.013857446852961086	0.012879049501435145	0.013854193248706924	0.0125304834300152	0.012025804951311654	0.01380981630899283	0.014087538495065699	0.014753370899810403	0.01566024288605669	0.013604075075659985	0.013315322826852658	0.01160667861100933	0.014025182436418024	0.013962661514234014	0.011462163316656702	0.013732893435762814	0.014019344000251623	0.01127223364705228	0.013697360960407488	0.013422552644981642	0.013901649098946858	0.013810713738396483	0.014010997325259305	0.013015752271949883	0.013289757478565504	0.012690552443150706	0.01333665346258339	0.013681878762214581	0.011653725559337096	0.013118357009523874	0.014207532899042662	0.014109459477141368	0.012023399611038911	0.012198475218194237	0.014447229328679327	0.013724051858921713	0.011388239787957279	0.013293788066640291	0.01316148335214596	0.012063602294893254	0.014066210967705228	0.014201209174039298	0.012658491787869333	0.014389861678067486	0.013812710429713658	0.012940830819387315	0.013665984195721476	0.01348635024407533	0.013854846859305896	0.011685127376805866	0.013845811344501063	0.01410074970307	0.014016668203842531	0.0147317598398001	0.014107612046291637	0.011134053492941878	0.013815916473149297	0.013628222400477428	0.014424799440803288	0.014835967667809096	0.012601456237062277	0.013615841917246473	0.014184856654676172	0.01286291716617542	0.012867801088232494	0.012521239600571115	0.013437020145681792	0.01304097639160917	0.013776530248482603	0.01296301733253989	0.013669574635390778	0.01441852839060831	0.013177771665605917	0.013276387046669405	0.013866126042520643	0.012477447092788035	0.013084827107369312	0.011647236023923662	0.013677933392832962	0.014591648260059003	0.012571293173146496	0.01412168249424328	0.013544835413751719	0.013807666316339322	0.01288710759372607	0.013675375846067398	0.013034868349614261	0.01485735475531805	0.014314258592777587	0.013069089717097715	0.01409920580397015	0.013113831343227971	0.013027142481896997	0.014529055497766452	0.014515145061180646	0.014077953063280902	0.013223574392892824	0.013009294693726301	0.01259362528017705	0.013581902292354871	0.012110809367579382	0.014517622570869198	0.012149962420708984	0.01210506725660235	0.012783119539358677	0.014902598644903953	0.013848665260464825	0.014252510452988785	0.013229767705613533	0.013712509157082537	0.012626954487878423	0.013363658768815966	0.013565297201163319	0.013070916419258217	0.014515996946197578	0.014237339553554924	0.01407859138440025	0.01375252117666514	0.014822918734852076	0.012278552072620762	0.014379826475990964	0.012648711439103533	0.012815075218678078	0.012855272237602829	0.01278853966199171	0.013352750465794948	0.013117565360792774	0.013381236556356677	0.013252789851301676	0.014271065431058869	0.014429419566122283	0.013332407639220192	0.01287020115079686	0.013679086976144377	0.013397628943668296	0.01292471273024165	0.014506062251338612	0.011572928674194379	0.01248994949333347	0.013448559524327329	0.013033068461585291	0.013808311640890702	0.013295708225635623	0.01136582398478035	0.01308393114333895	0.01404969884326123	0.011914086876596145	0.01463809798212539	0.01418945348433474	0.013866019848611326	0.013607772354801507	0.012154057479027479	0.014378239593172273	0.01372173981093164	0.014057003786272964	0.014129345067791161	0.013567859355241147	0.013601404825013904	0.014439431619656178	0.014391353993724851	0.012780133630250885	0.013171726540446594	0.013714838922005151	0.012814590369543712	0.014510934663948965	0.013648482629922647	0.013563773225351218	0.012160625043540174	0.01279077663669949	0.013844650658965021	0.010710369112423916	0.011772701156656486	0.013274457379818973	0.012084341196853652	0.012494966985012948	0.011089063418445509	0.013927707068503083	0.01276970596692562	0.014143273505600778	0.013765612265678642	0.011906646718968412	0.014253071135293442	0.013698851688080998	0.01402174888643049	0.01393906527003668	0.013767617443277726	0.013356867895487807	0.013043733189247375	0.013279857074983666	0.01198251656335469	0.01408906122276794	0.012300175622800951	0.013180694247598719	0.013249585875972494	0.011971131746637043	0.013308776433610232	0.013547735172493258	0.012386669052743852	0.014151328109178997	0.014258792415434046	0.012462225609629103	0.014717402375653927	0.013716847910110979	0.01388557959630217	0.013435201098880857	0.012841739925277769	0.013366568894776342	0.012839370937475779	0.011801305499258515	0.014001236585648821	0.012851637771786072	0.013349459231372169	0.0127954295374734	0.013549519090387395	0.01337929190687104	0.013150993002257368	0.014039293572201022	0.014060253829942066	0.013016995224544305	0.014103446930179111	0.014186649261571706	0.012979693961102698
barracuda	0.012555155799809276	0.01250963654027678	0.01330362273326026	0.012949023415013252	0.013834802578581204	0.014737894636916297	0.012812538039127422	0.014342159969476131	0.013577581122578635	0.013190623418280185	0.0	0.013910463267886398	0.014218628151275671	0.014123731601305041	0.014308054045874461	0.013139274025108187	0.014012438271972015	0.014123904459771857	0.0136091623205496	0.013873663807506743	0.013170047945734226	0.013829092481445517	0.01257560108924076	0.014048890570244187	0.013756777483551594	0.013981106732766662	0.015106266572232534	0.013275510739458327	0.01386887040297614	0.01202055533192315	0.014030801506728781	0.01392659090925104	0.014155027712282027	0.013361359528214998	0.013141267257045086	0.01278931678173015	0.013419380940539537	0.01256098592747636	0.014010720688381465	0.014746137835677027	0.013248146003054151	0.01331575137461954	0.013679318016682228	0.013501324015447838	0.013391434480840509	0.01318005581209834	0.012771113011016895	0.012633189566239565	0.014336340664157364	0.013156530122928023	0.01299932566409035	0.012490778459463225	0.014568987406073769	0.01337280498608694	0.013010399700877931	0.013701246504811247	0.014213029229420249	0.013723223308586809	0.013676302973890837	0.014025130919035438	0.011945560406080176	0.014665205192595095	0.013937131691796436	0.012858500343766099	0.013775373613379353	0.013342728268658533	0.014252156651578259	0.01208210244061984	0.013980995192975663	0.014387216643614767	0.013950532401039242	0.012442233292166982	0.014076124574505511	0.012996504438908438	0.012170100049650292	0.01360826790860483	0.013835467386154258	0.013477656872567405	0.013283365796192137	0.014228177474298515	0.014011058211361872	0.013099314660419052	0.0128687566321457	0.013671700781226924	0.01486354969976415	0.013303968322042387	0.014475205937194473	0.013513000176288679	0.014147614735202749	0.013732157905510222	0.013362243448749103	0.01335681326442583	0.013941011624652442	0.013128283886610734	0.013614914386095005	0.01274939204216735	0.014203580216963961	0.01437096482425219	0.0136677355524419	0.012642011313382188	0.013096925986479777	0.014435853143508983	0.013539390353637173	0.012521279615207244	0.013430684478771883	0.011730809998737966	0.013245360400345997	0.012980558233563184	0.013544108050292724	0.012737547033556985	0.013082119632254096	0.012891556976941602	0.013946068542601437	0.01347871047322257	0.014461508078796625	0.01393875639264517	0.012778086951581523	0.013821976254084767	0.012912396535040083	0.014097819560764531	0.012711095021327095	0.013817270689450585	0.012428807748340716	0.013813355738289665	0.013375456064522086	0.014028683785710136	0.014573118423320314	0.014671963455751143	0.013428448062216174	0.0136719783350249	0.014092603615145692	0.012886261444550254	0.013667665719490124	0.013511780869651182	0.014243492896540564	0.013535230376220585	0.013989167641590155	0.013894373432231898	0.014072333438317429	0.014425878923242126	0.014154682640684963	0.012463493613371339	0.013785745593927428	0.014242993729849473	0.013584398727705426	0.013765908456483315	0.013708831294475745	0.013085152946369588	0.012944997333092217	0.014272213689864673	0.013680504665951594	0.013136793872403305	0.014742401268311984	0.01272690622111245	0.013422270118819397	0.013501917079544363	0.014425152928658303	0.014076143482653564	0.014223106377952354	0.014429554335236938	0.012024650831301893	0.01267954898767399	0.013421451982408673	0.0131837606666378	0.013294617559571304	0.013717498223198739	0.013807392664711173	0.013851226231252678	0.01456298265920601	0.013078833317658961	0.012149431787700511	0.01338490657070906	0.013721334841570208	0.012473441045965534	0.013848118497150452	0.013362107483154894	0.013387111104917608	0.013514981416486169	0.01364253637791281	0.013660024616919317	0.014485402624891097	0.01415659427304523	0.013849214450471697	0.01399410061625231	0.014573486439582384	0.014031838286098348	0.01407010695539395	0.013958939548723313	0.012717630124917244	0.01351596449681304	0.011524926508535913	0.013415318567486366	0.012328203490185161	0.013206681601472396	0.013986911114820519	0.010964914065415481	0.014798959459493269	0.013802031223212803	0.012962418310843112	0.01171966716057912	0.01401789172089283	0.0132502134663251	0.014236264690309135	0.0132283723569801	0.013636155031894817	0.013543317798493404	0.012990196565103744	0.013260855820603358	0.013332934190119944	0.012481898572318842	0.013909580128829304	0.01259678800933621	0.010747576142671324	0.01400261940346847	0.0134455311920948	0.013853002176439371	0.01356744365314337	0.01296825639646039	0.013804323246888234	0.014562982479088328	0.01278690912912861	0.012694126387691131	0.01439363547154914	0.013509354895722225	0.01371538157892805	0.012940473616930038	0.013831262706656411	0.014788188828912656	0.013086800676767017	0.013049482323954122	0.013028207951754547	0.012923963265169378	0.013401349141347663	0.013011415239903942	0.013586342454163071	0.014240624753197227	0.01381916360897625	0.01406042597711836	0.013997155651006002	0.012829037978705661
bat	0.013000723131780372	0.013207999709652805	0.012864819606295546	0.011920290466366057	0.014049935683657597	0.014072733442010082	0.01283455048680478	0.012641452521849412	0.013508333171725834	0.01339771678688549	0.013910463267886398	0.0	0.013260596127947966	0.013801902913808273	0.013630025329941974	0.012716246943070348	0.013545014225512799	0.014336428383450017	0.01353353440632422	0.013891984230688412	0.013298869594230054	0.01330298867448369	0.013183459762958927	0.013741592990749547	0.014255148274831876	0.014064258208462884	0.014884227569850502	0.013141236169108944	0.01310043933839194	0.01380606403635707	0.013937330068599412	0.013985108491264229	0.013815898153388786	0.012919035655645394	0.013316676601136591	0.013263807775774952	0.013129623827061737	0.01297796600540329	0.012953824031945737	0.013167580387451347	0.01386561922561048	0.013918745717442189	0.01251156747507761	0.01410169070958437	0.01300803710831963	0.013600490269086933	0.013003029568731332	0.013258773589367105	0.0132321817198657	0.012749242407039764	0.01284862998372807	0.013049336416944845	0.013308318211179108	0.013049949127879148	0.013168433089943943	0.012806482814329147	0.01320442460854336	0.012977940098978435	0.013126129259180186	0.012794018672362685	0.013028140752611807	0.01330704411008699	0.013065276401406454	0.01265378529500163	0.012131370647399551	0.013355793618402813	0.014065282446577057	0.013470232822077453	0.012943596239587922	0.014374132544888493	0.01391599001310078	0.013781440066475898	0.013282756059702893	0.0135994436881185	0.013675183208923232	0.013212668627931112	0.012487258003186261	0.013858986176309197	0.012499546993725897	0.01461971173381183	0.0147682851368487	0.013751195080160287	0.012931267076614962	0.012690343253528046	0.014142103835334263	0.013824903784340623	0.012784837918196876	0.013184581551538762	0.013264360136137474	0.013024058352335468	0.012957788005799135	0.013404015778726477	0.013166505268470869	0.013259598845491705	0.014453782679320914	0.013937201730038217	0.01253480769197078	0.01461221946812119	0.013095855728089946	0.013063933916817481	0.01294723121038981	0.013442255820940226	0.012928866722703287	0.013052076471167857	0.01325378525958259	0.01403374587418605	0.014206859864543089	0.013572181803005581	0.013338425463068071	0.013802883688762802	0.013470027127705739	0.013405286254810135	0.013238812654949974	0.013996774705186756	0.012789483469127757	0.01362063422740462	0.012992279285251538	0.013371496995293526	0.012726621796527884	0.014087646691804451	0.013213739251470728	0.012877436932321948	0.013544036106337526	0.013631174385752298	0.014194281454946708	0.013750011220768086	0.013755618715364655	0.014296773125680527	0.013007576886649058	0.014011449383103537	0.01287656072073367	0.012836651083337263	0.01226214600572051	0.01413591129340427	0.013839894567415922	0.012502676650340749	0.01420272474071426	0.014107472638845047	0.014593560807571406	0.013937808612958257	0.013617215501757358	0.013115901596467548	0.014137312855815815	0.013123058967023012	0.014000153674040165	0.01280428994332312	0.014312352393259906	0.013685225128290927	0.013915401853784952	0.013391305372226985	0.012361894193492104	0.013817471552284837	0.013868375092437489	0.013747831902715758	0.01395008676762063	0.013563378890979584	0.01340159762349538	0.012935364894047436	0.013221612491725456	0.01412273172811103	0.014130108393903431	0.01365170669901261	0.013383510311978857	0.013593939953409588	0.012920119140678397	0.013995129428909363	0.013179322657266079	0.013972823249120879	0.013372678637663034	0.013634249440925892	0.013966119262828142	0.01320610403464783	0.0130364546719222	0.013722067557032954	0.012060335725543577	0.012973468343340204	0.013151086805918328	0.014020820961846519	0.014399351006871185	0.013031820981494198	0.014382884811599774	0.013162434262163313	0.014732967837422718	0.013584317584401142	0.014638402844052333	0.013040774116498989	0.014031206453286354	0.013768404208680226	0.013644987920134995	0.014247656174916199	0.013017780963719687	0.013662602604153827	0.013458945654789273	0.012858561339448094	0.013666903411258409	0.012855062308887782	0.014023846664213767	0.013649057693653252	0.013534588541616885	0.013856736012716387	0.01427538288854142	0.013274105388883224	0.01319228942350925	0.013257490503837267	0.01372917377761051	0.012323286743465688	0.013228026418830632	0.013244108728224657	0.012631077131827977	0.013127915475946585	0.012389985938430522	0.013930942826073161	0.013126674940170543	0.013118238019215482	0.012716685294142596	0.013837789624911731	0.014464321934030728	0.014027709488488204	0.013547565587298492	0.01327561090885892	0.01259647058899568	0.012735839580869577	0.013618660251105325	0.013023899855673902	0.013446178205431127	0.013477207618766997	0.013615908667678001	0.01484060839391	0.012559524516676926	0.01292503773512597	0.012980490526399584	0.013449777614504374	0.013066771809026106	0.013540762265193991	0.013832981181081299	0.013116281138979677	0.01314762203280765	0.014126500746203115	0.014122121471952147	0.013472625833618664
bear	0.01381976320116058	0.012565683284413945	0.01311542061482733	0.012489022399245188	0.012771173335045736	0.013865738971690389	0.012805265037442974	0.012260430591117234	0.011550078870831983	0.013850824600380729	0.014218628151275671	0.013260596127947966	0.0	0.012107967960167079	0.013423570938254198	0.013085480215963627	0.01306896521001069	0.013841446605763953	0.01245859743281028	0.011554739964437	0.013511510918513518	0.01387011847383931	0.013723443367082784	0.014211576750269845	0.013688890442159374	0.013496718809295346	0.014662348411018777	0.013237124074312368	0.013607679788036628	0.013569927201168529	0.01328895092524536	0.014397374773272211	0.014025302697986648	0.012369874407888367	0.012887907981320413	0.013150164244942445	0.013509550399107988	0.01327352204572624	0.013425162815467967	0.013544176126014707	0.013082523503698937	0.01378023397255629	0.013259118131485654	0.014546545308782088	0.013752459799983439	0.013946062816552682	0.013999011886260708	0.013886538709899442	0.012551164951760306	0.012035236097106832	0.012502630808271171	0.012192739312144762	0.012515328292723463	0.01327761910643664	0.013477620290420246	0.012729356361337582	0.012062788710762171	0.01423759999351529	0.012379722332626299	0.011856604537852138	0.013122231821604205	0.012950481720054773	0.013291269232838545	0.013285420061796494	0.012825372519600354	0.012855243837965737	0.013362257980020033	0.013460850069642795	0.011603037772689073	0.012572443103399375	0.014395146745932577	0.0138768110785157	0.014593426768034929	0.014194702597498806	0.013198833215958137	0.013260264120155501	0.012996089372749254	0.01361928650632648	0.01229985966903931	0.013903881813607221	0.01438150193230046	0.013467847384805156	0.013588790603771378	0.013807750916158396	0.01415240876036019	0.012284531778927571	0.012002397219046066	0.013236862050202884	0.012515580835129648	0.012734835593733644	0.013387028586282618	0.010811368983500111	0.01357733539589453	0.013631397500610334	0.014230879571792598	0.013762304553347865	0.012796080399698886	0.013416356036460781	0.013652916576720518	0.013221007655520025	0.012361895241483591	0.013305234902642732	0.011829707615541146	0.013179470127450087	0.013418048213067343	0.013983602807903443	0.013848523479339802	0.013139889545714463	0.012645775262485021	0.013685690631972596	0.013352616711553841	0.013276752079665888	0.012146754186222788	0.013387692644786307	0.013497581536436655	0.013310715584517708	0.012686707797070684	0.011149072960015802	0.013397487073377439	0.012875940080802738	0.012965303570329788	0.012557878226637153	0.013620830495168186	0.014581102732225633	0.014378597342943198	0.01293488793294745	0.012517784085549535	0.01398088575093252	0.013245795727404556	0.013350166915923188	0.013560838064921614	0.013187812866576493	0.012120280579061983	0.012966287845916295	0.014420447498501007	0.012936248646459177	0.013757322782171153	0.014166603410022165	0.014227546418427321	0.013981138389565566	0.01284519507542112	0.013300539768590438	0.013902026679247144	0.012759771200521176	0.012480147578484346	0.012597470191399483	0.01403752193882044	0.01191612394058171	0.013103472353050117	0.014150323319414532	0.013375554262326297	0.013126046076424907	0.01331569409803026	0.012663665112949777	0.013223985767527232	0.01312210451529582	0.012693654423436706	0.012737959724497917	0.013247718038529714	0.013907747362012288	0.013844313530571289	0.013969716545288884	0.01253869648964307	0.011221231303258795	0.012361517185003017	0.012912038561310407	0.012710679428680418	0.012936988340647375	0.013375468028907093	0.013701850269181626	0.013795882067642977	0.014244152695590736	0.011819671595555265	0.012705042512715294	0.012795974799623222	0.012771116086195028	0.013278706649156806	0.014174969968703216	0.01422517499570795	0.012151990150754593	0.01288528664730732	0.012302129541491715	0.014746800188673869	0.012624199209182294	0.014956828717485231	0.013033007107197257	0.013824141723250534	0.013426077546485806	0.013324259422976645	0.01322385538067636	0.013148472823894385	0.013247829528900705	0.012930756144829652	0.01367955266086956	0.013108291377444216	0.012626363805101641	0.013314825983970855	0.014095780994922018	0.013855947932159733	0.014094232873647368	0.014533647831536127	0.012540579544325603	0.012436938026315996	0.013000139589806321	0.013191255905032413	0.012265384532278753	0.013388835930488537	0.013593156629968817	0.013771350875567103	0.013687117148691894	0.012277163003929045	0.013100561816839086	0.013257272457306617	0.012991766474604347	0.01251032344899066	0.013584364535706423	0.01346539302915222	0.01429016535381056	0.012628183799631936	0.013937727515882355	0.013318133397871634	0.012340366730458328	0.013644892281258224	0.012950789477996612	0.012811100350292138	0.012964122808515508	0.013147800279908427	0.015210415485849414	0.011792940745322162	0.013134128955897318	0.012489013203442614	0.013714400893660819	0.012468441229188418	0.013146690294526153	0.011595627149842396	0.012496991148014256	0.0133603603373625	0.014398403403232604	0.013733901959559735	0.012920788996349533
beaver	0.01386151605209806	0.01260443452845005	0.013600907881496628	0.013191900689124242	0.011411702977860906	0.014377595453303386	0.013547786937070386	0.013481802827834849	0.011125719089676332	0.014460924321772768	0.014123731601305041	0.013801902913808273	0.012107967960167079	0.0	0.013010341228331241	0.01337495070348082	0.014087543895137668	0.013979644398767027	0.012037551273414377	0.01217188804739712	0.012847417604105814	0.014870540805195129	0.013646388897469197	0.014606530645706804	0.014044521858718604	0.011457299768813843	0.013159062301407088	0.013797446480503657	0.013716684098137836	0.01409751556087309	0.013520321318373486	0.01426070075692707	0.01360574692268747	0.013270604088061168	0.013420533636970385	0.013157023752286365	0.014180007906907042	0.013912430656554897	0.01344686825259233	0.013996882849444787	0.012381750430987775	0.014709651714424407	0.0138052093669335	0.013757441124798334	0.014420159309917795	0.013456385272185347	0.014474405342543097	0.013482861610294841	0.013364508845415159	0.011147731190985402	0.01319375956212881	0.012844452586222167	0.012078905183471371	0.013299749978737537	0.01439807053529308	0.01361393212297319	0.010929479899307514	0.01425358295465365	0.012953345671464063	0.013071249276481713	0.013407915413878653	0.013861068715830632	0.013111929282596716	0.013215893951164282	0.012671369979209304	0.011597736826837908	0.013274531796604212	0.013282163264854416	0.01324905752300356	0.01005247163847776	0.013426355500576899	0.013445597546980808	0.01304346580637833	0.014382302001253995	0.012833889930254723	0.013433386571131167	0.014404852047011812	0.012346801765302366	0.012722066890593336	0.01399578509390616	0.014940772064192191	0.013539331322960022	0.013978157042461116	0.014034811940476032	0.013897567179888182	0.01390543187092073	0.012862188587845673	0.013565508474264347	0.012174695317355466	0.01385545390318261	0.013418038698630879	0.011724608269066001	0.013976641394330745	0.013087944266425362	0.014155396119370183	0.013679279827524427	0.0139208996537887	0.013064622992698758	0.013498985287336736	0.012430331069228752	0.013682267096667094	0.013771128726494188	0.012815044914127074	0.014086380087752396	0.01350221152831782	0.014215190414047254	0.013193100116090109	0.014058408260672757	0.012702744991254405	0.013595071352706673	0.014041493107397584	0.013737205825959664	0.012819288906099083	0.014029778514605032	0.013664669532039115	0.013301378075393642	0.01383622897118494	0.013332304789211687	0.01392414545345394	0.01410489172963268	0.013511238064754459	0.013130454675635434	0.013217992598521425	0.015018040041944887	0.012659565769693768	0.012345344054189012	0.011921959178493343	0.013858010287789999	0.013653950964417048	0.011910156244699644	0.013559668448987055	0.013712400729224573	0.013379246111326458	0.011219852220699782	0.014021650353259979	0.013226409804905111	0.01299985076352423	0.013884944479544335	0.014237151755562416	0.01384564552843659	0.013644841177773492	0.014122436518753523	0.014092296388617264	0.012957584603134347	0.010908144294055682	0.012655881758177884	0.013058525460358066	0.01276782968283783	0.013324389098506697	0.014511336533157362	0.013842822603444264	0.013277972591335518	0.014622359924413277	0.012562140591627033	0.013769200575557932	0.013127444574517417	0.01282586108034671	0.013176556438118358	0.012731123590837019	0.012146228785355468	0.013973153782835741	0.013562986456037172	0.013008921717795807	0.01245987353899957	0.011857354200840301	0.012750366318156044	0.013244218710441846	0.012125243858446377	0.011937019490680217	0.014298032958371884	0.014041358038660441	0.014171694464614217	0.01213006434403409	0.012916785579524548	0.013082626655311584	0.01230520917584082	0.012891691733648465	0.013992658528620552	0.014445435019930983	0.013141036295321862	0.012618180915953417	0.013800206209633159	0.014387708815371247	0.013273146218063095	0.013577687600732677	0.013423721624222227	0.012426509412139509	0.014021098285582607	0.013942383065234742	0.014307249036712023	0.013810565765671816	0.013938129530492347	0.013219574784467726	0.014405180477270386	0.013814181574608342	0.013800365674059558	0.013569141133291128	0.014535746246297445	0.014135653163108476	0.014480535390056313	0.01493405169598679	0.012872895269686385	0.013407629039953302	0.014806862572706397	0.014239212314387836	0.013153458764383508	0.013783452302796094	0.01473108110751435	0.014258914807857188	0.014729866368605847	0.011488953679594327	0.013863377721022495	0.014021501676572177	0.01393295353844155	0.013371331725225652	0.014111398669522345	0.012672767747960174	0.013689951638951696	0.013665975742177204	0.013631965226094295	0.014252796897171327	0.012968205190852929	0.01452161047154901	0.012548026157666554	0.013875987072287065	0.013375590903077076	0.012108396986301652	0.014104999746613023	0.011765347383485164	0.013242330551463457	0.012937216756118449	0.013545782641188013	0.012603779309871145	0.013688248927579466	0.012299139530771113	0.012829976550427896	0.01337214240080926	0.013685490960907074	0.01412627108695124	0.012993534256180881
bee	0.013122957467967314	0.013138652804458036	0.011160258084566659	0.013127618947319229	0.013752821985013193	0.01283373708227642	0.013046543372199938	0.012908965207677854	0.012392748310406017	0.014062758786485895	0.014308054045874461	0.013630025329941974	0.013423570938254198	0.013010341228331241	0.0	0.012743886967627474	0.013991442418254854	0.013252177757005757	0.014040366090270246	0.013882076311480814	0.012785404945423564	0.014263793477210273	0.01338851440742791	0.013821070768292922	0.012957729210460773	0.014180386112145376	0.013718543847770293	0.011812037606959954	0.011979909987530544	0.014609905831269072	0.013756584296030357	0.01416845789295215	0.014531549594063508	0.012287559061100874	0.012664146270420347	0.013212040542037371	0.012985633850419004	0.013211162601264035	0.01244284444042297	0.013181495511156015	0.013017935493582504	0.014203797718494837	0.012338199273610335	0.014196543254385128	0.014094235813733503	0.013304902222200751	0.013787581184170183	0.01366034538450459	0.012896508180808806	0.012899988518621617	0.012304773225467105	0.013036370251983287	0.012652371810828279	0.012537723243372672	0.013669201004478446	0.01359309316862074	0.013966005871484001	0.013727161467277791	0.013374115009230135	0.013012105628783513	0.01367536306811382	0.013414013615357257	0.013740499562193831	0.01254029445202407	0.01285484832082985	0.012828707724996988	0.013037322185601637	0.013554865614759944	0.013071550616176509	0.014103739265603312	0.014182427370282588	0.013811041364069942	0.013272349868808096	0.013934983526577478	0.013708223670458302	0.01286087596621175	0.013479649498868027	0.013553460102491689	0.012841789172756413	0.013117029291585867	0.013746569213089161	0.013612449738524941	0.01404612608396143	0.014028683746195383	0.014541238607218987	0.013603011304074627	0.012936722116731102	0.012710015403990728	0.012653022433327053	0.013040085787961446	0.012334609816415534	0.013413790873940713	0.012999643228224382	0.0134958420551969	0.014080556906860013	0.014339437200713723	0.012537271539488234	0.013331516937690786	0.01334272837099215	0.012701600513845179	0.013443130282735784	0.013689083678200747	0.01323031820767131	0.013488702846221994	0.013122203645956551	0.014020527797753533	0.013231028536062369	0.01232326982816372	0.013370471459721861	0.01376781776100457	0.014066591448656376	0.013560750736811655	0.012623452977197802	0.012631909306924876	0.01354218309409434	0.01379524183654201	0.013639154089750612	0.013285919468438868	0.013199910820777785	0.013881223977758515	0.013125714675105935	0.012361187287321591	0.01311434715959883	0.014525318524508907	0.013337545186497404	0.013879859545250211	0.01419712887839543	0.012798867581282389	0.013037405183843869	0.013167556267160343	0.013868409628469748	0.013612595937772294	0.012381146591835392	0.013872277176793566	0.013299213327702657	0.01323228626254809	0.013672786297511669	0.013873350658644888	0.013096375014521598	0.01370900401667186	0.013546966052662167	0.013144534953284222	0.014400421658517943	0.0127573831358534	0.013742038899385618	0.012605389973501918	0.013572554702861638	0.012318240696832364	0.013847874548695276	0.013568181438078251	0.01266853652529779	0.013092078219219951	0.013844697298709092	0.014069127643136836	0.013765127465148335	0.0136199231004456	0.013406479461062236	0.012329468868749659	0.013159340463844468	0.013691334820925646	0.0135225045162323	0.013660342179343199	0.012841277373327915	0.013618968168923627	0.013105460426629108	0.013248618999053418	0.013387492573454592	0.0142396885757574	0.013130051176309039	0.012780292818652735	0.014145998116840879	0.013668259859658265	0.012501868029981177	0.014188620925735435	0.013398435782530454	0.013333916161429801	0.01303619372715453	0.013606751332322232	0.012920070040867095	0.013505522511286836	0.013738272857701517	0.013893368880456152	0.013841215973911929	0.013080287821596526	0.013509374742212192	0.013730748247289934	0.013759230506409845	0.014173185157244283	0.014293824830882228	0.014161650343460173	0.012514692255090387	0.014518571841324575	0.014016095335296559	0.01378442349016823	0.014649866753129659	0.013768299657476337	0.013745540821482915	0.01467043631788197	0.013328800280618702	0.013886283115630131	0.013143873282183631	0.012552923550560851	0.013585518273872657	0.013139749086503212	0.013369205698297866	0.012912092239655977	0.012863937078361955	0.014207494185033715	0.012853797015202147	0.01399551944161353	0.012745032734820829	0.013374091665275718	0.013671167500420373	0.013543552496367343	0.013136910182058807	0.013247682924035203	0.013843049823188005	0.013863302758321776	0.014089368428463684	0.012546328099258612	0.012856726572611159	0.012904639123493157	0.013765250830876218	0.012880734246432832	0.01352885803563882	0.01322253259836603	0.01380470429129046	0.014963096935570961	0.012524986454194727	0.012936745048371591	0.013210230144860183	0.01136544079244996	0.013008646425893887	0.013769922921090938	0.01365528375534581	0.013097012609481522	0.013667828083963109	0.01374491414104958	0.014056241378497923	0.013031246365023461
beetle	0.013714282467055765	0.012503921971472678	0.011461063935035303	0.01250936204733684	0.013309527803884821	0.010929699146282376	0.012683629964921365	0.012801722619198047	0.012639102634222531	0.013495361409125346	0.013139274025108187	0.012716246943070348	0.013085480215963627	0.01337495070348082	0.012743886967627474	0.0	0.013817639016013907	0.01400537584578551	0.01318334343273788	0.013459049668311383	0.012947182084612107	0.0134923062213322	0.013111241896317443	0.01411883270030158	0.01386954338910541	0.014519639604604928	0.014839735023488508	0.01158989629489942	0.012248354400737089	0.012969211176686533	0.013308825954607265	0.013665040959488482	0.013356923414572919	0.01248332273648226	0.011113380194447922	0.01270576746005035	0.012747452722050703	0.01257674108855031	0.013236386391412655	0.013990412892179607	0.012942204646993005	0.013670761919944057	0.010864770370886193	0.014189006102550823	0.013193842487178637	0.012387979013999262	0.012520730693257829	0.012481171276298386	0.013081269796827387	0.012211387917500554	0.011886501966736143	0.012695662281511824	0.013592856487244098	0.012669737458972916	0.01285299408143392	0.012789694772416402	0.012913024753874203	0.013279526552268796	0.012947198476334727	0.01277769088457638	0.013868885827025527	0.013183216946869308	0.013771507295853075	0.011570008022845807	0.01296200399432226	0.013221453855669309	0.012289218532030166	0.012636911693940071	0.013037864961314467	0.013650148253164296	0.013894803132216485	0.013292844761162697	0.01376061741573227	0.01383277925892767	0.013621938283042818	0.012720486871135982	0.013730131379380178	0.01423222391559731	0.012146612707972586	0.013032635297042714	0.014323965625739971	0.013292346549902023	0.012921703748477788	0.013173486166672807	0.01480662276723698	0.012982809883137093	0.01280998081995254	0.013677873215035205	0.013355700289429276	0.01327276986135327	0.011779036879569875	0.013201424230576046	0.013056915113546294	0.013477857753323542	0.013743590479372396	0.013877645355227753	0.01260314198720799	0.01364118782733839	0.012171177450359923	0.012560452260022859	0.012018912328690366	0.013138039650970823	0.01248712641206704	0.012614718043869861	0.012676010417490429	0.012981288211461384	0.014231256890877984	0.012592969796363424	0.012843990943536734	0.013370696127821385	0.01397397953351843	0.013365863878728934	0.013166751634169105	0.012768059688362183	0.013713836001995772	0.013352711717887922	0.012747530831064174	0.01335734421835437	0.012037510380508772	0.013368898737740371	0.01294679886034483	0.011659470999441889	0.013215996915353433	0.014232194432819393	0.013889527257466528	0.013013975333264864	0.013372593188729562	0.012331793408129286	0.011025501025336162	0.0127386162378763	0.013276732377491258	0.013151974633140502	0.012816385463815605	0.013647166482260149	0.011380314287996976	0.012297552614395439	0.013546939586273671	0.013720624624569785	0.014408939015886642	0.013782300582040387	0.012735889769125675	0.012683616630408649	0.014066122281058479	0.012428971736097165	0.013812873566385522	0.01296107697592604	0.013534231713976086	0.012853097948268038	0.013151336323691976	0.014001908708440486	0.012484664076729884	0.013896052076222815	0.014123610214479389	0.013463597510233231	0.013850149706033267	0.012811501082048562	0.013177286012920168	0.012642363499440945	0.013008459010504509	0.014092274211380307	0.01319865295288391	0.013743639707691381	0.012622185856246568	0.013089679143869706	0.012356337973075466	0.013550260005175284	0.013436663460403503	0.013481845322661523	0.013187517559328281	0.013130889704934121	0.013012150198177601	0.01330502701062627	0.011941058357955461	0.013867320376069359	0.012260366932381755	0.01291860995594315	0.013596459878388227	0.014138017241017336	0.012872319034633699	0.01253157087787214	0.013403910269870582	0.012446302236164376	0.015012020304341733	0.01349284906471883	0.014134772776339994	0.01274073975162774	0.014217644941207449	0.01251220654024038	0.012922624042359353	0.013541617682012808	0.011778951313273112	0.013383262342989392	0.013457163175558092	0.013053978771227015	0.013692795130404035	0.012230483959118436	0.013061409922025417	0.01345501009059774	0.012675693213018185	0.012857406298821865	0.012836847359924497	0.012442914194420111	0.013006443945838785	0.011568371053008404	0.011818898220533204	0.012538906029349216	0.013187642686964561	0.013515183702511624	0.01175565749932463	0.012918286708932171	0.011944267997812438	0.012469150782855709	0.012475691464439378	0.013191753912459818	0.013436508166517884	0.012171815936436068	0.014529257370017413	0.013530904136949922	0.013267899176994098	0.012057136435969755	0.012040188040795787	0.012675458908761343	0.013047435527147442	0.012061742667057533	0.012493469360603476	0.012957228669432242	0.01338916353172601	0.013885530692824544	0.012384972650012094	0.012749605399318274	0.013004033205674176	0.011056180823252791	0.012556587634279533	0.013899925148973268	0.013518522409589215	0.013031580676350187	0.012968287382094448	0.014409906619839284	0.013316407618263184	0.012938700403865532
bengal_tiger	0.012614972421322916	0.013020689693764369	0.013668791449295274	0.012911436432688795	0.012416405180431295	0.01456342312979594	0.012836342880496588	0.011587871735518382	0.012915316473790706	0.014332644261928096	0.014012438271972015	0.013545014225512799	0.01306896521001069	0.014087543895137668	0.013991442418254854	0.013817639016013907	0.0	0.014044022836292393	0.012759692262113782	0.011579084543879726	0.014100197220895293	0.013886826762163972	0.012309239211421743	0.014368207353618498	0.013124353166091918	0.013741989489315298	0.014212250717746715	0.013368725138549158	0.013427404267555796	0.012803081016289812	0.013077539022644458	0.014130052362241992	0.013947719631831456	0.01295382442754517	0.013914395566673827	0.013563515683505873	0.013829462703741382	0.012558502761769192	0.013483592018023566	0.012140124418578407	0.01380396824223217	0.012660353662929575	0.013033757454913149	0.01508220045702035	0.013721604196096939	0.013449455858338438	0.013679024498530116	0.013453656303986913	0.012889102977439598	0.013380503047225822	0.013400356389243768	0.011696670570034144	0.013594744664324532	0.013215128207401707	0.01362977214890876	0.012602627628451137	0.012434722048902952	0.013740678483991046	0.01260608985759851	0.01276782754823215	0.012465646576512748	0.012774393296758186	0.014026233407149667	0.01355856666488774	0.013451119667267643	0.0133648243541984	0.013300736617281428	0.013773322492701872	0.010594727169324723	0.013660401764937533	0.013947527413744516	0.014283034805931126	0.013674175931852267	0.013392424243630668	0.012914052907892827	0.013485562039987922	0.014577060251634293	0.014021925275060848	0.012869658172974127	0.014138703881445582	0.014101035217850744	0.012669069447392024	0.013547518286455267	0.012438146707030882	0.01366625441108246	0.011771502495520144	0.012223277978057816	0.01263089258844758	0.01386925567655977	0.011168574221441675	0.013981687000286371	0.011852438763958903	0.012612296808966644	0.01390352511999527	0.01399790770678384	0.01359870998442735	0.012640968477638587	0.013532029443336773	0.01365742861224336	0.013414448955985042	0.01327923765702545	0.012859792094033151	0.011821645242128228	0.012786786031200476	0.01330048968448344	0.01325284929242247	0.014520862410558742	0.013375697012230611	0.013433327307639598	0.013686272886161734	0.012228987466452134	0.013766464409660806	0.012242148509218887	0.013586351855619657	0.012578730858109798	0.013705988988290228	0.011115371267172974	0.01157971578993973	0.013176100290103994	0.012803431250830192	0.013532552382072101	0.013399227364004583	0.013316715019724833	0.015007576966972656	0.013582319630916929	0.013361272101475488	0.013017873548499388	0.014501734799240627	0.013693121715178756	0.013314373237109595	0.013714022309814642	0.012145939787670128	0.012295351502882612	0.013481737839620976	0.014482991089695392	0.013207080008186428	0.013464536545773781	0.014077810073016004	0.013853701293883879	0.013396828707954627	0.013868896361964304	0.01337222216234631	0.011931034327275184	0.012526564466583519	0.013376715601912734	0.012977319914407575	0.014688438941936064	0.011876721972263663	0.012843745142202425	0.01315221205091713	0.012301083681119103	0.0128743560165065	0.012699049590150084	0.013771628477890452	0.013508133128009072	0.014198961729828992	0.012565622013209921	0.012935555430865104	0.012654734324611488	0.01462730413751968	0.013460060986734738	0.014158540077508497	0.012407460009188485	0.011708316555627887	0.012813619054681919	0.013637131719089667	0.012583373737181085	0.012858420532049376	0.013429748914776165	0.012876735400459837	0.012924902752239105	0.013094151385465692	0.012585933797962287	0.013123123544389808	0.013134440069107753	0.013345153554482889	0.013582582572739928	0.01427822018104821	0.012592208960421111	0.010380745218791136	0.01292327882079938	0.010898408023305219	0.014486962963536241	0.013284269851070387	0.013882163192713433	0.013661139854085302	0.01394449108743699	0.013206810597622232	0.013538873763961535	0.014433722117334598	0.013086203232703158	0.01278805745445176	0.012632563390928712	0.013246821679717954	0.013722152000975596	0.012563039660335746	0.013434473374821433	0.014043706083234596	0.013661767719021016	0.01406088599722251	0.013348223077755772	0.01353192055732372	0.011953722919279451	0.013918946104389644	0.01351195655858516	0.012971792776822897	0.013592880006899122	0.013236135913264849	0.013503540863745746	0.014058436500212218	0.012359281428236536	0.013638745425520328	0.013677419252304526	0.013059314494429555	0.013830318158445855	0.013227127465465734	0.014155677012597503	0.014520727229647735	0.011344740519438545	0.013646817189159088	0.012888528214418897	0.010944381691343773	0.01386269646428087	0.012625743743260635	0.012224813283131398	0.012989994887603227	0.01392066859202592	0.01438335369066363	0.012579343535426812	0.012434293806209563	0.01294839554346612	0.014172379145480809	0.012931091670034279	0.013084392678724723	0.01298325352915888	0.012703260119639992	0.013227489429992528	0.01455709813237159	0.013977032364607511	0.012425370874692854
biddy	0.014058516399429783	0.01376708860681479	0.013690076857583378	0.014056208236146808	0.01452509624801412	0.014256460955479569	0.014130472633577496	0.013457345235485167	0.012983705286305125	0.014060113111944921	0.014123904459771857	0.014336428383450017	0.013841446605763953	0.013979644398767027	0.013252177757005757	0.01400537584578551	0.014044022836292393	0.0	0.01467302499615331	0.014808901043469058	0.012949396176355234	0.014356461585954838	0.014126650380062628	0.015188475257205966	0.014404341834687832	0.014323535477024174	0.014320758925453592	0.014101062449337747	0.013677084123865731	0.014530171459274394	0.014431543130831538	0.014306405557992998	0.014427111173137476	0.013092631267227373	0.014024025531359039	0.013860803489928672	0.014137971695199546	0.013541018457845595	0.013951969335086734	0.01377745599921956	0.013870844116703673	0.01429648023289491	0.01372114550832868	0.014361257128604123	0.014966191148433627	0.013777704189415565	0.014565044600113842	0.013991341366233796	0.013129249420231269	0.014025902094321734	0.013354836073134646	0.013376740013838716	0.01319712372564235	0.012904743460782074	0.014202900640511518	0.013692244873985092	0.013711830230345263	0.013973887244103802	0.013778856500487208	0.013091092231241806	0.013485467316511462	0.013803065473389116	0.013826331854014133	0.013740083129429016	0.013964939610423418	0.014677344671209023	0.013970242595813689	0.013869632340010903	0.013528596538951618	0.014445947241587966	0.014072813587768811	0.014272027494946016	0.013448840218871288	0.014458677856804738	0.013715176946139131	0.013577863005723046	0.014497698876940497	0.013672873461312983	0.013520407098230356	0.013662910380632276	0.013762169486154859	0.014284495198366318	0.014392598036562754	0.013631278972508326	0.013823147190315976	0.014201858300154307	0.013386780523001917	0.01309100400734485	0.012710095506312209	0.013889355312364298	0.013444799316759131	0.01425396927739634	0.013376711100836042	0.013369458267542909	0.012981224314412598	0.014614609193581006	0.013384880897880473	0.013593167121223182	0.014500449860759958	0.013514921813823461	0.013658741427202595	0.013814000943932703	0.01353702012222473	0.014162138038625031	0.013026014423907807	0.014572603322950383	0.013663240879691623	0.013808989693968442	0.01337605019476072	0.013856607481453382	0.014239742948630996	0.013430270814738783	0.013481809660769293	0.013395437647493784	0.014206444868242588	0.014030955416663932	0.01447727492018273	0.013831444527873868	0.01378432923486179	0.014253415606838054	0.013464042328963517	0.0135207148875288	0.014473021437985099	0.014752299458287455	0.013918754688898185	0.014115802764387201	0.01422220441697175	0.01166597710718699	0.014194316781229762	0.013257815868539897	0.01384767948463819	0.013937459533009993	0.012812740458593657	0.013538210074619557	0.01420901139575887	0.013389473738196725	0.014000654520195164	0.013925925737816418	0.012776041015142285	0.0141464832040423	0.013596827467665473	0.013288806562977167	0.014628462220411172	0.013687436232119054	0.014301158171212334	0.013778288019959912	0.01363158481185743	0.013655768055567499	0.013938435602364359	0.013982176479433499	0.013458504810741505	0.012984969544812631	0.01336192869197419	0.013683473022088522	0.013651277795700679	0.013909364500438033	0.013143652883463953	0.012647497596207874	0.013646890569952455	0.013861040456506778	0.014426501759580964	0.013506595481235013	0.013498450795167509	0.014112111970476125	0.013740916096205005	0.013101397927678995	0.01304730923936448	0.014264908108083042	0.01384526410741311	0.012729450116105358	0.014400162060872992	0.014178263238834065	0.01307976733742264	0.014030378628360169	0.013658982812220395	0.013851352816984781	0.01315055405443237	0.013343000922485256	0.014031891783622026	0.01376220871093491	0.014266023784935432	0.013882289953546033	0.012796305940542001	0.013139227263105053	0.01407407555967998	0.013982545715892549	0.01406004241857993	0.014605603256262445	0.013943015025440987	0.014202358785886382	0.014045525580716301	0.015169174759296805	0.014212811005748893	0.013397067191322071	0.015063661198944582	0.013561503025366593	0.013564796437031791	0.014921716318806809	0.013908183835213845	0.014542390305481634	0.013967767205550206	0.013411010276907163	0.014376900940448458	0.013805201445979989	0.013799899028857981	0.01371534402935361	0.013469582502679149	0.014505444089049935	0.013690315761091516	0.014108133651118992	0.013281698262637292	0.014283545301160279	0.013952197659474358	0.013611414413928779	0.013497719933201448	0.013890469973976352	0.013137181863258005	0.01389511167242834	0.014163355181204191	0.01432104385976794	0.01380129362348018	0.013229388304874008	0.013689263849139353	0.013348561230508326	0.0144294015445245	0.014185002723870235	0.014070100013481463	0.015145415117469361	0.013659384973425252	0.013729597152467035	0.013813201862484343	0.014023987902191776	0.013427013000870538	0.01359001222003003	0.014021474231600724	0.013177080437737663	0.013596653800760507	0.013636879309650029	0.015155581508060248	0.01376594146551054
bison	0.013553561435744954	0.012545509927358488	0.013409179095449421	0.01272175192563228	0.0106509813131762	0.013659837203730412	0.012853376722185162	0.012483727530107479	0.011500021492478116	0.013857446852961086	0.0136091623205496	0.01353353440632422	0.01245859743281028	0.012037551273414377	0.014040366090270246	0.01318334343273788	0.012759692262113782	0.01467302499615331	0.0	0.010500233817267496	0.013856380869399021	0.013767356330734361	0.012623377154792548	0.014037381154326088	0.013219321141742743	0.011096460922705388	0.014054476261227553	0.013039255681987333	0.01462712534549291	0.012369189504056917	0.01268759728710983	0.014361285906541753	0.013096934884356535	0.013853105762727438	0.01373112139588465	0.013090390615674841	0.013229740514685054	0.013626285314980415	0.013540143820386019	0.013210338686492948	0.013152209967648874	0.014370324156864518	0.013365284372010199	0.01337404401587132	0.013420671740640124	0.013215606641958864	0.013131143282626278	0.01297458882261559	0.01262540612240898	0.012122384953465565	0.013903895973908868	0.012572509936388835	0.013202433643748677	0.014015637208826306	0.013933110599896645	0.013676275750110007	0.010374033053209233	0.013348357607296343	0.012315453498194634	0.013050926940950005	0.013300861067649687	0.01340850645678499	0.013901374228781063	0.013865464387482485	0.013238263407157714	0.012158230028434178	0.0135125427853241	0.013434231378329975	0.012175561892325078	0.010524910877326212	0.01319251561669422	0.013695987639616974	0.013658972142181513	0.013023803388238641	0.013363116992063457	0.01370672193840835	0.01446396262329246	0.013664617305855626	0.013523296951705904	0.014638847438945946	0.014073343424721284	0.012194787729256005	0.013719912975646668	0.013660328255604471	0.013685616554354246	0.012282638192174157	0.01214826685864998	0.014146358021366325	0.013136014397986324	0.013027470918644061	0.013281124294479545	0.01099919937244487	0.013391393112582533	0.013341514042785772	0.014364793282436087	0.013163445276026444	0.013527029783214614	0.013512891420053345	0.013180948929967963	0.012480666274111237	0.013436220836847918	0.012353638952029724	0.011454221458644536	0.013263864300131122	0.013091500774499297	0.01345975313510588	0.014316561863447047	0.014339971655259893	0.013171161384785562	0.012765140335207084	0.012930902746795212	0.013480760171770823	0.013326768896828973	0.01506530640853147	0.013040396605697209	0.012938810048167281	0.011884300002363015	0.012289866248054823	0.013499709356399403	0.01240140769476128	0.013535348996211833	0.012603555336811735	0.011906489511715608	0.014580986588901827	0.013390351513036485	0.011377127257216055	0.012250940366216202	0.01463023548965494	0.013005685802797469	0.012242720488590495	0.013867662986979312	0.012662295720583337	0.013665329295441451	0.011673481528377246	0.014775701854892999	0.013680761517277389	0.012628031143649038	0.013737233650663466	0.014909913022504193	0.013636824967096582	0.014090185047925944	0.013532749262194728	0.012126364228001245	0.012329085140863193	0.012310738469995664	0.012694226839866169	0.013918674124454617	0.01323035012225829	0.012894524398506205	0.013483485632522245	0.013797066936161109	0.014057418724752453	0.013766127661817609	0.012790057398704811	0.013821076551884103	0.01328499415769674	0.01186842659112335	0.012751833960557603	0.013057116243125715	0.01340103357614602	0.013896767114156739	0.013122622767717373	0.013045870955516181	0.01199561959957592	0.0119630914590825	0.013338516773096512	0.014088055463752414	0.012667926891700926	0.012181073030253602	0.014110055349391266	0.013188446888166023	0.013609018189147622	0.013122483207956701	0.013169144773828925	0.01334965379176153	0.01256455915706291	0.013382524835088895	0.014728960943211316	0.014269441126505236	0.01208082609978443	0.011509445598649352	0.011053495302544744	0.014688748877024226	0.013527706440800435	0.01378241699288538	0.013186324210619826	0.013063286222695668	0.01256086900334032	0.01362501004518457	0.01442405425009331	0.0125980300024282	0.012555549565580616	0.012701606092031468	0.013878387765698483	0.013441577672904428	0.013146662000851194	0.011637602920381344	0.014644763969120102	0.013883710031101847	0.01354049200492284	0.013520410860807141	0.013294363038669241	0.012738900280066625	0.014032749822221089	0.01435866788928152	0.012768627680657564	0.013521831643052514	0.012942404441452457	0.013591565371112623	0.01362868904283756	0.012268566558928287	0.013879964987653126	0.013958381473999243	0.013273037836485752	0.013868497577664163	0.014095447304191584	0.014072464500967653	0.014095969230334389	0.011394728248845907	0.013607376858574678	0.013444470803484723	0.011958817876907146	0.01398095437337193	0.013125290138836903	0.012992707628990331	0.013654162808992249	0.012087496848295331	0.013961024695775839	0.012658660560049564	0.012561236748622306	0.012653782109827656	0.013461295620740298	0.012835368613346339	0.01252589885991177	0.012254241250050323	0.01330473848148222	0.013622528707017129	0.013873552400108522	0.01329059968633847	0.012259474111174014
black_bear	0.013392321195775818	0.011142835339916583	0.013684568479534732	0.012023494345562682	0.011516061269668103	0.013433471683332511	0.012670098190037067	0.01220657008667289	0.011675645704781417	0.012879049501435145	0.013873663807506743	0.013891984230688412	0.011554739964437	0.01217188804739712	0.013882076311480814	0.013459049668311383	0.011579084543879726	0.014808901043469058	0.010500233817267496	0.0	0.013732138826618454	0.014171196845860707	0.011979786305977878	0.013476922699851507	0.012878642167640236	0.012776885561781241	0.014526995798387574	0.013480091737645118	0.01372399625388288	0.011661933649173133	0.01333841340618305	0.014717771261989341	0.012548296002489901	0.01346169814380189	0.013347353237094642	0.012324684738094107	0.013687056449216832	0.013519967887719418	0.013337238577137901	0.013061363165221808	0.012661936927411348	0.013181198467952036	0.013028092728232828	0.014140372005515758	0.01347308235237963	0.012780893797937154	0.012634766486064621	0.012482509868466158	0.013580673098295214	0.012150563779188314	0.012767023115221255	0.011931384805427487	0.013239547334641251	0.013499055872632401	0.013418517713006015	0.012798584609663226	0.010963518130265193	0.013312371597371048	0.012439450904135722	0.012545613477573249	0.012882187121677276	0.013589501264176103	0.014109910536559639	0.013429353523172198	0.013284671066125037	0.012451109529840586	0.013735956666878475	0.012718719153514252	0.01177202209893342	0.01134030891716853	0.014116905279843786	0.014233391707628416	0.014313659640028781	0.012908019130755986	0.01224964496522353	0.013658024580129127	0.014434578364261614	0.013660447896619963	0.013235416603889976	0.014368777065814858	0.014774852499129966	0.01242999522848896	0.013282058249448822	0.013564090017410426	0.014260047324971317	0.011967218085993166	0.012439752210994005	0.013578685073709114	0.013078027271211762	0.01277694451831455	0.01359731265168912	0.010024239297705113	0.013377401421472248	0.013686639681869723	0.014153841964916718	0.012158916048658692	0.013042566533214419	0.013436742685472507	0.013203444859602852	0.012796043973464262	0.013487315960640445	0.013130665083945038	0.011329223972368534	0.012644030093177099	0.012997949644205671	0.01380934170291075	0.014021544031263372	0.013655781377806287	0.013175253071122306	0.012709072054274484	0.012511436461175083	0.014051223137531205	0.012530278077720017	0.014107420531221713	0.012797391991789498	0.013098905317604825	0.011723628977111177	0.012093229973363175	0.013278791603854439	0.013393615051447632	0.012993307349701872	0.013045918557727083	0.011855669956815074	0.01521183035232692	0.013283239655392399	0.012459964720018795	0.011272905794960701	0.014763507817578604	0.013256692866952252	0.012344157002445923	0.014477980163946658	0.0122235850764328	0.013145109305971275	0.011928328126588505	0.014127567582910465	0.013485247379675179	0.01390120853807624	0.013123894287087714	0.014840828161009196	0.012617253621961897	0.014225297425589714	0.013701072435432539	0.012489399496517917	0.01260524009358258	0.011831986465933053	0.012738267140688432	0.013951921255980857	0.012473127358211789	0.013324659077235441	0.013633302380716375	0.013466043284445919	0.014301392489345754	0.01314680091644932	0.012614521390453605	0.014286413177998551	0.012860781514122057	0.011876010735966069	0.013415583758391154	0.013505766488087125	0.013938285354275692	0.013907657788591994	0.012779205651039082	0.012785625958844702	0.010891841854955063	0.011184030421215298	0.013491152567228286	0.01305016239500777	0.012337907930585361	0.011885735891270195	0.013630475467205146	0.013368814380990744	0.014197386787608589	0.012497678100529186	0.012470797050028994	0.013233031047349719	0.012089497131402904	0.014068572867859709	0.014972352865067762	0.013362850314022663	0.010952380487900745	0.01191273246999653	0.011552638667656902	0.015034517307374588	0.013655757865021293	0.01396907769457741	0.012667380269309669	0.012925748703529118	0.013503040340515521	0.013020515836910728	0.014242258370781538	0.013153741565118724	0.012633853240916036	0.011859648472083206	0.01314761341693294	0.01390231553771965	0.013012360753646241	0.012943747434252306	0.014792224327410073	0.013394590403764532	0.013486926494605516	0.013847031834827939	0.01287423986677801	0.012489350698394686	0.014048452438010924	0.013847333441720996	0.01283929854600687	0.013436652907252994	0.01347600527929889	0.013942214692750596	0.013908465123175244	0.011398446867201904	0.013649177833711067	0.013077799507399011	0.012699145312051437	0.013779380024171553	0.01290005333586023	0.014669477913255713	0.014271070188920933	0.01046528706514973	0.013749368765365345	0.013357153855915672	0.011879217312477177	0.013677645729151025	0.012133276627824496	0.012571085336255523	0.012510001954701635	0.011985181773905926	0.013812142494952093	0.01207030815640716	0.012695841922558604	0.012501303085006769	0.013603810977368385	0.012407074191384627	0.013317441774578529	0.012311943977362984	0.013145937717743823	0.012741417908170292	0.014495238100649762	0.013567799389471127	0.012537320349994689
blackbird	0.012065822263161188	0.012827213989676498	0.01320411812399599	0.01322592330273189	0.01391633075695037	0.014292101602919095	0.012632304230279718	0.013799870512424069	0.012266928133851078	0.013854193248706924	0.013170047945734226	0.013298869594230054	0.013511510918513518	0.012847417604105814	0.012785404945423564	0.012947182084612107	0.014100197220895293	0.012949396176355234	0.013856380869399021	0.013732138826618454	0.0	0.013857991046174595	0.013771344692406482	0.01382536261997783	0.013259266701075044	0.013304427203564456	0.01403460903328332	0.012606886946058824	0.012033292507937552	0.013527683691022155	0.013915845213723306	0.013450190201480796	0.014170939322853649	0.01267367888397278	0.013224065095938741	0.013726181742617973	0.013424266320175569	0.012710958745250276	0.013471992887854682	0.014419373772303519	0.013097120948026775	0.013989882919803432	0.013095235413286822	0.014410190696094307	0.014032210436266106	0.012922410005758373	0.01364856965114593	0.012847247523005726	0.013679208143143586	0.012229435547598333	0.01296050200837711	0.013147139933066316	0.011827360961336028	0.011301195363997563	0.013989056824095219	0.013716732521699852	0.01320678405232453	0.013934125999437887	0.013729241627806277	0.012792589795182852	0.012636267329685327	0.013827609222153807	0.011737559841976693	0.011108471806606733	0.012668334212865746	0.012514494850780633	0.013634283791542459	0.013157893843962765	0.012942344936079824	0.013370706388219777	0.013451329768968085	0.012238009840740633	0.012299615565211548	0.013787071644689898	0.011875681010037996	0.01280538960779869	0.013069075860514135	0.012669231844721091	0.013034432934385949	0.01402670656979039	0.013284455837721676	0.01376610471730937	0.013467303958520313	0.013889288635725052	0.014084627234085479	0.013558909511383386	0.013575751235798737	0.013274006888631663	0.012485545622676205	0.013797696983999885	0.012439273520737369	0.013449306946210627	0.013758853447687956	0.012210477527311175	0.0138084383016504	0.014362104527416044	0.013553721442446143	0.013516664284646662	0.013336793904941524	0.01111696579576641	0.013634914536751254	0.014317387925899806	0.01296580320125272	0.013290356895954893	0.012114211221968792	0.013356230531291001	0.013361770452045197	0.013530063401740377	0.01359314468720857	0.011905837323632944	0.013894422315801373	0.013522444632480837	0.013598065571381426	0.01332763041821027	0.013263164909991097	0.013788178281104412	0.01379804199644162	0.012914068137395172	0.012741505270517659	0.01334767321226531	0.013650051788353929	0.013386124992889891	0.013217635786187669	0.013346351229671252	0.012598025998478566	0.013767920213453917	0.013300439460707256	0.01335294545473043	0.013476425200717733	0.013737044198256674	0.013739544010734392	0.012861074185170842	0.012509222575097107	0.013979984481671273	0.01306631945086092	0.01327786671652266	0.013435050492004936	0.014571182472565012	0.012646291754808652	0.013077557072543848	0.01285596767010372	0.013190321611549134	0.014075482422192996	0.012877518128983906	0.013210474705489613	0.012053494023180107	0.01393594648023432	0.013682477388750862	0.013166732523046372	0.013213316385714869	0.012486275935164024	0.012019321742723016	0.014476505722120092	0.01218214751818804	0.01310758283789985	0.013368523778489638	0.012431536800328866	0.013328602690917679	0.012085508172520425	0.013197436927963681	0.01375038534497798	0.013848625328763776	0.013219743997581112	0.014031628346939926	0.012715996708045425	0.013761579463775904	0.013083227877075044	0.01330658363147189	0.012981016686589398	0.01383366995824825	0.01353162788185118	0.013844765181026673	0.012808420991901824	0.013823215203871848	0.012842847122727962	0.013113204581495596	0.011662300600820026	0.01341855764072444	0.013098188377955811	0.01397040410806244	0.014129376234326689	0.013808624706026807	0.013765496082387632	0.012607560424930015	0.013872032430340171	0.013899289031442375	0.014013609201869694	0.014086446942461736	0.014137725208419884	0.014527216089504575	0.01275585599544145	0.014589196394466472	0.013981910398943616	0.013529264237824672	0.013980457681185752	0.013363040055310754	0.014303864476393273	0.014599805902164708	0.014242747931510076	0.012576239112300786	0.013105474711719132	0.012780572389315611	0.01418329078132613	0.013730289369521245	0.013153249958927521	0.012674959495987901	0.011330576755119734	0.014547360306458743	0.013046957151742717	0.014088653742779426	0.012547688459308124	0.01373568696168573	0.012692804271677391	0.013009585745042941	0.011434794114865733	0.012980558985126242	0.0126494433379274	0.013466439819712626	0.013871720065148484	0.013708036072593523	0.012540952151330659	0.012793973946747616	0.013193851599567834	0.012851809223092711	0.01368661036581474	0.012831264981063467	0.013348371310563935	0.014771814048686844	0.01260668307812751	0.012015833181367548	0.01277808055912493	0.012372093262971324	0.012756935688974043	0.013461224380291216	0.01234067160389162	0.012675358403012817	0.013027291646654149	0.012348888414892985	0.013655722999222788	0.013293663817901914
blindworm	0.013652270775716936	0.01340763258043489	0.013705488614708201	0.01311570468641456	0.0137104233509532	0.013714667648596785	0.012961060607694393	0.013400196404654074	0.013285810175061044	0.0125304834300152	0.013829092481445517	0.01330298867448369	0.01387011847383931	0.014870540805195129	0.014263793477210273	0.0134923062213322	0.013886826762163972	0.014356461585954838	0.013767356330734361	0.014171196845860707	0.013857991046174595	0.0	0.013498767056460853	0.014187373486609523	0.013838675320479808	0.014410185789864255	0.014814099035558652	0.013966011292655909	0.013758122761327906	0.012321692630926423	0.014225609601024904	0.014142925115057237	0.013856697448171116	0.01362478753891437	0.013509410893008843	0.01330019046847846	0.01319853958393101	0.013178187091681705	0.014005218168064206	0.014242538399894056	0.014516096831077232	0.01303862495949039	0.013315204747107661	0.014565998363097066	0.01294071679791707	0.013506644124402209	0.012345523369674977	0.013415729343217062	0.013822440019618472	0.013235185656151489	0.013189081904853522	0.01319833600049165	0.014000157767854427	0.012666891547215692	0.013432504731779498	0.013170271443720705	0.013711783929960013	0.01277376445017739	0.0139809326645929	0.013727209556076892	0.014090401892535964	0.013977225106702722	0.014105098317060966	0.013129940506402982	0.014138774364223793	0.013849781502191629	0.013858160178728493	0.013059754997067604	0.013645395445246145	0.014323207434678626	0.014158758952630588	0.014346073201583893	0.014188257733576183	0.013538793235038442	0.014079244070330836	0.01342070293793498	0.013950688031937934	0.014829772106958482	0.012657840678196608	0.013642850199059732	0.013313757604164643	0.013195695726755751	0.012781275713425	0.013502164146319544	0.014336300906352809	0.013528596126804546	0.013660244225596163	0.014010773720706778	0.014414790603361836	0.014375311765136336	0.01310149559956194	0.013667423373408696	0.014027445111385867	0.014211728859381729	0.01436785297975025	0.01400717805598787	0.01417868075549742	0.013732849480524483	0.01248997183520254	0.013218749693667885	0.013633137692329218	0.014404622595154976	0.013265393042629548	0.013341052314910808	0.01283585691979817	0.014160634935337315	0.014349159868889842	0.013994393451810931	0.014276625485476863	0.01307418152008128	0.01402013418916949	0.014305527378226244	0.014193461194862185	0.014130085470040481	0.014289116690891432	0.01296303063862023	0.012978506406585495	0.014030534801329535	0.011921626686849318	0.0139289221004734	0.013765634375773972	0.012240219615797082	0.013739085925642592	0.013827126810172783	0.014352510740481848	0.014260675147814659	0.013722350200954183	0.013840094697167203	0.012513555594917318	0.014065435078550868	0.013884790980104358	0.01335303895307005	0.014085644737448406	0.01440832580000707	0.014208925792426799	0.013306852182887949	0.013910986336540903	0.013479458927100972	0.013671867371327586	0.013712164285054593	0.013090016919672218	0.013797982658762403	0.013191550079365675	0.01396239363667803	0.014089547012117516	0.01355366673310408	0.014313010297094215	0.014051213204332991	0.014443433763495928	0.013712625657984687	0.013852381435623782	0.014020891542010512	0.013995472156416151	0.0140227521177851	0.014090618724822614	0.013627486049884499	0.013622593952235971	0.013484430060618762	0.013410530611107046	0.014261860062116554	0.013752984980301777	0.013884049848400226	0.013488393125342618	0.014383434968419777	0.012886860453530526	0.014902932744030277	0.013991866737601291	0.013992692138850788	0.013822935308858935	0.013751694623222526	0.014255216532226049	0.01312759413025042	0.013797890141822273	0.014101724992152852	0.013446096336879244	0.013323114141558987	0.014201115887055393	0.014279950820177268	0.01322811995670695	0.013538234916191503	0.014516029949034157	0.012760353232994692	0.014590376148822923	0.014043138524805886	0.011986962206613239	0.01207306609382853	0.01470919890908245	0.0131708725883512	0.013374599779246795	0.014010084127066651	0.013545080821363213	0.013093009056445132	0.013363785203037722	0.012502864564107787	0.01428016373248557	0.013865952223650923	0.014371462589971786	0.014480625671927726	0.013674081208990939	0.01348287120343889	0.013984101628458749	0.013535559279896588	0.01315249801303495	0.013611919167097773	0.013629800028484195	0.012464008054308385	0.013653754911204283	0.013903272062564054	0.01431117741061394	0.01403024951688059	0.013621283480606943	0.013562234551654421	0.013721310551740928	0.013573638571425062	0.013391127074265114	0.013629442099326948	0.014745323634370262	0.013942833786076327	0.012748941604840835	0.013690246845488465	0.013301378783026776	0.013874039483908428	0.01317522688013995	0.012685681084091134	0.013087580299517912	0.013731478805751676	0.013958317509998786	0.014305714411463794	0.013408253553810583	0.013747641169584903	0.014045298545670224	0.013733430873341916	0.013502309676083077	0.014361289498771206	0.014249739249252163	0.013476456551450956	0.013669776738075578	0.014183155141280823	0.014091303670313296	0.013143516487482153
blue_whale	0.012120657847864242	0.011776342318703687	0.013629452145791986	0.011291816879711107	0.012377145080682002	0.01397018696489057	0.0119918653626876	0.011962156443574092	0.0128951167061376	0.012025804951311654	0.01257560108924076	0.013183459762958927	0.013723443367082784	0.013646388897469197	0.01338851440742791	0.013111241896317443	0.012309239211421743	0.014126650380062628	0.012623377154792548	0.011979786305977878	0.013771344692406482	0.013498767056460853	0.0	0.013303083988919231	0.01209293038647189	0.013985714496889432	0.014912859876291843	0.012781031425581457	0.013647825871161014	0.011353260986904397	0.013632853340890377	0.014319166825667253	0.013141226614610218	0.012537262740115402	0.013135106543996362	0.011768062453609531	0.012317472484860951	0.01297130411956482	0.013299322462633052	0.01161505625670532	0.013088046735355628	0.012506532709924568	0.0125655428754668	0.013064396998342855	0.012697336858054074	0.014048310575071164	0.012863038734987611	0.01341198462588521	0.013157456598680856	0.013149910978522203	0.01205651982855379	0.011360959646954081	0.014004872712702727	0.013460292101634607	0.011272532751737323	0.012596273532648356	0.01275126767936129	0.013052154763745267	0.012314696211109019	0.012800266308634654	0.010623383113194065	0.013312499653716801	0.013789357985038012	0.0126627813113781	0.012535174047871996	0.01375022744412588	0.012506739625632837	0.012148947486795354	0.012038135044420337	0.01372772746083891	0.013333219193358442	0.01389574538666768	0.013889087001165722	0.00868544406975675	0.012661751184774363	0.012919444089271195	0.01372423808440692	0.013947831449445202	0.012594600134775686	0.013468565196536764	0.013723878721272342	0.012134977736404196	0.012944942511604282	0.012738269336532654	0.01363116858226656	0.011681131978664397	0.013058582941439889	0.012135562414269411	0.01326940606130528	0.012258967196719095	0.013876183241474238	0.011429268406759016	0.01194293452912812	0.012450794898915617	0.013399854420744197	0.010991562086731892	0.012610827877912265	0.013920715015838005	0.011553139462342588	0.013652901186560868	0.013400954020448079	0.013838273684049973	0.011827045721788854	0.012148902789762541	0.012353470623561196	0.013681340486743186	0.014321987232758498	0.011504113612965945	0.012801497522241793	0.013386640548018114	0.009137489595380155	0.012895283512774832	0.012011845966080398	0.01361580513290604	0.011976611501599064	0.012140065302187097	0.012010261883141264	0.013201400770595171	0.012350934406976384	0.01301968073424278	0.011842455682191024	0.011991560925020645	0.012457837059279499	0.014891466096309734	0.012557003604395987	0.012019250558605485	0.011800853416411738	0.014085747439688562	0.012037514357263983	0.012880073997983153	0.012897721472724853	0.01250970453588744	0.012706821536286973	0.012894908300215882	0.01452730629108139	0.01226318474253776	0.013932514561000406	0.012931663395259713	0.014339165958490155	0.013596926754737242	0.013679899394049545	0.012136779997433893	0.012187403959024106	0.012185873412901303	0.012446300891427573	0.012484583903158132	0.013326551589307657	0.01209842890088651	0.014047704651346414	0.012891684173793192	0.012437566013005757	0.013544909224670342	0.013163383500901751	0.012622846260367037	0.013019890774084622	0.012684238697520122	0.012974665690952746	0.012761458551122437	0.013278274954554999	0.014008967021356287	0.012983485898985474	0.011904576394147857	0.011220494401972975	0.010487643282129817	0.012344144348107478	0.013554295787355987	0.013467105896122121	0.013653799864204574	0.012513321986238772	0.011924186984622125	0.013234947628478117	0.012852838437734753	0.012598353388505033	0.013156692796359185	0.012319582444806314	0.013053369635318406	0.014030282590366365	0.01425029885608788	0.012851750469958281	0.011134439526237947	0.011788242855475396	0.011707839765567768	0.014301477435751943	0.0135019594404107	0.013406431880020848	0.01267488922535872	0.012491172322445374	0.011929805057087762	0.010879288801254137	0.012285712624685636	0.0129540253798149	0.010603084996299804	0.010855201770958304	0.011682334367304538	0.0134168510100339	0.01084230207825168	0.013721755836758212	0.01346136931293548	0.011555244160584167	0.013828942743493262	0.013802009577718662	0.013192047345786941	0.011995295739159188	0.013323131207264161	0.013284181522098175	0.013100543391097626	0.013206414530037926	0.008883533504762495	0.013389211536238572	0.010701741528736534	0.012300595455994047	0.011726562749484436	0.011627765822632722	0.013031239327148834	0.013323223859541553	0.013231067208011095	0.01406552187011637	0.013950741784177727	0.011313389562079	0.013173830422613018	0.01294598586419979	0.01252656286154046	0.014045712800104273	0.012478270075744027	0.01230964211533038	0.01263684761829134	0.012425467068989136	0.014393484862797125	0.012137395701894094	0.012894001607277612	0.011379554166996908	0.013002917374578166	0.012919581154989939	0.009769620913927331	0.013195697676189692	0.013051695667806952	0.013196397008896979	0.01381690277440514	0.013791632957840631	0.012339763990721479
boa	0.013852134035588586	0.012903181267127908	0.01338837135350097	0.013540616514089509	0.013455999181789541	0.014837119811300875	0.012978012097916516	0.013462373653788605	0.014583762100543766	0.01380981630899283	0.014048890570244187	0.013741592990749547	0.014211576750269845	0.014606530645706804	0.013821070768292922	0.01411883270030158	0.014368207353618498	0.015188475257205966	0.014037381154326088	0.013476922699851507	0.01382536261997783	0.014187373486609523	0.013303083988919231	0.0	0.013191043296511405	0.01462572019638897	0.015186464445794046	0.014290951702200447	0.01302850231174265	0.012377645936081363	0.014694709688054326	0.014046074291740642	0.014553710646473934	0.013553302384501476	0.013617829928943085	0.01333609798959679	0.013656832382887906	0.01289139980628325	0.01433150814752291	0.014494442328859634	0.013945128373588394	0.01311202371066079	0.013498472200795737	0.014485883245926314	0.012992494971021135	0.01444940033692628	0.012934751091541992	0.014131253555792754	0.014285300009553243	0.01337096602217892	0.013736655781668581	0.013486058721963168	0.01383792278560185	0.0139126442614688	0.01350038716747694	0.014089258747670157	0.013883951147327614	0.013781842763996082	0.01379658442558058	0.013233636080439506	0.012933169910545243	0.014189126124659163	0.013220652409206056	0.01369126673663815	0.01391163636666403	0.01375394345850816	0.014034682158040023	0.013406157969788115	0.013134024896543185	0.014029287937938943	0.014207825180813318	0.014496386251473916	0.014459721296670615	0.013581621176437743	0.012947192866359132	0.014168566648995535	0.01422211880576501	0.014072833226582326	0.013203741799038134	0.014381861109788358	0.014857748383293621	0.01358447605487348	0.012662641431764998	0.014278234349390895	0.014474475978517866	0.013262589729900395	0.013822177331982684	0.013552634918075311	0.014035349528699918	0.01405502818664245	0.013235062273529137	0.013554614544237415	0.01382477821545233	0.014015281183035024	0.015013586676824025	0.01432648470238147	0.013559205664131973	0.014574291674311212	0.013363603254264313	0.014282954091781225	0.014355772977482646	0.014344881537384417	0.013691179088955556	0.012550525785127005	0.014244044872050556	0.014047984938123433	0.013775351780267519	0.013004311927295766	0.013972256747148592	0.013732733924641631	0.014146184371915798	0.013975831760539754	0.012930138558809952	0.0144294254250256	0.01379734527814871	0.014035682380678814	0.013431350954808382	0.013607137669670557	0.012689921649314739	0.013742334841912984	0.014039223626213413	0.013747813476474947	0.013869239415520025	0.014545581546957356	0.014532052028004037	0.014466877926873694	0.014339226920759101	0.014657939355009609	0.013734574018877177	0.014210479864170143	0.014399683989200556	0.013542147966279719	0.012640206135623232	0.014534395106355277	0.014038879925345235	0.013721848743189442	0.014681171693858831	0.014534548267212425	0.014192403007281133	0.013542994528991815	0.014255062605828608	0.01384979622753182	0.01387181786499141	0.013360946155684575	0.014344294707861659	0.013224081013901393	0.01407384413161817	0.013553145463341788	0.013599429821087883	0.013296020793359347	0.013132772582342904	0.013714433818718334	0.013953991542204624	0.012965929774008208	0.014110883694629161	0.014328317148340595	0.013738603815105633	0.014060332780529029	0.013849614238750979	0.014534854582323984	0.013992894995409627	0.01426613574499653	0.013965720290683676	0.013920187415940923	0.014160596993619759	0.013767978263415265	0.01396334382053715	0.013086464752445646	0.014144541816644323	0.013557715593275932	0.013243895814104284	0.013183351467997019	0.01377774093994663	0.014037023346147514	0.013716338363528601	0.012911672943217857	0.01367605559451916	0.014556784198598112	0.013765647791165214	0.013997400461620351	0.014172466781525863	0.013240553386097581	0.014461786466985607	0.013679430111772242	0.014682278273341115	0.013867989101375235	0.014169628166549698	0.014201249523924176	0.013463130310789996	0.013841874427175695	0.013258393208121211	0.013227119654857558	0.013756608874567788	0.013444228788659278	0.013704873125851936	0.01324595094105448	0.014829124152708612	0.014221025003585235	0.013917552780514786	0.013658850465638323	0.014692884425125037	0.013819496873488712	0.013203548053300066	0.013534283070235107	0.013534426983298837	0.012792832284161471	0.013401745633569334	0.014173018814165732	0.013540856778269774	0.013636869576217393	0.012949533617628366	0.013349858811141157	0.013254284807388472	0.014036986407321846	0.013621858174567453	0.013391541488226166	0.014164779803004504	0.01431098046847936	0.012580352473678842	0.01441509943191113	0.012916609359372626	0.01348767727301196	0.014020795114266026	0.01349580942620355	0.013391645779429638	0.013135846078205188	0.014037675130166684	0.014673186195668248	0.013280311554438373	0.014218372320985573	0.014350618218375655	0.014288582481345949	0.014370410138741565	0.013924104551261602	0.014043801993292117	0.013752022086947906	0.014091200226892663	0.013985156744523075	0.014287549661814298	0.013531607457455972
bonobo	0.013137991255654645	0.012660522165101534	0.012918328808700825	0.012996576205671996	0.01384900133266326	0.014159243623140956	0.012358266333336426	0.011310413084584975	0.013795127492691144	0.014087538495065699	0.013756777483551594	0.014255148274831876	0.013688890442159374	0.014044521858718604	0.012957729210460773	0.01386954338910541	0.013124353166091918	0.014404341834687832	0.013219321141742743	0.012878642167640236	0.013259266701075044	0.013838675320479808	0.01209293038647189	0.013191043296511405	0.0	0.01419880778214752	0.01505584163069688	0.012692793500789447	0.01299089578834205	0.013005225573818575	0.013716394456935033	0.01417178373819848	0.014298104163720498	0.01276085775240303	0.01340348809561678	0.013095254448714629	0.01297271109421222	0.01177507914900724	0.013654048999493002	0.010661147063918042	0.012856226013646855	0.012614452082103869	0.013230869602399314	0.0143828689517481	0.013783985670976516	0.013580288835444366	0.014004527286528491	0.01354178180804505	0.013396035096426022	0.012690543385109028	0.013470191849801605	0.012529160363123683	0.01316039593234248	0.012972403626613864	0.012838635219519008	0.013699113608600709	0.013566359685800855	0.014134895193049755	0.01257907604575198	0.013182038557993577	0.012206881426385924	0.013638782975024785	0.013289181765084543	0.012881114689347025	0.013312690099290052	0.014137815161948683	0.013550135543886486	0.01367369178203203	0.012018086355047546	0.014084457833934267	0.014142735231136636	0.014474622848557423	0.014171239092433166	0.01279642228636344	0.012610367399133286	0.013126670442837711	0.01370684322782955	0.014351282728718686	0.013261049426868635	0.013490821505044825	0.014208053202643551	0.012870812985070623	0.013276439609186293	0.01363832558413725	0.014142009603137136	0.010907510545994254	0.013335932235468008	0.012819980689151498	0.013757508578246086	0.012105368990225946	0.01324198175934356	0.012111874939631975	0.012680755707882064	0.013664810579724417	0.014558755993987711	0.014462677057377646	0.013213912540943977	0.013863874865169337	0.01230561756394392	0.013689269511672549	0.013466653541257936	0.01467753817107953	0.01178334432498127	0.012279499517174143	0.013082843372440079	0.01366555820085691	0.01348779025905491	0.012789326967076993	0.01372223881404655	0.013243267410462924	0.01240883837073375	0.01320163423206313	0.011736226842268455	0.01278200381594487	0.012462651997003159	0.013539817419627724	0.013128103865258776	0.013287348403213686	0.013154087162960047	0.013004844166481358	0.013179942115893926	0.013209775899074601	0.013203563384895789	0.014592516754419011	0.013279801552407575	0.012889860689416312	0.013205831353090109	0.014120259666059206	0.012959250751582798	0.013287538187639853	0.013596060202527748	0.012569104491813221	0.011944853479625633	0.013809834583420055	0.014558528070870984	0.012884682905104543	0.014000642384689801	0.013578700382475817	0.014165411319134942	0.013903302883399941	0.013569681281920527	0.013056549617180108	0.011288275170995734	0.012533940480547002	0.013966333200610994	0.012923662176191862	0.014269977964003706	0.01235610709013044	0.013852550295091639	0.013814894132514577	0.013064247176530631	0.013528258724615603	0.014019748568879236	0.013709607617156476	0.013233784264274769	0.013966707530885721	0.01396789259622479	0.013083110709214118	0.013299720232200843	0.01455410002561684	0.013352228638656361	0.013512847578223061	0.01206803619406692	0.011714685657528517	0.01245462666135156	0.014169659209305144	0.013867358928141837	0.013072523164802174	0.013330737952218414	0.01316913938378251	0.01382711901516643	0.012932810069111858	0.013116405356638296	0.013646182935018675	0.012988632469276302	0.01376199915330999	0.01361690489684158	0.014364607877208009	0.013582999183822482	0.012194746021229457	0.013055305588891768	0.01208362485357185	0.014273911817582603	0.013438758281183476	0.01354821906491699	0.014109786073674897	0.013847299708650816	0.012372012914830824	0.013302357408096998	0.014294493382984325	0.01346412255009654	0.013079426293868778	0.012945498768050451	0.013696210123316682	0.014260770470221172	0.013177914585616932	0.014058161583126807	0.014675352497137483	0.013379103591062093	0.013524799367870589	0.013161356378396594	0.01282105260773467	0.012752878606875444	0.014217182466350868	0.014088562145617314	0.013578020483798492	0.01313140637715979	0.013202799373874563	0.01320038905135895	0.013127158804586942	0.012579982635372926	0.012599131541242986	0.013054051074105616	0.01360170262339885	0.01358454790595322	0.013555306804590099	0.014145636976162567	0.013728866490879517	0.012233172108051502	0.012983560337982284	0.012406663557081253	0.012566090884265205	0.013651596702571323	0.013004802105769393	0.012475797340659695	0.012599263695632973	0.013541802443704485	0.014264172225052192	0.012862528546625847	0.012952250688531126	0.013269286816645586	0.013372429979359984	0.011970679011788742	0.012759730861661774	0.012952094380526828	0.01300583462867795	0.01379432490410473	0.014328233726044515	0.013801496536311273	0.011633771604580847
buffalo	0.013714881224991662	0.01312019515970198	0.014566231279534244	0.014148184556428378	0.012137561827772076	0.015071319596420227	0.013840038322185172	0.013668477684829386	0.012475858991065736	0.014753370899810403	0.013981106732766662	0.014064258208462884	0.013496718809295346	0.011457299768813843	0.014180386112145376	0.014519639604604928	0.013741989489315298	0.014323535477024174	0.011096460922705388	0.012776885561781241	0.013304427203564456	0.014410185789864255	0.013985714496889432	0.01462572019638897	0.01419880778214752	0.0	0.013292849237969053	0.014486351632556047	0.014306609932246323	0.014226106644669476	0.01322008272732233	0.01455578895964981	0.013990299864139966	0.014407665181716243	0.01396496225158367	0.013461128996852298	0.0139875497809306	0.01418938126639077	0.013359902621560256	0.014617408912270877	0.014281995644008063	0.014596898968401353	0.014847363717857139	0.013262298800481253	0.014850521038138107	0.01377320157823631	0.014669300477875997	0.013028763642021695	0.01309365037205232	0.012719582519700578	0.014236359900087736	0.013607454482826626	0.012841717338782555	0.014362694616831753	0.014813857223192508	0.014156005769712694	0.012259529992396066	0.014595989894444295	0.013789045838458018	0.013791375572143147	0.01351945792432122	0.014369295872236764	0.013604173056991959	0.014696105916462423	0.013368973151850864	0.01228332726838577	0.014130102368608814	0.01403060967638416	0.013114446479113579	0.01152760842471847	0.013447370032232517	0.014418179523673025	0.013840108018792003	0.014129466810432397	0.01312771577415991	0.013484248910834601	0.01461277287640597	0.012968506732784841	0.014330447419689524	0.01512654652835025	0.015114387490059833	0.014108330042620026	0.015066958008594067	0.014615444461686602	0.014313598342662133	0.013302698201570323	0.012900306013752265	0.014339470402936948	0.013092815218909733	0.013786853604335625	0.013867792063471567	0.01288957544373007	0.01428944719456095	0.014220871609489916	0.01496803353642059	0.014085945584733906	0.014661357286201658	0.01352643818286825	0.0143558398604559	0.012649678286757844	0.014555266901030883	0.013903435319526836	0.013932120352240647	0.014717236432909135	0.014279005659051396	0.013990308774731288	0.013504485101198695	0.014736558504556414	0.014400197531924779	0.01438571367626338	0.014524909806518865	0.0141856525420566	0.014327783524837805	0.01506430474356721	0.013956951367042074	0.014259839901934078	0.013616754158427686	0.013566781317804491	0.014192803724528883	0.014003561693477037	0.013954414060602785	0.014211907332094171	0.012947743117085892	0.01473998992826735	0.013346548322827041	0.012689250795559423	0.013379349262065854	0.01481943262758894	0.014060119502215257	0.013577793245891888	0.015173095933513332	0.013846979506454945	0.013917118754137712	0.011725694714308952	0.015075360759868713	0.014502566990731538	0.013183837213522702	0.014099343991489832	0.014937048956822246	0.014690982760657459	0.014539582351740264	0.014660403366879125	0.013039881407982734	0.013644285562548432	0.01324107607013416	0.013932004416754549	0.013526471101708635	0.014049098009379968	0.01333590096376882	0.01458076017425584	0.014755801004469334	0.01347823204766145	0.014777554943133746	0.013226461211193528	0.014306046708324433	0.014536276498870819	0.012963394601190168	0.013634880405823087	0.012868278719187595	0.01286861200302698	0.014102710140656964	0.014115952560101216	0.013454787468857149	0.013547332014127946	0.01380081052228415	0.013511858902458979	0.01421936104793879	0.013465536542149579	0.012950338017477319	0.014627076517135948	0.014314907758165785	0.01457834287465843	0.013987835607150502	0.013531111118136601	0.01404949812532712	0.01295911987155002	0.01420001560022051	0.013923954954863493	0.014669730434855173	0.014146695720555132	0.013672581911024596	0.01305369628607419	0.015036446774286116	0.013225558853688464	0.014245892157060968	0.01473280537319517	0.013906905900239939	0.014304701258803702	0.0146311948992749	0.014745247329267706	0.013911464158165491	0.014581884750679196	0.014346576480840232	0.01464377518036904	0.014516267819832085	0.013910515821561924	0.014023070059501548	0.014629838789153516	0.014446943711229416	0.014428406200875859	0.01465666613123951	0.01384912921718901	0.014455857514903888	0.014823623127332188	0.014840107273317043	0.013772983205981994	0.014301570223646034	0.01452073205395249	0.01439573624806176	0.014941424265360801	0.013872625854010785	0.014674596893474874	0.01415345947819193	0.013296187505450887	0.013980013651865433	0.01459412380185363	0.013643576552913872	0.013961641585261446	0.013838760437172897	0.014405741359993755	0.014603268723871736	0.012534241162731552	0.014923119787403601	0.014493888152553949	0.014388502590158746	0.014129111249260282	0.01328453635354551	0.014522347581449484	0.013267230287825154	0.013776783902673973	0.013929352893889585	0.014248661226542609	0.013994353808165449	0.013893870151204735	0.013122395562700064	0.013491616293117854	0.014616392598962628	0.014344817032110577	0.014245519546550843	0.013190421535014223
bullock	0.015060157926000947	0.014098022390600764	0.014312191155041086	0.014248509797389126	0.014041568598495252	0.01525438759360506	0.014502866552409961	0.013772417024591126	0.012497431624775115	0.01566024288605669	0.015106266572232534	0.014884227569850502	0.014662348411018777	0.013159062301407088	0.013718543847770293	0.014839735023488508	0.014212250717746715	0.014320758925453592	0.014054476261227553	0.014526995798387574	0.01403460903328332	0.014814099035558652	0.014912859876291843	0.015186464445794046	0.01505584163069688	0.013292849237969053	0.0	0.014510224745484796	0.015377226749488614	0.01535451600937377	0.013948000349969868	0.01458641280604948	0.015184082074663343	0.014379183768719656	0.014077805680803463	0.015113439954926606	0.014365481303911264	0.014573893825416961	0.013684512668496185	0.014360458697757766	0.014046959409231998	0.015431906897057224	0.014649676532552296	0.015324475384809607	0.015398622797363388	0.012936863472433462	0.014766611249675463	0.013775253256846856	0.013389031441249477	0.01402313001766684	0.014643567384415308	0.01398489357837105	0.013328134010314215	0.014228304922627777	0.015307854522059674	0.0142148844558046	0.013838246283842458	0.014400157496023353	0.014129342693915088	0.013789742975497718	0.014904627993561183	0.013353544116336382	0.014088092733961196	0.014878703423176588	0.013871526674202559	0.014031213239241544	0.01353368748325731	0.014749148877281381	0.014207338520183183	0.013903361483034725	0.013691436580823479	0.0146258896258153	0.012007244296485555	0.015054498699819759	0.014592496933115517	0.014316044515492959	0.015177831320982826	0.012610157612359374	0.014502166516843419	0.014737483626153333	0.014470291938563558	0.014749960724701106	0.015264463086200157	0.014396866235763249	0.013371669233678886	0.014552514216180847	0.01366949535163332	0.014689567487334737	0.013954304484391049	0.014463310542722785	0.014545685778639175	0.014174853520597646	0.01389780958272692	0.014873540258333541	0.012923613931480026	0.014550580613879179	0.014410894682874972	0.012557090315652797	0.014251964680895924	0.013799393451784697	0.014447638961236702	0.01340726776168505	0.013782239607729846	0.015010575470194094	0.014399831728652062	0.014397281557225926	0.013370939821331149	0.014648217173214495	0.01348100137398027	0.014852312269828982	0.014997218320461523	0.014235778380998208	0.014433176218409106	0.014892736758570535	0.014275551623033442	0.01385903087470063	0.015107259122303564	0.014159926907848739	0.014420862569599154	0.014341514493681047	0.014733192181719932	0.014374834462427781	0.015093302752209999	0.014062235278296968	0.013114874868412198	0.01383236151804463	0.01372117357916451	0.014054997159270912	0.014381351973485801	0.014085150507568431	0.014136945361703871	0.014257171556124777	0.014044780052726684	0.013796055479030189	0.014867962966736205	0.014492477099560046	0.012600602700805963	0.013759257648894995	0.013523193997813512	0.014603356347245753	0.015127614417516371	0.014559738990570696	0.014659119506252323	0.01415903251434014	0.014238823714195442	0.014360002248443382	0.014092387108665871	0.01444142402012297	0.014399581584614336	0.015463813334050606	0.014971845494947025	0.01302162322602677	0.014981865609616314	0.014109184668036255	0.014374541568888687	0.01532453817908986	0.013983596662456955	0.013421166117364132	0.013737523275880292	0.012778413314754608	0.015154852053915169	0.014404785503700317	0.013771041662977428	0.014728183125429221	0.014170182876131764	0.013832871328188652	0.014593055113505086	0.014103322883582266	0.013799338393882102	0.014500818922689703	0.015413237759382794	0.015101729492977842	0.013816434561936297	0.01396873246441713	0.014187674428170762	0.013854471162552751	0.013874302821071612	0.013378483735037363	0.014754677653108082	0.014566784209143284	0.014032521159793284	0.014208045344552339	0.013779051889249437	0.013942549787393104	0.014131822855521671	0.014903157763355535	0.014217034196077404	0.014493217042135288	0.014281652739218432	0.015574117962600458	0.014573572030227364	0.014911349420303534	0.014756541875029705	0.014750832181394703	0.014988844909860808	0.014921257566862429	0.013851195756991239	0.015269523028929222	0.015267557706497917	0.014483313842038764	0.015024914533442244	0.014743399895708493	0.014166081690912822	0.014970662495605667	0.014854728301032698	0.013878793767291746	0.014001981072643041	0.014875835374456392	0.014564585175919147	0.015144278060162037	0.014408151903912892	0.015519187430926529	0.015129089083215358	0.014281264516359965	0.01415186249205014	0.015628487531503036	0.013410908133849153	0.013427017229886264	0.01433562909513995	0.01476430883407804	0.01465273899524858	0.014622886484853437	0.015212209050362246	0.013840786712138554	0.014274161493309283	0.014650188892132827	0.014723799020672607	0.015328796749808905	0.0141199282255407	0.014255923696497575	0.014971435803612508	0.014816238748179257	0.013475911893713782	0.014511643207045859	0.013607229702457212	0.013323880041660454	0.014447443869784056	0.012832677554759284	0.014783299135000039	0.01462480694577004
bumblebee	0.012776240000475876	0.01271576962106496	0.01194312426312366	0.012387475194982128	0.014010354055796209	0.01252390437444413	0.012031594844076088	0.01285110070141306	0.01303417685571902	0.013604075075659985	0.013275510739458327	0.013141236169108944	0.013237124074312368	0.013797446480503657	0.011812037606959954	0.01158989629489942	0.013368725138549158	0.014101062449337747	0.013039255681987333	0.013480091737645118	0.012606886946058824	0.013966011292655909	0.012781031425581457	0.014290951702200447	0.012692793500789447	0.014486351632556047	0.014510224745484796	0.0	0.012810360134436751	0.01306667253042152	0.013276661534951058	0.013064929215788324	0.01452538712796754	0.012581314778428554	0.012514865821755303	0.013394737903120308	0.01238506323394557	0.011689973854710198	0.01327545412077744	0.013105935220736603	0.012791575895298857	0.013428321947752389	0.01126768529049172	0.014229449673860844	0.013536135162137211	0.011871364111500844	0.013407135238199981	0.012193002927581069	0.013551668879668377	0.012237795541402247	0.012954694816051963	0.012606359826722044	0.013206776486675186	0.012882989291707538	0.013281092111796417	0.012804289410800496	0.013598275204980817	0.013409732348943583	0.012579466027686755	0.012704012783643723	0.013181735605364661	0.013046487644051	0.013498908373908708	0.012091301075364793	0.012695340939209732	0.013237429653617273	0.013055166740674896	0.014151509448179743	0.013026275095386928	0.014226826405895801	0.013814715819392481	0.01287411682336417	0.013621815015904455	0.013788583894462504	0.01316457271741437	0.012846814702522268	0.012296333335961944	0.013932788106815603	0.012577163917073553	0.013197200036378042	0.013150248007223824	0.013088902065944144	0.01328046098272155	0.013443446467228623	0.014986481107651722	0.012928564056960041	0.013342154966301001	0.013150637040778602	0.013466189757228792	0.012130625229482907	0.01242193077234545	0.012373797653806203	0.01219349676488282	0.014053036208538474	0.013161693262898339	0.014329836112571291	0.012357173488988037	0.014243250122347374	0.012651651087984607	0.012441670368802955	0.012871693943653593	0.013643410863723244	0.012004328621441612	0.013258574005166326	0.012368454761248824	0.013221220853246316	0.013599832721523951	0.012167590169375393	0.013298761119429545	0.013059509602033394	0.012782284296885365	0.012761818321499427	0.012885655239604096	0.01231535179722169	0.013294162650906369	0.013220859616747937	0.013175332908038195	0.01325304041840494	0.012560310122353622	0.013032658630491417	0.013171646745710109	0.012814975397055757	0.012806857846419438	0.013734238059690587	0.013650807915825083	0.01346243303184042	0.013503935702603189	0.01323601533601344	0.011959165906890975	0.01386512716460359	0.013007003228291902	0.013264784599932722	0.012427633403053993	0.013278167516489197	0.013653647311073477	0.01277389832199647	0.013327620592040465	0.012988898719375688	0.013767957900141976	0.01371663861356122	0.013622839044322932	0.012118345861324915	0.013730579502830586	0.013091201702252997	0.014006898347855196	0.012482022041371861	0.014646854776793837	0.01248481949853554	0.012550095687121142	0.014032862599998046	0.01306117259217509	0.01398629340462021	0.01395780075982785	0.013432770333541589	0.013345312257103024	0.013132629096574153	0.013634997680761894	0.012885499263887788	0.01330796161745141	0.013814359978079149	0.01289297536622037	0.013913193206445447	0.012179574060486364	0.012678200323734184	0.013291251326999954	0.013008858651719708	0.013041887377949195	0.013327288465219144	0.013031434464521567	0.013788871563101726	0.013251692584044602	0.013434913631207466	0.012426998979959896	0.012586918646091093	0.012526340516782076	0.013142465538398105	0.012588211784881304	0.013534736192807534	0.01321648295631364	0.011827824424105848	0.01310151168982656	0.013064657640419475	0.013960595570214031	0.012834093243350697	0.013821991031937576	0.013335909464456954	0.014533078322562605	0.012233807115072303	0.013374860108480576	0.014236424316393534	0.011336023402727678	0.013620727170958588	0.013533706197016604	0.013390991096522977	0.013944222030703342	0.012785928739630782	0.013744140413521627	0.014081951540598431	0.013432102251064388	0.012298391544928238	0.01312338968192808	0.012688924847366206	0.013010388573584643	0.012353833879156647	0.01355096976794543	0.01278286717631662	0.012969778392669069	0.01327894620624843	0.011338874042588211	0.012967915060915967	0.012180424102880526	0.012254737305327168	0.01203753129910761	0.01367518149435891	0.012712296661913265	0.013047867363071872	0.013990483500104853	0.013968512365972116	0.013237270461059073	0.013031745797574044	0.011312208951687452	0.012515022629053438	0.013753900638549312	0.012247104841144931	0.013486781747098574	0.012387695069550715	0.01388430957077383	0.01445356478588676	0.012791537880061403	0.011904843984271591	0.012890645151978053	0.011527493226503382	0.012215743740599774	0.013320697365434129	0.01300288966467415	0.01325013257038264	0.013372181193742689	0.014051103933942393	0.013927503698853682	0.012582232320688648
butterfly	0.013243876478261765	0.012963450820129382	0.012502246673127819	0.013369586748127542	0.014047629548181237	0.013521236578354768	0.013755552996623635	0.013683074048836912	0.013959130526776475	0.013315322826852658	0.01386887040297614	0.01310043933839194	0.013607679788036628	0.013716684098137836	0.011979909987530544	0.012248354400737089	0.013427404267555796	0.013677084123865731	0.01462712534549291	0.01372399625388288	0.012033292507937552	0.013758122761327906	0.013647825871161014	0.01302850231174265	0.01299089578834205	0.014306609932246323	0.015377226749488614	0.012810360134436751	0.0	0.013803796741745753	0.014160593932144664	0.013606248087771177	0.013419976876395658	0.012775260426883326	0.012035860785176902	0.012898470934190909	0.013529913597577437	0.012415557650632191	0.013198660308626304	0.014534336974447297	0.013647781577375314	0.013025824530665399	0.01229331300857048	0.01457849529106833	0.013647940172875612	0.01353621598461824	0.01288478401097381	0.013314602408513232	0.013685297175452653	0.013332184966604987	0.012212491444924761	0.0126290204822231	0.012664380738055979	0.012011696013804377	0.013511788479178048	0.01405811558851057	0.013075099670730433	0.014021872320660801	0.014308260165341253	0.01342790063535401	0.01258127274048231	0.013888356701907703	0.01278059348248685	0.010671400347828073	0.01314033550282774	0.013130151710363107	0.013143310871482777	0.012841448383975941	0.012244010948254481	0.014494286719928962	0.014506764605460363	0.01404747179400428	0.013826692659848287	0.013752458886609404	0.012691210945893266	0.012637781736437927	0.013459863320368472	0.013655664288047271	0.011747301165320473	0.013481649015008514	0.014570421986548218	0.014126524250870631	0.013030058168921516	0.014405567737310809	0.0149759046982013	0.012860686676338141	0.013443488301472892	0.012302350090337979	0.012928845076854562	0.01354465277125063	0.0117779016418959	0.013478298925779352	0.013919759457063538	0.013117594765343665	0.014486186057648622	0.014569268981371715	0.013554999229193548	0.014010487895822668	0.012795982142956805	0.012748920615555557	0.013425477466469408	0.013684628686884677	0.013313079028204342	0.013179149062195267	0.013603884025440915	0.013313403668988368	0.01345187379731577	0.01224390848925891	0.013834351980479366	0.013519082013221946	0.014221131128606039	0.013837099017758014	0.013018167175449583	0.012549592331702773	0.013907247786169627	0.01345905055138537	0.012870058884546736	0.012658100208957062	0.012346345767048952	0.01426673586883463	0.013058331895314652	0.013621710102608552	0.013116172027630109	0.013859948963515355	0.013630537318494305	0.013693636194841326	0.01372905907298119	0.013425905297655437	0.012764147044218473	0.013640535594982219	0.013963194434525239	0.013798894864691191	0.012279062461493304	0.014487966073401122	0.01148063165716201	0.01316132534870438	0.014679293582305067	0.013800164020490852	0.012680560945889376	0.013258018794813493	0.01282572600554526	0.013358554211046654	0.014070376902750098	0.01299807435428588	0.013674039589903214	0.012688756306239852	0.014259224216328218	0.012972197209993734	0.01327381633634793	0.013479035666819461	0.012453888306444155	0.012253279301512645	0.01425048045636425	0.013088376218805287	0.012970302877911339	0.013222779636582532	0.013089569269239225	0.013079326395268707	0.012930657888630908	0.013893982288945152	0.013425965758238186	0.013860833250668798	0.013191454436785386	0.013490329879357095	0.013684940284341323	0.013387803518090933	0.01394867271783728	0.013998365542695663	0.013990829923928834	0.013254855399041114	0.014222306606636998	0.013291684210475767	0.012646603371161119	0.0144038278023141	0.013394818046082096	0.013403692904491863	0.012780328703715831	0.013504408975503366	0.011349645355853788	0.013466714654363665	0.014134848043258699	0.013371488470429222	0.013974606857590013	0.013466950407582818	0.01438077579064322	0.013078934304473037	0.013879783384898495	0.014195188140292676	0.013568538595539295	0.013799426316159628	0.012248196201621002	0.013996654667504493	0.013403664763267905	0.013268442095611541	0.013930065727466454	0.012706740878932926	0.014201057602584914	0.014189827522801639	0.013058659479036868	0.01335131966956425	0.013278118984397493	0.013580993477131004	0.013664713336780397	0.012871205098238327	0.012625495751825675	0.012091495504185958	0.012311756502351197	0.014649481159205615	0.012728761433065	0.0140381578690146	0.01331740112396535	0.01304700464979913	0.012776803900191168	0.013013486092586773	0.012988935510689794	0.010268243080277033	0.0127555060491685	0.013871454460110188	0.01427039385918194	0.01352526805864527	0.012284634013510137	0.012067820522869907	0.013352167317749688	0.012320588178873684	0.013375723051245951	0.013448700983991788	0.013530960729746678	0.014777701515723973	0.012612583239691354	0.012977115403625528	0.013274660752408757	0.012522891268763756	0.013514604956911178	0.013838457631970856	0.01355984413813059	0.013675847184483104	0.013781229813219515	0.014176443531098228	0.014580438761632468	0.012658461765613837
caiman	0.012830840029021594	0.011240433334947942	0.013320827382520268	0.011479695665317716	0.012343540990208244	0.013651761123106914	0.011408167122584724	0.012392876265484225	0.01364430755871332	0.01160667861100933	0.01202055533192315	0.01380606403635707	0.013569927201168529	0.01409751556087309	0.014609905831269072	0.012969211176686533	0.012803081016289812	0.014530171459274394	0.012369189504056917	0.011661933649173133	0.013527683691022155	0.012321692630926423	0.011353260986904397	0.012377645936081363	0.013005225573818575	0.014226106644669476	0.01535451600937377	0.01306667253042152	0.013803796741745753	0.0	0.013895430969289989	0.01307481727494872	0.012845739411779841	0.013286265003692366	0.013220904559599284	0.011901206169242135	0.013122490706687664	0.012378079818798633	0.01392222682199014	0.013181010584626668	0.013930724020712154	0.012376501097246893	0.012834759627531132	0.014050661964855927	0.01207399700871787	0.013055598408404059	0.010765562645744518	0.012466638021946384	0.013730062130252761	0.012802714740149218	0.01254427135525824	0.011273009228396335	0.013937906641794251	0.01345057048391817	0.011730277041027687	0.012738812141902358	0.01277202781940797	0.012451481868056306	0.012520060382622837	0.012780995471289308	0.011792759177059657	0.01416968105332389	0.013510088679850492	0.012663968242144791	0.01345382175070167	0.013135127984129295	0.012887687037449575	0.011674916989065493	0.012650800547524101	0.012938994403837079	0.014017917672031087	0.01368266359104384	0.01401295853712031	0.01160545905815422	0.012574364835299398	0.013548067015142273	0.014230912541996137	0.01421550068441783	0.012643584724419413	0.014069440018736647	0.014308442520313802	0.01199892839743617	0.01247646414126133	0.012795674211112123	0.013894209531800929	0.012009972321263017	0.013410112519572978	0.013218793888995065	0.013705635457739873	0.013176820853989482	0.012946520145770433	0.012087803533405439	0.012989044072301295	0.013581603618147243	0.014111056973667813	0.012939753075490017	0.013838573597956722	0.014570126370165321	0.011893910003643503	0.012627170262340748	0.013366005694957984	0.013627734961481522	0.012004876355312109	0.010727316886653291	0.012838962464939343	0.013323403517385429	0.014700050838885545	0.012765781632186484	0.013521731384948426	0.012653236335046487	0.011998464301088125	0.013912963907244204	0.01334305032549198	0.014331590974158943	0.012314119078621795	0.0135461550276118	0.01195985953402693	0.012817765320893477	0.01134596042346342	0.01273873140288444	0.012550418318033834	0.012532233544828101	0.01244755633457874	0.014351262842533703	0.01333878057265618	0.013305766289497527	0.012566206995477057	0.014402197915956632	0.0118260389206408	0.013509950537646077	0.013306368916013911	0.011594107605672579	0.013077515711380388	0.01395339575052571	0.0143273988693793	0.013538239162548664	0.01418021248024433	0.012843363376416872	0.014995757662586002	0.013092316737041094	0.013314517425551424	0.012764343410640044	0.012106789780165	0.012627091905564481	0.01316549363030171	0.012764422036549183	0.013952909836304239	0.013117581175512129	0.012794722897435098	0.012353238722141223	0.012156643784479242	0.01389883259791309	0.013633349605753426	0.012441161304435469	0.014517973592204332	0.012966537853197799	0.012545328781770027	0.013127128366288699	0.012894971414067766	0.014001104170175535	0.01248592429755831	0.013364463819186346	0.01250096539762746	0.012709737219236114	0.011987052244589276	0.01408505052760896	0.013250792815880874	0.012832176493872279	0.012530644356975231	0.01274569505698423	0.012491909384679518	0.01348753511562839	0.013806396488500657	0.012835097678588987	0.013096589451385128	0.012460455481979875	0.01390256904134068	0.014983682933907443	0.013043121955361883	0.011635144712444354	0.012884261062059688	0.011244886519271802	0.014870160880642866	0.013218627818897549	0.01376154271730531	0.012497541302592475	0.013634257431723694	0.012314894866154611	0.01078109993060261	0.012963097477186184	0.011527812197990341	0.011401526258118829	0.011806426534757586	0.01146622388020902	0.013863347510363942	0.011792971560613352	0.013379332382202045	0.013694761531448368	0.012493602438532427	0.013225149943352672	0.01399735851704183	0.013100277487441008	0.012232268899091056	0.013227106147854521	0.012967651068271297	0.012175673644956418	0.012854487296364674	0.012265247233885722	0.01337669929121425	0.01245615701160898	0.012498651820751588	0.012683732441539353	0.011447079114216217	0.012871148039935014	0.013309832236782315	0.012443651223901998	0.013784210845101438	0.014163266058153576	0.010387083872403148	0.013608506631963037	0.011116498349759306	0.013273808158665327	0.014133400050772113	0.012059251194131933	0.011757410035915218	0.011684430886018464	0.01309512986016812	0.014225813074450262	0.01199404613608739	0.012474845956373222	0.013187728887057127	0.0131621010567905	0.013275540125188693	0.013024668823574927	0.013819764566717662	0.013507783611761932	0.012854600670813754	0.014346157983456773	0.014265926739181858	0.0124286592872331
camel	0.013155082055202903	0.013034063442380821	0.013324419036338799	0.013718054255129794	0.012282809436882485	0.014214034161445921	0.013397633890584081	0.012234019200884691	0.013294797166269223	0.014025182436418024	0.014030801506728781	0.013937330068599412	0.01328895092524536	0.013520321318373486	0.013756584296030357	0.013308825954607265	0.013077539022644458	0.014431543130831538	0.01268759728710983	0.01333841340618305	0.013915845213723306	0.014225609601024904	0.013632853340890377	0.014694709688054326	0.013716394456935033	0.01322008272732233	0.013948000349969868	0.013276661534951058	0.014160593932144664	0.013895430969289989	0.0	0.014056230417886941	0.014409564505981859	0.012605071050821258	0.012950369874842573	0.01390544788273512	0.013910086035128446	0.013093272283487547	0.01315134410819901	0.013762787614038438	0.0138339465634569	0.014042942420519266	0.013323982482038515	0.014166064509578491	0.014376754393160862	0.01378457812894906	0.013912449975169574	0.014042036196982214	0.011551681718025297	0.0128398152647596	0.013055338580822952	0.012354487558248094	0.013326001618453383	0.013552366642077507	0.01365504311729511	0.012599455768504464	0.012818160220639203	0.013700919184897851	0.01233299395827146	0.011990798043711937	0.01311664719067061	0.012437537812384679	0.013781164949793005	0.013606746093482511	0.0128028872971504	0.012775831373902369	0.013936823407814596	0.013830747616219597	0.011240213706496143	0.013470951759546816	0.013824995535905832	0.01307745317014989	0.014608243177240464	0.013599844309689534	0.013013524664292642	0.012862940762880986	0.013480701570296011	0.014050373903741366	0.013195010308880404	0.014133043327945185	0.014650669635114895	0.011756575540536657	0.013260963949394635	0.012906920201124146	0.014401239329231324	0.012057121268539925	0.011563472975555142	0.013286008313358107	0.013088149388067434	0.013305765800587753	0.013046208193478084	0.012822829294049608	0.013290274493976042	0.014093740855077712	0.014023985863822998	0.013961460102192182	0.012803859402081152	0.013550952081700955	0.013791356905954164	0.013020743734591205	0.013865850709464889	0.01093937455503701	0.011931872651747152	0.014174788665632342	0.013517687249588033	0.012520170240632093	0.01505753485515151	0.013629281819711226	0.012680349517267438	0.013877076900628428	0.013784406069903417	0.013019203346109929	0.01336005906955199	0.013864180985537124	0.013651742597580847	0.013812380991770073	0.012100292983001564	0.012127176746170015	0.013047071769800194	0.012115858085776463	0.01328424981084249	0.01294689467933132	0.013598624215911247	0.01477576914517109	0.01395070381618847	0.013370248314776059	0.013458315317959395	0.01413400862664685	0.01323602252372007	0.013332730896132081	0.013288189141491663	0.012371945795921744	0.012654823764212144	0.013932115063509852	0.014410242572997207	0.013001050338899044	0.011108806092376348	0.014856340418888862	0.013959088944093923	0.013966370920012685	0.014053693780493806	0.013886830803700245	0.013062379190614933	0.011422503122952662	0.013314776612361339	0.013773650755018754	0.01389007072429135	0.013334761141007456	0.013842858647170246	0.01389791406657284	0.013171738863183046	0.01297447684407371	0.013147818584040334	0.013405494057427048	0.014371423592247362	0.013642205956619757	0.013282039149067299	0.012096492763584326	0.012565420736929228	0.014265248941330723	0.014643692016029412	0.014111683896554119	0.012932400683058004	0.013033399997488983	0.01287536702657024	0.012847645706462775	0.012854938647896077	0.01351251572140125	0.013354510962433478	0.013397408596735416	0.01345346442474418	0.013405251499037773	0.012647391923286441	0.012815762523555825	0.013074245084882467	0.012957699518425863	0.0142966303602411	0.014970394558396655	0.014163109363417586	0.012936345773929879	0.012359171732525103	0.012459582381434938	0.015001854362694689	0.012839580136356492	0.014472330504075854	0.014294031412618521	0.013894861623499009	0.013943576838271445	0.01374270310154258	0.013758469479649734	0.01305632438395379	0.013571276855029795	0.012952432963485187	0.013666961533151832	0.014235735223782287	0.013671989714163512	0.011931090738029225	0.013772926101953964	0.01344925512862176	0.013902434677693674	0.013353252240442997	0.013235869939820793	0.013719736069636645	0.01391580999084283	0.013705282156814713	0.012536234017153133	0.014036977590103902	0.013239911165699893	0.013918299428761058	0.014547649079131695	0.012899809690538238	0.014353208887617255	0.013792189953507039	0.012972992589430883	0.013410968009077331	0.01403217483720517	0.013970331640326898	0.014295624701739512	0.012127229403009188	0.01432364084679355	0.013331634052433778	0.012391801915845374	0.014200157069957966	0.013180247786438257	0.01229491548137802	0.013309009475948515	0.014049198996892625	0.014337483190059275	0.012488434871768896	0.01295158923386179	0.012580165133994719	0.013917618046670544	0.0128902627025199	0.013043139066266694	0.013426884106911586	0.013087551099423585	0.013463891327472102	0.014681071994763166	0.01281262968215144	0.012220910157581004
canary	0.013212599658877121	0.014304972445095591	0.014145976117546175	0.014314772046330065	0.014101221482274471	0.01449452100609556	0.013964192281112604	0.01349418379644645	0.014441933677750296	0.013962661514234014	0.01392659090925104	0.013985108491264229	0.014397374773272211	0.01426070075692707	0.01416845789295215	0.013665040959488482	0.014130052362241992	0.014306405557992998	0.014361285906541753	0.014717771261989341	0.013450190201480796	0.014142925115057237	0.014319166825667253	0.014046074291740642	0.01417178373819848	0.01455578895964981	0.01458641280604948	0.013064929215788324	0.013606248087771177	0.01307481727494872	0.014056230417886941	0.0	0.01487764491118411	0.012964834292393446	0.014471489727800126	0.014944909517035193	0.01420308384071519	0.0133617527412854	0.01394000060591523	0.014311473755350029	0.014265629253363004	0.014208671056235484	0.013496389127681623	0.013640871633088768	0.01404535850574321	0.014590449707464237	0.013878776583120896	0.014317306469562559	0.01395762915558879	0.013281105565943278	0.013163883669038819	0.013492284326694479	0.01359403132736281	0.013430954706948772	0.01411685431933072	0.013849570151490086	0.013605079976800596	0.01431390477700945	0.014353080786787313	0.01353597767170262	0.01373734020777749	0.01395154455532347	0.013564447827661932	0.01400402826348127	0.013644322592342556	0.01419011256606024	0.014477609339790403	0.014052301632298482	0.013648125872881736	0.014247595787603415	0.014242226838767684	0.014077782373739094	0.013729734918326901	0.014252496748781197	0.013041150977018625	0.014458781204365181	0.014133161752715846	0.014341205261274923	0.013704182612882539	0.014290232961686078	0.01451359493523257	0.013988014576690206	0.013997484019103943	0.01390653820883426	0.014454388107647063	0.014143640800471131	0.013198033916738955	0.013914512765973908	0.013314667416868358	0.014291258850975052	0.013638724586108772	0.013892001410683303	0.01398748763373498	0.014091697655259323	0.0139417228040832	0.014282757412260445	0.014206145556659833	0.014262156876561264	0.01398213944350663	0.013704655233396493	0.01327045094693158	0.01430372490029974	0.01372410787991507	0.013236422792770361	0.013706453578221627	0.0136627435876061	0.014873470932327335	0.014127675732760693	0.013764020362275082	0.013916278128843482	0.013875878117561975	0.013689425642989543	0.01404228484581022	0.013728845400968977	0.01424818606899685	0.01416598226040247	0.013922567641383176	0.013913205174923511	0.012846251961445678	0.013897510792654593	0.013394105199705495	0.013718198083056441	0.013893958238652748	0.01427489741282077	0.013923283776390445	0.014214005467978933	0.014282524021830851	0.014318888856632265	0.014095990823024127	0.013787309155958015	0.013886068028115327	0.01382036066376767	0.012810638293802943	0.015101079008618346	0.014356156130612257	0.013927645418247711	0.014433170591713227	0.015076101957031572	0.013318248669867217	0.013471424714928477	0.013609840567817581	0.013239796503522621	0.013891067332664127	0.013597003096088196	0.0143843165957004	0.013637379109093004	0.0136837301500893	0.013929301555714542	0.013462282079294263	0.014044051765024988	0.012671353650426377	0.013763733109915174	0.014736083780699592	0.013234020654403851	0.013673282967291069	0.014145964440556822	0.01406969351009598	0.013810987715433098	0.013046747675212925	0.014743183714733791	0.014103719842102515	0.014041516279399266	0.013928018847416741	0.013938356443035262	0.013539035625297378	0.014068507299295254	0.013810082255886893	0.013908663592823747	0.013860264796891373	0.014155554140862463	0.013927638657331477	0.014284780041883622	0.013744782873943782	0.014111314314590397	0.013368259326542214	0.013887437931612751	0.01404757781405349	0.014807546913553906	0.013722903534705013	0.013965794961592073	0.013917366508762541	0.013777175014116166	0.014086254860718257	0.013898176608081729	0.014699525976611035	0.014652926820517134	0.014196130780907663	0.013710276847525056	0.013928059939351187	0.014132650062268916	0.013141505236476128	0.013727758747946508	0.013929276653323754	0.013665176612406975	0.01462297628939805	0.01383905254087098	0.013414721771565765	0.015252091013247792	0.014395940514572216	0.014728012196139768	0.013671894812160959	0.013990457969262442	0.01481739805062439	0.014243565754494618	0.014781489483477067	0.01386908954808936	0.013214158621194192	0.014336076298533743	0.012984573458191498	0.01450536746558751	0.013867302056503363	0.01396668842532696	0.013602364742728251	0.013487889917594933	0.013887540674705115	0.01371704475754947	0.013318961002026957	0.014466737660810212	0.014159346053948838	0.014252601168019347	0.013436847733183089	0.014439902317136355	0.013805698712347065	0.013693944498731726	0.013670798370299891	0.012813348134133122	0.014591897966238084	0.013491612833739612	0.013519338316298033	0.013030366272238138	0.013611187448208252	0.01407773705566891	0.01392609145044015	0.014081777367642904	0.014369099847178936	0.014533970272246727	0.013508015471343044	0.013771051311617677	0.014764183224055063	0.013833257389514035
carp	0.013941303091645001	0.013052211980754583	0.014341514181983936	0.013573293715804164	0.013768412211778911	0.013204633887231438	0.014049619908859945	0.013819459375132159	0.01312991825515335	0.011462163316656702	0.014155027712282027	0.013815898153388786	0.014025302697986648	0.01360574692268747	0.014531549594063508	0.013356923414572919	0.013947719631831456	0.014427111173137476	0.013096934884356535	0.012548296002489901	0.014170939322853649	0.013856697448171116	0.013141226614610218	0.014553710646473934	0.014298104163720498	0.013990299864139966	0.015184082074663343	0.01452538712796754	0.013419976876395658	0.012845739411779841	0.014409564505981859	0.01487764491118411	0.0	0.014403783223366919	0.01427837953979228	0.011114486029306559	0.014540861572175112	0.013856794871683627	0.013559484464681021	0.0135543601782598	0.014444947596493372	0.01283770696675147	0.013583463502801279	0.013361865887062396	0.013531571992260526	0.014219344471600932	0.01349564143807117	0.013679687246582896	0.013556682668716718	0.013930842498047975	0.012554188715682486	0.01297234635189515	0.01399121570697345	0.01390634215371067	0.0122857349949844	0.014290904157254973	0.012251207134775139	0.013352943732681715	0.014614023204906703	0.01401907029884738	0.012831764583575848	0.014636907690543724	0.014515071058161844	0.013358987184552253	0.013301542174371466	0.013700659526306754	0.013352042302938736	0.011715412934725786	0.013123557507446286	0.013538774077405842	0.014140516431260948	0.015385452320491317	0.014248976244493693	0.013136942231716693	0.013907093982374094	0.013650207204220515	0.0146060342889775	0.014351606877517934	0.013257994776274958	0.013653861078503195	0.014659298126295623	0.014434030553676536	0.014355790317161325	0.014143257650483076	0.013652396123538201	0.013903501883450194	0.013751342824919322	0.012353726522982379	0.013833322175654717	0.014354869137645243	0.014169938312994927	0.013395139062854612	0.014077970255555773	0.013043767875252852	0.01360604007346151	0.012201217204045158	0.013863987409080826	0.014014563432684918	0.013589869163652915	0.014034471322805006	0.01359290650926023	0.013977998574341666	0.013172355339049868	0.01432568027261059	0.014027416933828373	0.014891523187378837	0.01436068081289244	0.012844566257289036	0.01394250511825277	0.01424414352799913	0.013468412871969376	0.014353931461914961	0.014181423818487787	0.014125462547971944	0.013479935696579914	0.013946781103388936	0.013570582023254937	0.014242482626821429	0.013724518956794704	0.01444549824207793	0.01260224511085287	0.013009611076045723	0.013105802749991631	0.014820824198194147	0.013229858214236001	0.013723085826518766	0.013354920080019166	0.014708192970335338	0.01318470779902749	0.013112884787071788	0.01440259805013352	0.013453081304498299	0.014253496895812942	0.013750983691092813	0.014333619892237392	0.0143258312680251	0.014528859626089668	0.013168517479914488	0.015228351416826129	0.013876131191333454	0.014207335765759666	0.013066617092634873	0.013802085909567465	0.01310801422659019	0.012698186023100322	0.014060267592883374	0.013117336228200167	0.01368215833050383	0.014831452067584983	0.013831679133862747	0.013621342083959296	0.013852294197966207	0.014518773228684535	0.01375751381025191	0.01492022126348864	0.011426792603871049	0.012259159787594669	0.013094649310939304	0.013288690676331977	0.013435508983768819	0.014099152066018217	0.012385517605212506	0.013453220996123554	0.013685475907255416	0.012663118823162935	0.014589416916780657	0.014550740756052599	0.013680511138175264	0.013706120957048458	0.01211216850419365	0.01490177928081731	0.013711937597146203	0.013562473766461731	0.014988780733930928	0.013792861739156514	0.013940083092234158	0.01480119549078911	0.014953553010025092	0.013238399579750742	0.013410574511562016	0.014023559323328993	0.012745328580583639	0.015305361614156741	0.013950818702198654	0.013807023001739353	0.012999496947079836	0.011471786849223542	0.014282502370804235	0.012708783072196236	0.013297610048990903	0.01390158794270564	0.012907447874356286	0.01358180447098394	0.012938878525786911	0.014029242571272247	0.013172697908609442	0.013605920207301543	0.01439954464960417	0.01197609202350511	0.014798699008935282	0.01303116584459323	0.013542630960171166	0.013768651387890131	0.013845179679619011	0.013462753673083923	0.013011015851479403	0.0141967958386087	0.013516011473535363	0.014451676091835874	0.012758471131924982	0.013635929629412812	0.013662454926551278	0.01302398633480779	0.013142529797188732	0.01409105212546467	0.013486533385110739	0.014439884623996226	0.014283189548714216	0.013536221465473619	0.014476593128458691	0.0141841705156776	0.013392478539085	0.013569648877492312	0.01321020916652132	0.013903342093071556	0.013915686496760078	0.010543770340550556	0.014184767366073193	0.012866677761407423	0.013795351399497858	0.013463621884141812	0.01391757781849695	0.013632267594610909	0.013392609531073199	0.014540261874183075	0.014371013570534868	0.013471631050441501	0.014962455228050415	0.014020700536581807	0.013823647801118465
cat	0.012418073836916786	0.011786413432232006	0.012444213592208115	0.012509469154747021	0.01399630314897609	0.014117614302829297	0.01231214236369973	0.011906896629989124	0.012338970866194225	0.013732893435762814	0.013361359528214998	0.012919035655645394	0.012369874407888367	0.013270604088061168	0.012287559061100874	0.01248332273648226	0.01295382442754517	0.013092631267227373	0.013853105762727438	0.01346169814380189	0.01267367888397278	0.01362478753891437	0.012537262740115402	0.013553302384501476	0.01276085775240303	0.014407665181716243	0.014379183768719656	0.012581314778428554	0.012775260426883326	0.013286265003692366	0.012605071050821258	0.012964834292393446	0.014403783223366919	0.0	0.011896421525140682	0.01292556983114223	0.01241976094921274	0.01198293338789041	0.011613522869628546	0.012722086128958261	0.01254985194272215	0.01337179044060874	0.011720304395464237	0.01418038626840462	0.013783575873366151	0.013497830251254237	0.013738919184420797	0.013151366013686955	0.011399394628211119	0.0113630725275114	0.0118676172911742	0.011319152010603593	0.012497288916616802	0.012228123117035536	0.013347134978086378	0.01052487850056335	0.0128138367105184	0.013992901612116056	0.011810889912133677	0.008733623127084285	0.012378537620204752	0.011831460104710128	0.013052050637145216	0.012125309101900579	0.011257940271788579	0.013071366607903246	0.012954999269339261	0.013021552021685123	0.011572196950015932	0.013493709391482563	0.014078031594041892	0.013139723892463581	0.013703520041115186	0.013721614339148511	0.0126922708162973	0.012095449562996831	0.013158936435771174	0.012993616069949475	0.011621375420805458	0.01370264403549299	0.013439383776391773	0.012804844974660168	0.0126268043159907	0.012803604374307434	0.014364624728806133	0.011807382706364831	0.010576082750830584	0.01091286637541621	0.01215470516207968	0.01136076841910933	0.012679812075350088	0.012158535848702301	0.011407756368434125	0.01345921639764881	0.01320777565470262	0.01387362025573629	0.01133495892270395	0.012785565919679432	0.013586297229626676	0.01219215918992212	0.01222131227793056	0.012625723546505152	0.011779702311863394	0.012409173205648438	0.012057610091114003	0.012667766166025536	0.013623419332216568	0.012642174480262653	0.012897938678298658	0.013147704693053016	0.012962340264865486	0.01298832358748798	0.011576882423515329	0.011450639002929855	0.013007865060576334	0.012739436627805438	0.012403767506722457	0.011831200987393264	0.011655031570262658	0.012110984062480719	0.012204233916352156	0.012151098745481627	0.01264915029124983	0.014266703068326371	0.012971165251432494	0.013301403373744483	0.013311283626001142	0.0130696738956442	0.01315640071339701	0.012098928779332828	0.012861062795262607	0.012373476635304024	0.010378753038403507	0.013438631152286142	0.013842630820731491	0.010597025663975232	0.012896296530888331	0.013408955943177587	0.013010310724699032	0.013964087358516366	0.012633532691025627	0.012251737938697271	0.01361381598877476	0.012250655137670381	0.013005521519965074	0.011664997064053946	0.01379457471492612	0.011396219301873288	0.012541215948785605	0.01353687544500204	0.011474661860347459	0.012529494093379659	0.011272129733213208	0.01308923756165094	0.012404776397544597	0.013790028145412971	0.013163681652776893	0.009849230674528678	0.012272094619914147	0.014145261137807029	0.012730003879107499	0.013556360157170273	0.012065187753560837	0.01215756426468657	0.012104609926719516	0.011945277850760487	0.010661759869605525	0.013144212003495147	0.013040976087102038	0.012875624867632818	0.012989011580006357	0.013185347636882552	0.009295283990946882	0.012581980186824165	0.010957144628975533	0.012734635011190027	0.012097306351611823	0.013519846277720769	0.013657958137314912	0.012081562455353058	0.012435045175291036	0.012646707280567297	0.013467159069926946	0.012097983697315027	0.014206870109082259	0.013162017087283413	0.014081439889551975	0.013415763224670323	0.013426530455253464	0.014111889186328982	0.011951332768330188	0.013908185824126111	0.013573949450914774	0.013287667953142629	0.01447078772762264	0.012054615328096407	0.012432481893356384	0.014098535012119615	0.013262536130087684	0.013273073135804527	0.013195332547131995	0.011605684287606359	0.012856188365153065	0.012594233531928711	0.013265465399854848	0.011368875410014358	0.011930367459541931	0.013148594853552494	0.012237100633416452	0.013109858619301487	0.011312490994260082	0.012700271839985573	0.012694836681373691	0.012459254069842204	0.013042915691449357	0.013387087821291306	0.012684574796248104	0.013623629155153744	0.013060651700365824	0.013957640073722436	0.011855646842981822	0.01116436658984866	0.013137026757803347	0.012006448714618943	0.011479134998522218	0.012317157762645197	0.013947173507089666	0.015107319393542958	0.011704715987806027	0.012282399072010688	0.011867979846150543	0.013014702675927803	0.010887160364206902	0.012412629341460438	0.01152278231182078	0.012709217406849008	0.012677901848666856	0.0136014958349913	0.013467027909770068	0.012214857901016427
caterpillar	0.013615234886352736	0.01270361220181329	0.011902191420373454	0.012531122394144207	0.013472930701048205	0.011906180316374021	0.012795924392002596	0.012440352015607526	0.012837973097869508	0.014019344000251623	0.013141267257045086	0.013316676601136591	0.012887907981320413	0.013420533636970385	0.012664146270420347	0.011113380194447922	0.013914395566673827	0.014024025531359039	0.01373112139588465	0.013347353237094642	0.013224065095938741	0.013509410893008843	0.013135106543996362	0.013617829928943085	0.01340348809561678	0.01396496225158367	0.014077805680803463	0.012514865821755303	0.012035860785176902	0.013220904559599284	0.012950369874842573	0.014471489727800126	0.01427837953979228	0.011896421525140682	0.0	0.013640769714428862	0.012751129696427534	0.012653860938595541	0.012532811628069431	0.01399462558708875	0.012785449595764617	0.01334474059749566	0.011713837988389786	0.014752861146697872	0.013947543851290888	0.01279628542425933	0.013056785292672624	0.012537429088350243	0.012260752452346252	0.01253608330434903	0.012464119823499667	0.012606822704270519	0.0130832488021199	0.013102974570011887	0.013385683050343475	0.01301529078758668	0.013097425784090422	0.01349659957491044	0.012612939397274566	0.012481782787195653	0.01324714884070635	0.012953601285687228	0.013404821700421305	0.011732569135952487	0.012767323346015573	0.013493575383006266	0.012356893006823069	0.013258874258241102	0.012742078800811936	0.013483699080497069	0.01309641923891565	0.013475377793592758	0.014038040664819593	0.013769544916990471	0.01314793866690036	0.012237962869285737	0.013519148275402158	0.013667549213776251	0.012420565634246093	0.012894955861234549	0.013837440857017814	0.012650708454182084	0.013420200725171258	0.01383854324261706	0.014725422045789631	0.012678620876108602	0.01274091887037319	0.012590337732649726	0.01296897228966139	0.013389640495566499	0.0114660740137143	0.013084417092513815	0.01283040225449017	0.013701273944872451	0.014442932451389884	0.01357072337321791	0.012622108419450774	0.013738200170133425	0.012765322775176852	0.012618900619409033	0.013085388780320067	0.0127922706758106	0.012690955264610549	0.013265173987172512	0.013237004964075696	0.012637573889519766	0.014271654945011614	0.012268438926885889	0.01306399759338739	0.012762899339810493	0.013854710088754331	0.013304131581441227	0.012770117205595647	0.012211155160116132	0.013420066043020778	0.013621827285648728	0.012513779517334516	0.012998909667960294	0.012853345016937199	0.013183966511770284	0.01296828223469324	0.012730235127427304	0.013143340732604189	0.013522743403874618	0.013419498362394793	0.012912252772873856	0.013365076107279375	0.013236826417348468	0.01214169464344208	0.013383988587218586	0.013504876012653672	0.013110058754215807	0.012881812173659827	0.014069921949545674	0.011922841731784933	0.012333235370253421	0.012961285021565542	0.013240943720889353	0.013936904021963157	0.013701824020136448	0.012431656632405601	0.012758440751830366	0.013396092520769867	0.012561368242732707	0.013810694995300798	0.012527058318101105	0.013700764131871386	0.013012765962615304	0.01335236130340747	0.014054415245893763	0.013354883983977137	0.013311143867789336	0.013910294769224858	0.01315672685653954	0.013215686091088495	0.013255200280174437	0.013104748637928439	0.012150059436004217	0.013143722914736452	0.013798878183989173	0.01326795586271397	0.013782440319277894	0.012685581013163168	0.012897636478093201	0.01294100946912019	0.012792485989853804	0.013107426344503053	0.01338905673761586	0.013137321683724314	0.01289020586500423	0.013240824075308948	0.013508286983441475	0.011944932725390085	0.013460712977632152	0.012953624841499804	0.012792160019420526	0.013401919915466	0.014047790592115481	0.012408631484679147	0.013056846082317906	0.012885156488977574	0.012823809561354194	0.014583206815996319	0.012518301465187752	0.014033090965986048	0.012727813139708399	0.014156656275281778	0.01333589565367929	0.013134951274768382	0.013502555759621497	0.012549949713010012	0.014076677520105774	0.01292963088132391	0.013673053504604717	0.014014682861226447	0.012793707826559666	0.012967751851221286	0.012700183071111147	0.01294236644601642	0.012570066868985324	0.011796451037607554	0.012420113044392776	0.013029142060917195	0.012298307132703395	0.012409039657931654	0.012296880466054707	0.013398586463517359	0.01375546260902069	0.012443806658901246	0.013533472841191616	0.013065965007816765	0.01238050616770499	0.013058271309128646	0.013240110956068932	0.013470653345282257	0.011308161070012444	0.01390404202377493	0.013284143011188784	0.013457547491624056	0.012414365211355815	0.01254292487955096	0.012356633835563433	0.013916201265112315	0.012379181173709675	0.012649204574749311	0.01289111237741083	0.013727534364732142	0.014334760208841753	0.012298197186623776	0.013266935961362464	0.013162648951907803	0.01150934851296753	0.01246930010075998	0.013201668826478758	0.013473868270064677	0.012796892681909033	0.013389615859001568	0.014137645384396425	0.013970395597672668	0.012810429242280302
catfish	0.013326066580225565	0.010920811558057884	0.013036425256577137	0.012192946141658202	0.01335123909306075	0.013831737793080471	0.012640619125579384	0.013054455069418302	0.013463576642419466	0.01127223364705228	0.01278931678173015	0.013263807775774952	0.013150164244942445	0.013157023752286365	0.013212040542037371	0.01270576746005035	0.013563515683505873	0.013860803489928672	0.013090390615674841	0.012324684738094107	0.013726181742617973	0.01330019046847846	0.011768062453609531	0.01333609798959679	0.013095254448714629	0.013461128996852298	0.015113439954926606	0.013394737903120308	0.012898470934190909	0.011901206169242135	0.01390544788273512	0.014944909517035193	0.011114486029306559	0.01292556983114223	0.013640769714428862	0.0	0.013409668414364629	0.012713571041597064	0.01301291519297884	0.013519467386122945	0.013804932434153275	0.012190110897723568	0.012629290614800483	0.012683383502860558	0.012879259214835525	0.01338371607172276	0.012273390866763871	0.012677248042165228	0.01326891200728469	0.013095961286521842	0.011322917673315318	0.011547269096711383	0.013808440855913841	0.013271670220107874	0.011752701738832923	0.013349796667869385	0.012729708985431812	0.013507076162619123	0.013149198272584785	0.012629570046016857	0.011976572076955254	0.014023746323762689	0.013935093067543501	0.012505739920125039	0.012735949173792145	0.013388079751892545	0.012791240378789821	0.010431895613314847	0.012671331298191866	0.01389685986571092	0.013946950867052596	0.014484363827632194	0.014320054069495675	0.012250615009065212	0.013236905127065919	0.012400205496873724	0.01391993001990338	0.013823822008685413	0.012130250357392099	0.013580170609201234	0.014820198135391404	0.013494044126950629	0.01290924573645037	0.013286090918132397	0.013797639179319405	0.0128530508950948	0.01301903675607938	0.01179711030315175	0.013846188780294911	0.013263275773263822	0.013494323991623296	0.012259597479454085	0.01352494392674916	0.012819368113173715	0.013511076683846008	0.011941868057227795	0.013773623757186791	0.014308797937635571	0.01213031227644762	0.013529578254104075	0.013726393820704943	0.01392391870502527	0.012257667319789356	0.012639917424989633	0.013625070647520436	0.013669219672034091	0.013374739942859828	0.01196139728795919	0.013648999542276274	0.01412654805502471	0.01292423216795417	0.013828129375665387	0.01337923532346112	0.013542660796564618	0.013130684259841792	0.013055252010628095	0.013099850219188428	0.013260555103981844	0.01268547976107666	0.013736796490789691	0.011459870243923006	0.012331976845295276	0.013274473480418457	0.014921661997448845	0.01414965949207519	0.013273409084419556	0.013503487934453688	0.013786667935377236	0.01236359332250134	0.012583516287576712	0.013749355786357916	0.012672755035222819	0.012984587255576328	0.013114045309139143	0.013872101286534894	0.013540241432384047	0.013585530822187162	0.012652919878366017	0.014789116771691086	0.013596194332332496	0.013643558541944942	0.012689508597243571	0.012745162412904304	0.012988953903915825	0.012481368793007076	0.013532674388097386	0.012905639914177045	0.013017772450834247	0.013669626492426453	0.013377154054545785	0.012864056237279351	0.013401795443631919	0.013897595915473309	0.01324435321312655	0.014426664783441545	0.011292160975477883	0.013267362318750966	0.01242843850400609	0.013005587865536144	0.013161883462605493	0.012566398965839944	0.011889230195009195	0.012542646040957697	0.01292561082275429	0.012467664585685378	0.013877270570893899	0.013921502334628745	0.013778748068837056	0.013311799409833352	0.01126838280401019	0.013807880990401067	0.013298649993424203	0.012696344724532665	0.013862380061344555	0.012788674955641172	0.012785628091012637	0.014427566617284901	0.014072055506404255	0.013624618717793538	0.012758600271025173	0.013151918252996641	0.012946429171455213	0.014581849424389292	0.01328184136018683	0.01357288750463502	0.012391926988520166	0.012357606742629241	0.013680655300103959	0.011055995409242068	0.012809817200956594	0.012643961143111275	0.01238151745567381	0.012642093252839024	0.011966200171472392	0.014017018610042993	0.011468322601817777	0.013440807876139532	0.014192135258037999	0.010770065706262795	0.014007679209643376	0.014107077263001467	0.013402213760985038	0.012846501149212255	0.01311044125550933	0.012539527288473764	0.012014237502323964	0.013806340978895073	0.012390405129953753	0.013821573969225223	0.011900303013653801	0.0123656682141083	0.01269669524358061	0.011712334057427371	0.013276939794890679	0.01331871313763901	0.013042152108734186	0.014022738642905423	0.013559597222624096	0.012342571676822935	0.013716908175887195	0.012744897461047297	0.012311419249470148	0.01419639231381648	0.012721113874661325	0.01279960837470154	0.01204743845460019	0.010633043113932759	0.014389749202510904	0.011727945492259395	0.013244655648072258	0.012711950307543669	0.013468736368777537	0.012654044664096926	0.012350419677385736	0.013802152225994372	0.013436266786708206	0.013402000053406074	0.014993017645863917	0.01418200984329341	0.01249667605150586
centipede	0.01343064511068743	0.012139862404476414	0.011794998755211334	0.011630925680242227	0.013263481760561685	0.013606750053738776	0.011672195833340457	0.012099600297079398	0.013311244633610095	0.013697360960407488	0.013419380940539537	0.013129623827061737	0.013509550399107988	0.014180007906907042	0.012985633850419004	0.012747452722050703	0.013829462703741382	0.014137971695199546	0.013229740514685054	0.013687056449216832	0.013424266320175569	0.01319853958393101	0.012317472484860951	0.013656832382887906	0.01297271109421222	0.0139875497809306	0.014365481303911264	0.01238506323394557	0.013529913597577437	0.013122490706687664	0.013910086035128446	0.01420308384071519	0.014540861572175112	0.01241976094921274	0.012751129696427534	0.013409668414364629	0.0	0.011646305010264334	0.012856646952498522	0.012690094969764002	0.013732781903803847	0.01331276307217432	0.010816740033333985	0.01453929190142626	0.012931320019262787	0.012408217277907599	0.012512605950084486	0.012148137238099797	0.01309949256323488	0.012447474615746069	0.012062308900796927	0.01162322846951585	0.01360436218171639	0.0135952013688579	0.012530811697963882	0.013529599937238982	0.013774836146064603	0.013056480212751883	0.012712173382953364	0.012851372391752427	0.012964829329195732	0.012980457714414764	0.014329712815305535	0.012415074104334822	0.013103753374153149	0.013548352519636	0.012223767532769228	0.01249581381440654	0.0125866648679324	0.014426951671104908	0.013608329022653605	0.01378392117341908	0.013990135541285299	0.013434808093040295	0.01406964279201753	0.012647339859302982	0.013426281153913446	0.014196452419968576	0.011876050497760976	0.013707790627711922	0.013699329963517472	0.013711139583999731	0.012600503689642707	0.013176155550973956	0.014531114143916384	0.012889982890195021	0.012890677350416196	0.01299600794039744	0.014057807080955893	0.012304456860420468	0.012406848146317324	0.012941803604660851	0.011865707282268234	0.014203606476540852	0.014118879547526865	0.014172707381094853	0.01153302078889409	0.013836607129828291	0.012042206239662448	0.01334953414524471	0.012469372205789591	0.014312139124441146	0.01254555437827425	0.013134246103974288	0.01283052458451577	0.013180408124953902	0.01428579824353344	0.012552834933800237	0.012599803056884702	0.013505898169509707	0.013448894455810772	0.01378965598052274	0.013131132497941532	0.012932516865284913	0.013267695126967516	0.013220453245570838	0.013317064923658115	0.013397239917144987	0.011519261807113084	0.013493375301323916	0.012336169530403255	0.012316180024432338	0.013748962143933006	0.014866337722826438	0.013981305747284931	0.013105895438069459	0.013855906752555915	0.013722121318215423	0.010268387743054195	0.014250941172770164	0.012295900953214445	0.012202112327071357	0.01167717845281486	0.01388547463010417	0.014404046777312133	0.011937537814054605	0.013915597800808178	0.01351723257009765	0.014005111762686658	0.014012057884128116	0.013013558067105096	0.011567632981713538	0.013072732025145424	0.013148451723585483	0.013891059597690611	0.013158945299722549	0.014370332208396529	0.01250317270771612	0.012677126664623027	0.014146134260423583	0.013535346789111922	0.013583391515034272	0.014125326221984098	0.014047072206184183	0.013505560832409634	0.013944938467085192	0.014147708033325426	0.012376111257231292	0.013650639280848378	0.01417198898036096	0.011695553146991784	0.013726855154617074	0.011788824128021706	0.013218269120291393	0.013308866233133876	0.014056856652927517	0.013724376904971212	0.013421009240842947	0.013637864951153593	0.013107227509574637	0.014100192488767737	0.012996061438856163	0.012461034748365487	0.013506319211702512	0.012050782373290521	0.012414268953451785	0.013066669966046187	0.013894000597213137	0.014352039832876456	0.012994974238239978	0.014340555122777578	0.012555424033495775	0.014404004368380532	0.013196609156444343	0.013675938727462122	0.012623872489533115	0.014353384081646086	0.011538454696105548	0.013178061479946317	0.01427930780550821	0.011226136991986673	0.013762085783939877	0.013248574548943421	0.012187291359188506	0.014465432388268463	0.012268286448300223	0.01411929136494085	0.013736435775292538	0.013248415982328994	0.012812779041049334	0.013371870089255831	0.012787907832802087	0.012724359769698206	0.011988975656752996	0.013534706554954631	0.011084660334081991	0.013212094662677644	0.01283050252287451	0.011346256853905091	0.012330580867312584	0.012683179076160353	0.011664053076829242	0.012463999765317748	0.014142689882182844	0.013229463388486655	0.014001513276688781	0.013961257596830598	0.01430086432411283	0.013170870225456236	0.012352795365215772	0.01162072726440141	0.012337552312427833	0.013886003061313521	0.012125993883763836	0.012886748002552344	0.013898269833818769	0.013966033161682654	0.015347215450539502	0.012571572369125759	0.012492274634970144	0.013104434064674849	0.012209525221195117	0.012964265776052674	0.013355926850654343	0.012594103752004395	0.012510666996330274	0.013906264403030959	0.01449733890249822	0.01501718434629053	0.013165876285508098
chameleon	0.013776566975640796	0.012159285895593957	0.012315354850453238	0.012121713543748644	0.013420064284097102	0.013967592449348	0.012019656414963007	0.011522988808604317	0.013168286636505298	0.013422552644981642	0.01256098592747636	0.01297796600540329	0.01327352204572624	0.013912430656554897	0.013211162601264035	0.01257674108855031	0.012558502761769192	0.013541018457845595	0.013626285314980415	0.013519967887719418	0.012710958745250276	0.013178187091681705	0.01297130411956482	0.01289139980628325	0.01177507914900724	0.01418938126639077	0.014573893825416961	0.011689973854710198	0.012415557650632191	0.012378079818798633	0.013093272283487547	0.0133617527412854	0.013856794871683627	0.01198293338789041	0.012653860938595541	0.012713571041597064	0.011646305010264334	0.0	0.013286053149769545	0.012749031009856313	0.013313432962181264	0.012992608019990508	0.011089827811586286	0.014756948467764885	0.012786123692053595	0.012312539263449756	0.012142492855070335	0.012074656100665144	0.013360072299615331	0.012176244401076928	0.012527785492501104	0.011710201018298463	0.013475476288126427	0.013039372584048203	0.012288825857095174	0.012512864917902848	0.013653776272456085	0.012952133340712617	0.012927861930334678	0.012508775674757174	0.012394290256210578	0.013365173505762051	0.013510360822995317	0.01281630403448851	0.01287586391595331	0.013829607986884878	0.01320944219873154	0.012350078048416823	0.011876918275728596	0.01376155687922763	0.014012350108641363	0.013690302809940682	0.01391256045240584	0.013730197672426727	0.013035119292031381	0.012874971630415908	0.013547187427867308	0.013657509149204066	0.011509565722187913	0.014058255508005551	0.013839585481198948	0.01341737335996421	0.011300428957686723	0.012175538482728397	0.014463503431640615	0.012138323990729418	0.012349573264838747	0.012071123463409003	0.013637698154907275	0.011768672978636261	0.012288178172208208	0.012510397314327223	0.012076638878809044	0.014253685815342775	0.014416138256989645	0.014440181705151213	0.012105930923915311	0.013569252291835098	0.012459354577122453	0.012898910638367393	0.01217603770511705	0.01377660015493628	0.011328978293117457	0.012062990027112211	0.013154859744617775	0.012947444355744107	0.013608593440482892	0.011741070306241903	0.013186035507560014	0.013522245760821658	0.012813444369195707	0.012848536780190689	0.012246020802861614	0.01208702327563387	0.012673385798965087	0.013415658564689485	0.01162924112294202	0.012447205174849813	0.01089900660342024	0.013627252124853497	0.012230120973865288	0.013110724019517397	0.01324833362121773	0.014106134722109363	0.013824420626006924	0.013092695676697026	0.013584244055149066	0.01386778684887895	0.011897042567446359	0.01345803795504429	0.01247480538551746	0.011689142926570322	0.011318354524926088	0.013833564664565052	0.013968192068248994	0.012143086267196776	0.013838980338361671	0.013693690968116843	0.014476310942783465	0.013840484823022265	0.012945537379076888	0.011456402156982936	0.01297212799581473	0.012803389587574446	0.013802826349258895	0.01231278090129561	0.014355633013502518	0.01253807539142827	0.0128348812544407	0.013044652279001536	0.012506009449049218	0.012785196691919349	0.013458639978849073	0.013236354292611245	0.013243479720344929	0.013719990006647184	0.01396142815693951	0.012633844730386581	0.013075752914250095	0.014405973113890776	0.01281792187879495	0.014028795115853272	0.012298019751328413	0.012508569641489147	0.012432532245975004	0.013345735031720185	0.012690296104443577	0.012191106824547675	0.013757494669269036	0.012852232487319365	0.013129335319821881	0.012734803669355574	0.01179343660540437	0.013138606152359884	0.01199177547142227	0.012613834331784188	0.012177768801476798	0.013405109774363613	0.013388802659267255	0.011928666166693294	0.013993374787103411	0.012055424875188863	0.013708743494539592	0.013222835633100505	0.013861581436423409	0.012507505200806058	0.014529928934495362	0.01245319603432571	0.013062510182616734	0.014211198625552765	0.011593303624018449	0.013405916891643738	0.01341998211543629	0.012547178165951037	0.014071870116332617	0.012101182432498603	0.014129723582551365	0.013837044077340644	0.013197279798090529	0.01281778810824368	0.013525782044465456	0.012328782733260829	0.012661328303455293	0.012734235424804364	0.013456137728285949	0.0108348487751156	0.013004995152627983	0.013373459457821502	0.011436319690906577	0.012145882876560564	0.01203557935126941	0.012466161733002213	0.01173034273681365	0.01336457734398068	0.013286328527977911	0.01330695497553562	0.01346400881037181	0.013720245727116543	0.012909095105805807	0.01345802177031616	0.011022928550020185	0.011735420718986572	0.014236571521058443	0.01132527323008696	0.01213093649988989	0.012971310952475222	0.013700389732080922	0.01519756116525876	0.011988313271709558	0.011639044281712287	0.01301303146444609	0.013056873615303267	0.012058962564639524	0.013624442426325599	0.012297918508892636	0.012464652254940718	0.013898626190280714	0.013918645238699505	0.014113988811199192	0.011528485014118937
chicken	0.013563402027101917	0.012291654250074096	0.012810718333554674	0.012936008144783235	0.014067473530619885	0.013751572535417098	0.012897836770325723	0.012754569442973717	0.013344324057324544	0.013901649098946858	0.014010720688381465	0.012953824031945737	0.013425162815467967	0.01344686825259233	0.01244284444042297	0.013236386391412655	0.013483592018023566	0.013951969335086734	0.013540143820386019	0.013337238577137901	0.013471992887854682	0.014005218168064206	0.013299322462633052	0.01433150814752291	0.013654048999493002	0.013359902621560256	0.013684512668496185	0.01327545412077744	0.013198660308626304	0.01392222682199014	0.01315134410819901	0.01394000060591523	0.013559484464681021	0.011613522869628546	0.012532811628069431	0.01301291519297884	0.012856646952498522	0.013286053149769545	0.0	0.013380196110861999	0.013060895541034527	0.014007296103336906	0.011956354219644048	0.013750209991529226	0.01408827696798051	0.014241169279564309	0.013815352818917447	0.013543615673861168	0.010770272217398808	0.012642932794019995	0.011659396135723652	0.011870768127034081	0.012734020838491117	0.01249344991039011	0.012681479917294998	0.01216420825059423	0.013046442049821054	0.014274189523848149	0.013060329439097913	0.011352270020118975	0.01359111640199997	0.011690927230859112	0.012788670743053614	0.012997858905246469	0.010549487705012826	0.01325796440676534	0.012902336537014279	0.012767263692956232	0.012571882142254848	0.013942456591051306	0.013364979863756135	0.014019090664997602	0.013987417242312328	0.01409643391571474	0.012755753307988496	0.012288704591752776	0.013678124428855201	0.013526980643456707	0.012022881461649546	0.012965823505856379	0.014285227985365993	0.014069599133045809	0.013354254572494386	0.013570159029512188	0.015068353677867652	0.012390946882223117	0.010731255253615412	0.0119241972759586	0.011617239197218259	0.013258585667729224	0.01263946285591172	0.013767769238852418	0.011848464983271887	0.013882016086095388	0.013714938203055584	0.01367126953940167	0.01197704188716327	0.013657638284721586	0.01418146357559126	0.013160625946676998	0.01291002727830703	0.013234538207533621	0.012904955814442034	0.01314822994286514	0.01291765433624094	0.014277784731987589	0.014040984927430585	0.013119698712854823	0.013275176976283807	0.013837909097945269	0.01445233047521483	0.012971720312183323	0.012428104417105686	0.012687793467044567	0.01387186869251301	0.014145415067382629	0.013543795411909733	0.01304730367130718	0.012727726127427487	0.012597936020758614	0.011067048475336863	0.012145879565826563	0.013896965076972216	0.01481073962114696	0.01290949686489503	0.013608118835513418	0.013961150625230234	0.013773282692046309	0.013296803178256513	0.013111745237687275	0.013479443631016044	0.013808890112730203	0.011985300410953671	0.013194453624859851	0.014071825200891888	0.012226023836811593	0.013228944261106122	0.013496820007920083	0.013795208673632174	0.013883668199324373	0.01403290238367882	0.012887655452736457	0.013729446354171362	0.011102829551142617	0.013888928966673179	0.013104728960532244	0.012525456139438623	0.012366966489552942	0.014158563891109966	0.013987626148104006	0.012275641545622624	0.013129389145596746	0.013084861695399831	0.013190559503215248	0.0133898374725559	0.013801249622828627	0.01207799136322137	0.009802989944629074	0.01186129863972587	0.013928260434495307	0.01341170091095974	0.013106297493737826	0.012579007125041777	0.013602474786670003	0.013189207059634818	0.012829441762456942	0.012248608980278217	0.013792510094720389	0.013426103515863	0.011164268944479938	0.013994595777680583	0.013185602249558155	0.011391462072483727	0.014071280332270245	0.012515824637514739	0.013238348348144927	0.013392986885408178	0.01422221498799046	0.014223315024197486	0.013486216835289984	0.012901375334536568	0.013231307800255691	0.014470020164268372	0.011646454510486992	0.014241751718822937	0.01421287862115715	0.013577591334336727	0.014188532255060067	0.014348667143471616	0.013700242508022676	0.01346420766182942	0.014429283529364395	0.013879709194721496	0.013834003782439055	0.01478232972005388	0.012812962824748168	0.01207549653901838	0.01393114084161534	0.010974020745063198	0.013840867911279411	0.01264397096797898	0.012422628955531478	0.013414388836291615	0.013231285891489855	0.01334313653804174	0.012346307773402083	0.013121874929532661	0.013967462174510368	0.013451291371714929	0.012571146011329653	0.0119589930125127	0.013250963692516207	0.013517275014117525	0.012496205478285581	0.013041839242337474	0.013751602129435827	0.014464317005593363	0.01422181938237503	0.013442896939408235	0.012991798567965125	0.013099398713693852	0.01294723928672434	0.013574338733042146	0.01252889346899257	0.012880429753560421	0.012978006013514749	0.013348292647242807	0.013812725075679657	0.011687499662206748	0.012620006390664202	0.012959016897453345	0.013879260151032588	0.01237487454083564	0.01323725612667958	0.01390495591880459	0.012731335159493096	0.012881272684684171	0.014431002065170714	0.013521834208992459	0.012771205729460815
chimpanzee	0.013218028002513033	0.012844974409851917	0.01344877550072462	0.012026913400959082	0.012998173614167547	0.014067033547468083	0.01255532220025889	0.010329384887674913	0.013167969419216451	0.013810713738396483	0.014746137835677027	0.013167580387451347	0.013544176126014707	0.013996882849444787	0.013181495511156015	0.013990412892179607	0.012140124418578407	0.01377745599921956	0.013210338686492948	0.013061363165221808	0.014419373772303519	0.014242538399894056	0.01161505625670532	0.014494442328859634	0.010661147063918042	0.014617408912270877	0.014360458697757766	0.013105935220736603	0.014534336974447297	0.013181010584626668	0.013762787614038438	0.014311473755350029	0.0135543601782598	0.012722086128958261	0.01399462558708875	0.013519467386122945	0.012690094969764002	0.012749031009856313	0.013380196110861999	0.0	0.013289782957598114	0.01367849586001757	0.012675188569992219	0.015047978806308262	0.013557897134587866	0.014066665058464147	0.013903828685725815	0.013608536867910567	0.013255543411357807	0.012755326044382459	0.013960084247577357	0.011724914052835758	0.013501385383033295	0.013659927979319208	0.012803170393507236	0.012565141313409488	0.01340196853895708	0.013628431752790195	0.011769302174323643	0.012308952298706006	0.012346106796801155	0.012847678964977296	0.01381674499415523	0.014050093934623973	0.013229036501244532	0.014362780741495981	0.013017620056856834	0.013808273194477003	0.011594598156016534	0.014152553145529947	0.01403708629113376	0.014964362124307837	0.013647026617815165	0.012663855260091362	0.013603992693959906	0.01322400054984606	0.014305989262658412	0.01439156455834099	0.012790109573725299	0.014168580116217638	0.014598359018799426	0.012647722084231159	0.01376589511794132	0.012539536449827422	0.013535383557594139	0.01123980770691866	0.012939583904653924	0.012552259360960629	0.013468638995407366	0.011002915383486123	0.013727362292137994	0.012347643642976181	0.010783687641264693	0.013834078767203996	0.013644937135968958	0.014252692181035871	0.012121064276030826	0.013988039302952277	0.012702051882928635	0.014362808044834722	0.013095888916351722	0.013788285694738252	0.011543844690035294	0.013140868997310467	0.013079545322158086	0.014759492831428024	0.014503602077986571	0.013359652237669571	0.013193836206533192	0.013244171894720918	0.011456961833392782	0.014130838221599969	0.011804742562017783	0.013524775099443826	0.011064845655648099	0.01357227219730233	0.01310220189928717	0.013441281061670602	0.013265913379451513	0.012747973703554816	0.013875198873906315	0.012598362768637142	0.013900845299596424	0.015508284767476654	0.013137827411929195	0.013040071600962535	0.013051902452695423	0.013952141779766423	0.012941616724084545	0.013457942331665267	0.013208050517630803	0.012381372522999623	0.012125401703204912	0.014083423827683026	0.015229408204386992	0.012038472054445819	0.013795362918690025	0.012943342905726319	0.014548467299317192	0.01430172592382731	0.013399084622139562	0.01296521052797454	0.011532901160486253	0.012111827154456647	0.01360734978932003	0.01350899490645302	0.014769140760156303	0.012531220919122212	0.014127802019150313	0.01363632602019212	0.012433000004206368	0.014024982803807129	0.01337116307696675	0.014289529211951204	0.014038646100352888	0.013869145273694658	0.013466296505617195	0.012292148844478908	0.012982793516362527	0.014349247804009077	0.01444261901607838	0.013757861363892922	0.011208178636374909	0.011538621999269217	0.012530862031387735	0.014076180163411854	0.013284805444963733	0.013719765911208848	0.012853939508583817	0.01350388275420622	0.014157976483296671	0.013042864666260421	0.012767871447644968	0.013792858366874517	0.012523665713637737	0.013539876819620886	0.013872227718331154	0.014620710931555727	0.014295400605605656	0.011448309390641618	0.012810591916282478	0.01174075906636841	0.014935435809609982	0.013793859162755764	0.013744345030866629	0.013866172002787195	0.014084211072560788	0.012424636124149345	0.013353084553491252	0.014797225648486474	0.013845030788863222	0.012645722805012924	0.012754267141399012	0.013420325952712968	0.014700988065385515	0.013005671448655436	0.013594544859153212	0.014624128578568475	0.013840826166865055	0.014638912376837336	0.013361539161366408	0.012875641023934131	0.01226386961584693	0.014217416972639466	0.013947963265793175	0.013340074277517176	0.014045561134510179	0.01217926285705707	0.013709016531677715	0.013407229921234338	0.012083349236886356	0.013424438332323561	0.01372058801033831	0.013416267291446002	0.014277366516053276	0.014455806621628925	0.014859471324620071	0.014099476325594773	0.012259435159053646	0.01313704834617035	0.01327221574889538	0.012982461833031044	0.013709093355327837	0.012814961165123257	0.012491243784070537	0.013168373063596304	0.013734891753536073	0.015042850701312784	0.012721352938999802	0.01334287215521671	0.012654701438894793	0.013546376762028373	0.01227907866765285	0.01281032000263592	0.0135122196596957	0.012198646891611068	0.013758191453464725	0.014419286837873078	0.014281300430303403	0.012427750646236229
chipmunk	0.01266889608338586	0.01327314710284951	0.013047220221316049	0.012873597795712432	0.01394127648015617	0.013966117878474061	0.0128268881593344	0.01275261231381632	0.012092502806956028	0.014010997325259305	0.013248146003054151	0.01386561922561048	0.013082523503698937	0.012381750430987775	0.013017935493582504	0.012942204646993005	0.01380396824223217	0.013870844116703673	0.013152209967648874	0.012661936927411348	0.013097120948026775	0.014516096831077232	0.013088046735355628	0.013945128373588394	0.012856226013646855	0.014281995644008063	0.014046959409231998	0.012791575895298857	0.013647781577375314	0.013930724020712154	0.0138339465634569	0.014265629253363004	0.014444947596493372	0.01254985194272215	0.012785449595764617	0.013804932434153275	0.013732781903803847	0.013313432962181264	0.013060895541034527	0.013289782957598114	0.0	0.013598666062802679	0.013486062746526514	0.014125982477435293	0.014329942053895086	0.013515995500957188	0.013585193983615828	0.013478092813192913	0.013588607138840962	0.012146039872897037	0.013759713256227426	0.01354728264730844	0.01303700371928032	0.012713262164737954	0.01423753198363214	0.012992152982976807	0.01338241149875484	0.013084223276089688	0.0128268674219492	0.012755344862735054	0.013367543189319124	0.012695643630127134	0.012955881625568511	0.012296734405714372	0.012460882635159844	0.012672505120401183	0.013700191217232396	0.014186935012579513	0.013309651304951415	0.013518861426398722	0.013620978514002685	0.01380704110739105	0.013465275774716153	0.014075711336902656	0.013269853374563222	0.01324201517006929	0.013228279950631052	0.013495576365311726	0.012581104563532862	0.014334031886943488	0.014149117254311592	0.013187428316495187	0.01318826538671108	0.013621730621644332	0.014008277361481934	0.013216075578213698	0.01349297474272171	0.013378773571371327	0.012343146846181907	0.013024364378895885	0.012707532908314707	0.012269144398013989	0.01308651762020006	0.013086527581853026	0.013641414224410293	0.013884289911275542	0.013243512866683516	0.013262749698370031	0.013439132543906445	0.012328715340516596	0.012792435257095704	0.014225049127822565	0.012642800232447873	0.013425536509777108	0.012550300184237856	0.013674920421336834	0.013225008266799626	0.013862358840509934	0.013051007560722205	0.012543916759799384	0.01345525301077001	0.012669062896716342	0.012076103881159978	0.01335023730962547	0.013365008529098017	0.012632387150204925	0.013496434943008749	0.01327707552112326	0.013461246915081526	0.013471516266686953	0.013191123122410515	0.013596320632262446	0.012932029258242413	0.014632909940161887	0.012682743883689769	0.012866546330152068	0.012206872908842582	0.013239525908295658	0.01393644358153267	0.012806541706563375	0.013694736361024617	0.013817213126157784	0.012359923521845385	0.013385098370536778	0.013461652987868049	0.011832097591990111	0.013368249066912842	0.013601186814307702	0.013402770420151705	0.013415898167089777	0.013827341323080375	0.013722691765728563	0.014103674140335578	0.012981560298769282	0.012467052010722741	0.012208945127602004	0.01412908372708763	0.011928972725258861	0.013845983130781472	0.014241210436831854	0.012939279230117983	0.013900668703220353	0.013557856898029741	0.01330218348932787	0.013756120390935085	0.013477724054180433	0.013536080079032403	0.012820166260836974	0.012929120362393182	0.013819834961522892	0.013532762801031401	0.013831540614995353	0.01259080348730822	0.012403854212237253	0.012149791641842083	0.012999891432548283	0.013070314488321638	0.012699101204543164	0.012603630029577506	0.01368019180717807	0.013151227441482996	0.013773708139209782	0.01213785072574164	0.013429908167743998	0.012761153132355436	0.01251426919783539	0.012598662012654525	0.013767640811681468	0.014034926613195648	0.012474408912975837	0.012359225311870553	0.013593989619240056	0.013661012486490813	0.012708205812673875	0.014529503720152794	0.013394505206223716	0.014091237037344722	0.013863761336358672	0.01430569054220956	0.014694952022580057	0.01314297392206158	0.014060923415355149	0.013253288955550904	0.01412671293896494	0.014416811721830071	0.013549453685960748	0.01372797172324358	0.014384396188275828	0.013852771588542671	0.012651440931104213	0.014732116976296325	0.012173097835415267	0.013259488909695645	0.01331206848887599	0.014061457540186012	0.013143640817805653	0.01281758137545369	0.014039590474442818	0.013800502663892609	0.013912195132402575	0.011241403213620944	0.013955037770131457	0.01319581166940285	0.013500793078063296	0.01323549733354519	0.013487419648081023	0.014218036989881444	0.01317315207461487	0.01348563746134139	0.014339944360087448	0.013761838041891976	0.012717501278472711	0.013455018367414645	0.012296845303296217	0.01351468060189129	0.012565857777844091	0.013104969097598172	0.014392871392727944	0.013330611069286149	0.01297969663641751	0.011967344908518822	0.013142625088584903	0.01106361373712312	0.013390693705511197	0.013094659066090404	0.012416050980336076	0.012559944015824007	0.01315298266554666	0.013164530705290651	0.013557447167647296
clown_fish	0.012927708731858395	0.012696849496608834	0.012963477060949594	0.013359419253342789	0.014348762041982821	0.01351828705872268	0.01353377042963247	0.01313989956965047	0.014144165677911094	0.013015752271949883	0.01331575137461954	0.013918745717442189	0.01378023397255629	0.014709651714424407	0.014203797718494837	0.013670761919944057	0.012660353662929575	0.01429648023289491	0.014370324156864518	0.013181198467952036	0.013989882919803432	0.01303862495949039	0.012506532709924568	0.01311202371066079	0.012614452082103869	0.014596898968401353	0.015431906897057224	0.013428321947752389	0.013025824530665399	0.012376501097246893	0.014042942420519266	0.014208671056235484	0.01283770696675147	0.01337179044060874	0.01334474059749566	0.012190110897723568	0.01331276307217432	0.012992608019990508	0.014007296103336906	0.01367849586001757	0.013598666062802679	0.0	0.01337060200741882	0.014057284502600798	0.013072548398819701	0.014238918523056145	0.013086990954493689	0.013508630562534391	0.01429939277915286	0.01376456439019977	0.012428236117456328	0.01265297422192142	0.013889238496520826	0.013746253907761899	0.012348334217867176	0.01318885861471765	0.013490571076805371	0.013586210525895799	0.013337948494881893	0.013509576434569681	0.012058977670540537	0.013385751174213558	0.013766291922579494	0.01315499319026111	0.013549527780174188	0.014106750248443394	0.01285487163881046	0.012337606661839558	0.013036201926104938	0.014874953983970122	0.013811206845682746	0.014730420805145977	0.014386913200410426	0.012401334659278597	0.01356936074909939	0.013262412633211589	0.01379054771707467	0.014331239299838941	0.012988792716593499	0.012623202551218383	0.014641010125221414	0.013915625418576986	0.01343593797102312	0.013879658015140699	0.014439396490103623	0.012545054327388972	0.01382630553949869	0.011593890091203849	0.01430538537661824	0.012908685581626769	0.014127223889738057	0.013131773129000476	0.013226819345524865	0.013209708690334936	0.013745102610917905	0.012871542370690261	0.013126512429455301	0.014744795891511356	0.012418571479011669	0.013599238087129982	0.013064721623233369	0.014612027992327555	0.013489844744672259	0.01259937538142552	0.01347044029842125	0.013872665437237048	0.014042679947249772	0.011706695752050283	0.013532339263962936	0.013987024333392202	0.012525672603699786	0.013606139700299565	0.0131564332221185	0.013580567383718876	0.013504686076793304	0.01393094136559107	0.012766756897719419	0.01372458376010481	0.013234103413993217	0.01365518032763623	0.01212681669881288	0.012805007209900776	0.013714193593246658	0.013786097932909374	0.014020918968901588	0.014371596951763073	0.013909324287565597	0.014365897134029195	0.012680809868343414	0.013529467594511194	0.014076478740535102	0.013015257768649249	0.01291914882211701	0.014412717133636132	0.014259269706090988	0.013645447898466622	0.014931168980815333	0.01344775310093001	0.014141066989149909	0.013740205743096283	0.013774607408575439	0.012415418866823992	0.012862063861451618	0.01377122571000686	0.013827385930484295	0.013997940281214627	0.013310876554881697	0.012485311499539044	0.014055238419405052	0.01320836267030837	0.013334408550729085	0.014202794432970183	0.013510480494135444	0.013630823725343464	0.01400119775688139	0.012835456336754375	0.013663553902459	0.01347133494142482	0.013330496623616366	0.01451651426432218	0.012980280620645155	0.013077297495728047	0.012951752165117516	0.012724767370248585	0.01317207556402047	0.014412253996582242	0.013892433688339211	0.013832174590458404	0.013905958299114549	0.012240103247091452	0.013890605629395918	0.013212858330116675	0.013648459132455326	0.013943977969190358	0.013568145537457263	0.013424134799666873	0.014006240339601217	0.01388949726114828	0.012612725113365243	0.012381511960823446	0.01396263920611525	0.013173463175735542	0.014394860082928642	0.013721426436274851	0.01307502112013324	0.013688859428822232	0.013404511443226954	0.012988978433011784	0.012251959719802353	0.013013087296723574	0.013124966976141824	0.012844675998966019	0.012140115870644244	0.012176578833171407	0.013719338301134547	0.011963082637715585	0.014367654968774315	0.013925513064316043	0.012330545451958753	0.013306957919079678	0.013486636599446291	0.012759193878955941	0.013183842192507058	0.012935059006114627	0.012812943498679862	0.013062185525300196	0.013816299866998151	0.013110639608697364	0.01314512649223755	0.012534976018148968	0.013406136969520609	0.012151855153037095	0.012091026949981425	0.013422215539142655	0.013467130301506489	0.013547888101897852	0.014382749295572572	0.014305263063622344	0.012671029269783063	0.013957769746828308	0.012992804765024126	0.012592944318329994	0.014090898097087365	0.013037715189232848	0.01337253015518717	0.01283066292150174	0.012845711461279713	0.014594630638390036	0.012683156367981256	0.013702828573715025	0.013163869723420984	0.013993068350949838	0.013538559848537055	0.013202083927493327	0.014161771041632241	0.01355490291831434	0.01340767164105593	0.014792068089295752	0.014074176679930592	0.012795069178860035
cockroach	0.013198434439382966	0.011124135022486081	0.011056571645077142	0.011227287945194963	0.013622461809939963	0.011819237304314476	0.012131478404328514	0.011743187624873221	0.012570109754655051	0.013289757478565504	0.013679318016682228	0.01251156747507761	0.013259118131485654	0.0138052093669335	0.012338199273610335	0.010864770370886193	0.013033757454913149	0.01372114550832868	0.013365284372010199	0.013028092728232828	0.013095235413286822	0.013315204747107661	0.0125655428754668	0.013498472200795737	0.013230869602399314	0.014847363717857139	0.014649676532552296	0.01126768529049172	0.01229331300857048	0.012834759627531132	0.013323982482038515	0.013496389127681623	0.013583463502801279	0.011720304395464237	0.011713837988389786	0.012629290614800483	0.010816740033333985	0.011089827811586286	0.011956354219644048	0.012675188569992219	0.013486062746526514	0.01337060200741882	0.0	0.01428950606490509	0.012800776963462077	0.012179899779891014	0.011498983305618913	0.011371816844685346	0.012816369118882003	0.012269941765559527	0.011619371037784787	0.011428516245954845	0.013150397391030242	0.012465909510819197	0.011831088820344848	0.011683135463128536	0.01337674154680344	0.012697476591718437	0.012743790224301716	0.01176987243938049	0.01305826676786086	0.01260476809200754	0.014043388042176514	0.011969770534718474	0.012519341418129442	0.013589362951303823	0.012426740797878859	0.01211526934952479	0.012403835514874794	0.01408831206643008	0.013997656212010566	0.01427119731523632	0.01352739571190286	0.013297787818965588	0.012684988497245841	0.012106762438273013	0.01338030626847349	0.014285997713642392	0.01140100681248065	0.012265570469155695	0.013178809563379357	0.013658938651464569	0.012166612965068107	0.011696333791668458	0.014694424728498738	0.01265547865821959	0.012201487596164311	0.011938325896990778	0.013052860443774716	0.012215435112639762	0.011853596778389064	0.013072928667044167	0.011046377990770184	0.013775657728700035	0.013804793428913024	0.013980803027401687	0.01122789249784962	0.013242352416050542	0.01139945239043298	0.013396904297931184	0.012414850561628377	0.01322415395703129	0.011608698818730764	0.012114054882757264	0.012697378027258231	0.013873554779767308	0.014646451525667799	0.012172236682148459	0.012633294726387403	0.013285940430155662	0.013043503136036971	0.013350358230271855	0.012477110523497875	0.012010089986861478	0.013143850889495552	0.012673468100536949	0.012979944959559621	0.01336402494334647	0.011412177215101847	0.012755732527072747	0.011971581419752488	0.010840234120566445	0.01373486360668821	0.014782591137212477	0.013542734538428825	0.013498665274378298	0.01356461466014156	0.01276579757885423	0.010653557398419323	0.012742899303694133	0.012330197528353029	0.012581852511874977	0.011574311565807556	0.01331602264666202	0.012514455151148846	0.011340374440516578	0.013626158277510302	0.0129655018483539	0.013651201248815087	0.013296076355903462	0.012975677891038146	0.011523714605661383	0.01364492592948445	0.011902917503610902	0.013622757049146464	0.01235188174241652	0.01407509819063461	0.012185680709920437	0.013526643508813949	0.01314676941502753	0.01169033519361983	0.013467428724085352	0.013126127127134781	0.01298570827602662	0.013134922135293858	0.013107312687276418	0.013482049534127738	0.011282953783141217	0.012687190670912533	0.014624421956819527	0.01235966168450434	0.013191458493008394	0.011912219394591996	0.01268840871742359	0.012047266424426765	0.01392220707321181	0.01250495785237298	0.0128870697836591	0.01320016220356856	0.01239993859099018	0.01387658368529149	0.013248558357490926	0.011435184953336501	0.013657397090890276	0.010914949241338803	0.01243353342660203	0.012893363556135377	0.014115197765265364	0.012925697515747318	0.011919502266063753	0.013749755448690913	0.012603221664116338	0.015029912093552705	0.013131025283846388	0.013437433795584543	0.01279813423712325	0.014313394245343315	0.012040688048441573	0.01273377043737625	0.014024139240954896	0.011942849830272136	0.013328296022868447	0.01296948712765968	0.011934375629294178	0.014278014163458346	0.012323406416172704	0.01347288756295651	0.013819917169623625	0.012327640605116843	0.013732310612247079	0.012156088483919048	0.011751648131304207	0.012173173826615138	0.01172786418425643	0.012607568954015014	0.011150741290246555	0.0127591121305395	0.012843375249229447	0.011363651288206506	0.012286444095426166	0.011579747573734695	0.012294842456740375	0.012555731355174928	0.012998415516832227	0.012796791080723522	0.01270275569126248	0.014394059733938518	0.014151845565940456	0.012412356135740632	0.011419710373476001	0.010794509356755784	0.012626584360698747	0.013442778413037204	0.01140074171813003	0.01246083489471746	0.01273294490168034	0.013776733187514318	0.014550216166359575	0.011913955650325157	0.012542909452872501	0.01250614448243638	0.011362712951449907	0.011990061443021206	0.013454849856463766	0.013033056144634706	0.012841227201557863	0.013173007804909613	0.014313871548708819	0.014264976282881694	0.01198927464416691
cod	0.013325755897895926	0.014148557312117716	0.01462488989279403	0.014792229105442565	0.013896363864640477	0.014101038564461035	0.014813011023401459	0.01467895745738118	0.014439853827598057	0.012690552443150706	0.013501324015447838	0.01410169070958437	0.014546545308782088	0.013757441124798334	0.014196543254385128	0.014189006102550823	0.01508220045702035	0.014361257128604123	0.01337404401587132	0.014140372005515758	0.014410190696094307	0.014565998363097066	0.013064396998342855	0.014485883245926314	0.0143828689517481	0.013262298800481253	0.015324475384809607	0.014229449673860844	0.01457849529106833	0.014050661964855927	0.014166064509578491	0.013640871633088768	0.013361865887062396	0.01418038626840462	0.014752861146697872	0.012683383502860558	0.01453929190142626	0.014756948467764885	0.013750209991529226	0.015047978806308262	0.014125982477435293	0.014057284502600798	0.01428950606490509	0.0	0.01339423617734453	0.01430739377636196	0.013710338390586283	0.01387492545164322	0.013700957675884626	0.014036649681379645	0.011873848008818189	0.013938681250819863	0.014590193282736509	0.014611573834301693	0.012778765539273177	0.014422443413096047	0.013377647862612599	0.014269686237312878	0.014944829843603324	0.014301908522361078	0.013390617781038883	0.015007305646965993	0.014511169431075697	0.01413446981058636	0.013525450132205135	0.014119245537368185	0.014718192742857884	0.012856008686746922	0.01460800617433738	0.013774360557780078	0.014395382760915666	0.01495087290536391	0.014827251863051023	0.012101552609653852	0.013887993488101113	0.013982162959365193	0.01423402644850322	0.014504478703159551	0.014354255831562883	0.014104114422306538	0.014695128093664895	0.01383600378722895	0.01443559400365859	0.014271653689223984	0.014951518321081653	0.014321182757699715	0.013959371597119458	0.013626603139889948	0.013899900595778773	0.015437379536291564	0.014371652199516133	0.013899596105531552	0.014292956539562106	0.01315294295817991	0.01296704560496009	0.011483440035650296	0.014860182044816851	0.014025917839579854	0.013816554146332129	0.013998075983753588	0.014794885096349695	0.014680711468554685	0.013858827670963813	0.014537631156683651	0.014149662299799881	0.014508452033229207	0.015099000786717014	0.013462034681552559	0.014419216690052725	0.01467619787024306	0.014149312436564497	0.014186319948126122	0.014587422574971929	0.014991335752521373	0.014506466301476005	0.01419810992672846	0.01374062479396303	0.014512893146046268	0.014589613144613609	0.014799219372595443	0.011850179374620018	0.013131659126693434	0.013621152203066011	0.014446893572295737	0.01426283588862449	0.014013250024325146	0.014266581704075456	0.014979731905487414	0.014159587715446655	0.013524996560532632	0.014531142986816065	0.014553362457995702	0.014422648382334964	0.013622214579583522	0.014689026459611183	0.014431755275018263	0.014305325519053638	0.014453043825645844	0.014492857748079504	0.014670829759973112	0.014443106515148619	0.013802839125151843	0.013842147837860117	0.013985669953904677	0.01297764760815952	0.01409285377981113	0.01231820940410957	0.014846931449905301	0.014902704515136908	0.013949964989426864	0.01401655750254242	0.014981402561014132	0.014483560733390646	0.013603326279928232	0.01448330995752762	0.01304426862009485	0.013608950994820622	0.013865634628412803	0.014231604086459302	0.014075226395017095	0.013941461403122276	0.011370798885155534	0.013948944588851759	0.014274774799414393	0.01322254516263916	0.014345144109442884	0.014610284329135612	0.014037886119904763	0.01393802904699132	0.012643850475088632	0.014434961188363587	0.014170162338369287	0.014644061986018635	0.014377446185397984	0.013978222807303238	0.01357469707479432	0.014735292704717993	0.015014028079227231	0.014207044223069374	0.014707523395870371	0.013771617118898294	0.014162908781088937	0.015011045267775767	0.01496183335164375	0.01390071179876174	0.014621380358115136	0.011726995767981661	0.014746543268278033	0.013281981507748225	0.01227649840293816	0.01385416430233382	0.013385205682512915	0.013412460929212293	0.013239779219778204	0.013992717945067876	0.013484742531253455	0.013434304127604319	0.013633330272078375	0.011724824372156313	0.014440431721093635	0.014038756832664706	0.014660508477769308	0.014992720296594033	0.013684541364649958	0.014201520094493105	0.013822907319761171	0.014213769206769202	0.013158648576371099	0.014093352666245366	0.012737922344063377	0.014115606577129996	0.013402424577156409	0.012926212135465824	0.014287962930936949	0.013862656635146908	0.014484295166900312	0.014505597125337395	0.014092525341413278	0.014461600255910567	0.014537217422279702	0.01433596237176106	0.014170953647350664	0.013995826264600966	0.014383978648098676	0.01452522699158181	0.014382809324549946	0.0120589569685563	0.014026481477336808	0.013675010927131295	0.013821077317466146	0.012796389438651462	0.013990850989237413	0.014221038984755565	0.0125011520294849	0.014895560895943388	0.014893228973840917	0.014400805802918687	0.014210435171549334	0.013682956783708176	0.013593566809935525
constrictor_snake	0.013664677660337677	0.013488782966105102	0.013493546159157509	0.012654919266849836	0.013389995604091199	0.014135795946315468	0.012827452352238646	0.013325282123463551	0.013872184553969314	0.01333665346258339	0.013391434480840509	0.01300803710831963	0.013752459799983439	0.014420159309917795	0.014094235813733503	0.013193842487178637	0.013721604196096939	0.014966191148433627	0.013420671740640124	0.01347308235237963	0.014032210436266106	0.01294071679791707	0.012697336858054074	0.012992494971021135	0.013783985670976516	0.014850521038138107	0.015398622797363388	0.013536135162137211	0.013647940172875612	0.01207399700871787	0.014376754393160862	0.01404535850574321	0.013531571992260526	0.013783575873366151	0.013947543851290888	0.012879259214835525	0.012931320019262787	0.012786123692053595	0.01408827696798051	0.013557897134587866	0.014329942053895086	0.013072548398819701	0.012800776963462077	0.01339423617734453	0.0	0.013429455424223514	0.011451819320928059	0.012674133693107022	0.014217749958466152	0.013819677721465851	0.01271889802498413	0.012836778451409873	0.014339154038209052	0.01422428850515449	0.01269301671561331	0.013479669025396124	0.013962704516097674	0.013355948696886253	0.013333882837677868	0.01342491537338916	0.013263733111172132	0.014518373560910767	0.013872808437752394	0.013464717954500091	0.013344211836755753	0.01435636877942876	0.013047183112000784	0.012252123429909783	0.013317011756070387	0.01451189043506445	0.014856943546274337	0.01476245696363156	0.014371188377484525	0.01297332624399452	0.013884794993177983	0.014167493467328207	0.01426939275273998	0.014801714217301153	0.01241824304316173	0.014086559026983999	0.01444817875667937	0.013623147373687692	0.01293941486904884	0.013123259673058267	0.014225053637755704	0.013188336330841304	0.013327608193575409	0.012828845676305108	0.014567356234384054	0.01352568385682061	0.013711931784089627	0.013328542519939762	0.013429403971962217	0.013723804871648955	0.013713091366763358	0.013056804096492012	0.01354869427602785	0.014157503488803387	0.012267646300467951	0.013320993184582065	0.014026225040771986	0.014291905634104523	0.012652375769519011	0.012872154461506316	0.013744516285058435	0.014040547389052492	0.014611345931830293	0.012591380464994749	0.0134735902691987	0.013744133619331854	0.012920196485151136	0.013384644297228349	0.013486026095333916	0.014088201376590496	0.013039837593369684	0.013501029406188242	0.01299179378523143	0.013710732768894585	0.012598697182037582	0.014143097556064313	0.013036588608986854	0.012646045031692206	0.013775111864809004	0.01419707583611504	0.014177285809755427	0.01407059141990385	0.013593440365547155	0.014676838608332365	0.011866614778278302	0.014218475686725423	0.013525403987134524	0.013041927359752485	0.013737608920622243	0.01451446744877756	0.014129750306219917	0.014002262609210081	0.015339065356813463	0.013931552779119347	0.014692518463345891	0.01369013370791511	0.013543309872873175	0.01296081407327818	0.013445676512837089	0.013558626773040833	0.013566519284807083	0.014397027999162955	0.014743345558977845	0.013686612499758046	0.014150431568189408	0.013350437102476832	0.013412997278993975	0.014457829187348115	0.01349059966845969	0.01391835520371935	0.014120810172657821	0.013576633970714522	0.01381772107861887	0.01348180842936049	0.014030815853406492	0.014475417835474727	0.013697503749593179	0.013574742732814879	0.013163315351141014	0.013543520340386053	0.013084031275170147	0.014419148131988344	0.013631344332974058	0.013552365394385993	0.01376431637456396	0.012893495268443956	0.013623441303521269	0.013180381436063466	0.013686200441810372	0.01383217609209877	0.013392548085163738	0.013282661056953218	0.01380374335466603	0.015084295492513966	0.013733209899517578	0.013373241685004192	0.01372498908098214	0.012976178624121624	0.014965569205790055	0.014874964876790766	0.013927754929744726	0.013088096509491305	0.013936606035698329	0.013246669463676112	0.012730285694464837	0.01351266472011952	0.01238063579516619	0.012740634255495008	0.012823139322000592	0.012010389325031996	0.0141072105368172	0.012760478877446848	0.013275360527421304	0.013914205631787071	0.013024034541387983	0.01389103365825181	0.014233149468235229	0.013567891661675047	0.012516263107951196	0.013135826854764776	0.01293658639653525	0.012204880455458294	0.013953604982545147	0.01265070948931098	0.013118088629216514	0.012652482843281068	0.012802987344637988	0.01303187503778821	0.012604872015337004	0.014062253869208221	0.013585327851463882	0.013590730414721966	0.014779377025830528	0.0141828846617329	0.012635653982081179	0.013655351209323145	0.01240483983869157	0.013033118009554279	0.013755295596535511	0.012644590169261222	0.012771755457638347	0.013627979538726926	0.013053014158282932	0.014827944652610782	0.013194540404086914	0.013608164702525025	0.013707612198664492	0.01293044070297975	0.013542815023915838	0.013444619323206987	0.014412469122814757	0.01367268078463202	0.014458531238931769	0.01456837288198737	0.014273011049308247	0.013285817053760711
copperhead	0.013554610316797205	0.012028035136940169	0.013123943119997117	0.013281871586023246	0.013585180921227529	0.01386486222515595	0.012707778513422275	0.012941275331184166	0.012502015323503573	0.013681878762214581	0.01318005581209834	0.013600490269086933	0.013946062816552682	0.013456385272185347	0.013304902222200751	0.012387979013999262	0.013449455858338438	0.013777704189415565	0.013215606641958864	0.012780893797937154	0.012922410005758373	0.013506644124402209	0.014048310575071164	0.01444940033692628	0.013580288835444366	0.01377320157823631	0.012936863472433462	0.011871364111500844	0.01353621598461824	0.013055598408404059	0.01378457812894906	0.014590449707464237	0.014219344471600932	0.013497830251254237	0.01279628542425933	0.01338371607172276	0.012408217277907599	0.012312539263449756	0.014241169279564309	0.014066665058464147	0.013515995500957188	0.014238918523056145	0.012179899779891014	0.01430739377636196	0.013429455424223514	0.0	0.012007424612019302	0.009907562162242587	0.013747264092944593	0.012136566661142626	0.013060809780294851	0.01272123045714454	0.01283466767452847	0.013584910706192459	0.01396477308262706	0.013775391880190734	0.013888205318414767	0.01128086858879181	0.013255542999960498	0.013464698625904319	0.01365054238274238	0.014075285403696187	0.013875444223043725	0.01310008003441513	0.013865785320929367	0.01320667261717696	0.013274253194891079	0.013064741353377561	0.01345898966383417	0.013685882826357609	0.014069130016168855	0.013785391876810377	0.013342253515322127	0.013957470509720498	0.013550042498292655	0.013721920872339538	0.014122838523979412	0.013578048740027968	0.013114037102695188	0.014734823215931985	0.013819024924191228	0.013876368100678344	0.013537101609476894	0.013511291968254251	0.014335663233354118	0.013936860521632033	0.013587331045736308	0.014262273297913403	0.014419068939255484	0.012682022265156174	0.012766530629959678	0.01268429629031114	0.01330016199616029	0.01382209441262866	0.013401308301715377	0.01419372839925199	0.013998057364436482	0.013237153434354713	0.013051082636477534	0.012450767316952178	0.01321708230960147	0.013700189272274234	0.01262718463175472	0.013722689688779493	0.0130677038217519	0.01375775690172952	0.013907385135830858	0.013895971540247062	0.01325794854854234	0.013457387989796	0.014121090530751374	0.01426292150967968	0.01373087546704456	0.013789206967257033	0.013906613308924811	0.013497760224558751	0.013737476093968463	0.013841896785900127	0.01273917305081562	0.01409709051543465	0.01333559399538131	0.013566243272730292	0.013494802389933109	0.013733613028549346	0.013773797888425941	0.013299772417303539	0.013750196080981136	0.013957355933649227	0.012697801532488024	0.013250681020422525	0.013443342112869102	0.012395397878447307	0.013368084096592053	0.013858454729963372	0.013732916492935128	0.013316096859991869	0.013145877524503795	0.012634599939199803	0.014331211313406002	0.013969022962872486	0.013721609448087011	0.013229527489057527	0.014029627341846807	0.014147072011114108	0.013798178934128212	0.013184903673186954	0.014325586296519598	0.013934485870706925	0.01267202473728384	0.014281044482212967	0.013860623425638945	0.014028235932210784	0.014659171552310937	0.013597116646111233	0.013996711620225033	0.013882770991874287	0.013740705446313064	0.01330922397960038	0.013608595790221929	0.012601577396051136	0.013088051756021972	0.013617345197352283	0.012856936330888698	0.013943800688538698	0.012605927058222912	0.013531173002418921	0.01420434540804783	0.013194356507145724	0.012927772061740513	0.013713759104382797	0.014281530692772248	0.013848021653143352	0.012953053114809985	0.012967019946161515	0.012951210195962156	0.010982488304033467	0.013011922323227959	0.013520799475285152	0.013602532483695844	0.012960249707470853	0.01464741395429775	0.013212699992223702	0.014077966218013643	0.01337113341485518	0.013396874086845856	0.012674606559942472	0.014413650308931774	0.013247640017282219	0.013607149124919102	0.014966486952920246	0.011632555514301545	0.014687983874596817	0.013788678909751518	0.01278924553674484	0.01432786128109831	0.013305522855436694	0.014179738686006471	0.014456373718437488	0.014415366108659398	0.011789471905399687	0.013758968934236638	0.013198722883043659	0.013477657695687364	0.013052331193706126	0.014029152246930021	0.011247632934117471	0.013480218989014177	0.0144794230679099	0.012823936133309212	0.014087712894673244	0.01276720385568977	0.013926766507287677	0.012826916408380174	0.014188105914220593	0.013173778413510149	0.013185087137803135	0.014183263039276073	0.013314119132498546	0.01370213539862198	0.013756281121177412	0.012104495845106734	0.012816416557063968	0.013766270685376548	0.012258564310819233	0.013593111278289095	0.013342519941484342	0.013823519088016954	0.01496646526170101	0.012882915834857718	0.012924895201066957	0.013947093437384256	0.013027703720816939	0.012831113118540263	0.014180277607879328	0.013038852985150841	0.012882807221598503	0.014038152268256632	0.013938729497240144	0.01464658379420079	0.01378847326206885
coral_snake	0.01355353413250967	0.012230985877974991	0.013407632363927646	0.011931304097285338	0.012786545944283266	0.012927489254947522	0.012161784719225226	0.012937813887106873	0.013860961977171056	0.011653725559337096	0.012771113011016895	0.013003029568731332	0.013999011886260708	0.014474405342543097	0.013787581184170183	0.012520730693257829	0.013679024498530116	0.014565044600113842	0.013131143282626278	0.012634766486064621	0.01364856965114593	0.012345523369674977	0.012863038734987611	0.012934751091541992	0.014004527286528491	0.014669300477875997	0.014766611249675463	0.013407135238199981	0.01288478401097381	0.010765562645744518	0.013912449975169574	0.013878776583120896	0.01349564143807117	0.013738919184420797	0.013056785292672624	0.012273390866763871	0.012512605950084486	0.012142492855070335	0.013815352818917447	0.013903828685725815	0.013585193983615828	0.013086990954493689	0.011498983305618913	0.013710338390586283	0.011451819320928059	0.012007424612019302	0.0	0.010783656702744747	0.013922704896158338	0.013248544042087052	0.012111211106860363	0.012421297920817875	0.013950187795981594	0.013136949036627323	0.011823432244800584	0.013402470441830518	0.013407547280125182	0.009771497797357835	0.013228779993765809	0.013781387257545321	0.013119379585940626	0.014483984508821785	0.01367878399111922	0.01295790700645192	0.01381170366866311	0.0135268818796429	0.013444497526428768	0.011736999048815313	0.013556426645778202	0.013786650646947913	0.014120803781245955	0.01477748063945624	0.01375818272350697	0.012482546703319443	0.013546381389096354	0.013845519389072893	0.014208358311795151	0.014621121787362534	0.011540657227610716	0.013762678410175415	0.014441853644282063	0.013351102302604976	0.011635121205208114	0.012224200462982296	0.01406030270667633	0.013206842932991935	0.013809353722058201	0.013104299074220314	0.014081439054928728	0.013913794729816208	0.012691017964228883	0.013262586737410244	0.013197880685380295	0.013027350786397586	0.014073429497070846	0.012797951572694302	0.013835500515195736	0.014053361292455956	0.011110182521308354	0.013337517011536142	0.013580952522627341	0.014129447401618358	0.012501151739883039	0.011958463582256239	0.013083490467390322	0.013809594050651307	0.014668955895538951	0.012839591372032172	0.013817360787253439	0.013170835103757822	0.012978442992613526	0.014222873981420352	0.01384087918638257	0.013900571428197967	0.012874087260627094	0.012985940322761284	0.012504333056512227	0.01371169344035847	0.011193360980881122	0.014203628249879394	0.012786059671275628	0.012612774535243364	0.01357142083754324	0.014110375569493855	0.013997705936318286	0.013804099316398262	0.013235910819775263	0.014527234480259568	0.01136930371768087	0.013234898550543382	0.013303557630581315	0.012309833289115836	0.01318612262678416	0.014510294279289746	0.013152604241679577	0.013610786952961418	0.014571067158919104	0.013117569252090854	0.014281483530258208	0.012249172051045866	0.013404562509708517	0.013031740382591552	0.01348824959446662	0.01282479668094975	0.013619956568016098	0.012787395066985983	0.014210899842024812	0.013991664317103478	0.013769683575989244	0.01186514290882349	0.012104591591811226	0.01371069732740356	0.01347255263463272	0.013316694021346926	0.014348468528278637	0.012753585458521817	0.012587071988731944	0.01379696284241759	0.013666182513502084	0.014249700837682502	0.01319148310461872	0.012580587049071827	0.01275362078007008	0.014100378878245	0.011503799269554225	0.01455423623971309	0.013678291346845315	0.012734298768855854	0.012745365974963169	0.012703039497135898	0.013861606828739879	0.012987731234713567	0.0134549676410659	0.013673849868837492	0.01310254285341328	0.01088058811385766	0.013456402716680034	0.014812178167578828	0.011631722128536243	0.012412502247946211	0.014112199333971587	0.012174565618196666	0.014766880010889615	0.01407431738159137	0.01310959088631045	0.011396205115064976	0.014197607416621138	0.013028949937691816	0.01120981583657383	0.013209084860085223	0.012023436215145082	0.012092235149329403	0.012545745496952946	0.009217545147883071	0.013932580979974947	0.012708231423341822	0.013730411699379266	0.013383264400536181	0.012396241219145628	0.013344478901303856	0.013936930934533374	0.013159548490875188	0.012806734278519867	0.01320368949116511	0.013087785857704221	0.010203431942921734	0.01303977335942035	0.012758835471580052	0.012968548461192955	0.012870229709807765	0.012253512123076049	0.013206623236078893	0.01197547651926239	0.013531076596302639	0.013138925633541514	0.01129782553343487	0.014664229755694418	0.013881329521706115	0.011700230451412903	0.012791935707759307	0.011027414161972797	0.013317651285102476	0.013734075755735084	0.011483293567447518	0.012314966131994301	0.012758455311135404	0.013312665974769291	0.014527869602163977	0.012154189686404025	0.013204164724642703	0.013757557430919215	0.012392922897549778	0.013476968694479665	0.013844311503866778	0.013737513395722352	0.0133807015866112	0.013186973253891216	0.013714862324613395	0.014888356148402632	0.012820018706491833
cottonmouth	0.013294909003607207	0.011384300356812493	0.012848770302327402	0.012468665244735047	0.013377112615270607	0.01355538935477516	0.012071895498720635	0.012772570423265562	0.012574147432432787	0.013118357009523874	0.012633189566239565	0.013258773589367105	0.013886538709899442	0.013482861610294841	0.01366034538450459	0.012481171276298386	0.013453656303986913	0.013991341366233796	0.01297458882261559	0.012482509868466158	0.012847247523005726	0.013415729343217062	0.01341198462588521	0.014131253555792754	0.01354178180804505	0.013028763642021695	0.013775253256846856	0.012193002927581069	0.013314602408513232	0.012466638021946384	0.014042036196982214	0.014317306469562559	0.013679687246582896	0.013151366013686955	0.012537429088350243	0.012677248042165228	0.012148137238099797	0.012074656100665144	0.013543615673861168	0.013608536867910567	0.013478092813192913	0.013508630562534391	0.011371816844685346	0.01387492545164322	0.012674133693107022	0.009907562162242587	0.010783656702744747	0.0	0.013769307676556364	0.012160953547489022	0.012642105234776426	0.012472898370758791	0.013013333313790225	0.01360366939349518	0.013113221683150569	0.013199593618945658	0.013419914136503	0.01093553324188528	0.013504882647229748	0.013247560794385764	0.013279086100565683	0.013731253165839754	0.013412622412494446	0.013172184691396374	0.013000102707860622	0.013240786162207417	0.013352276362413817	0.012115193816600263	0.013368552526407925	0.013195370167526296	0.013896989538423396	0.013868658267655019	0.013647671375379113	0.013321603981703154	0.013239452172564779	0.013531893141195104	0.013650414189146311	0.013773167346141306	0.012642320632259663	0.01375836182370923	0.014065524140290213	0.01414003927732435	0.013423764166059862	0.012860714419546613	0.01434493217576835	0.013755429081994437	0.01327249215680319	0.013494071246618633	0.01429091928913075	0.012680373318377302	0.012528353588700478	0.012501170249716831	0.013190609776972903	0.013700463504252343	0.013511517343020555	0.013197440818611484	0.013939870443836959	0.013773146017488969	0.012451850199505019	0.012390414769890466	0.014099611280350139	0.013847172023885312	0.012600013888047778	0.013193611868960786	0.012593762902992023	0.013969087512815283	0.01344827598480613	0.013210911805211438	0.01344742784799923	0.013451884034737974	0.013511512344913585	0.014076048753875145	0.014044075907125792	0.013477882958470959	0.013647522174475946	0.013628094740047553	0.013414940870968325	0.013999733499593974	0.012029451068051056	0.014108662287932387	0.012752754467209857	0.012829495853071199	0.013046301090839516	0.013981876838754088	0.013205553113444566	0.01340336110261282	0.013511318451839449	0.01398049542093444	0.011925505344076468	0.013444806944728611	0.01329142282000514	0.012975076394956526	0.013243204717099792	0.013326496459653779	0.013720414548715134	0.0136416302711838	0.013250273752769874	0.012305179152421597	0.014364769165373124	0.013207800503593024	0.013269320972227286	0.012636882659053059	0.013894429416617355	0.013551516363049985	0.013675248254276382	0.013213285768574279	0.014491812583988857	0.013939639034214697	0.012727135922960328	0.013629283791542126	0.013356445862623556	0.014042875271514921	0.014235121685398033	0.013466349871508	0.01418081634866414	0.012905450768446975	0.01347305261970092	0.013096390633383172	0.013706563879861001	0.012960153837673469	0.012399925933680021	0.01271567900555624	0.012388116607198829	0.01362762028804674	0.012390169196530597	0.014331036233907158	0.013662960319433917	0.012806236615748437	0.01298633783439865	0.013490832602512371	0.014009763747224185	0.013183535770721509	0.01301525175838555	0.012758649126330037	0.012627598882664683	0.0107330875338427	0.012648281331096165	0.013830785285144524	0.012779260064017455	0.012460411841742992	0.014172975522320512	0.013047708446179156	0.01431132996491518	0.013795159492725122	0.013705943452639369	0.013025510584051056	0.01416326475648366	0.012733517215928615	0.01268838769271118	0.014489088630414171	0.011112940556034448	0.013526914758608611	0.01347672504182575	0.011875792627818325	0.013847842793130472	0.012273209596894166	0.014027614486121942	0.014342609410702992	0.013171951328583032	0.012432185100771922	0.013499658293719588	0.012473579943014417	0.013191142421004916	0.012622249524320547	0.013824288439335437	0.010774743694808592	0.013007441055804116	0.013529001179119402	0.011904746717388937	0.013045630240424034	0.012336400906446342	0.013415454574916266	0.012268006961778632	0.013789242509541779	0.013151951987742489	0.01271007650079719	0.01427876951068402	0.013241319281972372	0.013321359065351444	0.013588765221722142	0.011150314531216964	0.012084935145623596	0.013677042647446666	0.011819190502632687	0.012920482978297072	0.013205941848194756	0.013007076402457097	0.014582112756580062	0.01206894167873151	0.012503789419219695	0.013801368300059062	0.012336724413522475	0.012811753233788359	0.01389841106520518	0.013252916164727235	0.013006069138348442	0.013883159507534833	0.013668340389478997	0.015153377526833151	0.012623699367783257
cow	0.013522577059108153	0.012530301680566331	0.012642379647791328	0.012963684233724758	0.012573998728856112	0.013539392998725829	0.012679906123119603	0.011679659221026711	0.01272856734438261	0.014207532899042662	0.014336340664157364	0.0132321817198657	0.012551164951760306	0.013364508845415159	0.012896508180808806	0.013081269796827387	0.012889102977439598	0.013129249420231269	0.01262540612240898	0.013580673098295214	0.013679208143143586	0.013822440019618472	0.013157456598680856	0.014285300009553243	0.013396035096426022	0.01309365037205232	0.013389031441249477	0.013551668879668377	0.013685297175452653	0.013730062130252761	0.011551681718025297	0.01395762915558879	0.013556682668716718	0.011399394628211119	0.012260752452346252	0.01326891200728469	0.01309949256323488	0.013360072299615331	0.010770272217398808	0.013255543411357807	0.013588607138840962	0.01429939277915286	0.012816369118882003	0.013700957675884626	0.014217749958466152	0.013747264092944593	0.013922704896158338	0.013769307676556364	0.0	0.012535651947457331	0.012331578422541073	0.012024037795347824	0.012874492229483387	0.013242602960217594	0.013403244895097963	0.012067635546385	0.011522119823874067	0.014111716678760622	0.01248281916306653	0.010809838278842637	0.013159930278577193	0.011753108560260099	0.013331764969059644	0.013203612111791612	0.012212470332791799	0.013375091063076515	0.013186036815850365	0.01297823613642101	0.011102652806408337	0.01262757349078581	0.013791306004124974	0.01395975842689246	0.014616232097764494	0.013584999513971765	0.013703331149217911	0.012437073536359797	0.01351706144213255	0.013506383605483716	0.012616938050363442	0.01388983599508597	0.01382958740731316	0.012985017766727574	0.013944860034212041	0.013176763763523152	0.014001319028850115	0.012204041581137949	0.009001690701080593	0.012191838137538333	0.012336986508339878	0.012862272986698502	0.012518136116890616	0.012829422571323695	0.012281228417697056	0.013942867380302032	0.013682668366551505	0.013289749692421065	0.012467240723259975	0.01301733920116407	0.013851997157231741	0.013825633223933997	0.013207852485525006	0.011548327229173863	0.011773374392683635	0.013584123001082271	0.012696350813498427	0.013720383256105122	0.01430523140161332	0.012976304119918769	0.012788601232963293	0.014595513723595436	0.013740152535689377	0.013354520356324182	0.012957455750361932	0.012890886817155398	0.013683213851332886	0.013959096434067066	0.012717310597577034	0.011860456900808652	0.01271343868146363	0.012074028493790426	0.012246795673141887	0.01184959744256909	0.01399199661853809	0.014392088591143982	0.013793424681157667	0.013102427409857557	0.01314574970404966	0.013167659902408821	0.01354328391179996	0.012573323622473384	0.013319521559189338	0.013507539251378658	0.011977032127945835	0.01265140213228215	0.0138321946445703	0.012383054749969688	0.011805935526853216	0.014183840284063528	0.01382647035123713	0.013812573629093857	0.01307329915280012	0.01312093457953411	0.013161619346684621	0.011620982944524107	0.01373554150122744	0.012807184071453492	0.013017784840096091	0.012638162328096256	0.013670988451173129	0.013799544587715233	0.01284541738190086	0.012857877600692715	0.012716731131377152	0.013580536484715529	0.013683600069633374	0.013534569302529394	0.012382637453359782	0.009151244657144241	0.012390966229999962	0.014126432815309415	0.013783429265854739	0.013904941200671874	0.012553963042300215	0.012949044249069522	0.012814819448623966	0.012270446559837509	0.01243910943567099	0.013606633228333435	0.012494750451947048	0.012217950729695407	0.01398031606011018	0.013523254215496678	0.011109992400064083	0.013109437648186029	0.012106942204262887	0.012816294345749985	0.013424485777943031	0.013993339895871188	0.01418948854651469	0.012820792291021448	0.01154738288771446	0.011518118617296623	0.014329072829200035	0.011140475906584506	0.01406850963237568	0.013907835350994007	0.013380047952479886	0.013836935909253122	0.013704047477364131	0.013552587170738746	0.013234128439485824	0.013778817614204875	0.013615344992271136	0.01379918557839707	0.013622112399415874	0.01251800056591853	0.010318107722981036	0.013630003876638978	0.012349766334124535	0.014196586335021038	0.013080099573763226	0.012537892298564612	0.013472942409945678	0.013623064387422699	0.013161730739036252	0.011884087337749615	0.014207865283139165	0.012962064072726164	0.013513892902511817	0.013123088361256694	0.012658486961152	0.013580514343217873	0.01363620141588706	0.012890335137287226	0.013367193268415747	0.013876315800936725	0.01368993456906527	0.01389747916175898	0.013180013983437959	0.013712345461568989	0.013382571209360367	0.012542873194337277	0.013471618305111186	0.012578816896439433	0.012578128588090185	0.01332979233023588	0.013400303925403893	0.014497248595879364	0.012440345381342565	0.012928733744725574	0.012421473597172375	0.013987658523732372	0.012381583697544257	0.012312492931629282	0.012797271881585599	0.012555978611692957	0.013540319613015956	0.014660060272408853	0.013207937528150415	0.012682578820878396
coyote	0.013136587773071163	0.011801496435609578	0.012584921170946964	0.012286813409293966	0.011912380102015318	0.014241672808613577	0.012321136410675332	0.012128547516338158	0.011714566767451641	0.014109459477141368	0.013156530122928023	0.012749242407039764	0.012035236097106832	0.011147731190985402	0.012899988518621617	0.012211387917500554	0.013380503047225822	0.014025902094321734	0.012122384953465565	0.012150563779188314	0.012229435547598333	0.013235185656151489	0.013149910978522203	0.01337096602217892	0.012690543385109028	0.012719582519700578	0.01402313001766684	0.012237795541402247	0.013332184966604987	0.012802714740149218	0.0128398152647596	0.013281105565943278	0.013930842498047975	0.0113630725275114	0.01253608330434903	0.013095961286521842	0.012447474615746069	0.012176244401076928	0.012642932794019995	0.012755326044382459	0.012146039872897037	0.01376456439019977	0.012269941765559527	0.014036649681379645	0.013819677721465851	0.012136566661142626	0.013248544042087052	0.012160953547489022	0.012535651947457331	0.0	0.012790016353266037	0.011902031035171377	0.011815557856529539	0.012901246445371661	0.013797035342325917	0.012205738936210426	0.011601543963326653	0.012970063738653302	0.011255905567493346	0.011181835782038579	0.013043267470916187	0.012519901760825363	0.012575705369662921	0.012764424950356991	0.011790014715133204	0.012122576445345892	0.013277484498129922	0.013147335330403702	0.012564740398203086	0.011712639629021537	0.013359544487258629	0.012531676107379932	0.012946640372106643	0.014092834404548777	0.012389753044267992	0.012374185326501341	0.013434314136822246	0.012123379068927393	0.01201363434185469	0.013996427670625715	0.013688557551605996	0.012857865859749582	0.012928803820542178	0.013178428657561699	0.014158510258027512	0.012725504877681284	0.011860816110267928	0.013398359115610018	0.012078584242562963	0.012124317988611782	0.01247715082158287	0.010652959621986393	0.012705429215852543	0.013769491612911895	0.013467333028580296	0.01377819255921554	0.012734383374296063	0.012144540534070653	0.01314944113448892	0.011995257774968997	0.012934060701267593	0.012944318009402982	0.01196938508613069	0.0123853076710942	0.012873126758164483	0.013055848223924282	0.013191857281865614	0.013478290927514933	0.01259733228775061	0.013146282827343796	0.013091701076931354	0.013372072253685377	0.011964492368615878	0.012772210621926107	0.013619783858590568	0.013007503257534699	0.012891924057027984	0.012743867934118419	0.01204557680160278	0.011652267340310158	0.0130989841125099	0.012337369242914557	0.012933852873926377	0.014166833884419503	0.01271061371350525	0.012004252281861229	0.012329427220686948	0.013622639412499265	0.013370190800075753	0.01232524124026211	0.012488443090771184	0.01285460921643981	0.011639910874414294	0.011912653677583549	0.013872940871456359	0.011700880049726208	0.012032166287987933	0.013427201791436314	0.014115337282937424	0.014333007619407206	0.012912536169163612	0.013073625470228646	0.014035885445411978	0.012761961600558156	0.012612052741795497	0.01200261191772825	0.013650243734158317	0.012073846514276709	0.012819641500073753	0.013966583145215164	0.01297097763926557	0.013539499920034606	0.013988324516992225	0.013196776749063686	0.013407669041421398	0.013244032458882638	0.013401246372334013	0.012052174294136974	0.01256602846179239	0.013394917811796034	0.012565792911268596	0.014142793780677627	0.012654411504700416	0.012197475642354206	0.011868692753781798	0.012480523492982813	0.012264443080472151	0.012238449087892223	0.012018180719674471	0.013742729781627334	0.013023367223382298	0.013111690082404965	0.010671583195350514	0.012576128552998176	0.011323985914138612	0.011197723640338162	0.012077293483766474	0.013339336924160982	0.014438961062666913	0.01228974092353885	0.012454505010038378	0.012995325746949137	0.014231804711017627	0.012271159647349065	0.01344223248488951	0.013088000689127582	0.013513098327529147	0.012541663275167935	0.014169141323950989	0.014580111617167562	0.011813819902090844	0.01350255226760847	0.0131378328027884	0.014080627101157667	0.014006557195410578	0.012552110395869549	0.012838121886698813	0.01418334637907014	0.013553209540763968	0.012485500146675354	0.013919625724475334	0.011469106417189017	0.012648512124093464	0.013247915679676031	0.013486525229558025	0.011402184242801004	0.01241245703927247	0.01416774009033102	0.012599243829151487	0.013830771134161295	0.011493035820084447	0.013145962758283785	0.012970105923920887	0.013504466636952237	0.013186926483698118	0.013879094565126765	0.013514167113817142	0.013330322103725444	0.012776528116650789	0.01322514203618948	0.012248244314239307	0.01172502775396612	0.013538236798870252	0.011756577023831993	0.01249943033343609	0.012397972433393181	0.012779108959921485	0.014425682282145039	0.01167983472908795	0.011984704285550261	0.012446401051376834	0.01311802132185471	0.011201673575509467	0.013292142275099353	0.010922895926403076	0.01209217281982211	0.012959547998483388	0.01403534598623884	0.01342128364282591	0.012205425923555195
crab	0.012868480839701012	0.011515129536297956	0.012126872585640571	0.01201886518820253	0.013077527467028999	0.012840007799367517	0.012899838902717713	0.012901097368944396	0.01278185754538504	0.012023399611038911	0.01299932566409035	0.01284862998372807	0.012502630808271171	0.01319375956212881	0.012304773225467105	0.011886501966736143	0.013400356389243768	0.013354836073134646	0.013903895973908868	0.012767023115221255	0.01296050200837711	0.013189081904853522	0.01205651982855379	0.013736655781668581	0.013470191849801605	0.014236359900087736	0.014643567384415308	0.012954694816051963	0.012212491444924761	0.01254427135525824	0.013055338580822952	0.013163883669038819	0.012554188715682486	0.0118676172911742	0.012464119823499667	0.011322917673315318	0.012062308900796927	0.012527785492501104	0.011659396135723652	0.013960084247577357	0.013759713256227426	0.012428236117456328	0.011619371037784787	0.011873848008818189	0.01271889802498413	0.013060809780294851	0.012111211106860363	0.012642105234776426	0.012331578422541073	0.012790016353266037	0.0	0.011369400324779105	0.013222454446357335	0.012801526066516357	0.011052118341326354	0.013270611595786755	0.012433434311318001	0.013105053046134236	0.013849001298004107	0.012009703228230983	0.01185335638048151	0.013094516172770859	0.01336627844514096	0.012261846983821772	0.01245119795666747	0.013159821386243635	0.012961905779616176	0.010682154699328483	0.01231883076557849	0.013824080389925901	0.014041746568819145	0.014272545227163747	0.014022305230910345	0.012138053532198793	0.013217191396945658	0.012385501557756664	0.013447502397446784	0.014126899318118865	0.011265687677810157	0.012092455247891489	0.014179506670679678	0.01401456565986028	0.012590095848111429	0.013521951034926394	0.013953807186625606	0.012814802026096736	0.01202011491164332	0.01164811355753029	0.012610443600082002	0.013380101821036501	0.012741059776560487	0.012802912428624169	0.013105426910563524	0.013171888256983073	0.01301281529437556	0.011494141811467483	0.012269820899735641	0.013501343005373671	0.012204065274647496	0.012913814929365226	0.012988633904625785	0.013274162377859573	0.012448785721952536	0.01193505178250057	0.012749367740216708	0.013945561731471995	0.014148395764715788	0.010737417387186345	0.013041865077866697	0.013792988679294006	0.012894271948260351	0.013475760581085922	0.013296047573107933	0.012532244657478611	0.013398407741606411	0.013265469835900583	0.012326403495756985	0.012691429959187117	0.011678572225178742	0.014317932487005849	0.009314569706102513	0.011417314192513055	0.013111217230549387	0.013964525638913785	0.013600486817202488	0.013912405016753329	0.013748210284303196	0.013797885583265041	0.01160282142406383	0.013136042459822165	0.012452717280225232	0.013179276725432405	0.011446820289006	0.013521364717603708	0.01358786462328352	0.012632508856094666	0.013797947921231467	0.013383024775849739	0.013685110782659929	0.013277131135494953	0.012517699273361953	0.010854711548896768	0.013742080814078564	0.012442370023873979	0.012487988689215268	0.01260464248546814	0.011235694811926123	0.012904523071533152	0.013808482988017408	0.012914706503725157	0.012338895853877157	0.013480258990459964	0.013428683050862778	0.013163997545055038	0.013071255451990305	0.01226377680370658	0.012506308037200679	0.011740702584337128	0.012371611324061482	0.013160271351166068	0.013114348754834802	0.011574949644786527	0.012283126961017394	0.012800098695364033	0.01240679619431041	0.013816556887912895	0.013220181749533846	0.013094427743578224	0.012858847309037177	0.010348244700796554	0.013856161873205024	0.012841123076469254	0.012213497866336354	0.01297575130402826	0.011928746637913013	0.012011578441122989	0.012890847326258979	0.01343968958066749	0.01289547229398746	0.012704755918463666	0.013392856716315564	0.012901352584988972	0.014523888688523636	0.012455168287061549	0.013527944291328793	0.012564995881502485	0.012007362389076888	0.013014094670281704	0.011456751002840316	0.010896919688991319	0.01150380221317287	0.012266379124756026	0.012241199344764156	0.01153220365430475	0.013134911446750622	0.011220490372841833	0.013058782557413861	0.01246720020690338	0.009990629192322954	0.013888926839798192	0.012905826448886762	0.012839046960250457	0.013318850526443486	0.011865103848626995	0.011420830614462252	0.010851815576506234	0.01264079372844722	0.011630422892309944	0.012295108734305435	0.010896876859697724	0.012453892385486151	0.011420179996795711	0.01167363904894438	0.013162127589062999	0.012226276100077847	0.01242652703247241	0.013720104442735115	0.013824725717077893	0.012659029957259139	0.012964474715357449	0.012032133083106765	0.012224710265980949	0.013471612514663594	0.011759844991488966	0.011932949360053634	0.01298496034618827	0.01243690178730699	0.014531284533457976	0.010268149235716475	0.012924379128893318	0.011862720091471636	0.012075720118635738	0.013165246476572473	0.011543682619593619	0.013421903115697282	0.01371956846475849	0.012814073437439365	0.013878225520761683	0.014161014174621464	0.01268315417156458
crocodile	0.012148696103936225	0.009829027335212513	0.012524647739981434	0.011872852371827653	0.012555171009424857	0.01416829135057758	0.012130937265620171	0.011164537367485895	0.012253652882566584	0.012198475218194237	0.012490778459463225	0.013049336416944845	0.012192739312144762	0.012844452586222167	0.013036370251983287	0.012695662281511824	0.011696670570034144	0.013376740013838716	0.012572509936388835	0.011931384805427487	0.013147139933066316	0.01319833600049165	0.011360959646954081	0.013486058721963168	0.012529160363123683	0.013607454482826626	0.01398489357837105	0.012606359826722044	0.0126290204822231	0.011273009228396335	0.012354487558248094	0.013492284326694479	0.01297234635189515	0.011319152010603593	0.012606822704270519	0.011547269096711383	0.01162322846951585	0.011710201018298463	0.011870768127034081	0.011724914052835758	0.01354728264730844	0.01265297422192142	0.011428516245954845	0.013938681250819863	0.012836778451409873	0.01272123045714454	0.012421297920817875	0.012472898370758791	0.012024037795347824	0.011902031035171377	0.011369400324779105	0.0	0.01260091935716409	0.012508762459706512	0.012126921128706699	0.012418931408998102	0.01193843548573796	0.012777397914956969	0.011128445978757178	0.011353260611334954	0.011064191744659111	0.011786158725779117	0.012878691069643572	0.012299182457787685	0.011955355016776009	0.01264005248217242	0.012045315321255766	0.011240035639041135	0.010948128937477932	0.013396885057022849	0.013007605648680818	0.0134663829769276	0.013406313298944332	0.012161610784936836	0.011567499163928652	0.01246299562244872	0.013108745492975247	0.013659219883735123	0.010833140480207422	0.012920801584431298	0.013716884490994492	0.012024327091551474	0.012045312357522955	0.012351762365070414	0.014105156289684116	0.01072048252184365	0.011268625390372758	0.012158568360609103	0.012288940669284633	0.011071612571462821	0.012270635041912845	0.011563366280797484	0.011966584194762145	0.013163294219413275	0.013504881042203667	0.01323917937038488	0.012160122237539253	0.013027783031365566	0.012278896664469782	0.013148150183422629	0.012778290435216144	0.013096072823312465	0.01085625447177251	0.011401801132033462	0.012467775043471387	0.012477436791767075	0.014238309447591984	0.011892978837403239	0.012048404200020886	0.01275293705369208	0.011607222110300157	0.013103048069405985	0.011653182405503573	0.013128329365236939	0.012721837418741557	0.013292103198988634	0.011583000587473073	0.011988243653636836	0.010496905710427409	0.01252006702646337	0.011502316207717246	0.011826109807058695	0.012980051523688266	0.014531147649361299	0.01266462661245317	0.012659424162917245	0.01296973831312479	0.013067789889464746	0.01211775368956727	0.012764054934533415	0.012535368246608785	0.011806289456871615	0.011509940549830988	0.01271271619561477	0.014298851869993552	0.012382559694901388	0.013710214663588693	0.01342651554489989	0.013892177391372006	0.013075509639237608	0.01224683621806184	0.011564699582148593	0.011621094754974496	0.011058286527332414	0.012572121363531828	0.012612056294101956	0.01289179109087631	0.011438227940025929	0.012580886020257922	0.01314193650420458	0.011306860364987997	0.012291864986333502	0.013037636810975852	0.011938423457436254	0.012569384816519329	0.01229957559653472	0.01227402131155791	0.01096349633471697	0.012087327437101144	0.013813637859511839	0.011526997933713893	0.012788447721974561	0.010574311456589625	0.0115353334721763	0.012173653801558182	0.013293743228251132	0.012300835395976253	0.012945898047118093	0.01323228063257327	0.011491596306822513	0.012019817424884166	0.012190189498968676	0.011459978511116806	0.012602354657121409	0.011638060732321633	0.012203796012114443	0.012304717997032843	0.01419236280227043	0.013655902752232092	0.011565976803271715	0.012682102946343376	0.011240161565308658	0.014077079913357415	0.01220437124881104	0.013871131703334726	0.012366270083988233	0.013021606611800523	0.012114696620932	0.01154818914405158	0.01278853335649388	0.01145635268495026	0.012460565492262987	0.011468541091757036	0.0119262268034025	0.014018786404741983	0.01030036037216954	0.012620769805300662	0.013425003128619878	0.011970741309057308	0.01363265200508385	0.01297103898265573	0.01244269384112083	0.012456415715027369	0.012790970743511312	0.012645546489280832	0.010663461303658583	0.012926158358142571	0.011775111131256722	0.01247681232796864	0.012204856151945631	0.012069896177251502	0.012184457364705215	0.011943009209541031	0.012021494707003972	0.0125885325620737	0.013048521353285776	0.01267260001790031	0.013948413120233049	0.011072216330766306	0.012754350815273001	0.012020293364013534	0.010840006188050106	0.013949698287754235	0.011091117363384837	0.0112437434145433	0.01246161735754726	0.012943209195358513	0.014345064932140444	0.010396755496703047	0.011671057729576242	0.011713332162789202	0.013091981064476382	0.012270317055760618	0.01137690361855843	0.012598669324843296	0.0117816888439299	0.01325407917586509	0.014085149157440007	0.01296914905964308	0.011260546977740699
crow	0.013127086021311749	0.012808796500407848	0.013239713650682237	0.013280825617368961	0.013389595402900576	0.014425056613359608	0.01354056251573738	0.012709348462318132	0.012074210320450453	0.014447229328679327	0.014568987406073769	0.013308318211179108	0.012515328292723463	0.012078905183471371	0.012652371810828279	0.013592856487244098	0.013594744664324532	0.01319712372564235	0.013202433643748677	0.013239547334641251	0.011827360961336028	0.014000157767854427	0.014004872712702727	0.01383792278560185	0.01316039593234248	0.012841717338782555	0.013328134010314215	0.013206776486675186	0.012664380738055979	0.013937906641794251	0.013326001618453383	0.01359403132736281	0.01399121570697345	0.012497288916616802	0.0130832488021199	0.013808440855913841	0.01360436218171639	0.013475476288126427	0.012734020838491117	0.013501385383033295	0.01303700371928032	0.013889238496520826	0.013150397391030242	0.014590193282736509	0.014339154038209052	0.01283466767452847	0.013950187795981594	0.013013333313790225	0.012874492229483387	0.011815557856529539	0.013222454446357335	0.01260091935716409	0.0	0.012170704655960238	0.014115130211170605	0.013587256996764894	0.012258928805182954	0.014223501718470984	0.012734979593476692	0.011964773872906764	0.013406261952562941	0.013534097077687388	0.012157361610202698	0.012747484261238633	0.012664288653193299	0.011791463992236705	0.012167193840794274	0.013994879323102536	0.01243332804937663	0.012506972919434686	0.013674017435531928	0.013421287586473983	0.012423781317817564	0.014444604341305673	0.012721235890852117	0.01271060275114283	0.013342555809990974	0.012548592532746695	0.0130813384707774	0.013908141311957509	0.014397946584632157	0.014032201422170605	0.014366197567050458	0.013736369917192683	0.013617322831415651	0.012657806795052072	0.012512527193670173	0.013379098175528537	0.011855070426988462	0.013036647209331467	0.012751754333552792	0.01196764190003773	0.013484536361151139	0.013256701293316919	0.01409922570731466	0.014601902817038388	0.014083937164917156	0.012705617033705294	0.013612588233258324	0.011193508863707681	0.013188116121139768	0.0134557121205719	0.012275434994819584	0.013920812330068179	0.011700045987238568	0.014198515698516427	0.012747851857039838	0.013871461051043421	0.013407340358419556	0.013151133970234168	0.014111850234688783	0.013359795576217377	0.012525024926362077	0.013555807693125383	0.013949048003395772	0.01321907049919536	0.014114043215903647	0.012594081973030238	0.013180718046893445	0.013417012051412687	0.013213987314165225	0.012429551884107897	0.014015382913753309	0.013929384278480592	0.013075378698924334	0.013791840580915387	0.013525703220482093	0.01338079642341928	0.01359811934745388	0.012941531137799184	0.013674977715089904	0.013259297872954007	0.012225020793881172	0.012975784058352459	0.013983403845941317	0.013637941622459434	0.013072104347809923	0.014202055467738187	0.012868265918230912	0.013313225070924785	0.013752794107409412	0.013730721690981228	0.014054789597137381	0.012064829210664138	0.012785914724263138	0.011912832873019872	0.013494898693583723	0.013230578603360119	0.013241440321854297	0.013370816654015951	0.012277546478578647	0.012311921703136417	0.013777611436089503	0.012525164829151957	0.01320707890270987	0.013323914842533058	0.01256957466950911	0.012706739521875872	0.012308688292165113	0.012425196467581199	0.01445021523347392	0.014219907604528084	0.012698751572058228	0.013353872825814215	0.01315201820888888	0.013167284136804258	0.013117942538325126	0.012642599351060213	0.012446172797738617	0.013872836101624373	0.014511760384868781	0.01394811351875619	0.012097358450608005	0.013489404584040077	0.013052735174741559	0.012170114902576974	0.011139651345780002	0.013457551183322758	0.01373392781441914	0.013215854588718162	0.013450382645379056	0.012943435629655758	0.01352904723827834	0.011717069955534112	0.01385756000004272	0.014229850846947827	0.013501337034030314	0.01339117755324366	0.014454910140109982	0.014547609525015201	0.013166440239735105	0.014474658604739518	0.014296265985557756	0.014258105403551664	0.01446016131962839	0.013937236532327014	0.013251193586241066	0.01460132179938083	0.014410163657174629	0.013671213071361005	0.014073589384371019	0.013011453183196641	0.013053396661476164	0.014211270425802898	0.013886857837107072	0.01245887962992722	0.011678480490680133	0.01451065038716329	0.01338866979887858	0.014598495552528831	0.012675823542671015	0.013685579175581492	0.013684516952191172	0.012482243712062786	0.011743565694843859	0.013257380561788991	0.012399711966082248	0.013221376590911707	0.013762922086179248	0.013248403798602022	0.012590205203727547	0.012920145610970666	0.013523533063721555	0.013344594999969326	0.013601596469643573	0.012753132471541813	0.013638578033817723	0.015141134965675183	0.012343254856428988	0.012250147930014565	0.013291226470214695	0.0133288682218852	0.012393096052386603	0.013614891524463164	0.012242501103612137	0.01252583567351971	0.012964402107773896	0.012433742823204523	0.014378752296451011	0.012967299477240395
cuckoo	0.012232468954374636	0.013326874341841053	0.012683936862507534	0.012827571403534844	0.013671052084395967	0.01342057355473604	0.012720208745469691	0.013069441378850017	0.012771020662246975	0.013724051858921713	0.01337280498608694	0.013049949127879148	0.01327761910643664	0.013299749978737537	0.012537723243372672	0.012669737458972916	0.013215128207401707	0.012904743460782074	0.014015637208826306	0.013499055872632401	0.011301195363997563	0.012666891547215692	0.013460292101634607	0.0139126442614688	0.012972403626613864	0.014362694616831753	0.014228304922627777	0.012882989291707538	0.012011696013804377	0.01345057048391817	0.013552366642077507	0.013430954706948772	0.01390634215371067	0.012228123117035536	0.013102974570011887	0.013271670220107874	0.0135952013688579	0.013039372584048203	0.01249344991039011	0.013659927979319208	0.012713262164737954	0.013746253907761899	0.012465909510819197	0.014611573834301693	0.01422428850515449	0.013584910706192459	0.013136949036627323	0.01360366939349518	0.013242602960217594	0.012901246445371661	0.012801526066516357	0.012508762459706512	0.012170704655960238	0.0	0.013348519471949734	0.013167212335252183	0.01355076520714689	0.013863382317649308	0.013396558754937697	0.012769034947956136	0.012911253253442162	0.012869480838112044	0.01133688554974876	0.011916353503534817	0.011929179708786668	0.012570042124285833	0.013330522149250418	0.013430617616912353	0.012375830554329665	0.01415886414505175	0.013589481601674867	0.013475601524261667	0.01268568672109655	0.01406568857471041	0.012073349738377979	0.012927931323584909	0.013035644647835456	0.013580745548626573	0.01181667778546183	0.01312592727023327	0.012825768227485521	0.013493704590307338	0.012638505440124721	0.012640207236462166	0.01415822068049251	0.01299089861402001	0.013123786702424986	0.012575156188687552	0.011778784834934457	0.013429794176722503	0.011497102572127063	0.01350144296812566	0.013253428066963249	0.012180386124998818	0.014563830681464695	0.0146197593855534	0.012750733636393383	0.01316919940109122	0.013296893624103325	0.011836557427072528	0.012338142987610809	0.014176564595119623	0.012591692868718944	0.0129342069157256	0.011491128685779919	0.013553053660986872	0.013482777839742562	0.013530593695274666	0.013401713006940345	0.012270895774756128	0.014162395438932553	0.013301137927200737	0.012963550539932972	0.012748876757338504	0.013111323768493938	0.013247328392493757	0.013126973006190241	0.01268116841007551	0.012600768946119272	0.013412012200578747	0.01333792884117849	0.012361577915223404	0.014015007030536219	0.014050988547434312	0.012660973240668777	0.014206644879481794	0.013385844737611794	0.0136790607411476	0.01293418073707245	0.013925075973913936	0.013619667946374531	0.012562756620550421	0.012245791128004587	0.014118598148673217	0.013030482942020215	0.012460082363928546	0.013542482863989094	0.013598296193839928	0.011287177322174746	0.011921825897823615	0.012708457785513123	0.013095185623050232	0.0134735360074569	0.011756543468320115	0.013432263481737256	0.0115425024075229	0.01358769237369145	0.012711525721162282	0.013724123611370901	0.012509193403000544	0.011086405710371892	0.01193645535023909	0.013293791928850482	0.012769716223066566	0.013212182028821906	0.012581781150585164	0.01177033603706841	0.012420134905291803	0.01126009535738151	0.014107154832527	0.014028608675770349	0.013364867819086444	0.012626555987477773	0.013499773881890031	0.012146616212378248	0.013264230341145291	0.013054349524877974	0.01360216796372478	0.012962652150132597	0.013302577985624892	0.014144079434935584	0.013483204406248263	0.012092562469282087	0.013842329728690808	0.012798393456602709	0.01316156345698707	0.012331781232989785	0.014259599767501822	0.012345060008031605	0.012911514237703557	0.014004358919479392	0.012952025522008335	0.013371837317158018	0.012441680644119076	0.013851191577047195	0.013309337967186667	0.014177209849648596	0.013954454260333338	0.013610377963947484	0.014424823417609924	0.013062542224048316	0.013762119832616443	0.01337669018861078	0.01297784818488655	0.014352561923849962	0.013025976037926984	0.013480935978180113	0.014618156764106027	0.014003291074815993	0.013319313855402653	0.013242896800179845	0.012989579781709695	0.012620703646047058	0.013608242183311421	0.012917877599745392	0.012581956105021348	0.011206881298149528	0.014550722046955305	0.013213657364740814	0.013876850387169041	0.011657053926555057	0.013278880404797643	0.013904195617891352	0.011466107450355733	0.01155146980966296	0.012282936130255379	0.013188014707050926	0.013954373156395177	0.013357678287188837	0.012913607514382797	0.013109710252576717	0.012824733616858416	0.011880016449954374	0.01216268233981624	0.012139127378477324	0.012161693293531128	0.013646290508870016	0.014507810996973654	0.012009769794497084	0.012444588339970766	0.013248645591836727	0.012083570365207009	0.012741483689920102	0.013638661230356086	0.013057284088103284	0.012402295423062143	0.011753677867860728	0.01240952245780636	0.01373074664703392	0.012196140717406524
cuttlefish	0.012719389676457138	0.012489371158726916	0.013228261527236052	0.011920417420260112	0.0139120926732906	0.013272770273114066	0.012337789978309952	0.012322131900058805	0.013725583390227461	0.011388239787957279	0.013010399700877931	0.013168433089943943	0.013477620290420246	0.01439807053529308	0.013669201004478446	0.01285299408143392	0.01362977214890876	0.014202900640511518	0.013933110599896645	0.013418517713006015	0.013989056824095219	0.013432504731779498	0.011272532751737323	0.01350038716747694	0.012838635219519008	0.014813857223192508	0.015307854522059674	0.013281092111796417	0.013511788479178048	0.011730277041027687	0.01365504311729511	0.01411685431933072	0.0122857349949844	0.013347134978086378	0.013385683050343475	0.011752701738832923	0.012530811697963882	0.012288825857095174	0.012681479917294998	0.012803170393507236	0.01423753198363214	0.012348334217867176	0.011831088820344848	0.012778765539273177	0.01269301671561331	0.01396477308262706	0.011823432244800584	0.013113221683150569	0.013403244895097963	0.013797035342325917	0.011052118341326354	0.012126921128706699	0.014115130211170605	0.013348519471949734	0.0	0.013166030394767603	0.013503811428289287	0.01282393930480086	0.012975371914078335	0.013058760003802685	0.011644170273834926	0.013658793638707938	0.013865443664158632	0.012490492605768955	0.012766275671478039	0.014420514351210015	0.01247594549702819	0.01152612431112649	0.012765457632035354	0.014743960798681613	0.014035378490976448	0.01472608730389451	0.014148334109692852	0.010896912433040569	0.013247480636479323	0.013390791155020865	0.013770784850888172	0.015075532920001949	0.012287829356338492	0.01224676883572419	0.014183053661700622	0.013514880241936866	0.012323268279015356	0.012640712399926313	0.01458671953421472	0.012194938553072784	0.013071143596145118	0.011703148620077881	0.013860159614228708	0.01349981763181262	0.013529115523160171	0.013197935788263958	0.012989374908919103	0.01335956260022244	0.013506000545317023	0.011585114980844757	0.012854044283483126	0.014296003939928047	0.011742538150524107	0.014376792384255608	0.012769196659491522	0.013730867871936704	0.012323643181799375	0.012941407894005906	0.01280369138011952	0.014630971785573982	0.014812166128682556	0.010781353082875724	0.012652655503676119	0.013676760825195257	0.011693256874029424	0.012776484327643525	0.012556520957306172	0.013306465658143895	0.012837530400175766	0.0137351105430988	0.012874314572552954	0.013689354270337444	0.012459889519806427	0.013868617558768065	0.011013034647447436	0.012053511308021321	0.013654430015604332	0.014868541379698872	0.013647650462497097	0.013406731303225769	0.014030637017788361	0.014046356705670353	0.010932031712100818	0.013316076451539594	0.01295197112916252	0.012617929821154948	0.013147135556568053	0.014031379109523163	0.013636211469210133	0.012791603175790171	0.014653855405301593	0.013441510596572788	0.014402897402725476	0.013222151285664636	0.013080317771771233	0.011130779463188445	0.013088337728898494	0.011894085948873714	0.013691874542323582	0.013386826651998425	0.012516966857442628	0.012987099423793233	0.014540511898208415	0.012871143689992532	0.012598011776036562	0.013439329260120569	0.013715804573906691	0.012791658565166321	0.013637824539109169	0.011910276610754035	0.013227831950075188	0.012801009169809347	0.013182546840943204	0.014563528775130037	0.012672344761133277	0.011088624524194561	0.011804316406711347	0.012952171169840565	0.012134170344281572	0.01423849189587157	0.013370918129811506	0.013266358384285006	0.013866157606729889	0.010829300992659354	0.014406793335028917	0.01275018569277508	0.01302696952213922	0.013888347977780807	0.013149182714378324	0.013278417513967444	0.014117803665469697	0.014381416950215005	0.012592847418053173	0.012791694208083695	0.01339183164959267	0.011870594040162658	0.015359814547408111	0.013393539839017025	0.014112171775080493	0.013542029305185475	0.012723757759956938	0.0123008470321192	0.010251126114674056	0.010628103054775254	0.013002239834981095	0.011693601382385484	0.011804094542417386	0.01105500748566991	0.013503433817355462	0.011155596281696394	0.013566248089707245	0.012360846821773545	0.010350566471025734	0.013680474182463426	0.013098545368024858	0.013845807213203287	0.012696693108027955	0.012406483053064276	0.01234754288930595	0.012331287206731463	0.013531289234282025	0.01059331388004545	0.012799012031855019	0.009299896003828202	0.013101837687451148	0.011045626285695482	0.01104130287431385	0.013519501912430096	0.012997138100558607	0.012271933739175886	0.014159684276325309	0.014129496354846928	0.01234445712273218	0.012600235253949574	0.011914873685945985	0.013800759583665646	0.013849238619400935	0.012657613033086062	0.011629327501392001	0.012940546505706274	0.012734066148543827	0.01440589276774408	0.012071677543475958	0.013055871916758601	0.012006580876939394	0.012563281047853916	0.013408336212766422	0.011806381042841738	0.014188369181414702	0.013053787724465802	0.013266946781063414	0.014376023018868107	0.014757403227859622	0.012188661801541005
dachshund	0.013033430476039626	0.01242481632081802	0.013550926523618534	0.011904068900503644	0.013328130046198771	0.014311805980991032	0.012597112809276391	0.01184298359982927	0.012196466101764177	0.013293788066640291	0.013701246504811247	0.012806482814329147	0.012729356361337582	0.01361393212297319	0.01359309316862074	0.012789694772416402	0.012602627628451137	0.013692244873985092	0.013676275750110007	0.012798584609663226	0.013716732521699852	0.013170271443720705	0.012596273532648356	0.014089258747670157	0.013699113608600709	0.014156005769712694	0.0142148844558046	0.012804289410800496	0.01405811558851057	0.012738812141902358	0.012599455768504464	0.013849570151490086	0.014290904157254973	0.01052487850056335	0.01301529078758668	0.013349796667869385	0.013529599937238982	0.012512864917902848	0.01216420825059423	0.012565141313409488	0.012992152982976807	0.01318885861471765	0.011683135463128536	0.014422443413096047	0.013479669025396124	0.013775391880190734	0.013402470441830518	0.013199593618945658	0.012067635546385	0.012205738936210426	0.013270611595786755	0.012418931408998102	0.013587256996764894	0.013167212335252183	0.013166030394767603	0.0	0.013324526677707733	0.013954909613513105	0.011540797717974274	0.009615500704758221	0.013027523498222622	0.01187864393657297	0.013828046200215483	0.013287050766187827	0.011798202088804156	0.013656466541023149	0.013426775204468238	0.013232427055417502	0.012520531829437902	0.013596152560382806	0.013632813466989952	0.013925440379034072	0.014144965121478148	0.013385992473582922	0.013005208122401095	0.012295349832108999	0.013841363153522402	0.013313033649035131	0.012883266911116097	0.014163799688099811	0.013618571095476031	0.012921379493554713	0.013550389867412593	0.01223131788892758	0.014472231217047547	0.011468053828991315	0.01130562127256928	0.011152920297958254	0.012449672288932638	0.012136311725733396	0.012714261403593927	0.012400145266387809	0.010681681687769702	0.013812501239412349	0.013278395748219514	0.014203899806388422	0.011303969801074547	0.013182792759142567	0.013923398895015395	0.013093043093117604	0.012174072911589697	0.011836201770683159	0.012415214186768796	0.01266696145027735	0.012594338957615943	0.013195686094240752	0.014095785725367984	0.01329082722473226	0.012691061042119992	0.013666037424067199	0.012774267346876776	0.012955978557234389	0.012215408099631396	0.012432201483056871	0.013174763887001608	0.012960696603787743	0.01223966823697451	0.012604930724060538	0.012716724453519259	0.012326612548423549	0.0132709072211663	0.012366122911791597	0.01364790544504668	0.014433125611300597	0.013056808644706439	0.013959570626991064	0.012722346466937278	0.01257365873510031	0.013484836844707478	0.012503090454787626	0.012935906541579511	0.012676589930913657	0.011873808054990644	0.013183322957443795	0.014671456507351723	0.011636029340434244	0.012927193100473591	0.013310738628232222	0.013545642206412476	0.014234051528340765	0.013507629615870534	0.012969474538352543	0.013166035812198799	0.012229740983594315	0.01304757594264179	0.01330429067312548	0.014077171681020025	0.012083831628210822	0.013345775548746998	0.013389941935149308	0.011769587059551308	0.013331052563629446	0.009617131361767655	0.013009407815807015	0.013847130781292407	0.013712806803657723	0.012955158175858754	0.010936707631703369	0.012340273209988786	0.01408810681443787	0.013258971751785356	0.013641721970907229	0.011941899704487328	0.011488255361973548	0.012248404612329244	0.011888481059672466	0.009037206309895691	0.013628544476663207	0.013021900444058463	0.013925375785856847	0.012901896882836028	0.013489508830371373	0.010829702342701197	0.012330866062881873	0.011933697677956899	0.013081480772618012	0.013751824358529157	0.014260965537929356	0.014076861702423078	0.012067238361834907	0.01216607994476546	0.012656655594662445	0.01395520470753813	0.012484495014624309	0.014280230360056363	0.013695693046231822	0.01446560881544415	0.013605406409955157	0.013128121703951938	0.013930926723037432	0.01329740177041697	0.013454879820539405	0.012598651806140717	0.013564721523759973	0.014229948032838802	0.012926662447898873	0.01273939341862192	0.014146794574046469	0.01381359961529036	0.013568690851789758	0.014160223573747702	0.011614595435103393	0.012430611776550988	0.012939523331513708	0.013711062052888374	0.012832903307076	0.013337299673052517	0.013274196381399888	0.013713054117160506	0.013523391518197451	0.011779469749234621	0.013524222832818367	0.012920883335827865	0.012628807512536049	0.013735878656806257	0.014215078424904302	0.014011308597558956	0.014119689054061134	0.01224251064778702	0.014271027993762082	0.012540267105519212	0.012749779791106476	0.013755301236382654	0.012488188599258064	0.012564804497205272	0.012252170873424222	0.01365202759148489	0.014615086390503377	0.012460379319573976	0.01304339117388769	0.012174415064468154	0.01347616238694453	0.01175061442263644	0.01351576571300689	0.012731352422846908	0.012183026857301976	0.012771934886848696	0.01396287614582482	0.013455189337810263	0.0118323832679582
deer	0.01335949367932083	0.012346269403691884	0.013533717940286101	0.012732322811626076	0.010501521536020082	0.013279600211062455	0.013231633051359628	0.012213798305878569	0.011763435964975266	0.01316148335214596	0.014213029229420249	0.01320442460854336	0.012062788710762171	0.010929479899307514	0.013966005871484001	0.012913024753874203	0.012434722048902952	0.013711830230345263	0.010374033053209233	0.010963518130265193	0.01320678405232453	0.013711783929960013	0.01275126767936129	0.013883951147327614	0.013566359685800855	0.012259529992396066	0.013838246283842458	0.013598275204980817	0.013075099670730433	0.01277202781940797	0.012818160220639203	0.013605079976800596	0.012251207134775139	0.0128138367105184	0.013097425784090422	0.012729708985431812	0.013774836146064603	0.013653776272456085	0.013046442049821054	0.01340196853895708	0.01338241149875484	0.013490571076805371	0.01337674154680344	0.013377647862612599	0.013962704516097674	0.013888205318414767	0.013407547280125182	0.013419914136503	0.011522119823874067	0.011601543963326653	0.012433434311318001	0.01193843548573796	0.012258928805182954	0.01355076520714689	0.013503811428289287	0.013324526677707733	0.0	0.013615312505203146	0.012549944053468853	0.012163140046111838	0.012586993816266812	0.01305104043459907	0.013184044223305715	0.012848116754540582	0.012646590393654972	0.012360120899864085	0.012963419692051819	0.013080340917723842	0.01150276334165718	0.009786000527125404	0.013338952086110476	0.013513334490006778	0.013498129694076271	0.012646676396002239	0.012899508043841643	0.013483520462397876	0.014436248362714272	0.012808811169681753	0.012426272187351933	0.014054403157957283	0.014584224633685526	0.012135917445195534	0.013794277128920118	0.013269880987152167	0.013438141107092265	0.012359027037528973	0.01129721453957988	0.0132150812423951	0.012108388893508822	0.013769197253393501	0.013236319877014568	0.010603579447385785	0.013373654140092317	0.013489108805030636	0.01408361431488258	0.012838241866738048	0.012639212722442615	0.012460223599349125	0.013043405106354666	0.012719219295657856	0.013337532639587354	0.012467697900785715	0.011413484707373599	0.013055609180801151	0.013126303781454286	0.013745689243566863	0.013958072709519915	0.013500230115642695	0.012487873072056541	0.01330951020313336	0.01300378630191062	0.014059452314558163	0.013146338018816518	0.01429807846595777	0.01274260566122269	0.013133089062605019	0.01205360516310477	0.011507342256533765	0.0128258735819061	0.012509085660452708	0.012742631814577625	0.012383823054599098	0.012280499399678027	0.0142505137082802	0.013149331365829303	0.011947923579658584	0.011854751511234815	0.013550884633207819	0.013082254263945723	0.011961536965632114	0.013139431848645324	0.012556231783083413	0.01264007413401733	0.011028158613491029	0.01353113406085505	0.01264158812743317	0.013057377971610334	0.013356848696222903	0.01406955493899587	0.012949160047879051	0.013051225272297955	0.013737481863879877	0.013017542807676703	0.011827481360752236	0.011866215891768547	0.012204738820315563	0.013365726080168934	0.013012210015894284	0.013260075318072894	0.01333212684627155	0.013068097160342582	0.013116353067004009	0.013668752979169084	0.012433767091972353	0.014001774105070398	0.012177290123631468	0.010499799519259688	0.011930473478389436	0.012245634659903607	0.013231331919752403	0.013774842681896797	0.013681905248899406	0.013111789865164198	0.012160441254410513	0.011726534391836487	0.012438028122210645	0.013247502232094694	0.012342198838011298	0.011409649247251465	0.013374470402548	0.013518225611098646	0.013709339836593209	0.01199008218278149	0.012908619822742726	0.012008935702830903	0.012059168714811875	0.012849721576993956	0.014408237336998676	0.013385242639463888	0.012195224585808594	0.010631889282495286	0.011120362811300912	0.014098387804835768	0.012697781312392593	0.013518595740058773	0.01258689897797838	0.011789366142542189	0.013235056998761891	0.01288904754719533	0.013640305533488389	0.013138453758161656	0.012547404913387183	0.012512867843613069	0.01334431795066806	0.012698750128592276	0.012871676505191004	0.011295528037530636	0.013944932791836107	0.013156703767424756	0.01388354448594752	0.013580462497930703	0.01345570708374877	0.013063998868037269	0.013886112364645058	0.013573630071418765	0.012381329315928393	0.01309864112603701	0.013022179642593836	0.013748295026469914	0.013585247906176864	0.011354077117271872	0.013142732887568336	0.013621038787033244	0.012950108930576697	0.013278286494767158	0.01336600324350604	0.01270028359228068	0.013651897535305652	0.011609660971360404	0.013362140968298795	0.013409895092324159	0.011977757174622516	0.013326772505663971	0.01241475034471911	0.012961607896689029	0.013441849072789655	0.011921536787674674	0.013717451414904542	0.011928259757241343	0.012570381597959144	0.01241563026398966	0.01358769863155589	0.012817184217016291	0.012213167311183725	0.01191208413671486	0.013053831809754274	0.01300435080569976	0.013857857129682733	0.013295191619821272	0.012953924390207601
diamondback_rattlesnake	0.01306036471707969	0.01231051823677157	0.013685233466516606	0.012555094787613108	0.012953253602122995	0.01356222560324444	0.012635471805732885	0.012668963529902726	0.01347157075767139	0.012063602294893254	0.013723223308586809	0.012977940098978435	0.01423759999351529	0.01425358295465365	0.013727161467277791	0.013279526552268796	0.013740678483991046	0.013973887244103802	0.013348357607296343	0.013312371597371048	0.013934125999437887	0.01277376445017739	0.013052154763745267	0.013781842763996082	0.014134895193049755	0.014595989894444295	0.014400157496023353	0.013409732348943583	0.014021872320660801	0.012451481868056306	0.013700919184897851	0.01431390477700945	0.013352943732681715	0.013992901612116056	0.01349659957491044	0.013507076162619123	0.013056480212751883	0.012952133340712617	0.014274189523848149	0.013628431752790195	0.013084223276089688	0.013586210525895799	0.012697476591718437	0.014269686237312878	0.013355948696886253	0.01128086858879181	0.009771497797357835	0.01093553324188528	0.014111716678760622	0.012970063738653302	0.013105053046134236	0.012777397914956969	0.014223501718470984	0.013863382317649308	0.01282393930480086	0.013954909613513105	0.013615312505203146	0.0	0.013404164854359695	0.014180648938316286	0.013569716687390147	0.01435208170042613	0.01436402956311438	0.013612185522138318	0.013962036385201198	0.013540507525257374	0.01410096549624217	0.01282247479613463	0.01349670167580128	0.013884884285033997	0.013564090711237707	0.014348180589285836	0.013635035100418242	0.012402776279958531	0.014028110686744318	0.013702656135780034	0.014190814434504172	0.01452631905814189	0.012683291597928206	0.014542438293080447	0.013995070932956067	0.01340359419553203	0.01230828441518834	0.012478116669821682	0.013846536113269692	0.013253114717705367	0.013681038613647776	0.0141181419803373	0.014396675564351126	0.01291669086748693	0.013396507128355002	0.013507997752076976	0.013590298565649946	0.013550059533935382	0.014590381077171992	0.01319879421612588	0.013668698483824142	0.014159752906595501	0.01239096291122816	0.013935692541479767	0.013676398560732555	0.014180572738252002	0.013191268094438012	0.01320443201165078	0.011796478486241926	0.014336722754210511	0.014762957996454275	0.013221947583376404	0.013115656321890599	0.01380836998990749	0.013238790098948718	0.01402198593485268	0.01378131979407985	0.014279867751355757	0.012828416965413779	0.013141129579197252	0.012987673687813261	0.014146738307900333	0.011898354926066623	0.014247857986800318	0.013245048411836258	0.013264598377611892	0.013580838440959548	0.01486780714788256	0.014102195785748539	0.013554284091065006	0.013392986296330506	0.014443913383545908	0.012658915526073379	0.013716171403868795	0.013137811424887902	0.013018081267879908	0.013726724959201755	0.014097653025809065	0.014130317636623339	0.013593633002711865	0.014100154418139237	0.012619685829579105	0.014633339678267333	0.012727793020451038	0.013726882791322854	0.013502164904499818	0.013756127245160375	0.013369571144083886	0.013564366839087676	0.01328479633983664	0.01396107820192904	0.014279218450602236	0.014442106358640482	0.012795772679921784	0.01315469529358493	0.01430741167492561	0.013753881054832664	0.013978396551990228	0.014096147590879692	0.01325810973758736	0.01287295741828139	0.013348036907223592	0.013565597191275591	0.013595966806404973	0.013672187813245786	0.012859990363886182	0.012868209719998837	0.014147083005849055	0.011727673016721491	0.014501626117682657	0.014099265503982867	0.01356638018000424	0.01332423727173159	0.013116880289094886	0.014112435488739366	0.013051820138774787	0.013846171235267714	0.013791284023804706	0.013124161097626699	0.01122375909942616	0.01354364199882877	0.01439579857504911	0.013088348589768211	0.01224023879763621	0.014021598520791677	0.01214582805151303	0.014585418209893335	0.013624157225313785	0.013812559116932306	0.012030326764948354	0.014075542061699848	0.013338583728791764	0.012319930063779388	0.013910922556560791	0.012797677224972522	0.013331186967820048	0.013309179401686784	0.011616555402604166	0.013793475449865405	0.013460122166883925	0.013983542861038738	0.014187826766083983	0.013527876685580333	0.013622071832375331	0.013610219799023887	0.012212029359644836	0.013273264068109226	0.01351926369172645	0.013730605506349594	0.01096254409087517	0.013428702041697103	0.013155453768382468	0.013589595769841645	0.013416395905533871	0.012465918448780733	0.013793670753950016	0.012709569125269741	0.013885611524278824	0.013202391457978328	0.01211101940822554	0.014523216575825212	0.014281634036600696	0.012771115497839082	0.013371878203200604	0.012659142642995494	0.013153854679868704	0.013844433535475107	0.012265366973012044	0.013108834224243	0.01352672096902501	0.013218357788684907	0.014084897414221958	0.012463407456181378	0.013537147522398795	0.013644486672486357	0.013452137377005957	0.013536903125112174	0.013948294581155962	0.01377601473484837	0.012926169478303252	0.01370952030339799	0.013875026552668493	0.014598639075788051	0.013253885727015897
dingo	0.012930846358473603	0.012102780639941661	0.012681408636156046	0.01259651221608966	0.012846403733804164	0.01388545111559591	0.012364324332405285	0.011295134193383505	0.01160967779874495	0.014066210967705228	0.013676302973890837	0.013126129259180186	0.012379722332626299	0.012953345671464063	0.013374115009230135	0.012947198476334727	0.01260608985759851	0.013778856500487208	0.012315453498194634	0.012439450904135722	0.013729241627806277	0.0139809326645929	0.012314696211109019	0.01379658442558058	0.01257907604575198	0.013789045838458018	0.014129342693915088	0.012579466027686755	0.014308260165341253	0.012520060382622837	0.01233299395827146	0.014353080786787313	0.014614023204906703	0.011810889912133677	0.012612939397274566	0.013149198272584785	0.012712173382953364	0.012927861930334678	0.013060329439097913	0.011769302174323643	0.0128268674219492	0.013337948494881893	0.012743790224301716	0.014944829843603324	0.013333882837677868	0.013255542999960498	0.013228779993765809	0.013504882647229748	0.01248281916306653	0.011255905567493346	0.013849001298004107	0.011128445978757178	0.012734979593476692	0.013396558754937697	0.012975371914078335	0.011540797717974274	0.012549944053468853	0.013404164854359695	0.0	0.010699069818534357	0.012848523236172938	0.012687686544982537	0.013482385336639435	0.01317701512851089	0.01234838562994745	0.013400930573324435	0.012771403743300607	0.013779642781553582	0.01218912794922889	0.013259943562658931	0.012107421634286747	0.012900777598728713	0.013088110886953306	0.013262248366082884	0.01292029816578209	0.01363321511765359	0.013404100041974374	0.01317617572366611	0.01261169854099749	0.014187526102878031	0.01447668146772459	0.011988536492486889	0.013005914906129729	0.012828097370212833	0.014132937730995818	0.01190481657173496	0.012173773683927185	0.013331805349866938	0.012875888479399935	0.011784006848807885	0.013565934537776145	0.011628851042827454	0.012087357678058694	0.013715142314590638	0.01408699912408843	0.014300114006059064	0.012195733959239494	0.013359428963208244	0.012825288327361324	0.012762678560407184	0.01254841893465952	0.012810046087442756	0.011427101816269498	0.012355208511501825	0.01251646032847428	0.012463497882330088	0.01400547954434807	0.013613049415937661	0.011088148443710942	0.01327554032853407	0.012274015983537756	0.011935273929070149	0.010306792923855319	0.014011440622183478	0.013002866355731606	0.012799792872002782	0.012118535559166397	0.01270357895205569	0.012647478995097218	0.01200434442771898	0.013728522399877272	0.012314311887965113	0.013064522639703195	0.014199251221813593	0.012784914677773198	0.012663118647656063	0.01217339641385382	0.012954825345957351	0.012947471864861526	0.012211994686514214	0.012672488162377406	0.012491563433469527	0.012645371179821015	0.013289450467303612	0.014228823980840742	0.012520994778512535	0.012822654485834487	0.013640477771016998	0.013895254002841246	0.014343723938923823	0.013691999363171184	0.013495067692584914	0.012287883057633987	0.012188277469923627	0.013181923825812888	0.012693991530347528	0.013998782102836066	0.012480678906956422	0.013239698518207894	0.01375523380734918	0.012692883065012322	0.013786005446602084	0.012347836350923966	0.013109925804225413	0.013366336512566817	0.013701027351860512	0.013065090797079671	0.01209981550840204	0.012547075750616626	0.014153598836736012	0.012902331409657755	0.013781719613713916	0.010961840307642459	0.011627214860435968	0.011601491016313716	0.012485093673267866	0.01183747997954699	0.013345278306132868	0.012557892729278677	0.013303388611323186	0.01272367969124324	0.01281276451658545	0.0115900390845714	0.01232817623427077	0.012049898962597297	0.012676770700522361	0.012605634552450371	0.014076737238659319	0.014319567255725167	0.012140706371972034	0.012006793101181216	0.012557191432550702	0.013981150976175914	0.012845714081298785	0.013927144263653215	0.013607369287455793	0.013880092403134165	0.012772816987011206	0.012658304428862685	0.014256758311351014	0.012656123183002	0.012940210508742674	0.012064284462440168	0.013381777837378013	0.014092379066055824	0.012026944593298504	0.011727491410167143	0.013973510032794755	0.014153061902102271	0.01300829158809537	0.014030116813982528	0.012411053685309066	0.012347890689289367	0.013463695449614224	0.013456803336476742	0.012600160329656315	0.013610862914924965	0.01300674409826259	0.01330203219313196	0.014005400332727241	0.011977881877790045	0.013346728212912433	0.01264411882395256	0.013401872806189756	0.013672077569444696	0.014010806848289956	0.013239741173960992	0.013683711644735856	0.011841157161413833	0.012856952691090606	0.012648706285924181	0.01208532870347958	0.013843838708531621	0.012566134798994074	0.012413261055838792	0.012773649811440031	0.013541402840351267	0.014281246869780488	0.01246924818930228	0.012978038968748409	0.012667250735569955	0.013322417160164149	0.011353638607540774	0.012696904899095689	0.011934570372582925	0.010148389945131904	0.013885547044773032	0.014062840228251921	0.0136565319636803	0.011841817227704894
dog	0.01282285070333334	0.01150229002433605	0.01221958149703108	0.012071250931717839	0.013232590921369837	0.014214515106186426	0.012285986781704348	0.011523435632918107	0.01194991328866281	0.014201209174039298	0.014025130919035438	0.012794018672362685	0.011856604537852138	0.013071249276481713	0.013012105628783513	0.01277769088457638	0.01276782754823215	0.013091092231241806	0.013050926940950005	0.012545613477573249	0.012792589795182852	0.013727209556076892	0.012800266308634654	0.013233636080439506	0.013182038557993577	0.013791375572143147	0.013789742975497718	0.012704012783643723	0.01342790063535401	0.012780995471289308	0.011990798043711937	0.01353597767170262	0.01401907029884738	0.008733623127084285	0.012481782787195653	0.012629570046016857	0.012851372391752427	0.012508775674757174	0.011352270020118975	0.012308952298706006	0.012755344862735054	0.013509576434569681	0.01176987243938049	0.014301908522361078	0.01342491537338916	0.013464698625904319	0.013781387257545321	0.013247560794385764	0.010809838278842637	0.011181835782038579	0.012009703228230983	0.011353260611334954	0.011964773872906764	0.012769034947956136	0.013058760003802685	0.009615500704758221	0.012163140046111838	0.014180648938316286	0.010699069818534357	0.0	0.011987824216835405	0.011506315161514074	0.013045104697089116	0.012444181991483179	0.01134868425737417	0.013171457780876798	0.01327324835853031	0.012973646423022138	0.010616120542462587	0.013058600948416637	0.013833649000415645	0.013585870291392394	0.013516905504142475	0.013564939824325972	0.012773629991842131	0.011563614341180743	0.013311299089695281	0.012700258324852887	0.012159696738025368	0.013885014389996368	0.013714074433909618	0.012845708127390467	0.013060208167522805	0.012952494085522853	0.01418681405324123	0.011427658874259885	0.010422890540058622	0.0109971497747682	0.012027420557274255	0.011520857626552288	0.012832775359075468	0.011423851162711631	0.011383034202488268	0.013564574545559522	0.013014643544913843	0.014052223303652484	0.011517163796427204	0.012575903034203148	0.013411080225950762	0.01217940709065781	0.012286739450830357	0.011121601622911583	0.011060569271946175	0.011849827641819941	0.012031294599230436	0.013444390219209816	0.013598176413353851	0.012904412302621997	0.01209449950338667	0.013346467744963342	0.0129503786457691	0.012620038894181609	0.011528963104932186	0.012684362503582756	0.012982567773733253	0.012869178618805427	0.012419497779482562	0.011534199289396814	0.011866252305139102	0.011446387249997511	0.011742594069718343	0.011552874322093105	0.013592231403913392	0.014740050140712202	0.013363963049455202	0.012900824732543805	0.01272434278175028	0.012688813286429592	0.01324446250935955	0.01244469283291309	0.012886213336312595	0.012395705368488975	0.010234952037561496	0.012677694068424665	0.013917413765748867	0.011495003339556222	0.012160008195574588	0.013695968182235518	0.013210378764533938	0.014053882176828831	0.012982894804362903	0.012638420634702023	0.013664561431762368	0.011811885298441863	0.012921720289213979	0.012036593727270666	0.013724771470555	0.012122237963287756	0.012902020299451773	0.013574790315774181	0.01125102482044322	0.0132257911675955	0.010837337782838434	0.012912759853380815	0.01276308484188148	0.013496597862342965	0.01262983916391229	0.009911541304783727	0.011622486896885503	0.013648784017710268	0.013318385793843191	0.013848946328927001	0.011536509549277606	0.011291599991068234	0.01228418722697551	0.011554483206493856	0.009889449742415264	0.013141438807182403	0.012482566019977019	0.012720382018913982	0.013305561095006975	0.01318599961997624	0.01024749100941837	0.012319960465283768	0.01125882224580028	0.012436483719889167	0.012435018622021385	0.01402453771006273	0.014535933693695905	0.011914370252140746	0.01151535129606456	0.012087849423487835	0.013915916354923006	0.011305965789024819	0.01454484622618043	0.01343382909863688	0.013596442479132933	0.013211805425883648	0.013433743342152693	0.013682839951819408	0.011855225429099597	0.013531622626832331	0.013019838005034678	0.013475475263016732	0.014189735265927084	0.011744347453772253	0.011297322491489382	0.014298743688893665	0.01321830225979695	0.01365005270668913	0.01375258076479384	0.011540419117042858	0.012040382444140386	0.012407353147397594	0.012818726071067058	0.011483291772271038	0.012622757852906001	0.01306324073194785	0.013022904076149568	0.013066368219645637	0.011101158612764273	0.012895803911528505	0.012875384244306131	0.012566836833037023	0.012879590028178617	0.013489144151873212	0.013161704996857442	0.013546689697236897	0.012262662206877035	0.013486678385444621	0.011634738308327784	0.011642801891256951	0.013472672636449166	0.011866011400852812	0.011875523388170474	0.01250760291954967	0.013595303842427336	0.01469130047263847	0.01174172621687026	0.012286905805882587	0.011640230167644604	0.013558215214381022	0.011125100664438533	0.012264770484405172	0.011596131377116783	0.011799966736401536	0.012464686349654506	0.013776713300780154	0.013149912288176248	0.01199802606676913
dolphin	0.011029814686214166	0.01139887275256081	0.013241813771713051	0.011998680224445972	0.012650661569373802	0.014610953511649025	0.012586415465044933	0.012472616265586364	0.012722765074231425	0.012658491787869333	0.011945560406080176	0.013028140752611807	0.013122231821604205	0.013407915413878653	0.01367536306811382	0.013868885827025527	0.012465646576512748	0.013485467316511462	0.013300861067649687	0.012882187121677276	0.012636267329685327	0.014090401892535964	0.010623383113194065	0.012933169910545243	0.012206881426385924	0.01351945792432122	0.014904627993561183	0.013181735605364661	0.01258127274048231	0.011792759177059657	0.01311664719067061	0.01373734020777749	0.012831764583575848	0.012378537620204752	0.01324714884070635	0.011976572076955254	0.012964829329195732	0.012394290256210578	0.01359111640199997	0.012346106796801155	0.013367543189319124	0.012058977670540537	0.01305826676786086	0.013390617781038883	0.013263733111172132	0.01365054238274238	0.013119379585940626	0.013279086100565683	0.013159930278577193	0.013043267470916187	0.01185335638048151	0.011064191744659111	0.013406261952562941	0.012911253253442162	0.011644170273834926	0.013027523498222622	0.012586993816266812	0.013569716687390147	0.012848523236172938	0.011987824216835405	0.0	0.013112119836479868	0.012258695740850287	0.011825557118068031	0.012312140574407429	0.01248612619445244	0.0135728354150356	0.01216059696723786	0.011132498137875042	0.01352947973348224	0.013048601439457408	0.013156326446531056	0.013596018153546741	0.01065922507459202	0.011164629907927161	0.01303894411347833	0.013063950151149693	0.013242548046587166	0.012312552549190775	0.013197058903574112	0.01347682235454502	0.012430914741030887	0.012746426935306287	0.013446097537879955	0.013923638659833844	0.01156143078199489	0.012683600831796805	0.011302241721469644	0.01313885643091104	0.012301845059909368	0.01325657054261187	0.012216653855447013	0.012710233993434019	0.01277381341680615	0.013224089928973446	0.011888430788374997	0.01221356351154122	0.013777067707048332	0.013219484826672236	0.012334453226832359	0.012980933443710879	0.013399671503511653	0.012223691059077018	0.011577827492365944	0.01239299654775633	0.012925016508344546	0.013435366912605252	0.011302897555614805	0.012093649896759255	0.012861725022371618	0.01002817204028401	0.012235957305057143	0.011754737801404751	0.013432320998485467	0.012438942840909935	0.013566092262629684	0.011795830579430323	0.01161830139931225	0.012300993090055265	0.013009034687784431	0.011730257539619666	0.013099003751867244	0.012568637390989219	0.01452238026082982	0.012559973744238047	0.012998537890173299	0.013108370714700621	0.014473876976756972	0.01301231170716301	0.013210454778626918	0.013324042667615181	0.012146741256213756	0.0111776527142095	0.013394516271613038	0.014367336560368428	0.012668308096347801	0.013876097254987679	0.013214495158378626	0.01362952264517694	0.01398608770571705	0.012951864456302517	0.011928852105543621	0.013123883269603252	0.012425234158354446	0.0121244714681898	0.01218109405366686	0.012759288139603897	0.012058774101428107	0.012359046281991932	0.012739947647528066	0.01204507419285775	0.012244288581314197	0.013346131758264006	0.011619752122249548	0.012549606357111833	0.013037050648735804	0.012689881642195706	0.012399976184144713	0.012007470086373208	0.013553045012572222	0.011997796194061666	0.012616819543012796	0.011423302399357217	0.011105748496426798	0.013002491644384552	0.012478244656646757	0.013079718804161452	0.01307438208375713	0.01360952906262704	0.011934121396511697	0.012507867415810281	0.012990678806247682	0.012730981122711814	0.012598339251467361	0.012798063745677362	0.012386144034051189	0.012269394288327429	0.013866615226502408	0.012467739957502097	0.012042459621759538	0.01274251007136696	0.012052150707201705	0.014223177029626548	0.013003855210373387	0.014002252779148107	0.01278428083777162	0.012182695501796865	0.01319696069710594	0.011053792997904634	0.01201529285426476	0.01228540705091413	0.011783077495311534	0.010910072779416368	0.012091213972330428	0.01257517461163256	0.0100605700496206	0.013751139789435218	0.013447425208321382	0.012376935347311095	0.012864628773434323	0.013262950995778924	0.012954709792709558	0.012795106446362852	0.013040323161122556	0.012760996303772653	0.012156701290165082	0.012437565035502213	0.011270344497622169	0.013256184791778867	0.011702358794845071	0.01210328755361117	0.01177765408248969	0.011304984068123983	0.012344749547658693	0.012601918793385852	0.013073498169767368	0.012655895367768294	0.013022634937660725	0.01220593196452185	0.01423458249480098	0.012778091938771807	0.010915453112692096	0.01391199442823483	0.012807739022289641	0.012130823760261285	0.012232940470920228	0.013096019186968766	0.014925678763202128	0.01048270501166193	0.012274832042730867	0.011484190098561227	0.013324393613642247	0.012953573144435631	0.009553731475655827	0.012945935429334707	0.012646777977666262	0.013021773530761139	0.013641796782126608	0.014091427973072078	0.011619154299774668
donkey	0.013343070659986625	0.012939656456956465	0.013367498148813607	0.013244350563941177	0.013813425754111435	0.014685798243338188	0.013285454117420471	0.012255316647796817	0.013063259256971995	0.014389861678067486	0.014665205192595095	0.01330704411008699	0.012950481720054773	0.013861068715830632	0.013414013615357257	0.013183216946869308	0.012774393296758186	0.013803065473389116	0.01340850645678499	0.013589501264176103	0.013827609222153807	0.013977225106702722	0.013312499653716801	0.014189126124659163	0.013638782975024785	0.014369295872236764	0.013353544116336382	0.013046487644051	0.013888356701907703	0.01416968105332389	0.012437537812384679	0.01395154455532347	0.014636907690543724	0.011831460104710128	0.012953601285687228	0.014023746323762689	0.012980457714414764	0.013365173505762051	0.011690927230859112	0.012847678964977296	0.012695643630127134	0.013385751174213558	0.01260476809200754	0.015007305646965993	0.014518373560910767	0.014075285403696187	0.014483984508821785	0.013731253165839754	0.011753108560260099	0.012519901760825363	0.013094516172770859	0.011786158725779117	0.013534097077687388	0.012869480838112044	0.013658793638707938	0.01187864393657297	0.01305104043459907	0.01435208170042613	0.012687686544982537	0.011506315161514074	0.013112119836479868	0.0	0.013464060742720942	0.013695086445325551	0.012147085283021171	0.013621040058391567	0.01316648801826722	0.013733176104753107	0.01159388868378506	0.01427618387223951	0.013354106513465431	0.014221786447614206	0.014515317644123784	0.014267511302785673	0.013676827825207261	0.01226448863606049	0.014099673715853274	0.014037420637492262	0.012712034603994789	0.013774207040190693	0.013737397188865281	0.013467108740742433	0.013705287348503556	0.013508363815366044	0.014779786823253458	0.012469663510325812	0.01098761463770072	0.012372694866594538	0.013171069806115578	0.012173973926872955	0.013194500231295399	0.01329111409409901	0.012437797057612852	0.014019934844993066	0.013675617201220538	0.01449941526985206	0.011734427897231357	0.01353546638538689	0.01399293734317298	0.013405748463855206	0.01267203959620373	0.01178986895762254	0.012418013877760349	0.013486355742804197	0.01271528243165674	0.013556465409245202	0.014183535835101145	0.01355261796064411	0.012651904438033237	0.013953625107485775	0.013579864660143971	0.013290298174677221	0.011983193309757823	0.013049136083641989	0.013768168210662141	0.013570312742815444	0.013306597435504575	0.012063097346405515	0.013047393541727426	0.012061397108775634	0.013037461138488061	0.012773382854996143	0.0141629428477423	0.01406856988119156	0.013771566255579909	0.013509931521574283	0.013990631696834607	0.013746113988963393	0.013304748292367196	0.013697240082279866	0.013905090883834754	0.013060044072071102	0.011172826579116994	0.013340056968916254	0.014447216917885914	0.01172820979476925	0.012104257848899484	0.014195474381744311	0.013842846656310682	0.014610913353586498	0.013776198426188373	0.01325835304376261	0.01331602140294342	0.011803154379243775	0.013937308745996581	0.013290992814596897	0.01424954549152439	0.012231637084385166	0.013320038878565133	0.014445523275205336	0.012825227306895538	0.013463672995958288	0.01303042054387311	0.013876605072425597	0.013423140215437033	0.01394569925523354	0.013499322434675281	0.010914342094839968	0.012807926511698002	0.014480308133228925	0.01346916877398629	0.014257709805208733	0.012265400058628076	0.01265592362333403	0.013072358860692655	0.012060694618333112	0.012269750552423136	0.01385539804702755	0.013666139466034826	0.012954681694130705	0.013628335503771823	0.013756630136676273	0.011417405900454253	0.01400975187736795	0.012642843099731977	0.013462156501464047	0.01330384250122026	0.0142110331685397	0.014547626781467076	0.012855364377770281	0.012827848371780708	0.012708381162649295	0.014375639253078798	0.011907404160771486	0.01440252201925959	0.014232808830427988	0.014186303985038805	0.013148999220458939	0.013673845387751061	0.01446347272023777	0.01357937985218443	0.014014189198244414	0.013700565981467796	0.014358087258457813	0.014232852092348093	0.01316415546284966	0.012013790637608606	0.01430162100012512	0.01324146337997272	0.014022277433826775	0.013585509879705786	0.012783489699134063	0.013284480983271861	0.012762156140403307	0.013560449685419283	0.012701007153302628	0.013908525451939588	0.013519860566082327	0.013499190714703894	0.013762550806461946	0.01296705790621158	0.013936087787251557	0.014228763658507029	0.013428006372059844	0.014029016892144596	0.014084302525930348	0.014753067113548348	0.01416583941659766	0.012564076232820482	0.014603424158190121	0.013230673964233507	0.01244316356917752	0.013457304948972966	0.012184532199257874	0.01274992045078127	0.012827934832052947	0.014435726517895186	0.014298011573770775	0.012511259434725126	0.013120918011062048	0.01286935042695312	0.014104210280306397	0.012251079833281529	0.012731868670017467	0.013257227639602697	0.012284397208801128	0.01329434480726661	0.014857264784624577	0.013527033480631622	0.012661524435166582
dove	0.012312406605862131	0.013290264220024965	0.01395488207188154	0.014040717132435175	0.013115367975157263	0.01442805746627088	0.01345122810934274	0.013407799664259508	0.012959247645273595	0.013812710429713658	0.013937131691796436	0.013065276401406454	0.013291269232838545	0.013111929282596716	0.013740499562193831	0.013771507295853075	0.014026233407149667	0.013826331854014133	0.013901374228781063	0.014109910536559639	0.011737559841976693	0.014105098317060966	0.013789357985038012	0.013220652409206056	0.013289181765084543	0.013604173056991959	0.014088092733961196	0.013498908373908708	0.01278059348248685	0.013510088679850492	0.013781164949793005	0.013564447827661932	0.014515071058161844	0.013052050637145216	0.013404821700421305	0.013935093067543501	0.014329712815305535	0.013510360822995317	0.012788670743053614	0.01381674499415523	0.012955881625568511	0.013766291922579494	0.014043388042176514	0.014511169431075697	0.013872808437752394	0.013875444223043725	0.01367878399111922	0.013412622412494446	0.013331764969059644	0.012575705369662921	0.01336627844514096	0.012878691069643572	0.012157361610202698	0.01133688554974876	0.013865443664158632	0.013828046200215483	0.013184044223305715	0.01436402956311438	0.013482385336639435	0.013045104697089116	0.012258695740850287	0.013464060742720942	0.0	0.012368636364117164	0.012528074659919666	0.012129930939804244	0.014179562375874904	0.013866402564929929	0.01249732378831463	0.013853445951142952	0.013770485532030727	0.012912197051480077	0.012451105952597148	0.013812724020171797	0.012819666095774236	0.013696240643356155	0.013009964952593118	0.013348758386713667	0.012677965065593457	0.013337983427512561	0.013834291514018403	0.01375395503425563	0.01339492226132135	0.014431030899827921	0.014070597167625916	0.012944413637569993	0.012961578996081994	0.013029995022702913	0.012312020502692483	0.014023392077964474	0.012901797248788904	0.013506291091227307	0.01446703075673112	0.012715107117598873	0.013952021930130447	0.014215873158547256	0.014431298869293669	0.013694528141533909	0.0138944830237406	0.012053654151625164	0.014062076058492126	0.013631192729902717	0.01333496090720879	0.013190296116461055	0.012728233603702002	0.013671815079592635	0.013304220267619873	0.013897151834040979	0.013363965532953125	0.012339523924156232	0.013820867410781267	0.012815280095507036	0.013400873473296706	0.013751930255333859	0.013833876368970427	0.013898766601498993	0.013574966902635332	0.012276399610057179	0.013048549507333328	0.013419745311185513	0.013722567066689338	0.013400303353882941	0.013821157339501707	0.013099373710584016	0.01244982730527754	0.013833221184219752	0.013928726048809004	0.013656524085048836	0.014021913091238323	0.013536022373065882	0.014126361851924061	0.013701235976317392	0.013322207861987477	0.014185034115438065	0.013510424276202979	0.013566204057915832	0.013862874903012664	0.014101740021379892	0.012019641577046663	0.012973919652242719	0.012233643310236141	0.013995068667493747	0.013702123246796673	0.012409332489570156	0.0135007999469617	0.01239517870999235	0.013211473291411995	0.014094328238172695	0.013445787851006509	0.012857584284079538	0.012199151834230107	0.01227902803631753	0.014318492275709058	0.012323617095582336	0.01326022907095888	0.013093264905932428	0.012139317382067392	0.012967219706416287	0.011210024034654209	0.013555456933430698	0.014211264067281631	0.013649988222837082	0.013703164585928114	0.013649050775170308	0.013362090211426534	0.013362363194864994	0.013556540960631911	0.013585106095515649	0.0137657450664894	0.014022967354203116	0.013820610769076074	0.013900201302801072	0.012934737204298538	0.013128942249129529	0.01382633272609514	0.012678539984314239	0.01197115410424945	0.014055962081183546	0.013135455044369491	0.014261519874312267	0.013732533630075351	0.013159269362426576	0.013689540226740161	0.012261367416972866	0.014486252882596412	0.014134331460990725	0.013785912618351236	0.0140249285953921	0.01377620489129483	0.013095035624083817	0.012931831781280777	0.01384759392879365	0.013761236580253366	0.01348034890309225	0.013568054001128774	0.01346233567365875	0.013663413258003205	0.013434850192583723	0.014556870848514081	0.013472053930483013	0.013755350459490582	0.013425144362352138	0.013383132300837326	0.014107302370462116	0.013092688816554501	0.012839049938447488	0.011428083702469423	0.014131917046333925	0.014145442479421247	0.01434354812573961	0.012712629990764814	0.01342875629986776	0.013881931374342842	0.012544986380568725	0.012159402619597526	0.013287679036251509	0.012811277823507357	0.012832823389103827	0.013913442202607443	0.014367168537613703	0.013322683405341129	0.013212502648651106	0.01314097720367652	0.013036028408884239	0.012796286572255976	0.012764834477894074	0.013836227900136609	0.014877764236875384	0.012128488266440448	0.012707583839263348	0.013203434867391313	0.013653576755249097	0.013247224431338689	0.013151503097630959	0.012597099489742889	0.013356363398154651	0.012909448948882456	0.012603042948553678	0.01404752668051141	0.012717316065138264
dragonfly	0.011845797494956796	0.012400149808734884	0.01195944985305085	0.01182107327191	0.013696027018902124	0.012834043395767514	0.012219465152170414	0.013159713763288816	0.012902451164284725	0.012940830819387315	0.012858500343766099	0.01265378529500163	0.013285420061796494	0.013215893951164282	0.01254029445202407	0.011570008022845807	0.01355856666488774	0.013740083129429016	0.013865464387482485	0.013429353523172198	0.011108471806606733	0.013129940506402982	0.0126627813113781	0.01369126673663815	0.012881114689347025	0.014696105916462423	0.014878703423176588	0.012091301075364793	0.010671400347828073	0.012663968242144791	0.013606746093482511	0.01400402826348127	0.013358987184552253	0.012125309101900579	0.011732569135952487	0.012505739920125039	0.012415074104334822	0.01281630403448851	0.012997858905246469	0.014050093934623973	0.012296734405714372	0.01315499319026111	0.011969770534718474	0.01413446981058636	0.013464717954500091	0.01310008003441513	0.01295790700645192	0.013172184691396374	0.013203612111791612	0.012764424950356991	0.012261846983821772	0.012299182457787685	0.012747484261238633	0.011916353503534817	0.012490492605768955	0.013287050766187827	0.012848116754540582	0.013612185522138318	0.01317701512851089	0.012444181991483179	0.011825557118068031	0.013695086445325551	0.012368636364117164	0.0	0.012484835063366513	0.012238576647407722	0.012446985071741086	0.012801247289214533	0.012406639242702164	0.014068787582472406	0.013693265262719951	0.012307120092215788	0.013373180619402045	0.013062033114009363	0.012086924046202773	0.012690918682228549	0.012264712878493449	0.013149041517543338	0.01177981606045919	0.013172652012048773	0.012976692869397106	0.012619858618444975	0.012767596547763436	0.013939796662331755	0.01453742348123368	0.012481389219772519	0.013353105528693836	0.012014990244578945	0.012781039778909976	0.013615330925045046	0.011596051571000408	0.012898821577510879	0.013432404575330993	0.012753521771904402	0.013908490670440634	0.013609109033310814	0.013097759382029233	0.01376307688334274	0.011948449226213784	0.011768632654436674	0.01320296289109369	0.013297215747543495	0.013121785162867385	0.012726058879384237	0.012416487828491618	0.012525363290838287	0.014220764903231901	0.01156971711677577	0.0128210489358796	0.011554150755215124	0.013120302750516148	0.012977207410552066	0.012236467088720759	0.012385285573006617	0.013121652004274096	0.013463459859590719	0.012754846116703477	0.01249990732611179	0.011911250230151528	0.013170461974646505	0.012518057025649962	0.012434245148935524	0.012210507149556238	0.01392699810166527	0.01283538626734924	0.013435298167630791	0.0133788165715924	0.012857289890049585	0.011797660408409747	0.01383241787165405	0.013783054874688267	0.012634758298707176	0.012384031686282201	0.013872335342510063	0.011075762270770378	0.012443316135268011	0.01386080573466613	0.013904131755201953	0.012901045018343977	0.01361765795594536	0.011945205158686412	0.01236692336026101	0.013608198219060669	0.012476410425206252	0.012624271555974498	0.012312833993361909	0.013722893985330935	0.012650490841809747	0.013460686041614552	0.013070025586449851	0.012039957027430003	0.012336755585543417	0.013834054384153244	0.012188176169564297	0.012714583423443039	0.012794043379043931	0.012510798833285073	0.012798629698425745	0.0126236524083375	0.013990283648341347	0.011909196306950151	0.01332111683972761	0.01230248029631279	0.013147701679240946	0.013105215808553474	0.013142235809713479	0.013114629061309932	0.013297621433713769	0.013513759250295831	0.012796903475764338	0.013021539060162584	0.01248804978066275	0.012698657136408558	0.013716775776691064	0.013172412768959056	0.013256970792725024	0.012170781142587468	0.014073354590910678	0.012046719528784111	0.012818332486461305	0.013740802687299191	0.013067758246194128	0.01445993955206115	0.012949934305437274	0.014355603879543922	0.01216497577466273	0.013659442280840565	0.012698970352539852	0.012617123236762789	0.013403882956109203	0.011403912406429543	0.013884720249580026	0.012653734051809456	0.012846049137434111	0.013922025941663651	0.01225121431745909	0.014112391310514142	0.013858114117060259	0.012652047593986599	0.012335677015020521	0.012640328332984339	0.01349363137578661	0.013412490591593102	0.012543390198509941	0.011958077285761887	0.012056377948902346	0.011833324977304327	0.013481494134180703	0.012610245158774274	0.012242629580429931	0.012100115405157024	0.01143442719328484	0.011995716158289836	0.01256496628777671	0.012379823108732455	0.011538169446106052	0.013018094221916722	0.013098614915686924	0.013357474207355873	0.013056392055535453	0.011954007393399364	0.011966193082114676	0.013778668790755219	0.012417437396743338	0.013105544551234874	0.012351388967701445	0.013316742271980729	0.014813267886024006	0.012384085976544994	0.011976628827158876	0.012133878757734315	0.011253249067620512	0.012656748999581096	0.013066983270173265	0.01321739144108538	0.012303732695273309	0.013394614096919095	0.013477597804558105	0.013067733457670412	0.012883915110048138
duck	0.012121423055936324	0.01192526359005543	0.01299040829569463	0.01260481124047763	0.013317982027023462	0.01440396665792693	0.012924283717274623	0.012360059861170869	0.01229933232061079	0.013665984195721476	0.013775373613379353	0.012131370647399551	0.012825372519600354	0.012671369979209304	0.01285484832082985	0.01296200399432226	0.013451119667267643	0.013964939610423418	0.013238263407157714	0.013284671066125037	0.012668334212865746	0.014138774364223793	0.012535174047871996	0.01391163636666403	0.013312690099290052	0.013368973151850864	0.013871526674202559	0.012695340939209732	0.01314033550282774	0.01345382175070167	0.0128028872971504	0.013644322592342556	0.013301542174371466	0.011257940271788579	0.012767323346015573	0.012735949173792145	0.013103753374153149	0.01287586391595331	0.010549487705012826	0.013229036501244532	0.012460882635159844	0.013549527780174188	0.012519341418129442	0.013525450132205135	0.013344211836755753	0.013865785320929367	0.01381170366866311	0.013000102707860622	0.012212470332791799	0.011790014715133204	0.01245119795666747	0.011955355016776009	0.012664288653193299	0.011929179708786668	0.012766275671478039	0.011798202088804156	0.012646590393654972	0.013962036385201198	0.01234838562994745	0.01134868425737417	0.012312140574407429	0.012147085283021171	0.012528074659919666	0.012484835063366513	0.0	0.012494126056198675	0.012806731609808188	0.012630298455548843	0.011905091361483504	0.01362455451410053	0.013214036212300105	0.013290687567552919	0.012955799177615685	0.013647313115385513	0.012182238788895593	0.01348368484733021	0.013824017763311236	0.01310805989401734	0.011634715968207188	0.013726659850489167	0.014180589983865972	0.013496802568072161	0.013155133511814878	0.012943091290135052	0.014594045733490902	0.012623096526095591	0.011658166677001527	0.012102751649148898	0.010691235790658256	0.012454051108180804	0.012771663962457068	0.012640464015164207	0.012502423030294895	0.012382383287695762	0.013178920961927552	0.01323246456768358	0.012174914723622594	0.013025482125412137	0.013543706136473517	0.012167100995660103	0.012684317294716347	0.012856257847134296	0.012528768086058796	0.01332053707304503	0.012410973965795052	0.013664032383784884	0.013461819594208809	0.01305733205726694	0.01226023133404331	0.013461954593117198	0.013359264159652273	0.012592224244659273	0.011892262502179514	0.012566143837355367	0.013609729032504441	0.013367139017204061	0.012975019484718487	0.012695514721887482	0.012829035953746886	0.012693810708786231	0.011972982056648413	0.012990046123020151	0.013936471280974114	0.014473030154782494	0.010784134200263994	0.012944937059034578	0.012897072957936202	0.01399447776581127	0.013124972870984335	0.013193212481884188	0.012682658583246131	0.012991573150876276	0.011483512566142592	0.012869325449119465	0.014206408851427498	0.0117761871902774	0.013189575439356664	0.013288792026285605	0.013512467325766376	0.013639086049950478	0.013608615104991202	0.012460225144019968	0.013971378867968405	0.011185152403392837	0.012746215891804405	0.012219896095113187	0.013388114584530658	0.011983252123930593	0.012785995920256685	0.01358047012479104	0.011709654173268483	0.01238036603458584	0.013109385204876842	0.012110623570589845	0.012987985274427731	0.013436143290416747	0.011756636795168198	0.010774912735579454	0.011395568495748775	0.013720982137116715	0.012940923125814529	0.01358367185759832	0.011446061730237734	0.012608197442794783	0.012667638142899153	0.012568048360314266	0.012075096943022976	0.01304673328543485	0.013176111749209619	0.011907639859114345	0.013811800174884759	0.013249389395064141	0.010715814072556874	0.013241105293509343	0.011863906669141853	0.012798711361915958	0.013087246341409264	0.01427285239091662	0.014047486692029272	0.012809199140857938	0.012355149242198682	0.012851799265304149	0.013417147905219674	0.01250464678172307	0.014663768756155224	0.013385164482656125	0.012730859106852444	0.013316756953071107	0.013354545715237018	0.013951805631124843	0.012813665355870777	0.013383156359166638	0.013123038117711285	0.013722381516138695	0.013452116132265319	0.012341466501036139	0.012573363291798034	0.013791516387182037	0.012341605719433036	0.01318282502687287	0.01366854850243145	0.012249282777157467	0.013037687622090566	0.012759911663002775	0.013315890748027408	0.012101868410943057	0.012277218535662292	0.013242232668906062	0.01309636698641104	0.013019967924252824	0.011588382565232059	0.012828898035851013	0.012927214526081664	0.011558554284606717	0.013084350372394544	0.01410948604630544	0.012249913785320848	0.013642755481644786	0.01318251797543539	0.013934431118707903	0.013240967047615647	0.012056333295656608	0.013321662716092168	0.011671032075210176	0.012524871422427704	0.012008637677743145	0.013097073279117868	0.014471513148058305	0.011209478386091013	0.011876439354068308	0.011687568884783313	0.013305550637897194	0.011522592773761714	0.012320427491760308	0.013029772107698154	0.011446083986633966	0.012149930795229065	0.013148262884383104	0.013040474333240484	0.012642358134292184
eagle	0.012180854729186992	0.012397151900126985	0.01312197984328406	0.012756765245538	0.012100505521736611	0.014390398012810602	0.01275137110659981	0.013575293688376313	0.012039221057473976	0.01348635024407533	0.013342728268658533	0.013355793618402813	0.012855243837965737	0.011597736826837908	0.012828707724996988	0.013221453855669309	0.0133648243541984	0.014677344671209023	0.012158230028434178	0.012451109529840586	0.012514494850780633	0.013849781502191629	0.01375022744412588	0.01375394345850816	0.014137815161948683	0.01228332726838577	0.014031213239241544	0.013237429653617273	0.013130151710363107	0.013135127984129295	0.012775831373902369	0.01419011256606024	0.013700659526306754	0.013071366607903246	0.013493575383006266	0.013388079751892545	0.013548352519636	0.013829607986884878	0.01325796440676534	0.014362780741495981	0.012672505120401183	0.014106750248443394	0.013589362951303823	0.014119245537368185	0.01435636877942876	0.01320667261717696	0.0135268818796429	0.013240786162207417	0.013375091063076515	0.012122576445345892	0.013159821386243635	0.01264005248217242	0.011791463992236705	0.012570042124285833	0.014420514351210015	0.013656466541023149	0.012360120899864085	0.013540507525257374	0.013400930573324435	0.013171457780876798	0.01248612619445244	0.013621040058391567	0.012129930939804244	0.012238576647407722	0.012494126056198675	0.0	0.013728620029825054	0.013187409067701251	0.01214750877057048	0.011431857976119668	0.013039722944991124	0.011711096057669446	0.01299628381877278	0.013884144531430337	0.012063197949610156	0.013705766256094596	0.013589827263735244	0.013049313064239782	0.012914839086222676	0.014760261362461365	0.014549755692634076	0.01297370102745466	0.013434874807625077	0.014067754427695166	0.014068959650883778	0.013080659587265923	0.012783514506718689	0.013850839234124033	0.012092476163351143	0.013790106200861964	0.012866837546134885	0.012479259844775952	0.014175652542036702	0.01259730735333633	0.014159134341895219	0.013704623076604408	0.013854278647127698	0.012889183746297361	0.013703771169974706	0.009950935027676588	0.013445053624480514	0.01300444231386935	0.01348529591687892	0.013185712292781624	0.01289934036349723	0.012772352274755944	0.013498231045125493	0.01404614549011905	0.012747964069169964	0.012030192655323907	0.014081691249905439	0.0131741065582401	0.012732140096010086	0.014196505417244772	0.013737104609327864	0.013899131330932402	0.012457199541008131	0.011023507616594866	0.012734366878480343	0.013448594767208666	0.013297087010298591	0.013233343211429872	0.012500082727994764	0.013966284061083113	0.01281359367662936	0.01278174707836834	0.012728300117534038	0.014408100409640988	0.013373514524095766	0.013551177139027332	0.013772692844934143	0.013220100662472834	0.012934739714062539	0.013077882776342592	0.014054284019991436	0.013726687063840868	0.013640174190991889	0.013950944170697319	0.013641125608396311	0.013251373532057157	0.013342640753878962	0.013383508107297491	0.013685595049380349	0.01211269808479749	0.011834011379095106	0.011782993190983342	0.013138108974041041	0.012963324033478212	0.01202125354442081	0.013140318757247155	0.012656085199774085	0.012715681005637762	0.014059341082441265	0.01172694511790706	0.013846526086753843	0.012904225415804084	0.012177177038813151	0.01256245191300003	0.011541234683202483	0.012733752843723252	0.013623350034175974	0.013929896652298308	0.013388580305568085	0.013078051943315721	0.013179575828340279	0.013294014971047768	0.013455809128374097	0.012861363944824393	0.01225251616143788	0.014055900284809868	0.012769578881447531	0.013913020270751109	0.01278035753006116	0.01312025670131198	0.01331645081439164	0.012070484280470386	0.012083072520716536	0.014056741724883302	0.013659393920097735	0.013280325301222558	0.013830583024269361	0.012993185414808959	0.014269670708203328	0.01188873995578383	0.01458580966755053	0.013096381104879302	0.013451790812880034	0.01378554689922247	0.013665433964179512	0.013602501014869445	0.01208471238816597	0.013489378746396012	0.012724217820034278	0.013717599191170002	0.012772840017594078	0.013447052642322281	0.013868240553282927	0.013415092944503009	0.014379331483608683	0.01281035083372505	0.01428278866716272	0.013277022435195414	0.013863545448494807	0.013434615608210512	0.013526306410773401	0.012464391089373382	0.011675695334214786	0.01405500096067037	0.013956018919183126	0.014658214330229019	0.012115038705100636	0.013366048734936208	0.01330641642185481	0.012313405054056092	0.01272834684878911	0.0134490839921073	0.012815230998804373	0.01324975141831723	0.012919377683097285	0.014100749082892303	0.013357791509026688	0.011722360324385563	0.01408483395953562	0.013266555451718919	0.013134807108986384	0.0124409257538571	0.013417592915573045	0.014473886321707556	0.011947822306501009	0.011807819913775506	0.013065505487622005	0.012295782396079038	0.01288517411478448	0.01364026730969224	0.012008014354755913	0.012918326768168691	0.013319979803957261	0.013399051371591189	0.01349985750639371	0.012722972803368128
earthworm	0.013733396185051865	0.012855599696472599	0.01238958755392556	0.011600740109407572	0.013630490114502491	0.012737294123759074	0.012317472452540567	0.012720499503515717	0.012829253435260233	0.013854846859305896	0.014252156651578259	0.014065282446577057	0.013362257980020033	0.013274531796604212	0.013037322185601637	0.012289218532030166	0.013300736617281428	0.013970242595813689	0.0135125427853241	0.013735956666878475	0.013634283791542459	0.013858160178728493	0.012506739625632837	0.014034682158040023	0.013550135543886486	0.014130102368608814	0.01353368748325731	0.013055166740674896	0.013143310871482777	0.012887687037449575	0.013936823407814596	0.014477609339790403	0.013352042302938736	0.012954999269339261	0.012356893006823069	0.012791240378789821	0.012223767532769228	0.01320944219873154	0.012902336537014279	0.013017620056856834	0.013700191217232396	0.01285487163881046	0.012426740797878859	0.014718192742857884	0.013047183112000784	0.013274253194891079	0.013444497526428768	0.013352276362413817	0.013186036815850365	0.013277484498129922	0.012961905779616176	0.012045315321255766	0.012167193840794274	0.013330522149250418	0.01247594549702819	0.013426775204468238	0.012963419692051819	0.01410096549624217	0.012771403743300607	0.01327324835853031	0.0135728354150356	0.01316648801826722	0.014179562375874904	0.012446985071741086	0.012806731609808188	0.013728620029825054	0.0	0.012549343787595908	0.013171485739023547	0.013833341322967308	0.013267549518721338	0.014123269717255336	0.013373530540404733	0.013925784334948808	0.013753303300289088	0.013595779174066885	0.014302923797709517	0.013276728518730931	0.012248389241435296	0.01254042910635506	0.014054208394624354	0.014043845793576815	0.0135935815150331	0.013196158470136261	0.013556240301869058	0.012829158429239118	0.012978865845418377	0.012580412103881491	0.013276700356783806	0.012557129141126243	0.012887624705821428	0.013342562981323176	0.012129631178521776	0.014359775182703406	0.013915945917412608	0.014156468611544721	0.012149755506836219	0.013220008758434636	0.011948612208725293	0.013085330751843084	0.012272710257352383	0.013934042769628419	0.012546583745569051	0.013000804359637609	0.013054964455662349	0.013226809685604047	0.01430856329261163	0.012326227074456617	0.013703603114307596	0.013656634343359288	0.013409940683109862	0.013832813849059154	0.012566879981301944	0.013408598280433575	0.013071916473335101	0.012629001590353666	0.013552608129312632	0.013820266380712376	0.012611490521859852	0.01322171671309521	0.013122376766695653	0.012598948280128365	0.013831798100772603	0.014114717322298147	0.01321623955494931	0.013018903119149695	0.013433040515124277	0.013642170357423544	0.010928087843381703	0.013642511722852343	0.013038338485188967	0.012685866388144475	0.012275668056869582	0.01331448866077747	0.013361422311405018	0.012574400632120755	0.014256677169113765	0.01315732807344233	0.014042801687121284	0.013788682579426838	0.013496420881644388	0.01241854584375177	0.013318492426599122	0.012345744596546124	0.013091085741932695	0.013237755566379454	0.013800080265790366	0.012037405208121804	0.013665196703356442	0.01408503347750804	0.013186804513555993	0.013636129095947722	0.014058266210416327	0.013909343462689558	0.013814081763914061	0.013392215030718656	0.013464152353200582	0.012523433686376057	0.01363955592494226	0.013922560749575699	0.012467012015511439	0.013872404503580866	0.011892090977341669	0.013406339849054111	0.013024504494298308	0.013650674472247682	0.014104625652391078	0.013291505183340968	0.013131395709665403	0.012771215474646052	0.014331065789947646	0.012664983025526126	0.012358253677799403	0.014433333485084378	0.012680948810105046	0.013598011959410477	0.013674479663769543	0.01401050276654135	0.013691049123614088	0.01255502327483015	0.01329946546783152	0.012654285448678592	0.014557191297396204	0.013458256408005726	0.01322235247754262	0.012796534605268256	0.013778179620605149	0.011715104217817551	0.012679435863020592	0.013935110349886095	0.012808598980963521	0.013518867722164042	0.013286022012825931	0.013538008948297398	0.01449530072269024	0.012953768190265	0.013446675453018489	0.013842951430130286	0.012887745602188671	0.013484407009942639	0.013241571298459699	0.012969180637574771	0.012513586443170615	0.012056728714114505	0.01252526708294377	0.012905384649542733	0.013624326812328703	0.013143310830549489	0.012781932044858946	0.012453318014380634	0.013112669116276803	0.012863921753450882	0.012898168626961765	0.013697615987504758	0.013157033291694304	0.013851751877170504	0.014042968119692668	0.013785024429011724	0.012795301906914216	0.012577317689133507	0.012601522278128609	0.012967568407134575	0.01432519592656719	0.01223386850770835	0.012944154910069072	0.013169082959036973	0.013191463888766021	0.014889504046631495	0.01266221873789887	0.01284060626390392	0.013247011114895083	0.012971543854017881	0.01251628071081804	0.013213108639307157	0.013758570659007383	0.012398844959016114	0.013318806591510643	0.014564277982279338	0.013968115285304712	0.013474551257752763
eel	0.012829596661752174	0.010465610836983816	0.012778382337871652	0.011529663585371856	0.012637161082017038	0.013642447153623385	0.012023465930376693	0.013150878487688013	0.013319477967234173	0.011685127376805866	0.01208210244061984	0.013470232822077453	0.013460850069642795	0.013282163264854416	0.013554865614759944	0.012636911693940071	0.013773322492701872	0.013869632340010903	0.013434231378329975	0.012718719153514252	0.013157893843962765	0.013059754997067604	0.012148947486795354	0.013406157969788115	0.01367369178203203	0.01403060967638416	0.014749148877281381	0.014151509448179743	0.012841448383975941	0.011674916989065493	0.013830747616219597	0.014052301632298482	0.011715412934725786	0.013021552021685123	0.013258874258241102	0.010431895613314847	0.01249581381440654	0.012350078048416823	0.012767263692956232	0.013808273194477003	0.014186935012579513	0.012337606661839558	0.01211526934952479	0.012856008686746922	0.012252123429909783	0.013064741353377561	0.011736999048815313	0.012115193816600263	0.01297823613642101	0.013147335330403702	0.010682154699328483	0.011240035639041135	0.013994879323102536	0.013430617616912353	0.01152612431112649	0.013232427055417502	0.013080340917723842	0.01282247479613463	0.013779642781553582	0.012973646423022138	0.01216059696723786	0.013733176104753107	0.013866402564929929	0.012801247289214533	0.012630298455548843	0.013187409067701251	0.012549343787595908	0.0	0.012465908838239378	0.013198701191754902	0.013377156912710469	0.014309462049431914	0.014632727704067476	0.012088514837044756	0.013183634319934585	0.013043257651608596	0.014427482586375382	0.01409805266651184	0.011531766449490211	0.01311540982073868	0.014368361724825083	0.013738872499570544	0.01256993133925751	0.0128980740070681	0.014448117471456476	0.013270452488438111	0.012501757302893553	0.01207042601007884	0.013380482479793234	0.013501427350236102	0.012798821478488273	0.013036286026382612	0.013140340511738314	0.012393602922242808	0.013642254715244393	0.012035267471854945	0.013016969001791083	0.013726995243717049	0.011780458234111	0.013772694627681386	0.012872036062437866	0.013792631694368295	0.012399899237474261	0.011761346283726952	0.013131681508428411	0.013800867362746492	0.014094302953750481	0.011596773007945916	0.013112576736123774	0.013348928744272792	0.01285104317995475	0.01356775591162473	0.013452630794313643	0.013294742494823182	0.013182367244722533	0.013375801948071536	0.013101974038676053	0.013685789865834191	0.011304882015595217	0.014145269670246678	0.010703647986418383	0.011698060851034291	0.013808664198331282	0.014791247960730083	0.012915490614332923	0.013900683989765794	0.013572926937665486	0.01430919376874987	0.011980364235702574	0.012523766583928756	0.013167925393565316	0.012729574885489169	0.012916418729341086	0.013600473720954562	0.013296452684732438	0.013139130056267235	0.014049762587995033	0.01303905052591338	0.014639600401829756	0.013309388950614478	0.013126147932108099	0.011312057396918129	0.013357613090987234	0.012699285973957967	0.012034455134820257	0.012588588199245078	0.011912131165876605	0.01346193477655608	0.013966417794718765	0.013171754431531301	0.012784437263418632	0.013447924234659734	0.013747016989258974	0.012485386090079782	0.01409276802544416	0.011532263588351088	0.013194288369813624	0.012161699524194184	0.012776286742728033	0.01344997196509678	0.012609387536066814	0.011406197314097673	0.012323922361136807	0.013223795270258076	0.012001128228087037	0.013838595643859586	0.013410753027570832	0.012895784710428428	0.013125345243476512	0.011244120459901967	0.01418497626425847	0.01285096977692993	0.012736443095263741	0.013787238275858735	0.012384700996779723	0.012393234529324408	0.013782056358809601	0.014064983211324116	0.013303273104163578	0.013003970788232838	0.013831558681150182	0.0131346149829328	0.014689348065090497	0.013363218796335619	0.013523534802608723	0.012270314502279587	0.012155290225567564	0.013212266008080129	0.011126626029554311	0.01229887725136137	0.012304623550088448	0.012276259971875146	0.012096749282384944	0.0114120086663019	0.013975036932132501	0.010953792565663393	0.013223018464277378	0.013408947099500877	0.010943771327082122	0.013834172059261652	0.01384597110998704	0.012636339288900377	0.012895381226855612	0.012364346723141476	0.012153966942782389	0.010826675532157817	0.013565472755599774	0.01221042380216248	0.013053985380178617	0.011300037409850123	0.012651264265717714	0.012174660817598397	0.01166550364977107	0.013114397940531533	0.013409464955183843	0.013124021156220493	0.0134433565439121	0.013560925774230608	0.012318510107608928	0.01309231150404627	0.012714376452023429	0.013172199254764195	0.013706865685609481	0.011822565525178156	0.012602108477435797	0.013344911853819266	0.011883789831533162	0.01449090938052839	0.011547675957897597	0.013069831859067993	0.0128092319602391	0.012950306392349915	0.012951865096734308	0.012453308587295129	0.013680445751137176	0.013474881817339197	0.013200361049535737	0.014395380384080336	0.0141951704769692	0.012690756777127318
elephant	0.012003548189429026	0.011198661706640009	0.011967296156273864	0.011706170125778646	0.011222300822620039	0.013812775399683022	0.011894119373352408	0.010331593134954504	0.012291332119642293	0.013845811344501063	0.013980995192975663	0.012943596239587922	0.011603037772689073	0.01324905752300356	0.013071550616176509	0.013037864961314467	0.010594727169324723	0.013528596538951618	0.012175561892325078	0.01177202209893342	0.012942344936079824	0.013645395445246145	0.012038135044420337	0.013134024896543185	0.012018086355047546	0.013114446479113579	0.014207338520183183	0.013026275095386928	0.012244010948254481	0.012650800547524101	0.011240213706496143	0.013648125872881736	0.013123557507446286	0.011572196950015932	0.012742078800811936	0.012671331298191866	0.0125866648679324	0.011876918275728596	0.012571882142254848	0.011594598156016534	0.013309651304951415	0.013036201926104938	0.012403835514874794	0.01460800617433738	0.013317011756070387	0.01345898966383417	0.013556426645778202	0.013368552526407925	0.011102652806408337	0.012564740398203086	0.01231883076557849	0.010948128937477932	0.01243332804937663	0.012375830554329665	0.012765457632035354	0.012520531829437902	0.01150276334165718	0.01349670167580128	0.01218912794922889	0.010616120542462587	0.011132498137875042	0.01159388868378506	0.01249732378831463	0.012406639242702164	0.011905091361483504	0.01214750877057048	0.013171485739023547	0.012465908838239378	0.0	0.012639417117422691	0.013402526714282296	0.01383998165539969	0.013608207423551994	0.012928015352851796	0.012285859182582353	0.012247668944600634	0.013788217126318069	0.013675800291857143	0.011521254122220286	0.013703053344429767	0.014157142993937357	0.011937637376115997	0.012347317237492302	0.012608358323837308	0.013248621684405725	0.01031646365060976	0.010570659504039763	0.012064342325717181	0.012562342363336716	0.010891718030898888	0.013156684722761415	0.011089808977375265	0.012262068718364218	0.013046993535169329	0.014149730070395043	0.01370481251481219	0.012058284541468657	0.012673302624055114	0.012893138780101425	0.012825876114721748	0.01253549891710177	0.011393431036429863	0.011000172861848836	0.012261326774570164	0.012410942135498385	0.013197990360360448	0.01370474031822503	0.012509643856672551	0.011802728052652136	0.013306411331182117	0.0123044012094481	0.012813314496049989	0.011162298808187638	0.013051661617343948	0.012126869086425329	0.013366180803105858	0.01098419711040028	0.009950061840050867	0.011973824344054246	0.012162494284881581	0.01202999417807586	0.012358529657521149	0.013553226989673435	0.014847767646698451	0.013347203983835607	0.011868270502751112	0.012736670309171813	0.013764518399217525	0.012427105200317095	0.013021484565541896	0.013211290111688454	0.01165494168381777	0.01029739108881297	0.01298184924913307	0.013902161614707838	0.011886591122348609	0.011924962739377933	0.013709036725657733	0.01345447681820595	0.013329029656600076	0.012969460345703211	0.011695209298519466	0.011933195774530081	0.0102781285604789	0.012345256817405953	0.011693160546582104	0.013259478770379302	0.011295822061738221	0.012645339178739359	0.013233009293701834	0.011552225596358405	0.011613004879996844	0.012595076312197397	0.012503538316858116	0.012629459709634677	0.013184079205573991	0.012241231987971253	0.011074261804789215	0.011431949055822888	0.01342324443115812	0.013740139605273417	0.014089593460053127	0.011789657876191064	0.011266443749425958	0.012403475499421612	0.012286923906719583	0.012170545734245775	0.012167450788177183	0.012682752409592045	0.0123117790998984	0.013202301505684428	0.012603776980030434	0.01067073872496499	0.012760918990568203	0.011652762100658855	0.01255568422749066	0.012798846614633526	0.014005455834861838	0.01330865204179651	0.0114241299073207	0.012315335325563097	0.009615891473345	0.014438071561802643	0.012068807172538115	0.014225724742939443	0.013046947494136145	0.013437809452983831	0.013142293736774627	0.01329458084726271	0.013393747559759455	0.012007486354923063	0.012925393248497613	0.011872326442630952	0.012927311579887019	0.012821192864344627	0.011714759722505604	0.012155144628986947	0.013403114237347344	0.012798472864485324	0.013737869966701774	0.013037551738242231	0.012688091103956085	0.012148339584751186	0.013286670928234802	0.012611519187279265	0.011209752377336717	0.012347765181929765	0.012477563171606207	0.012872643216739794	0.013216804518442453	0.011103535221327406	0.012650533443536364	0.013209510721894817	0.011952262963696794	0.013002585803611046	0.012979252196065952	0.01276125553576307	0.013753605834618305	0.01143718130181788	0.013218035120682698	0.012093660588852218	0.010753824985479127	0.013273900595522541	0.011477198063594223	0.01095208302183196	0.012789400359222382	0.013849544468483799	0.014427148660889767	0.011255942039460412	0.011913381397328133	0.011693842123361003	0.013600481725992286	0.012032517320306921	0.011659547001482815	0.01179508403380923	0.011453007556753936	0.012572368060840881	0.013628749362987715	0.013267732822768535	0.01127706668789349
elk	0.013688911182482735	0.012804454226986504	0.013799061048230392	0.012893451292491366	0.009860565182444518	0.013908846982882042	0.013226500701580466	0.012889565746768838	0.011783491749952458	0.01410074970307	0.014387216643614767	0.014374132544888493	0.012572443103399375	0.01005247163847776	0.014103739265603312	0.013650148253164296	0.013660401764937533	0.014445947241587966	0.010524910877326212	0.01134030891716853	0.013370706388219777	0.014323207434678626	0.01372772746083891	0.014029287937938943	0.014084457833934267	0.01152760842471847	0.013903361483034725	0.014226826405895801	0.014494286719928962	0.012938994403837079	0.013470951759546816	0.014247595787603415	0.013538774077405842	0.013493709391482563	0.013483699080497069	0.01389685986571092	0.014426951671104908	0.01376155687922763	0.013942456591051306	0.014152553145529947	0.013518861426398722	0.014874953983970122	0.01408831206643008	0.013774360557780078	0.01451189043506445	0.013685882826357609	0.013786650646947913	0.013195370167526296	0.01262757349078581	0.011712639629021537	0.013824080389925901	0.013396885057022849	0.012506972919434686	0.01415886414505175	0.014743960798681613	0.013596152560382806	0.009786000527125404	0.013884884285033997	0.013259943562658931	0.013058600948416637	0.01352947973348224	0.01427618387223951	0.013853445951142952	0.014068787582472406	0.01362455451410053	0.011431857976119668	0.013833341322967308	0.013198701191754902	0.012639417117422691	0.0	0.013802817784737182	0.01377623952539748	0.014165722804029559	0.013486146444845349	0.013275120769366986	0.013957283421716284	0.014691604704806452	0.013429401214783677	0.013565794700339882	0.01444176262479666	0.01505626887961692	0.013308610262907226	0.014366818145013697	0.013724118175197496	0.01400162337669321	0.013031710568793703	0.011854701736213826	0.014196906367945185	0.012506954079651522	0.014173964193391494	0.013613643410339356	0.011178748634737896	0.01406458658751951	0.013388929115442504	0.01457251563919136	0.01342509399553761	0.014017115051713902	0.012607926489361924	0.013266730698046694	0.012213636719072909	0.01381257956972616	0.013178231768205938	0.012815570343932617	0.013504696823212743	0.013514339445656639	0.014252477179176562	0.013662580105066135	0.014397429215368258	0.013458360167256387	0.013655980417604541	0.013710163053424923	0.014090902779484904	0.013659161031944912	0.015034780800956958	0.013469096125870344	0.01357824872438325	0.013062808585698011	0.013211778107783005	0.013403539761532355	0.01341031058702278	0.014045036741499128	0.012887925702570064	0.012713878029580926	0.014727903669309364	0.012554962786442123	0.012215575838647933	0.0119314984297727	0.014352866951236633	0.013864059534065866	0.012301401311796176	0.014522854961697423	0.013506579182601787	0.013991577662113779	0.01124412075979839	0.014271440172444319	0.013964556577403687	0.012659451342584721	0.013906019457237066	0.014741347472289024	0.014091030566002229	0.013820853825097092	0.014546987644746535	0.013361888093905021	0.012666317488412187	0.011149532130744249	0.012320086707322589	0.01325082477843762	0.013801993771755531	0.013657813323519317	0.014265425701784778	0.013981344009849303	0.014108689507770578	0.014381694657770226	0.012471099000644081	0.014816403866020395	0.013254182326558846	0.012380911099515102	0.013170264885796423	0.012833739701901197	0.011961863291814968	0.014570423960101402	0.013889461069716119	0.01385503322198594	0.012758787371118513	0.011819370308154576	0.01310467272369164	0.013723392262879639	0.011712925075858704	0.011230637930041231	0.01474760062065852	0.013899216905357155	0.014367901549051742	0.012808507829807112	0.013078020186626538	0.01328699896297486	0.01180191828584988	0.013146074132251898	0.014853773929156591	0.014301415932706469	0.013016702289885385	0.0122193507686512	0.012290315924004556	0.014767233334337071	0.013327228214458342	0.013972382362463103	0.013515573545380258	0.012561423893974072	0.013777853048035794	0.013836479019319971	0.01434320353245153	0.014006482589807766	0.01326864683249824	0.013384488767380447	0.014342865004941625	0.01378313754289393	0.01373900406720332	0.012255559652156847	0.014340991359884911	0.01444376169402125	0.013892717369679442	0.01471484716163006	0.013224028035468939	0.013447935036523348	0.014614559731155637	0.014107930807892237	0.012993644156607665	0.013461433397148755	0.013974103025722197	0.014681281788146996	0.015079431027029036	0.012324162030538646	0.014029364697508253	0.014305724266183937	0.013307714151574128	0.013579964675578406	0.014205825520667953	0.012851606900466394	0.01398505188255502	0.012402338607958958	0.013686940744576184	0.013794883722044926	0.013296923140655342	0.014552505247491195	0.01350735458482009	0.013356507562264466	0.013648432441915617	0.012486987128637892	0.014413578265611827	0.01223401423047398	0.013094579377807291	0.013686451483130389	0.014020820171787407	0.01320019743130922	0.013787132908694733	0.012392692132289614	0.013725752194468152	0.013961212376521748	0.01415569291394404	0.014178045673343059	0.013332942240971766
emu	0.012887951345281272	0.013900205825898498	0.013704761929115397	0.013564524343617023	0.012720243969937593	0.01423012084068034	0.013752697978840676	0.01352798105516112	0.013047028949477957	0.014016668203842531	0.013950532401039242	0.01391599001310078	0.014395146745932577	0.013426355500576899	0.014182427370282588	0.013894803132216485	0.013947527413744516	0.014072813587768811	0.01319251561669422	0.014116905279843786	0.013451329768968085	0.014158758952630588	0.013333219193358442	0.014207825180813318	0.014142735231136636	0.013447370032232517	0.013691436580823479	0.013814715819392481	0.014506764605460363	0.014017917672031087	0.013824995535905832	0.014242226838767684	0.014140516431260948	0.014078031594041892	0.01309641923891565	0.013946950867052596	0.013608329022653605	0.014012350108641363	0.013364979863756135	0.01403708629113376	0.013620978514002685	0.013811206845682746	0.013997656212010566	0.014395382760915666	0.014856943546274337	0.014069130016168855	0.014120803781245955	0.013896989538423396	0.013791306004124974	0.013359544487258629	0.014041746568819145	0.013007605648680818	0.013674017435531928	0.013589481601674867	0.014035378490976448	0.013632813466989952	0.013338952086110476	0.013564090711237707	0.012107421634286747	0.013833649000415645	0.013048601439457408	0.013354106513465431	0.013770485532030727	0.013693265262719951	0.013214036212300105	0.013039722944991124	0.013267549518721338	0.013377156912710469	0.013402526714282296	0.013802817784737182	0.0	0.013379809483850934	0.012761822623925983	0.013832733078117686	0.013814553673229138	0.014793883242464152	0.014376000237423853	0.013965712875269818	0.013558724826118444	0.014071333755004176	0.014443749972473434	0.01340406949121811	0.014230321669849564	0.013985300684155497	0.014691526190673054	0.013215404850961345	0.01340005271984354	0.014184370456415329	0.013279926367470978	0.014056158639811016	0.01369109863634548	0.01420879531407522	0.013528782385046755	0.013031214286250578	0.014708347159874404	0.014441728062852061	0.013134362015091428	0.014072475392584367	0.013737139998212668	0.013251637542235588	0.014084179138294912	0.013695135188181268	0.01395850147008521	0.014209119262984213	0.013696159042597862	0.01307900763574227	0.014515626625964595	0.013470663506782417	0.01185388103472267	0.013239058065802034	0.013674218815181115	0.012807337860556853	0.012448510660119235	0.0147599928116131	0.013764844211223804	0.013924169472617551	0.013238604974367163	0.014122334068948774	0.013607282974960942	0.013502972013609693	0.014371568420826653	0.013598036855710607	0.013410767476150744	0.014886693189718803	0.012562431345156364	0.013466564908629125	0.01329831311436247	0.01372990337142856	0.013555674984677019	0.013814583388716377	0.013690111575490684	0.01355188872089979	0.013692416133147922	0.013925061991412968	0.014774248460538424	0.01403706642843683	0.012867343905594424	0.014416482135139755	0.014245782065362261	0.013968365037867924	0.014427285499367747	0.014031241444992022	0.012685620483454417	0.01251050709801798	0.013053750113468945	0.01293660823430231	0.012792481458405787	0.013635156516843812	0.013896671457843386	0.013913059924413334	0.013882060582707315	0.013327250855540408	0.014173959129814744	0.012952026688305598	0.014090660451682327	0.01380800155236685	0.012824946307259943	0.0138162189156047	0.012594216217576913	0.014110984775238316	0.014060247062971421	0.014108019182569605	0.012400354623717517	0.013882236230408058	0.013247033574470246	0.013062944578769841	0.013780602652323483	0.013760340511620388	0.01347989973755057	0.013650131849441053	0.013883051071602847	0.013162889431794736	0.01341164445235336	0.013938512942190584	0.013816912051637775	0.013444961066630186	0.01417884397537798	0.014127870928664682	0.014300442929771529	0.01363080920170462	0.013589279280848536	0.013565842805160887	0.014320819329680712	0.013513366280848533	0.013764265328564541	0.014176429811820448	0.014132418443747328	0.013723319811137447	0.01335919244063795	0.014253809546288378	0.014205497313039803	0.013995951828653071	0.012933074748820779	0.013715563961978386	0.014053546057557145	0.013648740962595154	0.013357421682524694	0.013706365590412163	0.014173431944636185	0.013850629324185213	0.01413747522264723	0.014183621382903314	0.014052056064672365	0.014159843853379029	0.014162871211622683	0.013842801242950575	0.013844649328852694	0.013758328982842207	0.014269027176201383	0.01447975131447377	0.012973948279598486	0.013944597091149993	0.0137124152537392	0.014057725980315103	0.013769539872806422	0.014052834503636688	0.012698422188428558	0.013814599067759122	0.013152656691808906	0.01376062238647554	0.014827591027498659	0.013224968145142488	0.013918599328540428	0.013977496571750164	0.01341109327497963	0.013640169573655117	0.013732138265538589	0.014089710317699749	0.0127368986651475	0.0137752708166393	0.014119978860061666	0.013697898388839098	0.01356147136311471	0.01390425028573882	0.01434546631880438	0.012235163129988725	0.013474825803046615	0.013469991204485663	0.013662707403956031	0.012695038459998658
falcon	0.012390070664613784	0.014032735366767834	0.01363839270568155	0.01379983201908469	0.013559271057693856	0.014889407272571868	0.013351302116376253	0.014186078665360561	0.013422644836445792	0.0147317598398001	0.012442233292166982	0.013781440066475898	0.0138768110785157	0.013445597546980808	0.013811041364069942	0.013292844761162697	0.014283034805931126	0.014272027494946016	0.013695987639616974	0.014233391707628416	0.012238009840740633	0.014346073201583893	0.01389574538666768	0.014496386251473916	0.014474622848557423	0.014418179523673025	0.0146258896258153	0.01287411682336417	0.01404747179400428	0.01368266359104384	0.01307745317014989	0.014077782373739094	0.015385452320491317	0.013139723892463581	0.013475377793592758	0.014484363827632194	0.01378392117341908	0.013690302809940682	0.014019090664997602	0.014964362124307837	0.01380704110739105	0.014730420805145977	0.01427119731523632	0.01495087290536391	0.01476245696363156	0.013785391876810377	0.01477748063945624	0.013868658267655019	0.01395975842689246	0.012531676107379932	0.014272545227163747	0.0134663829769276	0.013421287586473983	0.013475601524261667	0.01472608730389451	0.013925440379034072	0.013513334490006778	0.014348180589285836	0.012900777598728713	0.013585870291392394	0.013156326446531056	0.014221786447614206	0.012912197051480077	0.012307120092215788	0.013290687567552919	0.011711096057669446	0.014123269717255336	0.014309462049431914	0.01383998165539969	0.01377623952539748	0.013379809483850934	0.0	0.013341123956848474	0.014214281242859521	0.012678379879143933	0.014206046909027308	0.013201818123757854	0.013187486880370048	0.013494575415518526	0.015185149733562673	0.014359441110726394	0.012975895643008712	0.013398703463187523	0.014120799702580136	0.015158877198220606	0.013503381155116883	0.013567750222241801	0.014404403135561681	0.01347271684221499	0.014068139704677502	0.012999657409633537	0.013537995104870488	0.013851034090946629	0.013123942620839017	0.014018696969206396	0.014487314786191488	0.01360101906219613	0.014516848811621201	0.0142586286653022	0.01170311775289485	0.013653582201840861	0.013925167013123518	0.013895295736762592	0.013615270800600987	0.013113803379166351	0.011496476423484687	0.01354602452020658	0.014443998226283275	0.013509297177954883	0.011489594180890825	0.014017514446244179	0.01360503825426443	0.013304311070845115	0.014498789294993653	0.014256037701774867	0.01387304375778679	0.013318034548452378	0.01285868882688173	0.01335227213319743	0.013136330147551382	0.014256297951828353	0.01399310442368429	0.012683950904241474	0.013597450649391518	0.01358876356338124	0.014160044419818656	0.013895177607756066	0.013865018361960985	0.014028621678992189	0.014009004231528357	0.014344169086961766	0.013471807238902208	0.01350724954809297	0.013931329212190464	0.014247226416469343	0.01332185208630441	0.014326434800269667	0.01428531317163751	0.014178375946611982	0.01455096977493795	0.01421396014274155	0.014565321829953879	0.014100596865999909	0.013605950990011287	0.013531861961374871	0.012600978973641848	0.014559081957117102	0.013854719749341724	0.01281277063498878	0.014514894147089253	0.013580572405814251	0.01333644066322616	0.014370828301805772	0.013132671706743853	0.0141133789813201	0.014106204524014777	0.013715979516136878	0.013872404036985711	0.013449504364827058	0.014014602994952574	0.012827086222244974	0.014763246306361938	0.013436607073041746	0.013899874423705084	0.013685862159971408	0.013790682028631459	0.013389654945097675	0.014166518071803448	0.014073780906440072	0.014458417296396344	0.01259882681357688	0.013965606882086722	0.013222383548051688	0.013172303975571665	0.013463289638329122	0.013813515300087119	0.01264468377786065	0.014124479184806209	0.015054945802453916	0.014307964033084515	0.014245233878342384	0.013978259327700457	0.01409112109232449	0.013111738197322037	0.014488454378623618	0.013928063415312265	0.014259729351167759	0.013943091009094173	0.0143151119877815	0.01440881882099878	0.012144118495272329	0.014796798012108845	0.013273314595911896	0.014199663854618056	0.014200662240811903	0.012999284852097243	0.013996597919856643	0.014149255957334912	0.01473967064837399	0.012264902352670175	0.01414763677921927	0.013716547254345925	0.014353316866527794	0.013912235446874522	0.014367280067453612	0.013709360694230153	0.012238908600560561	0.014262939664117276	0.013383061683132573	0.01468008944231716	0.013199521608364097	0.013865682848101754	0.012817257661968342	0.012687850190606365	0.012906788149312232	0.01448509013017093	0.013249530513957062	0.013465172916654517	0.013908112630372466	0.014597445220823603	0.013407026909792383	0.012763156680335905	0.014139827098972803	0.01361751165264875	0.013681116916274995	0.013560210086908333	0.014200452473305513	0.01495150244482523	0.01288962232910375	0.012319803190620149	0.01333546478367159	0.013532197262174117	0.013194782009868115	0.013750381979694965	0.012784029608107437	0.013515782057880161	0.013731820047731063	0.013520506055097114	0.01366949672800631	0.013426382025373662
finch	0.013196027053464215	0.014151395371802716	0.013805815458651314	0.013641153094211387	0.013551902033922767	0.014435997277949095	0.014193295088323692	0.0133324918437426	0.011746720283715524	0.014107612046291637	0.014076124574505511	0.013282756059702893	0.014593426768034929	0.01304346580637833	0.013272349868808096	0.01376061741573227	0.013674175931852267	0.013448840218871288	0.013658972142181513	0.014313659640028781	0.012299615565211548	0.014188257733576183	0.013889087001165722	0.014459721296670615	0.014171239092433166	0.013840108018792003	0.012007244296485555	0.013621815015904455	0.013826692659848287	0.01401295853712031	0.014608243177240464	0.013729734918326901	0.014248976244493693	0.013703520041115186	0.014038040664819593	0.014320054069495675	0.013990135541285299	0.01391256045240584	0.013987417242312328	0.013647026617815165	0.013465275774716153	0.014386913200410426	0.01352739571190286	0.014827251863051023	0.014371188377484525	0.013342253515322127	0.01375818272350697	0.013647671375379113	0.014616232097764494	0.012946640372106643	0.014022305230910345	0.013406313298944332	0.012423781317817564	0.01268568672109655	0.014148334109692852	0.014144965121478148	0.013498129694076271	0.013635035100418242	0.013088110886953306	0.013516905504142475	0.013596018153546741	0.014515317644123784	0.012451105952597148	0.013373180619402045	0.012955799177615685	0.01299628381877278	0.013373530540404733	0.014632727704067476	0.013608207423551994	0.014165722804029559	0.012761822623925983	0.013341123956848474	0.0	0.014187630596193277	0.013110130007198722	0.013963191572386298	0.014575693324818347	0.012680545633213974	0.013329027694938027	0.01399025412358673	0.014332597039322699	0.014157166418446327	0.013829227831244439	0.013185667228800546	0.012935932120183067	0.013406355091799526	0.014204092508447543	0.014218323761354767	0.013421728839394074	0.013713668429902697	0.01384894557720191	0.013827499482068836	0.013417198415298443	0.013108962374846688	0.012929794907085668	0.014202453505421547	0.014206642504830886	0.013165294158717868	0.013342746981690247	0.012631867539391762	0.013674485399276192	0.01435207655229012	0.013481528941862489	0.013594878170447588	0.01325432500538547	0.014318627903400015	0.013379610871179068	0.014578772482058255	0.013280932065604718	0.01309576721415251	0.01441679606934191	0.013521805332964638	0.013266607603546738	0.014358596864684589	0.013810255862247892	0.01322602163657131	0.014154042095339926	0.013464337538998205	0.013497063610087652	0.013840482182820442	0.014323773980778212	0.013692803148381519	0.01393046605802333	0.014567976911828324	0.012212908287680062	0.013941181921261456	0.013302508928292071	0.013652848573829354	0.013867047756092949	0.013617382708246983	0.013204091579611759	0.013640078031760287	0.013776982346870931	0.013826021739940887	0.013795987640860787	0.01391271781989958	0.013972012745436708	0.013745714145278334	0.01208295111426674	0.013273653422331668	0.01446462848455796	0.013558473243557398	0.013869762777337242	0.013070360472999788	0.013491308301242518	0.012719229602739935	0.013733532766796577	0.013647182689151622	0.014108138394356125	0.0127823371917886	0.012300689038814816	0.012327155562269605	0.014636043194428896	0.013218601130386748	0.013376138459285081	0.01404655445316425	0.013160734101424036	0.014158146772773699	0.01261381776708368	0.012836528778009091	0.014299475525693044	0.014074992614824908	0.013088599321883148	0.013872028069915205	0.013256210458689022	0.01420269087486549	0.014351693073532672	0.01339283392803726	0.013281313645025418	0.014167933314944483	0.014360656655240884	0.01448446796122421	0.013408362148405874	0.01433315225891009	0.013689405269643835	0.013130040294838212	0.012331429344169526	0.013434815112204703	0.013473960531101175	0.013631392880016897	0.014361215553155084	0.01396252175267537	0.013578661664458879	0.013666689964024079	0.013488960281408661	0.01414258283766056	0.013651129390769973	0.014061399920030877	0.013889569072028181	0.014698265025546593	0.013431892549345913	0.014020080629513511	0.014422244416443663	0.013678820744921267	0.01407353665596369	0.014034861882087791	0.013971520619394013	0.014823746763636235	0.01507540955736785	0.014206446196786206	0.01426042784818365	0.013759955314797668	0.013204452957110584	0.014257061203790587	0.01411232030284557	0.013737753684104797	0.011355999335995372	0.014331383463025017	0.01387730133234172	0.014879849660689228	0.01282643013494466	0.014308669476652557	0.013667415183581923	0.013278339966500857	0.012317398884363083	0.013988250927115097	0.012830044411443692	0.013308961771276799	0.013894537171859758	0.013923797892597565	0.01316790532510832	0.013775268109260205	0.013347944705276673	0.013165670196595487	0.014030984601130328	0.01281493401949971	0.013871452550502334	0.015192630148998127	0.013611032579395872	0.012666313420477275	0.013863698846927928	0.013813635957026593	0.01293389173161339	0.014015817747285829	0.013661575935467081	0.01243758046954022	0.012841119510984333	0.01092214784035251	0.014631514441447075	0.012729144499464629
fin_whale	0.01158502983572784	0.012239187551731059	0.014099571349886004	0.012149103875181722	0.012611892537361155	0.013775900507060403	0.013100479348272891	0.012838489102656012	0.013633183512921351	0.011134053492941878	0.012996504438908438	0.0135994436881185	0.014194702597498806	0.014382302001253995	0.013934983526577478	0.01383277925892767	0.013392424243630668	0.014458677856804738	0.013023803388238641	0.012908019130755986	0.013787071644689898	0.013538793235038442	0.00868544406975675	0.013581621176437743	0.01279642228636344	0.014129466810432397	0.015054498699819759	0.013788583894462504	0.013752458886609404	0.01160545905815422	0.013599844309689534	0.014252496748781197	0.013136942231716693	0.013721614339148511	0.013769544916990471	0.012250615009065212	0.013434808093040295	0.013730197672426727	0.01409643391571474	0.012663855260091362	0.014075711336902656	0.012401334659278597	0.013297787818965588	0.012101552609653852	0.01297332624399452	0.013957470509720498	0.012482546703319443	0.013321603981703154	0.013584999513971765	0.014092834404548777	0.012138053532198793	0.012161610784936836	0.014444604341305673	0.01406568857471041	0.010896912433040569	0.013385992473582922	0.012646676396002239	0.012402776279958531	0.013262248366082884	0.013564939824325972	0.01065922507459202	0.014267511302785673	0.013812724020171797	0.013062033114009363	0.013647313115385513	0.013884144531430337	0.013925784334948808	0.012088514837044756	0.012928015352851796	0.013486146444845349	0.013832733078117686	0.014214281242859521	0.014187630596193277	0.0	0.013218873421327406	0.013634535394458955	0.013557579391622372	0.014720942745383015	0.013226140527981269	0.013633210266348655	0.014507943921239117	0.012588454709658916	0.013256079913813485	0.012660476489791657	0.013951083394347254	0.012271677497570911	0.013601367880626802	0.012916985158385144	0.013991074960324274	0.01366713576665407	0.013982180627244083	0.012616764653280717	0.01301999413856706	0.012379922288315756	0.013133324207244673	0.010250670924290368	0.013860656389203543	0.014210054514226331	0.011945848923303375	0.01377312133548469	0.013935339038001702	0.013848292037154555	0.012403268012704877	0.012981267310763694	0.012531934841383673	0.014186246215198334	0.014770538422573984	0.012060347249040187	0.013420285702586642	0.013284790176160308	0.009956743791577584	0.014016273576138338	0.013906404595678773	0.014477518611941898	0.012649361070493746	0.012737392106044661	0.012229746091654812	0.013626804615274567	0.01259051714536123	0.013825514463529262	0.011995689050986967	0.012073242230164918	0.012934726786089291	0.014787396489189874	0.01297283177714236	0.013501247289887474	0.012726803293550845	0.014272091267188328	0.01288737194913973	0.013560539707189324	0.013611601859958421	0.01344285860746657	0.014314146058587031	0.013794052239587618	0.014231917060131936	0.013446941371837075	0.014429441039111264	0.012898471832689683	0.014484318910288596	0.013101287536968096	0.013613904889110889	0.01266810523649232	0.012627890684537386	0.01275161049904889	0.012635532373248047	0.013237566912309207	0.013268935276342311	0.013818218895217673	0.014376525806588143	0.012977340638773807	0.01325998780773452	0.013939322547220356	0.013331735372813163	0.012615368668284263	0.014244567525451534	0.01238802857963773	0.013161252927722706	0.013404059851422236	0.013200977839363583	0.013800440169521954	0.013592490490458117	0.011232196843928571	0.012416052193225604	0.012004195119691953	0.011988904077846231	0.014347330030407756	0.013838061214021497	0.014294942308622844	0.013175337659871257	0.012457805448644626	0.014106381931138641	0.013830307469826733	0.013945041929060313	0.013308428145405957	0.013280667311484784	0.01291821248337897	0.01414440051657009	0.014567921719534313	0.012585575632792107	0.01251651810725711	0.01216200407580551	0.012029430094616439	0.014772135021835855	0.014000673792924608	0.013485887853050478	0.013364347148196766	0.012176939154244735	0.013007412365627087	0.010709414492590563	0.011631129571927589	0.013209985696537077	0.010600243123691662	0.010844848721146962	0.01107789971551523	0.013027770419695496	0.011381540539203188	0.013400713478280797	0.013523807576274496	0.011656095476606652	0.01413516044378944	0.013614513295984131	0.01392994187693698	0.01296345786737594	0.013818924606436158	0.013433443985845044	0.013220074323836562	0.013442310805105759	0.008758120862075704	0.01372049949006478	0.011252172801396036	0.013314711500893934	0.012121373694520089	0.011714352261842476	0.01318816412121957	0.013549110463143929	0.012880025072424655	0.014206513029766103	0.014287407497338691	0.01206357332615954	0.01373914057444605	0.013061433876945113	0.013266502470112329	0.013852998883286633	0.01347189090793354	0.013005208000250741	0.013371953598222299	0.01276987288842508	0.014472665795895099	0.012898392986335832	0.012973374672556968	0.012136111202806459	0.01284223098260853	0.013799410283610465	0.009783871984668173	0.013716337560768364	0.013958626232273237	0.013595451936256768	0.014173687355390844	0.01380828828210731	0.012469655749384379
flamingo	0.012263834642529368	0.01180440894966707	0.01348431984130688	0.01297473407204369	0.013555145544574066	0.01451458244402045	0.012366667459156275	0.013186461960649374	0.013275129507977905	0.013815916473149297	0.012170100049650292	0.013675183208923232	0.013198833215958137	0.012833889930254723	0.013708223670458302	0.013621938283042818	0.012914052907892827	0.013715176946139131	0.013363116992063457	0.01224964496522353	0.011875681010037996	0.014079244070330836	0.012661751184774363	0.012947192866359132	0.012610367399133286	0.01312771577415991	0.014592496933115517	0.01316457271741437	0.012691210945893266	0.012574364835299398	0.013013524664292642	0.013041150977018625	0.013907093982374094	0.0126922708162973	0.01314793866690036	0.013236905127065919	0.01406964279201753	0.013035119292031381	0.012755753307988496	0.013603992693959906	0.013269853374563222	0.01356936074909939	0.012684988497245841	0.013887993488101113	0.013884794993177983	0.013550042498292655	0.013546381389096354	0.013239452172564779	0.013703331149217911	0.012389753044267992	0.013217191396945658	0.011567499163928652	0.012721235890852117	0.012073349738377979	0.013247480636479323	0.013005208122401095	0.012899508043841643	0.014028110686744318	0.01292029816578209	0.012773629991842131	0.011164629907927161	0.013676827825207261	0.012819666095774236	0.012086924046202773	0.012182238788895593	0.012063197949610156	0.013753303300289088	0.013183634319934585	0.012285859182582353	0.013275120769366986	0.013814553673229138	0.012678379879143933	0.013110130007198722	0.013218873421327406	0.0	0.012863336117401846	0.013049821531912038	0.013445305198416151	0.012670690488361076	0.013422584305767054	0.01458129016132493	0.012651167621856606	0.013511184652072487	0.013499502351768045	0.014584658902266075	0.012152810590820677	0.013527008967986986	0.012726650109400703	0.012263153923848356	0.012477390601785677	0.012991787317960737	0.01252838510091607	0.013234824733263784	0.012801138536414508	0.013973041070083878	0.013506163633121064	0.01330708487731664	0.013655601132440218	0.013698627094502631	0.012449645083726715	0.013487386880749934	0.01365809667072572	0.012708053575680134	0.011814028927082536	0.01292563618133743	0.012848135721810743	0.013513641314948947	0.013110790561031054	0.01329033614917892	0.012406049680770338	0.013045338018208842	0.01317385164717256	0.01211493060167233	0.013275526819451221	0.013540714814654117	0.014067552685622592	0.013375183977793317	0.012486216478334498	0.012626860889662781	0.012889760773139407	0.012912418135745911	0.013248029065935687	0.013109905991311472	0.01394081327916637	0.012774308492917672	0.012869246824704202	0.013137025370864022	0.01414475298878689	0.013759460209902272	0.013040498299291898	0.014333695020917398	0.013281601182555738	0.012463377935036088	0.013105272744846847	0.014009501839374668	0.012848063730549879	0.014348493852553516	0.013891512991502162	0.013495997506311228	0.013747972740044901	0.013809366321209958	0.012885708826082844	0.013293488883486491	0.011997761005834029	0.012996512651266891	0.012686828927925293	0.012980162064856655	0.012476430699457475	0.012791306833520042	0.013400499400378536	0.012390118676127009	0.01276287344686526	0.013801353251460802	0.011171831907737715	0.01230513923705853	0.013335444911149947	0.012974512094935442	0.013354390035785306	0.012333122209843266	0.013900946092804362	0.012382816603274864	0.01348682985567206	0.012750461083912685	0.012542389474355249	0.013148532727541193	0.01288240895966122	0.012219631137639235	0.013372898789641072	0.013520807094927064	0.012997383766356826	0.012439186017416457	0.01358475534975056	0.012747304153226491	0.013360900348849798	0.01322648774641529	0.012668866342350338	0.01265209412854344	0.014212215776405164	0.013211774159160989	0.013258796563444966	0.01374242204746492	0.013150747504299185	0.014277755306487056	0.013167394896490915	0.014274166043223195	0.013838741187404408	0.01320076438234445	0.013873016045009547	0.013339128910292373	0.013697666791162093	0.012785646621440242	0.013743592395707686	0.011962074021402954	0.01368166823512466	0.014088693730174049	0.01236805356096732	0.013851905059700312	0.013915545157935218	0.013558075080850544	0.012931120706605001	0.013597855377971141	0.013053637316892885	0.013741236934516414	0.013390364994980374	0.013114432878205472	0.012976995625562173	0.012569990929043586	0.014252273295826947	0.013534694237592437	0.013837394431930949	0.012620099949303949	0.012866319563252918	0.012624779884355558	0.011841158002077246	0.012497395569368599	0.013568981412677171	0.012780425360413366	0.013829808438224272	0.012754691844753065	0.01387587488982834	0.012404327685491682	0.012635597564148428	0.01368527268033544	0.012917872606003846	0.012738866316750337	0.011900978298694884	0.013008132856321956	0.014411344340855345	0.012337590115342351	0.012130444080297991	0.012862709459938908	0.013417049498255715	0.013318214053936255	0.012550443163469508	0.013376420838756935	0.013003862802495965	0.013014138417111777	0.013917594987376734	0.013893921392551188	0.01186683806741691
flea	0.013562049078853005	0.012362150849030489	0.01256645727071229	0.012658683346469461	0.013616424522682153	0.013317715726913468	0.012914917197113613	0.01309006255429279	0.013255701530799899	0.013628222400477428	0.01360826790860483	0.013212668627931112	0.013260264120155501	0.013433386571131167	0.01286087596621175	0.012720486871135982	0.013485562039987922	0.013577863005723046	0.01370672193840835	0.013658024580129127	0.01280538960779869	0.01342070293793498	0.012919444089271195	0.014168566648995535	0.013126670442837711	0.013484248910834601	0.014316044515492959	0.012846814702522268	0.012637781736437927	0.013548067015142273	0.012862940762880986	0.014458781204365181	0.013650207204220515	0.012095449562996831	0.012237962869285737	0.012400205496873724	0.012647339859302982	0.012874971630415908	0.012288704591752776	0.01322400054984606	0.01324201517006929	0.013262412633211589	0.012106762438273013	0.013982162959365193	0.014167493467328207	0.013721920872339538	0.013845519389072893	0.013531893141195104	0.012437073536359797	0.012374185326501341	0.012385501557756664	0.01246299562244872	0.01271060275114283	0.012927931323584909	0.013390791155020865	0.012295349832108999	0.013483520462397876	0.013702656135780034	0.01363321511765359	0.011563614341180743	0.01303894411347833	0.01226448863606049	0.013696240643356155	0.012690918682228549	0.01348368484733021	0.013705766256094596	0.013595779174066885	0.013043257651608596	0.012247668944600634	0.013957283421716284	0.014793883242464152	0.014206046909027308	0.013963191572386298	0.013634535394458955	0.012863336117401846	0.0	0.013287954429572132	0.013281574632690737	0.012874355123484806	0.013666620925112954	0.013481112118267349	0.014037818166726161	0.01356233294838148	0.013258392067835197	0.014280930214273147	0.012575193576131308	0.012179738484613274	0.011750196652407969	0.01348362514409426	0.012738060844394368	0.012470344499953417	0.013044025551378536	0.011974054657084551	0.013380803483017477	0.013604457733282942	0.013687711634880893	0.012311449775898587	0.013550752211237405	0.013013356284527424	0.01326267287858269	0.012773208100908776	0.013314587947151313	0.01295982418211893	0.013100637260430847	0.012742485204714146	0.013583785478759098	0.013425144469202684	0.012917658497928227	0.013236461601690543	0.013996309502332578	0.013893221144967403	0.014055557982884643	0.012909970208107755	0.012169127407374452	0.0134154041174091	0.013330578258910163	0.013597492582603869	0.012994715304431873	0.012921135935227378	0.01269501970899251	0.012276616996902918	0.011940647789999483	0.013800682054065433	0.014380662048774478	0.014483690325197376	0.013569210379737282	0.013802902511319617	0.013006968021892093	0.012861527446417345	0.01301501189744391	0.01358097856354122	0.013105484594076575	0.012023207830916514	0.013459836563437654	0.014120214643155358	0.012253292870412689	0.013396491505280193	0.013971582594528647	0.013576011235867928	0.014588829933111207	0.013510662725911842	0.012875761832243666	0.013570605283837711	0.012697111658470246	0.013339817528732388	0.012957295332786521	0.013371989971867303	0.012754257883529393	0.014072426768750092	0.014210972984711516	0.012995707773760577	0.013725240830610459	0.013117750228465579	0.013345766351593867	0.013692692848795061	0.013041168045343443	0.0136640441149655	0.011546540107551177	0.012795400620033277	0.01367170854860764	0.01334931055774731	0.013017404923572227	0.013016337592905231	0.01285829815477909	0.013017994442806402	0.013014722474126258	0.01276377743583244	0.013552577939699037	0.013213133976849456	0.013170274265357542	0.013704105204632422	0.014143940867476987	0.011871197827971657	0.01387711258531265	0.012068405852296635	0.012847355336069398	0.01359423535752893	0.0138074930965638	0.013797045686914025	0.012990343466916346	0.013769766633724494	0.013116011499757054	0.014914941754680743	0.012620082091796398	0.01339559748172469	0.013953698628917915	0.013873722176626534	0.013378062812390847	0.013673857749783403	0.014007404818523837	0.013289170422628312	0.013925308526689379	0.013623759918238599	0.013653054607291906	0.014644976611734646	0.013077293015474762	0.013010473057161858	0.014362865692178362	0.012630351587256844	0.013595008174838573	0.012941598541584925	0.012460909339874324	0.01283090885123994	0.012347274474090026	0.012908605525445154	0.012594007724451987	0.013302624741913563	0.014049011383060549	0.013238282922050837	0.013480409660914976	0.01251506791173267	0.013341164794802502	0.01335654932596634	0.013383005422455392	0.013419109214395535	0.013752198594785787	0.013815798639342165	0.014138966323947995	0.013670872785552792	0.013147047002400887	0.012126808185566369	0.012957641200828762	0.014173463913247917	0.01263820225157223	0.013269415000890288	0.013574816833747718	0.013252042232012666	0.01465277096208468	0.013052791335879572	0.012489086509613126	0.01245175507685002	0.013399985686609666	0.0124930376430353	0.013393285431236461	0.013436094375294598	0.013049462417507023	0.013201027924016452	0.0140539373799585	0.013995315806641815	0.012932830249596962
fly	0.012717647693153289	0.013519769473925294	0.01318943450612013	0.01381366346352667	0.014523809134865307	0.01372543881791298	0.013616243198887011	0.013947064821033067	0.014107153869505729	0.014424799440803288	0.013835467386154258	0.012487258003186261	0.012996089372749254	0.014404852047011812	0.013479649498868027	0.013730131379380178	0.014577060251634293	0.014497698876940497	0.01446396262329246	0.014434578364261614	0.013069075860514135	0.013950688031937934	0.01372423808440692	0.01422211880576501	0.01370684322782955	0.01461277287640597	0.015177831320982826	0.012296333335961944	0.013459863320368472	0.014230912541996137	0.013480701570296011	0.014133161752715846	0.0146060342889775	0.013158936435771174	0.013519148275402158	0.01391993001990338	0.013426281153913446	0.013547187427867308	0.013678124428855201	0.014305989262658412	0.013228279950631052	0.01379054771707467	0.01338030626847349	0.01423402644850322	0.01426939275273998	0.014122838523979412	0.014208358311795151	0.013650414189146311	0.01351706144213255	0.013434314136822246	0.013447502397446784	0.013108745492975247	0.013342555809990974	0.013035644647835456	0.013770784850888172	0.013841363153522402	0.014436248362714272	0.014190814434504172	0.013404100041974374	0.013311299089695281	0.013063950151149693	0.014099673715853274	0.013009964952593118	0.012264712878493449	0.013824017763311236	0.013589827263735244	0.014302923797709517	0.014427482586375382	0.013788217126318069	0.014691604704806452	0.014376000237423853	0.013201818123757854	0.014575693324818347	0.013557579391622372	0.013049821531912038	0.013287954429572132	0.0	0.01413985473482548	0.01383187351318223	0.013935791812700427	0.014155610148909375	0.013372091028262876	0.013772940688980386	0.014101771566235157	0.015261356703799073	0.013816659756937164	0.013723808546184857	0.013278786732855746	0.01374657440531984	0.013818084147993659	0.012534424221692313	0.013563875007897068	0.01332550827896004	0.013626477593901475	0.014254554930602372	0.013731345506565556	0.013560770294046487	0.01439259749777992	0.014138263974198624	0.012763630397106452	0.013936624132668997	0.014376187428973886	0.013770978060347936	0.013664780480444467	0.013404923894898446	0.013759852880247954	0.013938292312511768	0.012876984268681422	0.013605749790031662	0.013228176998738475	0.013846275839697686	0.013384748287601968	0.013218225471132366	0.013480762633002442	0.014242792090651721	0.013633560153992611	0.014037118816540725	0.014100552940289935	0.013423520161409505	0.013591292091719815	0.013815227786219268	0.01342828577711167	0.013092723895879755	0.013215840742990292	0.014125304663632716	0.014984001366280529	0.01405097211260304	0.013506166183378956	0.013429341035250458	0.013556390966030406	0.014077973193437955	0.014016560257562904	0.013203727998635022	0.014448790301185921	0.013819336563014501	0.0136202725167698	0.013950552156964939	0.01453655313795676	0.014202707081781436	0.014484014163563739	0.013627191760321225	0.013481145111604207	0.014364022433209276	0.013122617206019968	0.01350565587760628	0.013283493278611572	0.014514820571710031	0.01368064819604286	0.014438007211058574	0.014604472694578456	0.013566517033707017	0.013778440961067734	0.014232944360424825	0.013514041745632678	0.013750644514297172	0.012758652443903286	0.014084917018180314	0.013683038799113114	0.013632751000859646	0.014523742894143021	0.013523061081423452	0.013241617739957794	0.013417555009056866	0.013792030287080653	0.013849305618737184	0.013836358007770848	0.013861398626630448	0.014111634704839345	0.01428787582048834	0.014160540885720396	0.013532210910194273	0.013783704108329922	0.013397462505957717	0.013400924376550159	0.013669328042295559	0.01374443298472096	0.012847303720175639	0.013997789634133168	0.013472716679801164	0.013918812684913623	0.013881654934057162	0.014565854628137231	0.01435798108913184	0.013647515252568338	0.014906123000409263	0.014472096030059589	0.014354213024993108	0.01430503726337806	0.014176447237665653	0.014106037805821441	0.013309500084103549	0.014302175241087014	0.013152050788740037	0.013743680437738721	0.013975562155985687	0.013157385782640583	0.014185950845119874	0.014317943391376136	0.013750219235638995	0.0131065698973924	0.01382951430887497	0.01338418332981908	0.014088620572130443	0.01359855765417955	0.014217268431817262	0.013265697491137578	0.013335441110833148	0.01416750439356504	0.012906588428408954	0.013369305556129831	0.013278988511428488	0.013189718856477108	0.013650161306260289	0.013455672280418331	0.011622563312097623	0.013730062765599946	0.014493510888134806	0.013855484767736905	0.014276878805757193	0.01388746251968267	0.012910805057175003	0.01344025147154255	0.014313812735306703	0.014014820714883247	0.01415276585113374	0.013514754794275368	0.01392635076950633	0.01488538692693659	0.013674620345415913	0.01340220401614058	0.013360655994919209	0.01285147966925481	0.01334073957655219	0.013238712718828996	0.013871445885337176	0.013800167473188968	0.014297560109797016	0.014540133777597237	0.013664671385122992	0.013578543540063916
fox	0.01407384062040401	0.013363538593325404	0.013257017795566666	0.013769533400119903	0.01400889649358778	0.01530301101643211	0.013522533117562846	0.013708305819562238	0.012095271379043844	0.014835967667809096	0.013477656872567405	0.013858986176309197	0.01361928650632648	0.012346801765302366	0.013553460102491689	0.01423222391559731	0.014021925275060848	0.013672873461312983	0.013664617305855626	0.013660447896619963	0.012669231844721091	0.014829772106958482	0.013947831449445202	0.014072833226582326	0.014351282728718686	0.012968506732784841	0.012610157612359374	0.013932788106815603	0.013655664288047271	0.01421550068441783	0.014050373903741366	0.014341205261274923	0.014351606877517934	0.012993616069949475	0.013667549213776251	0.013823822008685413	0.014196452419968576	0.013657509149204066	0.013526980643456707	0.01439156455834099	0.013495576365311726	0.014331239299838941	0.014285997713642392	0.014504478703159551	0.014801714217301153	0.013578048740027968	0.014621121787362534	0.013773167346141306	0.013506383605483716	0.012123379068927393	0.014126899318118865	0.013659219883735123	0.012548592532746695	0.013580745548626573	0.015075532920001949	0.013313033649035131	0.012808811169681753	0.01452631905814189	0.01317617572366611	0.012700258324852887	0.013242548046587166	0.014037420637492262	0.013348758386713667	0.013149041517543338	0.01310805989401734	0.013049313064239782	0.013276728518730931	0.01409805266651184	0.013675800291857143	0.013429401214783677	0.013965712875269818	0.013187486880370048	0.012680545633213974	0.014720942745383015	0.013445305198416151	0.013281574632690737	0.01413985473482548	0.0	0.013759207272137544	0.014876020937734631	0.014189255892996182	0.01447314234109007	0.014440940526224919	0.014547867790855856	0.0133303499057762	0.013938202198131274	0.013505870137526492	0.013637677141452826	0.013060906769791854	0.013499208131815328	0.013971545895482794	0.013444328942810509	0.013932607958352139	0.01440267677703698	0.013707193762288268	0.0143984532393576	0.013401809824722815	0.012421904236688278	0.014304264918315776	0.012500958595237397	0.013374584098954955	0.014288907373481036	0.013309529307058874	0.01340381175394223	0.013956104831908664	0.013495818116967841	0.01295956338900563	0.013749445968568757	0.012874122097627389	0.01394390875407425	0.014097697380501262	0.013441585987091588	0.013033322781028952	0.013538823965858586	0.01392787853713573	0.013144168204814854	0.013721170177383713	0.012808425125989113	0.013647131313086541	0.013980805881885898	0.013984344984904768	0.013902040171223035	0.013477536326078813	0.014344241521850438	0.013385980742647725	0.01406738788768907	0.013061144720460226	0.01418460231115986	0.014554391977648629	0.012864010159772343	0.01350742917875217	0.013763588936763294	0.012288405986959731	0.013192448222718525	0.01473677712736219	0.013827860751124505	0.01450511172894496	0.013823167907951128	0.013501957209896718	0.014424909121510851	0.01413259678827314	0.014288413808534364	0.014733309239478003	0.014055418476730943	0.013284724739020221	0.013481586942046129	0.014399714761054354	0.013232523838352751	0.013404178176999739	0.014792704993899062	0.01397334057936785	0.012501058836170937	0.014525094855788201	0.013597138922068484	0.013785827313437995	0.01431854116284532	0.013551455277845167	0.013160457681676124	0.01377781550341586	0.013556752718720873	0.013845303703033622	0.014328653777778977	0.013438127087571645	0.013763455186713028	0.01404040001197572	0.013222087660662265	0.013612876369318523	0.01364137082894409	0.013783879092670683	0.01418573497019473	0.014242359297713766	0.014042595950047834	0.0126824637556174	0.013534153861394194	0.013488608681170295	0.013778297880198803	0.012421040666180251	0.01351042345213402	0.014032551012336388	0.013471797218231212	0.01340700489992614	0.014291041798277006	0.013657016991098534	0.012993228706189505	0.014057619621260176	0.014417179644619053	0.013604127100703656	0.01460244131778126	0.014228148786751453	0.015093332421407599	0.013242190511112674	0.014576933841115676	0.014185584093898316	0.014876816940062765	0.01455505953587202	0.013480470637332646	0.013970958016788104	0.015225028199988135	0.015078957237008618	0.013922274570487305	0.014818498913143567	0.013749009879768091	0.013963898880034274	0.014518067821407916	0.01443997266627784	0.013726534699630335	0.012717572580173957	0.015071123252549189	0.013669597174053482	0.01474463332517352	0.012397086617081427	0.014311196723705837	0.013481928557042838	0.0137211482070935	0.01364445328351687	0.014631642761043746	0.012989494202676992	0.013380992530721274	0.014569718973758094	0.014446873614741187	0.014014936198544992	0.013093213675115723	0.014523436892513796	0.013869070208155981	0.01431935916999501	0.013366491576297913	0.014169908915432496	0.015319171935812606	0.013155860586604022	0.013124547330942688	0.013678632459361762	0.014025135849361915	0.012968461675801386	0.013383911806081204	0.01206393869952287	0.013024872785639678	0.013906471930714027	0.013600585290083109	0.014513081354749107	0.01346331515489977
frog	0.012890487140471547	0.011339022942337866	0.012398761710206943	0.011196810560567984	0.013218927163745677	0.013797944613518472	0.011904428318306954	0.01176507619332643	0.012733387035111312	0.012601456237062277	0.013283365796192137	0.012499546993725897	0.01229985966903931	0.012722066890593336	0.012841789172756413	0.012146612707972586	0.012869658172974127	0.013520407098230356	0.013523296951705904	0.013235416603889976	0.013034432934385949	0.012657840678196608	0.012594600134775686	0.013203741799038134	0.013261049426868635	0.014330447419689524	0.014502166516843419	0.012577163917073553	0.011747301165320473	0.012643584724419413	0.013195010308880404	0.013704182612882539	0.013257994776274958	0.011621375420805458	0.012420565634246093	0.012130250357392099	0.011876050497760976	0.011509565722187913	0.012022881461649546	0.012790109573725299	0.012581104563532862	0.012988792716593499	0.01140100681248065	0.014354255831562883	0.01241824304316173	0.013114037102695188	0.011540657227610716	0.012642320632259663	0.012616938050363442	0.01201363434185469	0.011265687677810157	0.010833140480207422	0.0130813384707774	0.01181667778546183	0.012287829356338492	0.012883266911116097	0.012426272187351933	0.012683291597928206	0.01261169854099749	0.012159696738025368	0.012312552549190775	0.012712034603994789	0.012677965065593457	0.01177981606045919	0.011634715968207188	0.012914839086222676	0.012248389241435296	0.011531766449490211	0.011521254122220286	0.013565794700339882	0.013558724826118444	0.013494575415518526	0.013329027694938027	0.013226140527981269	0.012670690488361076	0.012874355123484806	0.01383187351318223	0.013759207272137544	0.0	0.013199741927942701	0.014256683549601034	0.01310420588800146	0.010559047718909973	0.012159863647574811	0.0143285176500973	0.01204855229389113	0.011447890339077666	0.01242904993767838	0.011415512547637523	0.011834458626952331	0.012077706852079019	0.012648549574898355	0.01243784468897318	0.013136924415095952	0.013992821807713465	0.014237671553959455	0.012265873967246974	0.013172139126861044	0.012114520292521332	0.01345330937080989	0.011884552109411502	0.013308780881938551	0.011705264445753136	0.01184674144827322	0.013192693059160644	0.013288233679443063	0.01405056154512897	0.012288627578848249	0.012387215620425987	0.013479004348908188	0.01333859595292425	0.013337652481673744	0.012206666339580617	0.012280569104224094	0.012179282485350605	0.012595839634501711	0.012055806167246575	0.012249930164924688	0.009973430784745397	0.013158585331943043	0.01162884994451934	0.012426864250222611	0.013385866375845648	0.014658368179079378	0.013321789906785808	0.012754522309397134	0.012839135120888825	0.014015601837508307	0.011720970665528331	0.013328382201126181	0.012476907318457221	0.012774384141848562	0.011683227253333397	0.013126453237542975	0.013143104605050264	0.011250012622830105	0.01348085991981856	0.012507674704751321	0.013015521320128396	0.012737341114191236	0.012215666876705462	0.012146376926444668	0.012970114468946208	0.012357365030674038	0.01249584156833779	0.011496005476547918	0.014103150251465768	0.011823692878888537	0.013663454802798293	0.012818244696005034	0.011684418698534921	0.012484372064313012	0.013340881054115898	0.012862954533590232	0.01289940628097239	0.012447284059614839	0.012228863102307109	0.011445777006256286	0.011529249358638192	0.013387066170370271	0.013080408157801175	0.013579669413072757	0.011949215521968195	0.012694458843017325	0.011894139980336692	0.012857274077253083	0.012648291431473849	0.011947975222440597	0.012913798549747222	0.01185315629544946	0.013185015129942848	0.012279136005268637	0.011093780847042333	0.013540986840415907	0.010991129961797987	0.0117208067283901	0.012757592177937278	0.013939771561279108	0.013224909060158925	0.012083345355082167	0.012943365640894287	0.012280601993093568	0.014100782256032484	0.012629045123401262	0.013584383744872417	0.010444539261391841	0.013502613966722922	0.012802772119183929	0.0124302581713369	0.013303138696061605	0.012302238943955459	0.013137203686805455	0.01249542300087761	0.011428806152652656	0.013891200630446137	0.012046582664015043	0.01335571814823877	0.01327250078276329	0.012634370925798841	0.013561106651418554	0.01399216039101312	0.012321810408454347	0.012559906856562733	0.012222524898310978	0.01172401202031854	0.009961020426003157	0.012347305603211017	0.013260783445619555	0.012459446267568975	0.012518002123366657	0.011119153128253954	0.012758467046143404	0.012264196504742192	0.013022955661241571	0.012895899583734643	0.012541965554743637	0.013140449251773743	0.013322920652621743	0.01191695257626884	0.013318277648588943	0.011878710083719178	0.01197482157141064	0.013253079271972	0.00858417710495411	0.011179071076944604	0.01262054427086781	0.012563464656113394	0.014787283427594255	0.010122589532411614	0.012701086809070066	0.012578717535091955	0.013300311406827671	0.012171520012360423	0.013020029722734514	0.012867416038476756	0.011895205925513533	0.012014032030572814	0.013414207436911678	0.013986894762978012	0.012036569330827734
frogspawn	0.013850178219238786	0.01367422810567333	0.013113243305750096	0.01349288601088509	0.014030549326188834	0.012339813063402235	0.013913270586227745	0.013996948411423911	0.013427779997733863	0.013615841917246473	0.014228177474298515	0.01461971173381183	0.013903881813607221	0.01399578509390616	0.013117029291585867	0.013032635297042714	0.014138703881445582	0.013662910380632276	0.014638847438945946	0.014368777065814858	0.01402670656979039	0.013642850199059732	0.013468565196536764	0.014381861109788358	0.013490821505044825	0.01512654652835025	0.014737483626153333	0.013197200036378042	0.013481649015008514	0.014069440018736647	0.014133043327945185	0.014290232961686078	0.013653861078503195	0.01370264403549299	0.012894955861234549	0.013580170609201234	0.013707790627711922	0.014058255508005551	0.012965823505856379	0.014168580116217638	0.014334031886943488	0.012623202551218383	0.012265570469155695	0.014104114422306538	0.014086559026983999	0.014734823215931985	0.013762678410175415	0.01375836182370923	0.01388983599508597	0.013996427670625715	0.012092455247891489	0.012920801584431298	0.013908141311957509	0.01312592727023327	0.01224676883572419	0.014163799688099811	0.014054403157957283	0.014542438293080447	0.014187526102878031	0.013885014389996368	0.013197058903574112	0.013774207040190693	0.013337983427512561	0.013172652012048773	0.013726659850489167	0.014760261362461365	0.01254042910635506	0.01311540982073868	0.013703053344429767	0.01444176262479666	0.014071333755004176	0.015185149733562673	0.01399025412358673	0.013633210266348655	0.013422584305767054	0.013666620925112954	0.013935791812700427	0.014876020937734631	0.013199741927942701	0.0	0.014168290653351567	0.014592290902795554	0.01358128568211546	0.014241777289506097	0.014603337799994296	0.013561277678727607	0.013691976412810187	0.01221719363585123	0.013797761227265568	0.014458018196888998	0.01352916167815794	0.013972003668647051	0.013862219592325288	0.013580426253541214	0.013413914379761813	0.013175728887336978	0.013338927500818226	0.01383604904100784	0.012425506047189649	0.014348206078919089	0.013795625412499474	0.014220514596178005	0.013557587053434466	0.01347192248379877	0.014055992109733698	0.014504474249234414	0.014479516719099337	0.011627991332438099	0.013910556312344183	0.014130002320332853	0.013532164809950911	0.013677307342741503	0.01396541661929108	0.013095414096890325	0.014395426036644721	0.014281210814665766	0.014024807229211797	0.014602366484655557	0.013639170497545981	0.01405421685615227	0.012618147368187095	0.011736146589126775	0.014525549782958194	0.014951569834854345	0.013867084704007174	0.014233589521736898	0.01430107724162983	0.013378482924303102	0.011842197246226592	0.013700865334737404	0.01415456126349975	0.014431556493678128	0.014350358443905729	0.014334223276940441	0.013691489885499475	0.013826755688922977	0.014260725690138358	0.013911527988514798	0.013721577862918192	0.014066003368573148	0.013200721588260694	0.013380815906960884	0.014336243507619782	0.013070985161390486	0.014143467871035922	0.013813634828091906	0.012744252052358436	0.01348380543893344	0.014992595961670878	0.014234804476476928	0.01421495563239293	0.013642997506470458	0.014613492444759154	0.014119123737819362	0.014232638813853647	0.01220592841908984	0.013825231970078766	0.013659678538988206	0.013304332147184168	0.013755359967798149	0.013447899317980183	0.012964753574220366	0.013263839677865832	0.013657446155387845	0.013349869160210782	0.014258584255118835	0.014085202300491017	0.013864692946476673	0.013594429048987444	0.012928340147732476	0.014766401487616038	0.013698631278355971	0.013617900074074308	0.014478511263837583	0.014036020883583505	0.01415609893611185	0.014008131196405036	0.014873904999375201	0.012848255525265502	0.013750252626612815	0.01428120564648508	0.01380156037781955	0.01490926273091444	0.014058545923600823	0.013461709912526926	0.014014540649549932	0.01320762129598205	0.013519111845919736	0.012860119420581266	0.012314077719823431	0.014078830086783895	0.012951448039554088	0.013265505648763576	0.013481601128815595	0.014654569846553752	0.013508484739783042	0.014172292137863396	0.013883582898898563	0.012300550670325015	0.014669304982972378	0.012310989674909375	0.013602722473832547	0.013736885167723357	0.012624649426071981	0.012576778437717715	0.013712548372629951	0.013813863183194735	0.013510484892355462	0.013866617040357463	0.013391860327009057	0.013793640481261575	0.011934555533075996	0.013998733400290356	0.013947981904459275	0.012988135656494013	0.0134613769068443	0.01449383159483751	0.01417622437648233	0.013549856803723418	0.012485842967758946	0.013225490398672655	0.014030133557250158	0.014509334996449937	0.01321880442294164	0.013464697786636604	0.013931936406923608	0.013760734488959727	0.014361788503099139	0.01292870099483351	0.014186907059733583	0.013732814441903232	0.01326598641494251	0.013824494170421824	0.01347074780573761	0.014568419346433461	0.01383515604169566	0.013977724193228984	0.014216266264271972	0.014856372538398405	0.013344727080380729
gadfly	0.012767705134435602	0.01390676734692688	0.013663562129749991	0.013541660049199015	0.014281300511989826	0.013893843098634874	0.013892394420269107	0.01431972469234239	0.01324475983266634	0.014184856654676172	0.014011058211361872	0.0147682851368487	0.01438150193230046	0.014940772064192191	0.013746569213089161	0.014323965625739971	0.014101035217850744	0.013762169486154859	0.014073343424721284	0.014774852499129966	0.013284455837721676	0.013313757604164643	0.013723878721272342	0.014857748383293621	0.014208053202643551	0.015114387490059833	0.014470291938563558	0.013150248007223824	0.014570421986548218	0.014308442520313802	0.014650669635114895	0.01451359493523257	0.014659298126295623	0.013439383776391773	0.013837440857017814	0.014820198135391404	0.013699329963517472	0.013839585481198948	0.014285227985365993	0.014598359018799426	0.014149117254311592	0.014641010125221414	0.013178809563379357	0.014695128093664895	0.01444817875667937	0.013819024924191228	0.014441853644282063	0.014065524140290213	0.01382958740731316	0.013688557551605996	0.014179506670679678	0.013716884490994492	0.014397946584632157	0.012825768227485521	0.014183053661700622	0.013618571095476031	0.014584224633685526	0.013995070932956067	0.01447668146772459	0.013714074433909618	0.01347682235454502	0.013737397188865281	0.013834291514018403	0.012976692869397106	0.014180589983865972	0.014549755692634076	0.014054208394624354	0.014368361724825083	0.014157142993937357	0.01505626887961692	0.014443749972473434	0.014359441110726394	0.014332597039322699	0.014507943921239117	0.01458129016132493	0.013481112118267349	0.014155610148909375	0.014189255892996182	0.014256683549601034	0.014168290653351567	0.0	0.014429522605020497	0.014716512574226095	0.014420272605585847	0.014345886547419083	0.01401177777441712	0.01370321662201241	0.013607913750110699	0.014407444535295837	0.014744014656877927	0.013390290494738251	0.0147423761100213	0.013464753717275397	0.013713423067642456	0.01358434689703805	0.014049075481522694	0.013513702825545683	0.013739507636977222	0.013833533287903217	0.013896624937904561	0.013872643510171595	0.014242497598867159	0.01401925397523933	0.014682204773503859	0.012761834075530507	0.01434290746005504	0.014662429710634204	0.013071660603990185	0.013871520554249164	0.013664235823004182	0.013710085650682985	0.014171647889691972	0.01407435774606439	0.013819519785285386	0.014187303988026883	0.013787745024457398	0.014496264217647763	0.014175568109404851	0.013984261583309574	0.013782738968528078	0.013683259095039734	0.013173482208585371	0.014006683473516206	0.014834571703107646	0.013578043229796095	0.014484034134587164	0.014534516666109647	0.013742801824121693	0.013595146264680441	0.014384479881392142	0.014207826401684302	0.014196217377671854	0.013327285974326563	0.014033695594001106	0.01431065723831302	0.014003838047921316	0.014245611665456667	0.014394063823769433	0.013116260240449823	0.014262616853989794	0.012927982260903534	0.013640955894982447	0.014378538756228618	0.013922186567234067	0.0145369232086495	0.013975137237593367	0.014449051750943092	0.014002899745156805	0.01454941495505036	0.014340740538254636	0.013795133720654607	0.013555908776319356	0.013860867870899424	0.0140078162327749	0.013551631745112147	0.014429924181024827	0.013871657389547244	0.012989332454665858	0.013904544698724468	0.014543043611175272	0.01395897394666582	0.013632332895867237	0.013575812476842091	0.014245967335479654	0.013807173472321457	0.013882147826047837	0.013325367957279852	0.014229395496897777	0.014344341156633354	0.013937739857315492	0.014929791981406156	0.013885942978870641	0.013616208942543865	0.014068165163435559	0.014173016606614675	0.013718187582519564	0.013628237002692035	0.014936303054168631	0.01412548692907069	0.013764843365929784	0.014012614204041937	0.013954174876704206	0.014083790683848178	0.01368909640601149	0.014010382055801135	0.014253715296312953	0.014585699580161132	0.013315911926690486	0.014195600262113084	0.014827222508235918	0.013505647929028877	0.01446616669661303	0.014451146481344483	0.01394227350432645	0.014831317831442838	0.014134898067553804	0.014097298481873046	0.015253482268896716	0.01452921423262328	0.013775188080399164	0.013339139839289632	0.014245159965795638	0.013577698051743794	0.01404313739813549	0.014128337899363554	0.013978184345841574	0.013714491335424451	0.014383201194433017	0.014011091174476124	0.013632479935343347	0.014029008708186472	0.013606821024996645	0.01386619368372201	0.01402028198181026	0.01299021140073538	0.014599277472555103	0.013928297090544417	0.013798636895328427	0.014356355295239556	0.014294292778354192	0.01380680560497373	0.01398769567524854	0.013370688491784586	0.01419562675861884	0.01459837179273486	0.013683392183935893	0.014574835152659425	0.014814687365072663	0.014108405815252129	0.013467125489571186	0.012903625650110575	0.01302196342747153	0.013422463855429721	0.013861231814734832	0.014257733276345712	0.01358042868404576	0.013774652897606727	0.013939783187797762	0.01381487874819694	0.014502216357767717
gazelle	0.011787283387379999	0.01335554022986209	0.013806024609605195	0.012940701898204763	0.011778081654918284	0.013965799240369383	0.012889198856651064	0.01207181521502727	0.013053069050114925	0.01286291716617542	0.013099314660419052	0.013751195080160287	0.013467847384805156	0.013539331322960022	0.013612449738524941	0.013292346549902023	0.012669069447392024	0.014284495198366318	0.012194787729256005	0.01242999522848896	0.01376610471730937	0.013195695726755751	0.012134977736404196	0.01358447605487348	0.012870812985070623	0.014108330042620026	0.014749960724701106	0.013088902065944144	0.014126524250870631	0.01199892839743617	0.011756575540536657	0.013988014576690206	0.014434030553676536	0.012804844974660168	0.012650708454182084	0.013494044126950629	0.013711139583999731	0.01341737335996421	0.014069599133045809	0.012647722084231159	0.013187428316495187	0.013915625418576986	0.013658938651464569	0.01383600378722895	0.013623147373687692	0.013876368100678344	0.013351102302604976	0.01414003927732435	0.012985017766727574	0.012857865859749582	0.01401456565986028	0.012024327091551474	0.014032201422170605	0.013493704590307338	0.013514880241936866	0.012921379493554713	0.012135917445195534	0.01340359419553203	0.011988536492486889	0.012845708127390467	0.012430914741030887	0.013467108740742433	0.01375395503425563	0.012619858618444975	0.013496802568072161	0.01297370102745466	0.014043845793576815	0.013738872499570544	0.011937637376115997	0.013308610262907226	0.01340406949121811	0.012975895643008712	0.014157166418446327	0.012588454709658916	0.012651167621856606	0.014037818166726161	0.013372091028262876	0.01447314234109007	0.01310420588800146	0.014592290902795554	0.014429522605020497	0.0	0.01251572655908506	0.012327653597699278	0.014123512067966916	0.010865928679169658	0.012491169657876458	0.013706195125808092	0.013012102921512819	0.013230538822780863	0.012710964820086164	0.011923669712778182	0.013094301270467259	0.0132335775594767	0.013660472536608338	0.01374587995708883	0.012880207748549357	0.013268318372373283	0.013286149160366528	0.013159737020942208	0.013282190654443311	0.012644616637250144	0.011477590056415368	0.013550803707310186	0.012957234486897022	0.012578917109198926	0.014929145069511887	0.013539700169148792	0.01298189297797051	0.012108346770646355	0.012774645723947401	0.013412934285707239	0.012532341561346303	0.014260521502609086	0.012544597726817798	0.013024188243127222	0.011041752953817327	0.011933295911396278	0.013315070530638651	0.012175992183815614	0.013785774339365807	0.01325101104126685	0.011331871359820313	0.014533061723158491	0.013583127379041136	0.013097049965050532	0.012599670009314558	0.01392041304947455	0.013588585603153337	0.013149682624855325	0.013671857192377235	0.011655029454282886	0.013086663023816053	0.013782450873565855	0.013998838470288887	0.012487449820686987	0.012779288551891931	0.01411768731118805	0.0143112919023072	0.013299547282938598	0.013152476896892957	0.013962361224011375	0.011690047465092588	0.012115304504323307	0.012436599727171184	0.013064118635573432	0.014494764656925422	0.013058521523057228	0.013444312155192421	0.012931074539088943	0.012814669414155735	0.013398920720117575	0.012837790998191434	0.012919569324175716	0.013856317327697898	0.01317842283271824	0.012387647188040132	0.01334782840491005	0.013289735988336198	0.014388309806958885	0.013317350094983447	0.013839246885022818	0.012684976032253477	0.012586435631779533	0.012027704018333123	0.012650694054088368	0.012821558643994525	0.013040588077038007	0.013644116181960202	0.013550730191888022	0.011333758711135759	0.013190336454997236	0.013000835891165283	0.012351605686939477	0.013074533109377728	0.013993432847424124	0.013724490896829467	0.014934331073804088	0.013550824147645883	0.012350332044317222	0.012359657983787081	0.011905085723966913	0.014497756516056582	0.014061734099761245	0.014309232409666276	0.012846724344028925	0.013924735542662206	0.01387072393276777	0.013182580801538654	0.013786420164815629	0.012602333745683193	0.01284040773200041	0.012247927215144932	0.012627583292974823	0.01388458811525684	0.013121231095265173	0.012957906964830089	0.013922997237888169	0.01354095465747708	0.01322709969495233	0.01361359603382186	0.01314734265292085	0.013232290267407654	0.014329739745454026	0.013833417107265163	0.013493146963470572	0.013330638812786315	0.012988229008631422	0.0140832201250731	0.013740557873761328	0.011959567524539005	0.013279562891674661	0.013090162083682988	0.013162543732322687	0.01345244921733876	0.013252047097139098	0.013854800727017723	0.012985750360481264	0.011173654530150132	0.014284134404294024	0.013795580546374784	0.01239826153072359	0.013638469325043845	0.013146128413894335	0.012345853741384112	0.012790092740590373	0.013769153401659278	0.013197109585455127	0.012926722393150937	0.012769701566855021	0.012534915969346805	0.01296797050782297	0.01265456968707927	0.012898093232377238	0.01291747371062017	0.013379988390565032	0.013107257705557786	0.014161956881814737	0.013041936723185411	0.011887902521543205
gecko	0.013399977111327005	0.013041552481947221	0.013000756855601713	0.011796213191239337	0.013261348948050415	0.014160808588200149	0.012079657876095657	0.01249240559503247	0.013945548642784132	0.012867801088232494	0.0128687566321457	0.012931267076614962	0.013588790603771378	0.013978157042461116	0.01404612608396143	0.012921703748477788	0.013547518286455267	0.014392598036562754	0.013719912975646668	0.013282058249448822	0.013467303958520313	0.012781275713425	0.012944942511604282	0.012662641431764998	0.013276439609186293	0.015066958008594067	0.015264463086200157	0.01328046098272155	0.013030058168921516	0.01247646414126133	0.013260963949394635	0.013997484019103943	0.014355790317161325	0.0126268043159907	0.013420200725171258	0.01290924573645037	0.012600503689642707	0.011300428957686723	0.013354254572494386	0.01376589511794132	0.01318826538671108	0.01343593797102312	0.012166612965068107	0.01443559400365859	0.01293941486904884	0.013537101609476894	0.011635121205208114	0.013423764166059862	0.013944860034212041	0.012928803820542178	0.012590095848111429	0.012045312357522955	0.014366197567050458	0.012638505440124721	0.012323268279015356	0.013550389867412593	0.013794277128920118	0.01230828441518834	0.013005914906129729	0.013060208167522805	0.012746426935306287	0.013705287348503556	0.01339492226132135	0.012767596547763436	0.013155133511814878	0.013434874807625077	0.0135935815150331	0.01256993133925751	0.012347317237492302	0.014366818145013697	0.014230321669849564	0.013398703463187523	0.013829227831244439	0.013256079913813485	0.013511184652072487	0.01356233294838148	0.013772940688980386	0.014440940526224919	0.010559047718909973	0.01358128568211546	0.014716512574226095	0.01251572655908506	0.0	0.01172827735869627	0.014243792686298282	0.012246704638093811	0.012799652914138777	0.013715298039824712	0.01368347000331485	0.013095688501124835	0.012603317934916133	0.013050824795811027	0.013574817292926606	0.01359885826812798	0.01431833202734697	0.014416157730696835	0.012627201918951243	0.014161025585148897	0.012462452966209615	0.013677585791982276	0.01283089570558168	0.01431984007102493	0.012388971012125325	0.01138351165257538	0.013216976598410994	0.013283764375048074	0.014054330533198031	0.013316982971856286	0.012638198142275868	0.012525689380026284	0.013499829631487888	0.012499851988933705	0.012663292753804536	0.013541415335940762	0.011865984538440864	0.013004136868308402	0.011858186581938381	0.012622028809034973	0.010046131931693202	0.01332907339336909	0.012503254302051826	0.012973040901817718	0.013307647743693132	0.014650878883012674	0.014330809954511832	0.013882080744069401	0.013269754568926888	0.01445408826899194	0.012136978354590454	0.014034848254179727	0.012859132011002057	0.012118786113378377	0.012349930648014078	0.014094275086441893	0.013461845000398072	0.011904075240366947	0.014434019916306457	0.012738596167534016	0.01381427872610235	0.012560750532759103	0.013547120848345305	0.012928441813181044	0.013017330589834075	0.01305632138316365	0.013254856136289461	0.01248174628640842	0.013931917538299617	0.012467956285135029	0.013819924530878309	0.012970625768800264	0.011873446005312593	0.01323504545289125	0.013984333437517846	0.013378690345588846	0.013208539408966073	0.01329813383589144	0.012997073705777016	0.01278338283316217	0.012704969973619164	0.014717809935412026	0.013527795258409903	0.013862594294893666	0.013232071528641719	0.01337083133683168	0.012428896624395334	0.01409920935060618	0.01346843085552235	0.012375517347658254	0.01366715589553151	0.012946886012329432	0.012636742632790254	0.012081272964290927	0.012662269747381296	0.01350053526340296	0.011599205032005353	0.012812570620330047	0.013384490368911121	0.01377244639988347	0.013533858622094705	0.01249189773293169	0.014248993728313836	0.012569505864374934	0.014238480493041978	0.013456870029731012	0.014351600034362966	0.011642601660869847	0.014538979490099732	0.013613803806970479	0.012902719396285036	0.013368384139333058	0.012310423708468592	0.013144947685512845	0.01284942730476707	0.010966335757007697	0.013951135693663342	0.012484009901111101	0.014079570287485054	0.013804531768548673	0.013428753088704592	0.013403754729413755	0.01381120978480931	0.012772181937235377	0.01244880585417147	0.013157836242079559	0.013098914464255507	0.011184788126621603	0.012650467266308873	0.013315527486309962	0.012637376845612584	0.013070746839749575	0.011598508659657662	0.012948803285474646	0.012437410059502859	0.013538327133926198	0.013388895768609292	0.012871214254483008	0.014496193464553924	0.014155498768056713	0.012525399864730963	0.013259498577340871	0.012644083849602172	0.012553983583490946	0.013679750636652466	0.010994827132376548	0.011382528287215912	0.013007048335235045	0.013995334636474677	0.014069406659792697	0.011726351313379893	0.01253071662810115	0.01317278525811068	0.013618049759277821	0.012656791128342322	0.013619417643348213	0.013298564658047756	0.01254014304942748	0.012452929903421082	0.013191054787256476	0.014394294321307613	0.012565448548807591
gerbil	0.012933485746928495	0.013157343753178697	0.013510244733560892	0.011804284428613844	0.012367418678046773	0.013627288754711584	0.012780104927496089	0.011182701449404501	0.013476512509724519	0.012521239600571115	0.013671700781226924	0.012690343253528046	0.013807750916158396	0.014034811940476032	0.014028683746195383	0.013173486166672807	0.012438146707030882	0.013631278972508326	0.013660328255604471	0.013564090017410426	0.013889288635725052	0.013502164146319544	0.012738269336532654	0.014278234349390895	0.01363832558413725	0.014615444461686602	0.014396866235763249	0.013443446467228623	0.014405567737310809	0.012795674211112123	0.012906920201124146	0.01390653820883426	0.014143257650483076	0.012803604374307434	0.01383854324261706	0.013286090918132397	0.013176155550973956	0.012175538482728397	0.013570159029512188	0.012539536449827422	0.013621730621644332	0.013879658015140699	0.011696333791668458	0.014271653689223984	0.013123259673058267	0.013511291968254251	0.012224200462982296	0.012860714419546613	0.013176763763523152	0.013178428657561699	0.013521951034926394	0.012351762365070414	0.013736369917192683	0.012640207236462166	0.012640712399926313	0.01223131788892758	0.013269880987152167	0.012478116669821682	0.012828097370212833	0.012952494085522853	0.013446097537879955	0.013508363815366044	0.014431030899827921	0.013939796662331755	0.012943091290135052	0.014067754427695166	0.013196158470136261	0.0128980740070681	0.012608358323837308	0.013724118175197496	0.013985300684155497	0.014120799702580136	0.013185667228800546	0.012660476489791657	0.013499502351768045	0.013258392067835197	0.014101771566235157	0.014547867790855856	0.012159863647574811	0.014241777289506097	0.014420272605585847	0.012327653597699278	0.01172827735869627	0.0	0.01385148809219284	0.01224669881184773	0.012523408693875185	0.013343310113162697	0.013517321918140654	0.013120185982692746	0.013339674743224936	0.013179215722115879	0.01172059883090893	0.012996048744583934	0.013742359677186667	0.01358817280076922	0.011955455430887958	0.013508692729219706	0.012485389433566812	0.013806851666189167	0.012250989261488243	0.013808323014751165	0.011751973281375646	0.012935625766617087	0.012767115748004099	0.014143122978001972	0.014620819960338781	0.013636672358751918	0.013129250227271287	0.013598424816019887	0.01290835417697074	0.013800395786978292	0.013024617521994132	0.013630892385248408	0.011813533112309644	0.012495718331460272	0.012381895966390888	0.013868415908616847	0.012250536573870034	0.01327976898376412	0.013312359935391873	0.01218726589298182	0.014179357122451013	0.015068444902313951	0.014155519483202587	0.014093060590730537	0.012863317502182654	0.014029872456297639	0.01263760837940956	0.013861900239940182	0.012141916811987084	0.010949922923908595	0.012941192072667746	0.013968430882543834	0.01404606288310012	0.011668800565019715	0.013768146475003596	0.012924257799374495	0.014300403761872775	0.012019731257725047	0.013841940328305262	0.013132581566362314	0.0125430190929843	0.012350019460051698	0.013376448686083935	0.012835909296764963	0.014946703238223788	0.013607644984490998	0.0141416923241497	0.012757217877810857	0.011785463396977773	0.01382560397311601	0.012512328524826448	0.013432476615391256	0.014027553074664821	0.013375574009932915	0.01313232965459455	0.012600102751759202	0.01321058216853005	0.014777802501872573	0.01422889258222492	0.013709390646111817	0.012416006745898055	0.013799408388306105	0.011068753806872982	0.013598292208964578	0.012928464077969952	0.0131930387544828	0.01225425681289044	0.013193033969037104	0.014091865741331365	0.01341274126985735	0.012648258911921643	0.013941792802223347	0.011398802104087162	0.013185972377482848	0.014183196951920768	0.014387162393149324	0.013552761584763	0.011519678283659296	0.01355538659040942	0.01197814147205981	0.014227966660941595	0.013704235800432991	0.013261758498642265	0.012955398088690544	0.014329926821311439	0.014132153613034484	0.012578790761221233	0.014301227050075232	0.013346190164772065	0.013171266347786353	0.012749345973142742	0.011318505661400205	0.01412272073603062	0.01262624457224726	0.013058558927248096	0.014264001608288208	0.0137571860090597	0.014281452529041885	0.013923250523117497	0.013192127905529474	0.012193900135531227	0.013319639249482238	0.013136715386552795	0.012407694693504915	0.012835652201537618	0.012604809618245854	0.013500321969888983	0.013539155646882843	0.011491661071568533	0.013528481371582033	0.013211230386318279	0.01324419337482747	0.013301230897173937	0.0136166521609159	0.014817235415724444	0.014462572973943422	0.012105500404984613	0.013457763901295914	0.012520233204675626	0.013538465321960083	0.01322073833022443	0.011775753456544042	0.012298373371041105	0.012968275490363107	0.013398791047055611	0.014419734451785318	0.012645878266582875	0.012657209484888346	0.013239637776151971	0.013976865621277913	0.01255936743476426	0.01348933849545836	0.013742069485038649	0.012238264209691123	0.012171114085391135	0.01367389124445545	0.014558219804881622	0.012432801516567213
gibbon	0.013938607730679602	0.014238202033837308	0.014091840348140882	0.013747904304651953	0.014014341057275228	0.015153588349757663	0.014014434309775552	0.013380744171166832	0.012669258963569956	0.013437020145681792	0.01486354969976415	0.014142103835334263	0.01415240876036019	0.013897567179888182	0.014541238607218987	0.01480662276723698	0.01366625441108246	0.013823147190315976	0.013685616554354246	0.014260047324971317	0.014084627234085479	0.014336300906352809	0.01363116858226656	0.014474475978517866	0.014142009603137136	0.014313598342662133	0.013371669233678886	0.014986481107651722	0.0149759046982013	0.013894209531800929	0.014401239329231324	0.014454388107647063	0.013652396123538201	0.014364624728806133	0.014725422045789631	0.013797639179319405	0.014531114143916384	0.014463503431640615	0.015068353677867652	0.013535383557594139	0.014008277361481934	0.014439396490103623	0.014694424728498738	0.014951518321081653	0.014225053637755704	0.014335663233354118	0.01406030270667633	0.01434493217576835	0.014001319028850115	0.014158510258027512	0.013953807186625606	0.014105156289684116	0.013617322831415651	0.01415822068049251	0.01458671953421472	0.014472231217047547	0.013438141107092265	0.013846536113269692	0.014132937730995818	0.01418681405324123	0.013923638659833844	0.014779786823253458	0.014070597167625916	0.01453742348123368	0.014594045733490902	0.014068959650883778	0.013556240301869058	0.014448117471456476	0.013248621684405725	0.01400162337669321	0.014691526190673054	0.015158877198220606	0.012935932120183067	0.013951083394347254	0.014584658902266075	0.014280930214273147	0.015261356703799073	0.0133303499057762	0.0143285176500973	0.014603337799994296	0.014345886547419083	0.014123512067966916	0.014243792686298282	0.01385148809219284	0.0	0.014147622608909038	0.01427750989171046	0.014154314158649635	0.014013710466153234	0.013819655728968889	0.014140315965354769	0.013621356374857469	0.01400976982589892	0.01368600796138028	0.013497947178340332	0.014286865983912376	0.014186164575334548	0.013460094799519656	0.013745956608948024	0.013691669139241205	0.014118479832368434	0.013883072346454344	0.0135466965245664	0.014295932994087825	0.013525418270426179	0.014891127423833141	0.013858225855388713	0.014823487803876234	0.01380347813045462	0.014202724393276335	0.013794203552253914	0.014441059878708631	0.014294921424205655	0.015061687754218208	0.012809390691700067	0.013221815145303423	0.013923808380432008	0.013828804564271952	0.014454214271471706	0.014746676947933898	0.014243126064241456	0.013556510491665215	0.014576226353301736	0.015158596663157154	0.014149243106397655	0.013845314301677151	0.013278821395143114	0.014355344484702189	0.014049145457741087	0.013984172236148404	0.014190843153301826	0.013418939238082208	0.013379806651373371	0.014295471792696997	0.015371309206073025	0.014303775295927437	0.014100822513767968	0.013150630195342265	0.013597693428170488	0.013978529218586952	0.0144147467051081	0.01397828527132159	0.0139276832917499	0.014266313438848289	0.014024474260551447	0.014197878768297428	0.014319612144181789	0.014291077685182351	0.014550134549682056	0.013803404555952628	0.01343117224256309	0.013056276933613975	0.014071199360235964	0.013927629161587034	0.013724222157557168	0.014127506075596876	0.01293837212757054	0.014178149664889408	0.013727289025255291	0.01282369250068327	0.01533030276807362	0.013981332573984989	0.013818687529488958	0.014337993642219231	0.013257067877343315	0.014984095750605195	0.014318218421350696	0.013937436337066542	0.013643866857799534	0.013736858495049173	0.014937622211412822	0.014150371150062508	0.014103403015423883	0.014235501353748856	0.01382937559829444	0.014168137987620984	0.01398964639784738	0.014034119192497028	0.014287678263380453	0.013496305566881455	0.014596858454697199	0.013053929851481376	0.01406944830012641	0.013841033250927783	0.014547088604000526	0.013782345314036201	0.013336694373448026	0.014148786416692108	0.013651171054629343	0.014594741029082864	0.014439013727183352	0.013878188609870492	0.014074906189754481	0.013463542246303934	0.014628704502644833	0.014329666642046266	0.014294318509816238	0.015287789374892623	0.014699468524222565	0.015632466747217057	0.014590161913870928	0.013928233524226986	0.013608200999520155	0.015043766676110362	0.014962855619885142	0.014341083576279895	0.01326854126995858	0.01376593744424279	0.014605072796331917	0.014717827499844653	0.013297643191755066	0.0147587198052081	0.014219562979553253	0.013702961459365212	0.013848218295004606	0.014616422262308061	0.014061420410370002	0.013361069357875595	0.013569029539179552	0.0146977750530015	0.014854537118323841	0.01368745123337356	0.013437714668340877	0.01413588794065695	0.01408595211860476	0.014161270593152057	0.01377286339673364	0.015267204663213492	0.01395180282832044	0.013897619895059658	0.013856254392189153	0.014654829982165203	0.013669756678474644	0.013510623912114564	0.013383430001782114	0.013918909742154317	0.013976248854288999	0.013320262839042639	0.015065280458058281	0.014137437148140865
giraffe	0.011863229003765624	0.011765649683273326	0.012932463337581886	0.01149053129422696	0.011662292090405842	0.013997593874361853	0.012161229376339722	0.010310551362797292	0.012852398942894815	0.01304097639160917	0.013303968322042387	0.013824903784340623	0.012284531778927571	0.01390543187092073	0.013603011304074627	0.012982809883137093	0.011771502495520144	0.014201858300154307	0.012282638192174157	0.011967218085993166	0.013558909511383386	0.013528596126804546	0.011681131978664397	0.013262589729900395	0.010907510545994254	0.013302698201570323	0.014552514216180847	0.012928564056960041	0.012860686676338141	0.012009972321263017	0.012057121268539925	0.014143640800471131	0.013903501883450194	0.011807382706364831	0.012678620876108602	0.0128530508950948	0.012889982890195021	0.012138323990729418	0.012390946882223117	0.01123980770691866	0.013216075578213698	0.012545054327388972	0.01265547865821959	0.014321182757699715	0.013188336330841304	0.013936860521632033	0.013206842932991935	0.013755429081994437	0.012204041581137949	0.012725504877681284	0.012814802026096736	0.01072048252184365	0.012657806795052072	0.01299089861402001	0.012194938553072784	0.011468053828991315	0.012359027037528973	0.013253114717705367	0.01190481657173496	0.011427658874259885	0.01156143078199489	0.012469663510325812	0.012944413637569993	0.012481389219772519	0.012623096526095591	0.013080659587265923	0.012829158429239118	0.013270452488438111	0.01031646365060976	0.013031710568793703	0.013215404850961345	0.013503381155116883	0.013406355091799526	0.012271677497570911	0.012152810590820677	0.012575193576131308	0.013816659756937164	0.013938202198131274	0.01204855229389113	0.013561277678727607	0.01401177777441712	0.010865928679169658	0.012246704638093811	0.01224669881184773	0.014147622608909038	0.0	0.011053105156560765	0.011960383294163688	0.013137905742131807	0.011638159458913375	0.012775830102759265	0.011469321850275382	0.012223017688682239	0.013749848396026656	0.0139135576935862	0.014142345602455293	0.01221035852137819	0.01285398377781129	0.012669039089270697	0.013397876969929591	0.012255770444331677	0.012446311416685292	0.011192004464844562	0.012066209389037241	0.01242643120146058	0.013069093058291445	0.014229367405387806	0.011958672972841445	0.012585198836954036	0.012257223072700217	0.01217532201906284	0.01325014305510081	0.011483064309323521	0.012997299394587764	0.012275712049938117	0.013497411269169724	0.01102259172313469	0.011439692856925653	0.012051427884255783	0.011419036229187456	0.012620800729134112	0.01243100239067678	0.012172807520843217	0.01484791631458343	0.013122288832607722	0.012644702979408024	0.012819517013521053	0.013821284877800028	0.012599363155357398	0.012908362506195063	0.013543798712424879	0.011600159015775841	0.011730699035177247	0.012888223033534252	0.014186183575596631	0.012243945811365236	0.012749470504468468	0.013297007183323996	0.013703528864874146	0.013336651632795743	0.012899027054185323	0.013202124414320386	0.00985658731170125	0.01063249625725142	0.012174045717651953	0.012168679430460778	0.013971288523605066	0.011949245013606056	0.013482228460613983	0.013004798488458851	0.01163882693504385	0.012904390550422837	0.012286546811645588	0.012239760626948233	0.013010838622543217	0.013362376654809511	0.01259903874535511	0.011855734019466957	0.012803440504801433	0.014224775810997368	0.013330886465669373	0.01362658186253223	0.011289991205159033	0.011129891986546743	0.012096635854415873	0.01266566666024992	0.012021192592559873	0.012596516233717261	0.013114045924877908	0.013254019530135228	0.01263884835406767	0.012529943136823067	0.011723333363371996	0.012571062130516128	0.012762226819708932	0.012744278379666548	0.013051282535254354	0.014327610000037612	0.013534309685571016	0.010926666506013068	0.011866694786440295	0.010170522498631889	0.014507315179186192	0.012745444759346358	0.01445276971600181	0.013335807563808678	0.014299011929941477	0.012529301317827278	0.01213314692572321	0.013589667456954386	0.012410107430578306	0.012481703862382072	0.012015540339528476	0.012895576215111438	0.013910833690615425	0.012356710371121878	0.012329767790768487	0.013279954622276784	0.013247992963346151	0.013385844591102878	0.013463622877224442	0.01259194895602781	0.012431744170147146	0.013195794669896883	0.012531156289711874	0.01223149309690786	0.012371558720704574	0.012245073432300581	0.013566185921838551	0.013047577713136645	0.012312760797548013	0.011898715121819413	0.012695897957797193	0.011775321083145192	0.01261749332893834	0.012824688881048336	0.013800841379100997	0.01353942750498216	0.010942308157418952	0.013525874589403922	0.012372710460146765	0.01214081882991761	0.013837045816326292	0.012361747034444408	0.010894830309703436	0.01212062992971429	0.013481845403191892	0.014018166710233924	0.011315323650736706	0.012281679994624865	0.012293483466861693	0.01317495020807639	0.011960574308275223	0.012674550560226561	0.012291486145134095	0.012037634882808042	0.013045067613200047	0.014260975078241138	0.013183259770037157	0.010146735833596487
goat	0.012843713729215162	0.012202321135548533	0.012687955852801788	0.012583260524226814	0.011743872992664597	0.013991459263099283	0.012799629407811144	0.01121330952916033	0.012089701000869334	0.013776530248482603	0.014475205937194473	0.012784837918196876	0.012002397219046066	0.012862188587845673	0.012936722116731102	0.01280998081995254	0.012223277978057816	0.013386780523001917	0.01214826685864998	0.012439752210994005	0.013575751235798737	0.013660244225596163	0.013058582941439889	0.013822177331982684	0.013335932235468008	0.012900306013752265	0.01366949535163332	0.013342154966301001	0.013443488301472892	0.013410112519572978	0.011563472975555142	0.013198033916738955	0.013751342824919322	0.010576082750830584	0.01274091887037319	0.01301903675607938	0.012890677350416196	0.012349573264838747	0.010731255253615412	0.012939583904653924	0.01349297474272171	0.01382630553949869	0.012201487596164311	0.013959371597119458	0.013327608193575409	0.013587331045736308	0.013809353722058201	0.01327249215680319	0.009001690701080593	0.011860816110267928	0.01202011491164332	0.011268625390372758	0.012512527193670173	0.013123786702424986	0.013071143596145118	0.01130562127256928	0.01129721453957988	0.013681038613647776	0.012173773683927185	0.010422890540058622	0.012683600831796805	0.01098761463770072	0.012961578996081994	0.013353105528693836	0.011658166677001527	0.012783514506718689	0.012978865845418377	0.012501757302893553	0.010570659504039763	0.011854701736213826	0.01340005271984354	0.013567750222241801	0.014204092508447543	0.013601367880626802	0.013527008967986986	0.012179738484613274	0.013723808546184857	0.013505870137526492	0.011447890339077666	0.013691976412810187	0.01370321662201241	0.012491169657876458	0.012799652914138777	0.012523408693875185	0.01427750989171046	0.011053105156560765	0.0	0.011994651128391442	0.011473241309060113	0.012066183169847082	0.012196557995574371	0.01181165208639158	0.011315769529820828	0.013356048256441135	0.013794130889964305	0.013662308673250143	0.011551162578917648	0.012531225286745265	0.013691031062763662	0.013228659912589374	0.012502794983971291	0.01121356065642997	0.011190347040499317	0.012882610417237188	0.012179079786829566	0.013471559324188604	0.014569604939175735	0.013042260720425261	0.011671581162518454	0.013636039214764544	0.01271459848044634	0.01278233306445536	0.012290093956238582	0.012831763901246882	0.012928745479072365	0.01328561149155663	0.011785212187561945	0.011555510266304143	0.011342668252680228	0.011349272699096627	0.01235648215738107	0.01141716152163863	0.013317583676482971	0.014592501716753581	0.013247875496380264	0.01250176577636203	0.012767746328292733	0.01330474633600937	0.013506115074191527	0.012520700939219387	0.012807434150899202	0.01269321312823401	0.011278895008353874	0.01225428967074966	0.013611011588612032	0.01237415519479179	0.011867318915539543	0.013801563577732975	0.013644351481717136	0.01349893063654627	0.012051379621255076	0.012705974772992276	0.012903066358686589	0.011468283513976893	0.01279128931919525	0.012158929163088507	0.01332391260368024	0.012200232338881107	0.013596156763203297	0.013483620878261939	0.011999851136973074	0.012552134478576973	0.011869720365519114	0.01282681915517326	0.013899542962157743	0.01343980636115735	0.011925359650872278	0.008873603721738448	0.011790819119828924	0.013595138261561179	0.01381773183461628	0.013810691517399474	0.012247617763748725	0.012144616322876086	0.012087031898935719	0.011585846015122178	0.011923173701070615	0.012328654273286195	0.012935339416368256	0.012637298086540558	0.013229563953728107	0.01303508926555732	0.010423271606335337	0.012551781445608999	0.011450944131829534	0.012103080653207674	0.012302202586024935	0.014333340499199694	0.014297823679648262	0.012132640128074365	0.01127711182873511	0.011835849169030344	0.014498442605518781	0.011715964901077758	0.014027199463346789	0.012892891033471814	0.013653829894212257	0.013222186115462848	0.013633252735728572	0.013552922150139386	0.012981553940832408	0.013204698749747756	0.013119878981854743	0.013284356466982596	0.01394704295003242	0.012580274649562623	0.009700125958934415	0.013877473356615296	0.012853897936011832	0.014056421296543758	0.0128632834826751	0.012196621097998305	0.012882497538248182	0.01297786009036975	0.012782908655149184	0.010906130607909445	0.013094759638430238	0.012721603543447764	0.01301490743402616	0.012993169245268825	0.011785871106419368	0.013545031402300038	0.0138999046070082	0.012663465720979216	0.012869275928479373	0.01345476910218061	0.013034148414385507	0.014234582468517049	0.012157443503359244	0.013698356668157694	0.012731430514497879	0.011583979313091058	0.013640153926398254	0.011767159294394374	0.011600422951817404	0.013020829266509661	0.013170006160967213	0.014325648016862567	0.011571004588154516	0.012159537962575184	0.01207740560433221	0.01388843104575492	0.011665446413833522	0.012382146661969084	0.011558374042961497	0.012244789765468523	0.012818986660266221	0.014171379476508874	0.013103549271832264	0.012365630344298238
goldfish	0.012807469900934308	0.012238648709016262	0.013189513238985665	0.012319265362003753	0.013680268999685443	0.013845026046166338	0.012942821832011987	0.013105346954907227	0.01293945435775139	0.01296301733253989	0.013513000176288679	0.013184581551538762	0.013236862050202884	0.013565508474264347	0.012710015403990728	0.013677873215035205	0.01263089258844758	0.01309100400734485	0.014146358021366325	0.013578685073709114	0.013274006888631663	0.014010773720706778	0.012135562414269411	0.013552634918075311	0.012819980689151498	0.014339470402936948	0.014689567487334737	0.013150637040778602	0.012302350090337979	0.013218793888995065	0.013286008313358107	0.013914512765973908	0.012353726522982379	0.01091286637541621	0.012590337732649726	0.01179711030315175	0.01299600794039744	0.012071123463409003	0.0119241972759586	0.012552259360960629	0.013378773571371327	0.011593890091203849	0.011938325896990778	0.013626603139889948	0.012828845676305108	0.014262273297913403	0.013104299074220314	0.013494071246618633	0.012191838137538333	0.013398359115610018	0.01164811355753029	0.012158568360609103	0.013379098175528537	0.012575156188687552	0.011703148620077881	0.011152920297958254	0.0132150812423951	0.0141181419803373	0.013331805349866938	0.0109971497747682	0.011302241721469644	0.012372694866594538	0.013029995022702913	0.012014990244578945	0.012102751649148898	0.013850839234124033	0.012580412103881491	0.01207042601007884	0.012064342325717181	0.014196906367945185	0.014184370456415329	0.014404403135561681	0.014218323761354767	0.012916985158385144	0.012726650109400703	0.011750196652407969	0.013278786732855746	0.013637677141452826	0.01242904993767838	0.01221719363585123	0.013607913750110699	0.013706195125808092	0.013715298039824712	0.013343310113162697	0.014154314158649635	0.011960383294163688	0.011994651128391442	0.0	0.01297698141592784	0.012485115802205233	0.01310091226782411	0.013179850341499004	0.011847219840091674	0.01300817190527037	0.013045028275401932	0.01281983377481956	0.011045564169154197	0.013448120579800904	0.013387245682036732	0.013508532124628264	0.013144292862705364	0.012835960421827629	0.012946350015110773	0.012572102327028765	0.013178373621289643	0.013646551532046523	0.014134591913990998	0.011139697704063908	0.013002352183868596	0.01390535091348097	0.012044237931927309	0.013126905791823478	0.012288603595790672	0.012264133559442933	0.01327200618278629	0.013501705166074103	0.013047391531375609	0.012930088392877728	0.012534227092792177	0.013167777322697511	0.011648844583132652	0.012116864036593074	0.01396522828045418	0.014803199240086858	0.012892294226311184	0.013641482281500519	0.013650011499537455	0.013623603655012915	0.012283446578682675	0.0127913724691327	0.013698525529388418	0.012852373389879738	0.011531672148700529	0.014126045602775195	0.014213898505407498	0.012482289079881899	0.013729072087426717	0.0135300050789893	0.01314655504252352	0.014116540316903672	0.012717300974178504	0.011793151201332999	0.013458536112465468	0.012113765814383197	0.013117085816273591	0.012815663149134722	0.01276503605478979	0.012151981268306801	0.013904923710982344	0.012939499597825928	0.012401409783465354	0.012657657061126138	0.011674904734303033	0.013046595383861962	0.013277559106920323	0.012892571599680507	0.012868545067196025	0.011168276584060761	0.012468558341412125	0.013964235936227256	0.01281133226368939	0.012371406408540106	0.011591195596252301	0.012237725582647754	0.012734132335247566	0.012538158117741291	0.011704376201064515	0.013910971959458018	0.013627390941800347	0.01139880328712169	0.014040630338328182	0.012723348382458213	0.011574667272839602	0.013677379305840218	0.01286872522698143	0.013477588484974488	0.013329701999193911	0.014031122800766736	0.013144899757885907	0.012569241852218742	0.012866693410534216	0.01279538597512889	0.014380735981422912	0.012878935879246982	0.014064835813643574	0.01328293502190792	0.013050709951312993	0.013176523567298558	0.012134050392345613	0.012743836615423993	0.013060467177436386	0.013008049186314914	0.012570241942862756	0.013150371090450454	0.014111734431479004	0.011798693902143347	0.012906283431828959	0.013414263272633044	0.011487107583735237	0.01331067696192902	0.012738612713996521	0.012503009314804477	0.013104562442438052	0.012583243586053623	0.012767761497548243	0.012163255143595859	0.013477842514077578	0.012855894232168591	0.013568714677646984	0.011804706591089884	0.012700884090446308	0.011950935445584615	0.012603045667995487	0.012637495680918742	0.01293344143774978	0.013006535705063832	0.013521616270101379	0.013894914051508564	0.012795714673790662	0.01343981627321905	0.012644217692821029	0.01235398792272111	0.01398482891662057	0.012308247585753582	0.012403335619597673	0.012758045178012727	0.012417988104753405	0.01477640927257052	0.011812053387768124	0.013464506912984406	0.012229099401446224	0.013693081122480619	0.01254643231113893	0.012435925674088124	0.01362666203057843	0.01282968927659318	0.013065836983458989	0.0142076738329224	0.014051699785822453	0.012371731204252754
goose	0.012230820783828467	0.012596231830474747	0.013245615133696346	0.012845567367781687	0.013136989672959459	0.013962545356398945	0.013172875043100466	0.01310822974058492	0.011814559767181822	0.013669574635390778	0.014147614735202749	0.013264360136137474	0.012515580835129648	0.012174695317355466	0.012653022433327053	0.013355700289429276	0.01386925567655977	0.012710095506312209	0.013136014397986324	0.013078027271211762	0.012485545622676205	0.014414790603361836	0.01326940606130528	0.014035349528699918	0.013757508578246086	0.013092815218909733	0.013954304484391049	0.013466189757228792	0.012928845076854562	0.013705635457739873	0.013088149388067434	0.013314667416868358	0.013833322175654717	0.01215470516207968	0.01296897228966139	0.013846188780294911	0.014057807080955893	0.013637698154907275	0.011617239197218259	0.013468638995407366	0.012343146846181907	0.01430538537661824	0.013052860443774716	0.013899900595778773	0.014567356234384054	0.014419068939255484	0.014081439054928728	0.01429091928913075	0.012336986508339878	0.012078584242562963	0.012610443600082002	0.012288940669284633	0.011855070426988462	0.011778784834934457	0.013860159614228708	0.012449672288932638	0.012108388893508822	0.014396675564351126	0.012875888479399935	0.012027420557274255	0.01313885643091104	0.013171069806115578	0.012312020502692483	0.012781039778909976	0.010691235790658256	0.012092476163351143	0.013276700356783806	0.013380482479793234	0.012562342363336716	0.012506954079651522	0.013279926367470978	0.01347271684221499	0.013421728839394074	0.013991074960324274	0.012263153923848356	0.01348362514409426	0.01374657440531984	0.013060906769791854	0.011415512547637523	0.013797761227265568	0.014407444535295837	0.013012102921512819	0.01368347000331485	0.013517321918140654	0.014013710466153234	0.013137905742131807	0.011473241309060113	0.01297698141592784	0.0	0.013321235821745272	0.012854190142127615	0.012672511634102884	0.012857611913226452	0.012200307537896589	0.013993133780391005	0.013839856388281956	0.012649441541145535	0.012646921315194024	0.013916783806995549	0.012649368048645358	0.0128710027460049	0.012712349332495397	0.01265104768722477	0.013071654677995315	0.012754736283484685	0.014255965543904823	0.013947238345454865	0.014044630246779715	0.012761646645550682	0.012797799455315107	0.013843345248096724	0.013430827223406588	0.012536645483240199	0.012879244762548307	0.012739056815761844	0.013021092167777318	0.012959109490047093	0.012826267563219107	0.012745874046845206	0.013180379898237969	0.012833945904972227	0.012644487683671666	0.013336628855242356	0.014634814953810728	0.011332063092458	0.013080244083854213	0.012925052396648038	0.013284143014874265	0.013726141184129214	0.012627841703506969	0.013630502843482648	0.01365800179238602	0.012212432715160171	0.012501674225823956	0.013575958256408815	0.01241797374844074	0.013007380887239404	0.014038240736353203	0.013307135330474918	0.012717402888342173	0.012894814553562804	0.01358819414386783	0.014126802852113604	0.011911582500320783	0.012160714179510049	0.011956773249879588	0.01297848607624479	0.012583299871098397	0.013777493460451793	0.013128397308503632	0.011788152980589018	0.012267232863478927	0.013095939596496298	0.012279014728668729	0.012763165563967895	0.013329984712837202	0.011173330446653229	0.011328190205784208	0.01113901001350077	0.013280468673756643	0.014004619761597099	0.014050193652039135	0.012265081410911774	0.012298357650545367	0.012341073527203296	0.012471762971682112	0.012480810474327165	0.013051910221293133	0.012606996375864868	0.013176781701745546	0.013973055938557369	0.013944753490864412	0.011348069313244112	0.013271792318749955	0.012717597133080067	0.01271171471618393	0.01301900711174311	0.014724579457950655	0.01386943104264151	0.013138017460632727	0.012339614310985974	0.013242465281277694	0.01388599542360777	0.012167836788541202	0.014269772453974504	0.013335232223164453	0.012799238877652578	0.014106585433808643	0.014225225498714878	0.014177948627138148	0.013830668190967019	0.013634373601710693	0.013487484464547865	0.013374120599391456	0.014229997639169243	0.01343822141262742	0.012645735635291271	0.01420192508085944	0.013652105573597008	0.014262826414094576	0.013652002485591796	0.012881528747443608	0.01376351831651658	0.013556601279883874	0.013682261096486454	0.012412191846892424	0.012200930681609982	0.013973416736184836	0.01361211531025765	0.014131509253781	0.01196992751124465	0.013998047573810936	0.01358982625088802	0.011834311588058855	0.01255429587212744	0.013450515420783566	0.011923988756586323	0.013818038558671307	0.013162109487877431	0.013979834450642086	0.013714361181402892	0.012765249447382852	0.013172696373096466	0.012582793806127337	0.01299498149297764	0.01231639995827639	0.013149143608509812	0.014266219265370273	0.011814618790095583	0.012727159822562279	0.011912227349626952	0.013558097673855057	0.012116555327503269	0.012934997542278172	0.012466512863202363	0.012428159754748947	0.012404455672599304	0.013166060205831219	0.013421669183427933	0.012999584118124234
gorilla	0.012932726749204829	0.01168852732616422	0.012599399153321726	0.011818301106923683	0.013638836779109653	0.014745492356677993	0.011488886855879359	0.01105920750189699	0.01271611233452488	0.01441852839060831	0.013732157905510222	0.013024058352335468	0.012734835593733644	0.01385545390318261	0.013040085787961446	0.01327276986135327	0.011168574221441675	0.013889355312364298	0.013027470918644061	0.01277694451831455	0.013797696983999885	0.014375311765136336	0.012258967196719095	0.01405502818664245	0.012105368990225946	0.013786853604335625	0.014463310542722785	0.012130625229482907	0.01354465277125063	0.013176820853989482	0.013305765800587753	0.014291258850975052	0.014354869137645243	0.01136076841910933	0.013389640495566499	0.013263275773263822	0.012304456860420468	0.011768672978636261	0.013258585667729224	0.011002915383486123	0.013024364378895885	0.012908685581626769	0.012215435112639762	0.015437379536291564	0.01352568385682061	0.012682022265156174	0.013913794729816208	0.012680373318377302	0.012862272986698502	0.012124317988611782	0.013380101821036501	0.011071612571462821	0.013036647209331467	0.013429794176722503	0.01349981763181262	0.012136311725733396	0.013769197253393501	0.01291669086748693	0.011784006848807885	0.011520857626552288	0.012301845059909368	0.012173973926872955	0.014023392077964474	0.013615330925045046	0.012454051108180804	0.013790106200861964	0.012557129141126243	0.013501427350236102	0.010891718030898888	0.014173964193391494	0.014056158639811016	0.014068139704677502	0.013713668429902697	0.01366713576665407	0.012477390601785677	0.012738060844394368	0.013818084147993659	0.013499208131815328	0.011834458626952331	0.014458018196888998	0.014744014656877927	0.013230538822780863	0.013095688501124835	0.013120185982692746	0.013819655728968889	0.011638159458913375	0.012066183169847082	0.012485115802205233	0.013321235821745272	0.0	0.01329689587607833	0.011469321609460856	0.011295662979381187	0.01420300885423682	0.014256485312544627	0.014445730558719313	0.011952970546043612	0.013920555623801137	0.013307359869620262	0.013046798077767263	0.012784978392924518	0.013725964243140898	0.011439464038491958	0.012572777638004393	0.012680627260344397	0.013279068900139981	0.013783588420592817	0.012747461424913575	0.012533009554403096	0.014080000831424789	0.012211027648221488	0.013392896090542497	0.011456586621564574	0.01288385312254396	0.012324812025273094	0.013368232044016912	0.012122591009964871	0.012117313078291638	0.012020480699552598	0.012785389646694612	0.013164728742576383	0.013323939971468014	0.013815422092194003	0.014435424246693	0.013869871952873765	0.012353753834616421	0.012935041252602695	0.01420235378537032	0.013145640819864602	0.013363871257347297	0.012517551730059471	0.012594943063480754	0.010750576047638278	0.012868273297107156	0.01469751471557964	0.012059755663916276	0.013480216551666533	0.012937571689209622	0.014242842146579091	0.014442807674332809	0.014151457155291494	0.011892600087554243	0.012724288582034234	0.013133388588040331	0.01402278318404576	0.012642678213739558	0.01473719635651787	0.010849089832437597	0.012957625456604038	0.014113713652411881	0.012501401276090413	0.013778651073489016	0.012931337623566104	0.014136636531239293	0.013082851221695757	0.01415919512294497	0.013898193899047845	0.011782384588317384	0.013002753976007485	0.013985795386449514	0.012728212901572677	0.014040259707202261	0.011913777776728782	0.011335606226767379	0.012827064403588129	0.013498081092355327	0.012655811171507002	0.013754440633507723	0.013383881255762004	0.01298275137555431	0.012436296520720955	0.013602388170875827	0.011789691550001351	0.013144927657475339	0.011706483621333048	0.013118571224450816	0.012958000490550401	0.013537726031004447	0.014090248907589501	0.011251015368386763	0.013191146181634104	0.011962817122786313	0.014341703783345523	0.012837034777769478	0.014220496600757204	0.013094708926536289	0.014169590037982259	0.012722539585980854	0.014207046654475	0.014974167768518667	0.012708262087045069	0.014101975228083092	0.013506927969503512	0.013854487113783794	0.014340012118827876	0.011799369038750904	0.013508979870879756	0.014798931592683999	0.013820549479560731	0.013920319804534398	0.014146350752036161	0.012013558584024189	0.012431498484867127	0.012806227757795875	0.013593698478164941	0.012377078185911787	0.013479954269579033	0.013145999811998368	0.012179190918800513	0.012658855729273192	0.01161760694863836	0.013332100442398463	0.012853419569071298	0.013034735198229088	0.01395163541384242	0.013839877400449294	0.014144455520706254	0.014253379795238616	0.011980045175018146	0.013694935176153588	0.011937454849891935	0.011173752095068852	0.01439004201407513	0.012344395058541282	0.012726084434383667	0.012692198656768763	0.013964616938528563	0.01471456158831967	0.012205604972058016	0.01202168121696412	0.012281347530016386	0.013734258388940799	0.011642079911427952	0.01263370672765021	0.012233598627193285	0.011918220653928615	0.013425840473261714	0.014442649610846488	0.014198349760253208	0.011519404799323533
grasshopper	0.012428310844233226	0.013120412131825812	0.011803608988643632	0.0125462143345587	0.012966114396291549	0.012986296886323391	0.012412189305980054	0.01341887492718951	0.013052703160421923	0.013177771665605917	0.013362243448749103	0.012957788005799135	0.013387028586282618	0.013418038698630879	0.012334609816415534	0.011779036879569875	0.013981687000286371	0.013444799316759131	0.013281124294479545	0.01359731265168912	0.012439273520737369	0.01310149559956194	0.013876183241474238	0.013235062273529137	0.01324198175934356	0.013867792063471567	0.014545685778639175	0.01242193077234545	0.0117779016418959	0.012946520145770433	0.013046208193478084	0.013638724586108772	0.014169938312994927	0.012679812075350088	0.0114660740137143	0.013494323991623296	0.012406848146317324	0.012288178172208208	0.01263946285591172	0.013727362292137994	0.012707532908314707	0.014127223889738057	0.011853596778389064	0.014371652199516133	0.013711931784089627	0.012766530629959678	0.012691017964228883	0.012528353588700478	0.012518136116890616	0.01247715082158287	0.012741059776560487	0.012270635041912845	0.012751754333552792	0.011497102572127063	0.013529115523160171	0.012714261403593927	0.013236319877014568	0.013396507128355002	0.013565934537776145	0.012832775359075468	0.01325657054261187	0.013194500231295399	0.012901797248788904	0.011596051571000408	0.012771663962457068	0.012866837546134885	0.012887624705821428	0.012798821478488273	0.013156684722761415	0.013613643410339356	0.01369109863634548	0.012999657409633537	0.01384894557720191	0.013982180627244083	0.012991787317960737	0.012470344499953417	0.012534424221692313	0.013971545895482794	0.012077706852079019	0.01352916167815794	0.013390290494738251	0.012710964820086164	0.012603317934916133	0.013339674743224936	0.014140315965354769	0.012775830102759265	0.012196557995574371	0.01310091226782411	0.012854190142127615	0.01329689587607833	0.0	0.013048478258283673	0.01251175945722059	0.013071248981713064	0.014129152470728299	0.014474940171955638	0.012632588421996471	0.013874980498684126	0.012998335679175356	0.01231019986837009	0.01264729018926391	0.013473900767576565	0.01245071073507637	0.01320420860598017	0.012381348808853533	0.013009825523164797	0.0139478241917566	0.012919182706902758	0.013027751836664643	0.012081215589796588	0.014234787516954056	0.013650397093903796	0.013387390262917288	0.012489871295531297	0.013243999712895214	0.013555699884805735	0.01256691431354729	0.013116575150285692	0.01191925227158381	0.012858243458402984	0.012720323189419869	0.012583678412369353	0.012495943718099735	0.013497111036270864	0.013241576734042639	0.013970724071885932	0.013478446483199418	0.013018993069206333	0.012173713405909599	0.013881877572844698	0.013654716240654294	0.012744430442948288	0.011818715561722992	0.013571843926138243	0.012879058940121141	0.01184402887567047	0.013211539317235588	0.01344027035274723	0.013379769527210815	0.013437179782855564	0.012366150250966516	0.012942077959489793	0.013000462641593569	0.012462925684825875	0.013605019635338729	0.012757623161141627	0.013812993068001904	0.012952256380967904	0.013475409915683705	0.013528429210942543	0.012484924915553024	0.012622894793440385	0.013802008472945803	0.012920609040173246	0.013649045620220884	0.013168194525388232	0.012200524941559517	0.01256000978138818	0.012563376474073473	0.013981366613636694	0.012687032074996264	0.01340657941933026	0.013221542882341817	0.013382823153544799	0.012326659946985626	0.013181737074195867	0.01320503449997211	0.013368837851004477	0.013085234624980893	0.013287151974686072	0.012196851105752044	0.013359755104199096	0.012126634817679333	0.013622067891310465	0.012375839687710775	0.01276601923957728	0.012320125399447497	0.014360335316972868	0.01276298882141909	0.0130684774278198	0.013572782179273523	0.013300755579687707	0.013819854756140226	0.012607527118084999	0.013964526864719485	0.012865534454739558	0.014060195493704995	0.01335399627488182	0.013701527905127306	0.014084242174411512	0.011950791984457108	0.014005307459458816	0.013535398629853021	0.01338873542185224	0.014447896800011385	0.013060917855134895	0.013307853320504543	0.014301450764382441	0.013332087094980374	0.012295405629784902	0.012385070157771304	0.011988525481434737	0.013126680283364243	0.012870733599795878	0.013266302952087736	0.01205850733960272	0.01238574710217678	0.014221785512363659	0.012255538219605084	0.013396966847445999	0.012035783803599574	0.01297644548888538	0.01339599717613303	0.01241642883523813	0.012885250883225565	0.012197878900638427	0.013592981134515039	0.013418847501073411	0.013597023043268614	0.012850584236410587	0.012500968478609034	0.012569411105460533	0.013135170795939018	0.012042388183099075	0.012727572689221235	0.013171464314352415	0.013715720560445802	0.01453352954901936	0.012694314652790452	0.01240344346919059	0.012933865632076033	0.011938067337679673	0.012674560653341587	0.013781984006304102	0.013157096695292986	0.013127807500052985	0.01330784054935496	0.01326066488577433	0.013530092261852415	0.012417389663847226
grizzly_bear	0.012457086963955281	0.011230847356356925	0.013224715966905718	0.011586830026917067	0.011209451307107548	0.014016299126802429	0.01225521354077887	0.01165770873300755	0.011388518851908402	0.013276387046669405	0.01335681326442583	0.013404015778726477	0.010811368983500111	0.011724608269066001	0.013413790873940713	0.013201424230576046	0.011852438763958903	0.01425396927739634	0.01099919937244487	0.010024239297705113	0.013449306946210627	0.013667423373408696	0.011429268406759016	0.013554614544237415	0.012111874939631975	0.01288957544373007	0.014174853520597646	0.012373797653806203	0.013478298925779352	0.012087803533405439	0.012822829294049608	0.013892001410683303	0.013395139062854612	0.012158535848702301	0.013084417092513815	0.012259597479454085	0.012941803604660851	0.012510397314327223	0.013767769238852418	0.012347643642976181	0.012269144398013989	0.013131773129000476	0.013072928667044167	0.013899596105531552	0.013328542519939762	0.01268429629031114	0.013262586737410244	0.012501170249716831	0.012829422571323695	0.010652959621986393	0.012802912428624169	0.011563366280797484	0.01196764190003773	0.01350144296812566	0.013197935788263958	0.012400145266387809	0.010603579447385785	0.013507997752076976	0.011628851042827454	0.011423851162711631	0.012216653855447013	0.01329111409409901	0.013506291091227307	0.012898821577510879	0.012640464015164207	0.012479259844775952	0.013342562981323176	0.013036286026382612	0.011089808977375265	0.011178748634737896	0.01420879531407522	0.013537995104870488	0.013827499482068836	0.012616764653280717	0.01252838510091607	0.013044025551378536	0.013563875007897068	0.013444328942810509	0.012648549574898355	0.013972003668647051	0.0147423761100213	0.011923669712778182	0.013050824795811027	0.013179215722115879	0.013621356374857469	0.011469321850275382	0.01181165208639158	0.013179850341499004	0.012672511634102884	0.011469321609460856	0.013048478258283673	0.0	0.01297709557131001	0.013239398823707454	0.013560821613474234	0.012427215614933254	0.013161721151193306	0.01327968711768721	0.013134735095435028	0.012533896221678482	0.013217727465567475	0.013115116507989934	0.010629105391751416	0.012452700955404562	0.012765555155380375	0.013317692370044676	0.012953298983529564	0.012724737863385089	0.012714462340600537	0.013161363315886312	0.011195795602965337	0.0132739899407778	0.01171150702502075	0.013587122927660254	0.01291613597924197	0.012189432945622115	0.011571245662719647	0.01170436537405508	0.012311898780393857	0.012118765152301446	0.012431751186903874	0.012414842670896986	0.012174964979601027	0.014608594876362948	0.013184598931937566	0.011801081922067979	0.011376802567704052	0.013848833418590122	0.01321530717082036	0.011896673625521777	0.013488205878346364	0.012386420657092114	0.012470510029345185	0.011654718662202461	0.01413037475527017	0.012582788263101875	0.012457654904697501	0.013025206337679767	0.014311480100590562	0.013607681098106705	0.01350066850036373	0.012661614407382425	0.012710463333316688	0.012412239640604722	0.011783860154321027	0.01142441613481454	0.014025055396066804	0.011663669063129066	0.013023953392090983	0.013812866257192484	0.012648958840324256	0.013856157935966546	0.013335652658726547	0.012479548155013492	0.013428459378712003	0.012593760835750218	0.012734408280877548	0.012606804091482236	0.012412436677395635	0.01336231973948658	0.013078176013928616	0.013223801019584414	0.012142236043667336	0.009556730076709008	0.011454288462790476	0.012699163815598869	0.012714085017785693	0.011463612647288943	0.011496116512907996	0.01350978312321468	0.012694696382611377	0.013880332483226055	0.011638452905466723	0.011608348231885104	0.012156379742948052	0.01171536986470515	0.012548400971854633	0.01431402577510185	0.01353652036182441	0.011128004165366256	0.011256618187731516	0.011576448098359672	0.01439165868738165	0.01294238943234909	0.014201173350028778	0.012329821813014528	0.01256313456604926	0.012676027179032616	0.013079416234144109	0.013242456467498321	0.012816851779100252	0.012174505543388694	0.01169475898278243	0.013107610392536854	0.013327377802442395	0.012163762034149182	0.012673921848791453	0.014207366674477506	0.013313076945881058	0.013006780194001278	0.014409333101095873	0.012154368136600108	0.011775815857932335	0.01323875253926237	0.013306996299147273	0.012130365595369874	0.012677907690947217	0.012122467918188384	0.013308491562079671	0.012764179153801005	0.01134092901815968	0.012648385911843222	0.012871843626238109	0.01285439530180997	0.013087876146249254	0.013093661650255323	0.01371546928619846	0.013318820383348175	0.011413910804572752	0.013340909868312543	0.01223399722397639	0.01159899385180439	0.013983261957412714	0.012220325746064804	0.011821746731689987	0.012789420176213233	0.012266460482304986	0.014209736464329586	0.01164968285301655	0.011752604262853824	0.011443606674509985	0.013427361209429046	0.011243709085375506	0.01168682956028214	0.010636215771758932	0.012547604123549338	0.012748618556598326	0.01384446134105684	0.013736392717075102	0.012235229386227573
guinea_pig	0.013461913970407422	0.012587672478582284	0.012531190399887183	0.012238717725133106	0.013348401133136324	0.013523723603907422	0.012516246434169069	0.011437591887478107	0.01270471330324288	0.013866126042520643	0.013941011624652442	0.013166505268470869	0.01357733539589453	0.013976641394330745	0.012999643228224382	0.013056915113546294	0.012612296808966644	0.013376711100836042	0.013391393112582533	0.013377401421472248	0.013758853447687956	0.014027445111385867	0.01194293452912812	0.01382477821545233	0.012680755707882064	0.01428944719456095	0.01389780958272692	0.01219349676488282	0.013919759457063538	0.012989044072301295	0.013290274493976042	0.01398748763373498	0.014077970255555773	0.011407756368434125	0.01283040225449017	0.01352494392674916	0.011865707282268234	0.012076638878809044	0.011848464983271887	0.010783687641264693	0.01308651762020006	0.013226819345524865	0.011046377990770184	0.014292956539562106	0.013429403971962217	0.01330016199616029	0.013197880685380295	0.013190609776972903	0.012281228417697056	0.012705429215852543	0.013105426910563524	0.011966584194762145	0.013484536361151139	0.013253428066963249	0.012989374908919103	0.010681681687769702	0.013373654140092317	0.013590298565649946	0.012087357678058694	0.011383034202488268	0.012710233993434019	0.012437797057612852	0.01446703075673112	0.013432404575330993	0.012502423030294895	0.014175652542036702	0.012129631178521776	0.013140340511738314	0.012262068718364218	0.01406458658751951	0.013528782385046755	0.013851034090946629	0.013417198415298443	0.01301999413856706	0.013234824733263784	0.011974054657084551	0.01332550827896004	0.013932607958352139	0.01243784468897318	0.013862219592325288	0.013464753717275397	0.013094301270467259	0.013574817292926606	0.01172059883090893	0.01400976982589892	0.012223017688682239	0.011315769529820828	0.011847219840091674	0.012857611913226452	0.011295662979381187	0.01251175945722059	0.01297709557131001	0.0	0.013473989666986848	0.012932052212968453	0.013982544423091232	0.009999589829449557	0.013391714645627892	0.013319556826542926	0.013380741162569695	0.011784737812736104	0.012896602692392685	0.012177351565833343	0.013022018534728019	0.012474901001969024	0.01340652877304185	0.014385100206602684	0.012683725473422986	0.012605180486894286	0.013388037270388257	0.012469948050830727	0.013744004873694064	0.012357396171966475	0.0125253562568326	0.012320945150129707	0.012659083615961114	0.012878608383654278	0.013123484140263382	0.012478853100112151	0.011750205890814198	0.01246853547311421	0.011798923008552478	0.013892587262841673	0.014225365561468297	0.013413870440481595	0.013171484347324056	0.012973703201254332	0.01281417745448265	0.01276981552157195	0.012583835034464037	0.011903319264528558	0.012487078480501422	0.01113708049330937	0.013340048303011966	0.014292369191309408	0.010429680595051552	0.013438254741482835	0.013121216615862314	0.0139254586084414	0.014247209302419439	0.013710205523896363	0.011881554266470301	0.01325426274159333	0.012250521110020224	0.013589304763443735	0.01253354045064878	0.014308613157147052	0.01194617890675049	0.013620094383250052	0.013662699362859472	0.012015994891698245	0.01380927060908471	0.011872037811840916	0.013561650820542196	0.013722935958859189	0.014174594953707303	0.013297034392017149	0.010694397018180413	0.012642372365283358	0.014476004030574453	0.012916765114997335	0.013158915593962586	0.011065089676465497	0.012091737173752868	0.012204105899715868	0.012463749392433625	0.012048546647988451	0.013262315345362525	0.012774334248647457	0.012508179834853195	0.013169138059226428	0.01320608735721878	0.010774564814639308	0.01314215042890639	0.010817527243890075	0.013257754374200443	0.013273462841497455	0.013885138686491019	0.013800457047850025	0.01173221688460367	0.01239064995211971	0.012263841914943856	0.013959959131392556	0.0131140285447387	0.012560221918642523	0.013454601892893206	0.013898323794441171	0.012444782491591401	0.013615861118974828	0.014080203797731627	0.012708426054337167	0.01351037218423967	0.012758219685801651	0.012869617093605585	0.014530536199566535	0.012452357253102384	0.012280980568243066	0.01417045738026926	0.013029837942598323	0.014088538711660043	0.01298579220100425	0.011842924560437666	0.012551423178351557	0.012733823060298279	0.013278013149994074	0.012500434814333274	0.013466741636465067	0.012485123876693687	0.012847255267725129	0.012197176953291606	0.011741174549772386	0.013161775981801627	0.013297037590942598	0.012837385409620873	0.013050099282740667	0.014078936332238274	0.013883873941525111	0.01424052186362187	0.011678657133404283	0.012878627920312405	0.012051572336239798	0.012671078146439096	0.013715184190004727	0.011964156069539107	0.012783447829130599	0.012493134941455422	0.013802993523336814	0.014853035321360078	0.012640977876749353	0.012686926453622467	0.01233008456854427	0.012977214688967264	0.01176856423365582	0.012639157961471699	0.013298192828045341	0.011872131934715282	0.012910280953907005	0.014227314446314287	0.013503646860924758	0.012370239329812656
gull	0.011465290818247358	0.013445009953270907	0.014127720946021357	0.013384015636136823	0.013152708676716371	0.01417682309194614	0.013883552007840893	0.013902150741499092	0.01302510661281361	0.012477447092788035	0.013128283886610734	0.013259598845491705	0.013631397500610334	0.013087944266425362	0.0134958420551969	0.013477857753323542	0.01390352511999527	0.013369458267542909	0.013341514042785772	0.013686639681869723	0.012210477527311175	0.014211728859381729	0.012450794898915617	0.014015281183035024	0.013664810579724417	0.014220871609489916	0.014873540258333541	0.014053036208538474	0.013117594765343665	0.013581603618147243	0.014093740855077712	0.014091697655259323	0.013043767875252852	0.01345921639764881	0.013701273944872451	0.012819368113173715	0.014203606476540852	0.014253685815342775	0.013882016086095388	0.013834078767203996	0.013086527581853026	0.013209708690334936	0.013775657728700035	0.01315294295817991	0.013723804871648955	0.01382209441262866	0.013027350786397586	0.013700463504252343	0.013942867380302032	0.013769491612911895	0.013171888256983073	0.013163294219413275	0.013256701293316919	0.012180386124998818	0.01335956260022244	0.013812501239412349	0.013489108805030636	0.013550059533935382	0.013715142314590638	0.013564574545559522	0.01277381341680615	0.014019934844993066	0.012715107117598873	0.012753521771904402	0.012382383287695762	0.01259730735333633	0.014359775182703406	0.012393602922242808	0.013046993535169329	0.013388929115442504	0.013031214286250578	0.013123942620839017	0.013108962374846688	0.012379922288315756	0.012801138536414508	0.013380803483017477	0.013626477593901475	0.01440267677703698	0.013136924415095952	0.013580426253541214	0.013713423067642456	0.0132335775594767	0.01359885826812798	0.012996048744583934	0.01368600796138028	0.013749848396026656	0.013356048256441135	0.01300817190527037	0.012200307537896589	0.01420300885423682	0.013071248981713064	0.013239398823707454	0.013473989666986848	0.0	0.013578931903860664	0.01241333677351832	0.013622786014636942	0.013848329168260363	0.013349507258802566	0.012731842526513002	0.013289988337592606	0.0136836468656447	0.013482482727033274	0.013860387982728461	0.0121782422214859	0.01408851172358166	0.014083111316459512	0.013171668991968406	0.013822916310142206	0.011877003478400549	0.012627096765159655	0.013676273553640062	0.01370138117486305	0.014481266365186818	0.012804378394214954	0.013191602343662767	0.013482803597225954	0.013746213618209888	0.013618924469699619	0.013930649322680979	0.013079254753921923	0.012990533128181452	0.013318009086431368	0.014174036594190205	0.012109400313815936	0.013468591663360683	0.012827018725971669	0.013951061989594775	0.013345278309660747	0.012871691978334548	0.014574462138649484	0.012671144894099508	0.013708245039156249	0.0137548199406239	0.01335069697118718	0.013808011587272555	0.014270656615607911	0.014082963644452504	0.013050320934870912	0.012909237913432963	0.013063504983399435	0.013213328230332964	0.013909974889875937	0.013053085872346128	0.011913068879775328	0.012352727220786808	0.013246542765264777	0.013874620668557042	0.013950293183689046	0.01255549067518879	0.012208421285107957	0.01326482660107815	0.013781675853995812	0.011821143637089979	0.014002289184183891	0.012358586959394936	0.012297523886371266	0.013836306666728465	0.012116596913086744	0.01330782911636457	0.01379785091144575	0.012535971681160028	0.013511346207886792	0.01284173023753365	0.01219269227930587	0.013816907921351094	0.013811465749107778	0.014042400651857972	0.012949167171899104	0.012825388799674445	0.014121806039629673	0.013910206849653314	0.013324729813598533	0.013994667435139541	0.013202930237611925	0.013054589545105286	0.012874042360692254	0.014957222943289225	0.013195602903251906	0.013993198090397037	0.013459491915411561	0.013700989297223708	0.013895121030809093	0.014179248316735544	0.013498610344015404	0.01351117624868627	0.01245290597470734	0.01358162636112179	0.013474702189049816	0.01321434474074235	0.013245930757791782	0.012735385636923693	0.012412195303720619	0.012099956591435247	0.01334340044028139	0.012845642783238768	0.01332373907397446	0.01371827679246188	0.013065408220389117	0.013873026691566514	0.013788939945090244	0.013883696720500433	0.013483977161948124	0.013552628290759917	0.013186624447754522	0.013179987847869121	0.01265713827846217	0.013053071810524761	0.014177375376636193	0.013421996318647338	0.012525671447317081	0.01322411205940185	0.013348181932518027	0.012566180712821048	0.012727578006169167	0.012994135645120886	0.012572420454501094	0.013745343670714038	0.013358132509359634	0.014295784577266865	0.013602425358729013	0.013234552587463864	0.012892743802710183	0.01342804999966081	0.013472571300166658	0.013357217396051573	0.01244251130523148	0.01421318943188613	0.012676659349301067	0.0129300856575968	0.012451819796703052	0.01304988224063179	0.013153820948953742	0.012425723967213554	0.013328904271507657	0.013470076876232489	0.012665858109932777	0.012180934866495763	0.013165614855418435	0.01348311779188077
haddock	0.012913732799755296	0.013784211379972789	0.014283189188941241	0.013867610908397514	0.014561989061749709	0.01423841530484827	0.014238985803505497	0.01435004728289719	0.012180605835827968	0.013084827107369312	0.013614914386095005	0.014453782679320914	0.014230879571792598	0.014155396119370183	0.014080556906860013	0.013743590479372396	0.01399790770678384	0.012981224314412598	0.014364793282436087	0.014153841964916718	0.0138084383016504	0.01436785297975025	0.013399854420744197	0.015013586676824025	0.014558755993987711	0.01496803353642059	0.012923613931480026	0.013161693262898339	0.014486186057648622	0.014111056973667813	0.014023985863822998	0.0139417228040832	0.01360604007346151	0.01320777565470262	0.014442932451389884	0.013511076683846008	0.014118879547526865	0.014416138256989645	0.013714938203055584	0.013644937135968958	0.013641414224410293	0.013745102610917905	0.013804793428913024	0.01296704560496009	0.013713091366763358	0.013401308301715377	0.014073429497070846	0.013511517343020555	0.013682668366551505	0.013467333028580296	0.01301281529437556	0.013504881042203667	0.01409922570731466	0.014563830681464695	0.013506000545317023	0.013278395748219514	0.01408361431488258	0.014590381077171992	0.01408699912408843	0.013014643544913843	0.013224089928973446	0.013675617201220538	0.013952021930130447	0.013908490670440634	0.013178920961927552	0.014159134341895219	0.013915945917412608	0.013642254715244393	0.014149730070395043	0.01457251563919136	0.014708347159874404	0.014018696969206396	0.012929794907085668	0.013133324207244673	0.013973041070083878	0.013604457733282942	0.014254554930602372	0.013707193762288268	0.013992821807713465	0.013413914379761813	0.01358434689703805	0.013660472536608338	0.01431833202734697	0.013742359677186667	0.013497947178340332	0.0139135576935862	0.013794130889964305	0.013045028275401932	0.013993133780391005	0.014256485312544627	0.014129152470728299	0.013560821613474234	0.012932052212968453	0.013578931903860664	0.0	0.011941607773471745	0.013708472416857916	0.012564899632866089	0.014187219746325338	0.013772806479385686	0.013643195853306877	0.014036970062117406	0.012999186714552458	0.014317570165404582	0.013387309375011279	0.01412843670597538	0.013726046296293624	0.01334906421303669	0.01283230354030944	0.014263834332739131	0.013570306998236817	0.014034427182185047	0.013897954684974134	0.013949328484088355	0.014163482736010898	0.013308625988153501	0.014125729217338553	0.013537242163506874	0.014167431989464026	0.013725334004072791	0.01269768835719854	0.013318833816395823	0.01368172751896121	0.01351925711237463	0.013062589721183815	0.014432550835161538	0.013449521574448215	0.01354264694613131	0.01405251328363325	0.013713113507687757	0.013551879816654549	0.013949795791075938	0.013955385379961847	0.013615178274345172	0.014387313928360481	0.013326049303175859	0.014583296474561736	0.013038349768320157	0.013563692850035844	0.014525360524200259	0.013916272599836571	0.012991934953096524	0.01389820139627333	0.013822530151056237	0.013171545442692157	0.01340712080975664	0.01359686049688067	0.013358967507505481	0.013713840725038702	0.014623063444500923	0.0132033035870615	0.013521766023204868	0.014153716324571235	0.013711199729599596	0.013468372512790656	0.013358789715640862	0.013852740305022029	0.012854461217936654	0.013861138878385543	0.012783700265836464	0.013237625599816956	0.012207648128037953	0.012832701085083558	0.012948453406948364	0.013476166657359573	0.013954448436275324	0.013514163928715166	0.013714504372565123	0.013563507404151394	0.012447163247344718	0.014525229693671069	0.013519375532590387	0.013167479692421208	0.012924409233329498	0.013654430964175132	0.013967970691160075	0.013841160341255078	0.013435133646024573	0.013848851939827022	0.01336093703081544	0.013761365062473701	0.01407586205173496	0.01332124175463565	0.014052821687046892	0.014233124912129452	0.014298517457467434	0.012914503070937984	0.013823538893444573	0.013155593764749136	0.013003763310880654	0.01391134186620007	0.013814501742153571	0.01380153020916956	0.013371602686122263	0.014799616899651731	0.012877950383936737	0.014024901602631666	0.014023847267202903	0.012956367194612477	0.014092707260032134	0.014335923005289216	0.013889594386794045	0.014161125997819449	0.013823537054333918	0.013760066584301005	0.014060184252774605	0.013767411353118493	0.01331918343729107	0.014305890465518516	0.013169761634935462	0.013378414505366764	0.014114061697913889	0.013431274540602757	0.01372011650650391	0.013555422342313826	0.0141365318698025	0.01383029578012894	0.012684088295014774	0.014448289276329511	0.014800087945885615	0.014205147806984062	0.013519118974861428	0.013586644951850059	0.013062800962623683	0.013750077179089522	0.0138235179408156	0.013150695058084536	0.014958979642191556	0.013835804589947953	0.013446588158384364	0.012796035463518419	0.013881762050251746	0.012648517544990676	0.01272522123654249	0.013560807722380164	0.013966363002493494	0.013329419598756472	0.013731858781467467	0.01445632591773706	0.013785289541462114
halibut	0.012447398808211843	0.01267538137774573	0.014419257488496883	0.013335803670108526	0.012827248986664787	0.013784801238078017	0.013718727975119256	0.014338209025810091	0.012793998951706359	0.011647236023923662	0.01274939204216735	0.013937201730038217	0.013762304553347865	0.013679279827524427	0.014339437200713723	0.013877645355227753	0.01359870998442735	0.014614609193581006	0.013163445276026444	0.012158916048658692	0.014362104527416044	0.01400717805598787	0.010991562086731892	0.01432648470238147	0.014462677057377646	0.014085945584733906	0.014550580613879179	0.014329836112571291	0.014569268981371715	0.012939753075490017	0.013961460102192182	0.014282757412260445	0.012201217204045158	0.01387362025573629	0.01357072337321791	0.011941868057227795	0.014172707381094853	0.014440181705151213	0.01367126953940167	0.014252692181035871	0.013884289911275542	0.012871542370690261	0.013980803027401687	0.011483440035650296	0.013056804096492012	0.01419372839925199	0.012797951572694302	0.013197440818611484	0.013289749692421065	0.01377819255921554	0.011494141811467483	0.01323917937038488	0.014601902817038388	0.0146197593855534	0.011585114980844757	0.014203899806388422	0.012838241866738048	0.01319879421612588	0.014300114006059064	0.014052223303652484	0.011888430788374997	0.01449941526985206	0.014215873158547256	0.013609109033310814	0.01323246456768358	0.013704623076604408	0.014156468611544721	0.012035267471854945	0.01370481251481219	0.01342509399553761	0.014441728062852061	0.014487314786191488	0.014202453505421547	0.010250670924290368	0.013506163633121064	0.013687711634880893	0.013731345506565556	0.0143984532393576	0.014237671553959455	0.013175728887336978	0.014049075481522694	0.01374587995708883	0.014416157730696835	0.01358817280076922	0.014286865983912376	0.014142345602455293	0.013662308673250143	0.01281983377481956	0.013839856388281956	0.014445730558719313	0.014474940171955638	0.012427215614933254	0.013982544423091232	0.01241333677351832	0.011941607773471745	0.0	0.01413125640771226	0.014300489722371022	0.01334761151126882	0.01364031154034354	0.01431563060301903	0.014275557526450364	0.013469286764958599	0.013877624744555174	0.013279085683052748	0.014374151186433029	0.014220818331035558	0.01207324246672163	0.01388986159020235	0.013977159181856366	0.011683633688061572	0.013794003039656602	0.01443856283208254	0.014400987546106876	0.014111547359224102	0.01332209331037955	0.012715406851260143	0.014090499526244629	0.013813707394843772	0.014447056850917852	0.010899474786870155	0.013069919316198008	0.013118429144793846	0.014848066078258148	0.013183715595084855	0.013499496097969585	0.012955477193196735	0.014468159849872972	0.013169543435195734	0.012870135987365758	0.014078553680766706	0.013811943177228279	0.014560549735009809	0.01321350741539171	0.014412710024065047	0.014173010316009982	0.014351554344411963	0.01360503812890811	0.015152481220022844	0.013829621265079344	0.014050418509781054	0.012574033735618944	0.01400147953095503	0.013505529721338219	0.012294906987531471	0.013511475384589338	0.011980564692412678	0.014118553919475625	0.01439288919050566	0.01398673637431681	0.013651734612822302	0.01433074078174062	0.01422437370962034	0.013195225125041083	0.014237218354101602	0.011993799348175998	0.013264974685048815	0.013586453146600624	0.013922691112087628	0.013668471621848977	0.013268501922597495	0.0095391060980716	0.013513678131466233	0.012305602198911168	0.012529866432176304	0.01449460842795695	0.014347496324623541	0.013685541508268123	0.013341578584020969	0.011145529534098579	0.014473399080071907	0.013943912146351465	0.013808537341818451	0.013119902919710425	0.013836714420740139	0.013050569153533587	0.014457119829876464	0.014819421801066126	0.012736325945858287	0.013026776577237801	0.012070227072954347	0.013194099176608465	0.015033395927274661	0.014552901196920265	0.013531189477913395	0.013482232031122388	0.010407798571562099	0.014321740675959961	0.011635754947485444	0.010879790374288387	0.013821149445370527	0.011268904798055075	0.011738417610244007	0.01173708831812643	0.013200588677692405	0.011738250414861455	0.013023545665903807	0.013546541915059867	0.010113590478539823	0.013933700247029548	0.013361382742636879	0.013891571822939833	0.013703634233039004	0.013655441273611721	0.01357183219340537	0.013601301301094723	0.014080983312063082	0.010967067980850566	0.014630425552395309	0.011049202040217617	0.013324944027297782	0.01216915981320277	0.012074372294656672	0.013958541514651437	0.013708139079015686	0.013045401840818366	0.014566613268107494	0.014096989272869032	0.013030059758813996	0.01461846842417238	0.01417716860694723	0.01342022270396156	0.014121979727318974	0.013926464104612776	0.013588669141488586	0.013563057376931446	0.010862459251882537	0.014584584497919814	0.013077297261600711	0.013707954348772373	0.011289354036211497	0.013747063805315232	0.01342134724019094	0.010934018702771662	0.01388539696665828	0.014220273729286376	0.013598582797949088	0.013994630020773667	0.013518087258916966	0.013551028885035519
hamster	0.013441610705635907	0.012872104684620467	0.012394130374472933	0.012034363801553184	0.013179250477968418	0.013157028753490278	0.012589393884998867	0.012191401191762107	0.012436994918752048	0.013677933392832962	0.014203580216963961	0.01253480769197078	0.012796080399698886	0.0139208996537887	0.012537271539488234	0.01260314198720799	0.012640968477638587	0.013384880897880473	0.013527029783214614	0.013042566533214419	0.013553721442446143	0.01417868075549742	0.012610827877912265	0.013559205664131973	0.013213912540943977	0.014661357286201658	0.014410894682874972	0.012357173488988037	0.013554999229193548	0.013838573597956722	0.012803859402081152	0.014206145556659833	0.013863987409080826	0.01133495892270395	0.012622108419450774	0.013773623757186791	0.01153302078889409	0.012105930923915311	0.01197704188716327	0.012121064276030826	0.013243512866683516	0.013126512429455301	0.01122789249784962	0.014860182044816851	0.01354869427602785	0.013998057364436482	0.013835500515195736	0.013939870443836959	0.012467240723259975	0.012734383374296063	0.012269820899735641	0.012160122237539253	0.014083937164917156	0.012750733636393383	0.012854044283483126	0.011303969801074547	0.012639212722442615	0.013668698483824142	0.012195733959239494	0.011517163796427204	0.01221356351154122	0.011734427897231357	0.014431298869293669	0.013097759382029233	0.012174914723622594	0.013854278647127698	0.012149755506836219	0.013016969001791083	0.012058284541468657	0.014017115051713902	0.013134362015091428	0.01360101906219613	0.014206642504830886	0.013860656389203543	0.01330708487731664	0.012311449775898587	0.013560770294046487	0.013401809824722815	0.012265873967246974	0.013338927500818226	0.013513702825545683	0.012880207748549357	0.012627201918951243	0.011955455430887958	0.014186164575334548	0.01221035852137819	0.011551162578917648	0.011045564169154197	0.012649441541145535	0.011952970546043612	0.012632588421996471	0.013161721151193306	0.009999589829449557	0.013622786014636942	0.013708472416857916	0.01413125640771226	0.0	0.012774668424555604	0.013437101556600679	0.013411489469169969	0.011279827160793874	0.01288829929682566	0.01218024587186246	0.012750380535097205	0.012572034676810655	0.013411179348446203	0.0144889349975473	0.012560758105810034	0.012153962646752456	0.01346982360625532	0.012843295661964729	0.013208349046105601	0.01182561293089683	0.012306928839101344	0.01210482413775391	0.012870069131670343	0.012269430669467334	0.01246272387061324	0.012460001236592863	0.012330237376559033	0.012833349359230218	0.01213500583674727	0.01354518895127302	0.01504837025496757	0.013695850744747473	0.013353560460790661	0.012841003508926726	0.013352944054025049	0.011960799077893398	0.013056726726979708	0.012327690765513852	0.011170252520692243	0.01066295114548354	0.013477545249264615	0.014227122077701852	0.01033566667737023	0.013706531988777153	0.012956929967914903	0.013560629844642947	0.013559235916643542	0.013601663544555234	0.012205097414151196	0.013633210709236595	0.011992202608238259	0.013342487962101296	0.012972009426762432	0.014047625942002415	0.011561365335278495	0.0133492993676371	0.013858403738682568	0.012455905830047149	0.01352056011565052	0.011213262570568696	0.013574357171682663	0.013520491455911143	0.014029133293141711	0.012807756903740143	0.01113608930968129	0.012631196894014918	0.015078315542088468	0.01328132413120288	0.013688354519060874	0.011981927566171925	0.012370075090694441	0.012039106387340005	0.012175242353735185	0.011576224344803812	0.013768591408125766	0.013040541504935417	0.012821827926681137	0.013411866093837661	0.013254231452657281	0.010921032444259177	0.013400826137370586	0.01087537747212785	0.013563300126752473	0.01315104246341719	0.013862662182691688	0.013987001076137538	0.011363545231181344	0.01290944220824459	0.01224907294127378	0.01450430597778082	0.012731658656282752	0.013878953758228816	0.01305777111719682	0.01401653425601789	0.012930653152197952	0.013483495685066007	0.014096021766785934	0.012958337467795638	0.013912207400915795	0.013032012162448875	0.013405131969145438	0.014218238726242114	0.012527909279072859	0.012637317566712745	0.013977807600384756	0.013313776835364515	0.013451970296848366	0.012503132310235683	0.012407395645612435	0.012709056038558273	0.012149347502507742	0.013163330895782371	0.012351371552609808	0.01327025002600547	0.012787557172037157	0.012938787157043925	0.012771706615921386	0.011125987627048998	0.012852127094048524	0.013555107190131432	0.012915543143112995	0.013269565968039989	0.014007194217544315	0.013804650805841196	0.014349531595107544	0.012059509071392137	0.012999663873594778	0.013130641139819205	0.012041039940922933	0.01334153594684834	0.011678862647645045	0.011802326855189114	0.013289212234378771	0.013820888216063197	0.014681205501306673	0.012049823571806124	0.012765386010328634	0.012497355605093843	0.013146484931752378	0.012102768781214855	0.013202499192640502	0.01279957299612998	0.011966910712404084	0.01268764252313915	0.014587607177042146	0.01379457986406612	0.012347728515732412
hare	0.013931331110526399	0.013964781175768739	0.013667665650865822	0.013760230498756625	0.013430523232390943	0.01457521585144949	0.014188790785396886	0.012936380906379812	0.011290997517563113	0.014591648260059003	0.01437096482425219	0.01461221946812119	0.013416356036460781	0.013064622992698758	0.013331516937690786	0.01364118782733839	0.013532029443336773	0.013593167121223182	0.013512891420053345	0.013436742685472507	0.013516664284646662	0.013732849480524483	0.013920715015838005	0.014574291674311212	0.013863874865169337	0.01352643818286825	0.012557090315652797	0.014243250122347374	0.014010487895822668	0.014570126370165321	0.013550952081700955	0.014262156876561264	0.014014563432684918	0.012785565919679432	0.013738200170133425	0.014308797937635571	0.013836607129828291	0.013569252291835098	0.013657638284721586	0.013988039302952277	0.013262749698370031	0.014744795891511356	0.013242352416050542	0.014025917839579854	0.014157503488803387	0.013237153434354713	0.014053361292455956	0.013773146017488969	0.01301733920116407	0.012144540534070653	0.013501343005373671	0.013027783031365566	0.012705617033705294	0.01316919940109122	0.014296003939928047	0.013182792759142567	0.012460223599349125	0.014159752906595501	0.013359428963208244	0.012575903034203148	0.013777067707048332	0.01353546638538689	0.013694528141533909	0.01376307688334274	0.013025482125412137	0.012889183746297361	0.013220008758434636	0.013726995243717049	0.012673302624055114	0.012607926489361924	0.014072475392584367	0.014516848811621201	0.013165294158717868	0.014210054514226331	0.013655601132440218	0.013550752211237405	0.01439259749777992	0.012421904236688278	0.013172139126861044	0.01383604904100784	0.013739507636977222	0.013268318372373283	0.014161025585148897	0.013508692729219706	0.013460094799519656	0.01285398377781129	0.012531225286745265	0.013448120579800904	0.012646921315194024	0.013920555623801137	0.013874980498684126	0.01327968711768721	0.013391714645627892	0.013848329168260363	0.012564899632866089	0.014300489722371022	0.012774668424555604	0.0	0.01352056943935847	0.012617831080608835	0.01283129684130349	0.013347576226604374	0.012836919685758367	0.014035148926145737	0.013339692220328743	0.013951377058614751	0.013779157986740741	0.014468354353123951	0.01239974639406324	0.013927026226093106	0.013964193106561851	0.014140730626223253	0.013219142793136462	0.013629039729320098	0.014041319663256861	0.013263173348236467	0.013578690752782133	0.013020818051984774	0.013712798030716782	0.013773934036390944	0.013640201364462428	0.013285974492507008	0.013949241718549983	0.015197829652304332	0.01308325762891163	0.013809467001703667	0.012975163821915554	0.013410473485696456	0.013895004836820823	0.01302983094296392	0.01383828014382222	0.013285293231026367	0.01283224855402653	0.013156555184214089	0.013681294521898537	0.012450462259672217	0.013585544711148761	0.014268376318313238	0.013447194719015653	0.014078074064095785	0.013652522806829905	0.01394739950768541	0.013816593964040162	0.013063998200081934	0.012419874728435618	0.01304626900302464	0.014308905753402998	0.013110951938549761	0.013698150229763825	0.014693666877919056	0.013530884221770078	0.012841718432324019	0.014148077695732189	0.01370081923998852	0.013641758498417773	0.013451189325417685	0.012931049585080956	0.012439286904125544	0.013307890777689435	0.013394373532134504	0.014193594684103573	0.013611536708019213	0.01347657603592123	0.013324932907650957	0.012362283131811617	0.013228944772210437	0.013496802252199767	0.013219051573920938	0.013293653343172056	0.013635669241188576	0.014465195550802869	0.013605851346323028	0.01138641491753379	0.013314187128622765	0.012862215269618163	0.013209560108962778	0.013165211567309477	0.013964954745908262	0.01437661047798854	0.013542123090330826	0.013322586072845755	0.01299260510956839	0.013636163017107404	0.013062643372918334	0.013930703571567839	0.01405434426943931	0.013599552180420478	0.014195659220757438	0.014087024388622566	0.014317310869525462	0.013703398089946235	0.01413641404426162	0.014013481073084571	0.014122044190331496	0.01457008842843496	0.014563848493915779	0.013274853137259424	0.014442402567554392	0.014548119121586095	0.014213418911858199	0.014314206406228287	0.013730252440947562	0.013889766820283384	0.013750333084765287	0.013908915002577304	0.013025975178374645	0.01253956423169942	0.014647816062147115	0.014243726214450842	0.01487017669658988	0.012877180770513062	0.014213511699590141	0.014631971391333114	0.013701606622793319	0.013011307098522426	0.014311116612864536	0.013416449387576888	0.01345763356688187	0.013645468278004691	0.014305143400183797	0.0143041281917113	0.012683691709945275	0.013758687621088984	0.013080278647688974	0.012543051778060062	0.013827309058378891	0.014187210894777995	0.015140476359159143	0.013102155452498411	0.013672762192484464	0.013656393564860694	0.014046757688567271	0.012261295150180953	0.014156935032881473	0.01225402703226406	0.013053858228432335	0.013796011482352724	0.013828821823854294	0.013848089904799086	0.013291801799192255
harvestman	0.013416885476692304	0.012150863130299182	0.012300132601476936	0.011205375568100457	0.012690229050649348	0.01224380578296182	0.011239059569911914	0.01202250861920821	0.01342158343782522	0.012571293173146496	0.0136677355524419	0.013095855728089946	0.013652916576720518	0.013498985287336736	0.01334272837099215	0.012171177450359923	0.01365742861224336	0.014500449860759958	0.013180948929967963	0.013203444859602852	0.013336793904941524	0.01248997183520254	0.011553139462342588	0.013363603254264313	0.01230561756394392	0.0143558398604559	0.014251964680895924	0.012651651087984607	0.012795982142956805	0.011893910003643503	0.013791356905954164	0.01398213944350663	0.013589869163652915	0.013586297229626676	0.012765322775176852	0.01213031227644762	0.012042206239662448	0.012459354577122453	0.01418146357559126	0.012702051882928635	0.013439132543906445	0.012418571479011669	0.01139945239043298	0.013816554146332129	0.012267646300467951	0.013051082636477534	0.011110182521308354	0.012451850199505019	0.013851997157231741	0.01314944113448892	0.012204065274647496	0.012278896664469782	0.013612588233258324	0.013296893624103325	0.011742538150524107	0.013923398895015395	0.013043405106354666	0.01239096291122816	0.012825288327361324	0.013411080225950762	0.013219484826672236	0.01399293734317298	0.0138944830237406	0.011948449226213784	0.013543706136473517	0.013703771169974706	0.011948612208725293	0.011780458234111	0.012893138780101425	0.013266730698046694	0.013737139998212668	0.0142586286653022	0.013342746981690247	0.011945848923303375	0.013698627094502631	0.013013356284527424	0.014138263974198624	0.014304264918315776	0.012114520292521332	0.012425506047189649	0.013833533287903217	0.013286149160366528	0.012462452966209615	0.012485389433566812	0.013745956608948024	0.012669039089270697	0.013691031062763662	0.013387245682036732	0.013916783806995549	0.013307359869620262	0.012998335679175356	0.013134735095435028	0.013319556826542926	0.013349507258802566	0.014187219746325338	0.01334761151126882	0.013437101556600679	0.01352056943935847	0.0	0.013620922530493297	0.013526254786893977	0.014119299334466342	0.012016012633793687	0.01254465616996759	0.012953761030878913	0.013686932976282751	0.014276688323946664	0.011954029305128231	0.013370454482501785	0.012927221722845937	0.012860595472854296	0.014160218296537505	0.013154491042494025	0.01359732388345406	0.012561145108026181	0.012667892965137867	0.013167942516833137	0.013970073497763696	0.011923198114579474	0.013759343946871373	0.01276221030699555	0.01140273178581568	0.013871400841930172	0.014357359947797015	0.01380465908809341	0.01254270168454541	0.012280329446450721	0.013246609623326624	0.008925713048189916	0.013185284881045922	0.012973923181593332	0.012415456068689499	0.013057551979090507	0.013683106952296875	0.012645260328942311	0.01320194712405879	0.014133065075059579	0.013180491842917958	0.013917793757041726	0.012618118410201072	0.013250364389410518	0.012596347613935981	0.012544430578062482	0.012491765664550123	0.012930455253764022	0.013037845313938453	0.013859261530046796	0.01325211517086422	0.014154996292359617	0.013212814510987237	0.013139136826732276	0.013606522680163683	0.013858376281431104	0.013676173231910787	0.013935265362116327	0.013079594567128584	0.013404205362701722	0.01344376000311005	0.013703524496032264	0.013708645435225897	0.013357760081041859	0.013200875740774044	0.011559145855940872	0.013308008771670049	0.01194518353137845	0.014359989518508993	0.014484226838342544	0.012410742508351684	0.012101385942679453	0.013301034238554494	0.014340928036890457	0.012718294793552732	0.013599201912827229	0.014061701943437352	0.012869005637747087	0.01273024000119636	0.013378385605786464	0.014216512077835199	0.012518455939769042	0.011917671215085846	0.013739544811833967	0.012202667316274634	0.014520560540477434	0.013679575950739988	0.012705926582131835	0.011829279454365309	0.013672238917837675	0.01084826085265706	0.011229538726940437	0.013196391941221486	0.012273350665549868	0.01146099102251877	0.012508473749438134	0.011317450447415847	0.013842207773448018	0.012789817775062995	0.013694651215718816	0.013493918769397819	0.012621789038217575	0.013809897031751853	0.013105391704069817	0.01318669938547517	0.011861053768820786	0.012910118738878717	0.012357049412579505	0.012336696381900523	0.013294855858936971	0.01177979361700607	0.012328409806370351	0.0124506577440889	0.012452679658165771	0.01246908690264945	0.012206213918036475	0.01363441337841794	0.01341136718777565	0.012410500301511262	0.014409046841791591	0.013809191478287665	0.011767318238478697	0.011575021422312487	0.011231951737361544	0.013280541516989344	0.013927758235201183	0.012296934126023428	0.012720513366606392	0.012882263340980088	0.013358802290453116	0.013899960136638639	0.012521849313265204	0.01332319137616838	0.013429797639977765	0.011902601641900198	0.01297342272171774	0.013304909001093625	0.013844977835563347	0.013275783933552611	0.01372818669796941	0.013607850136974383	0.01413930847947417	0.01321025044248047
hawk	0.012085896238759823	0.012923100487490926	0.012704739785902525	0.01336957858232328	0.013252421508087784	0.014244141795149793	0.013069656835327226	0.013422408322444462	0.011440382735075336	0.01412168249424328	0.012642011313382188	0.013063933916817481	0.013221007655520025	0.012430331069228752	0.012701600513845179	0.012560452260022859	0.013414448955985042	0.013514921813823461	0.012480666274111237	0.012796043973464262	0.01111696579576641	0.013218749693667885	0.013652901186560868	0.014282954091781225	0.013689269511672549	0.012649678286757844	0.013799393451784697	0.012441670368802955	0.012748920615555557	0.012627170262340748	0.013020743734591205	0.013704655233396493	0.014034471322805006	0.01219215918992212	0.012618900619409033	0.013529578254104075	0.01334953414524471	0.012898910638367393	0.013160625946676998	0.014362808044834722	0.012328715340516596	0.013599238087129982	0.013396904297931184	0.013998075983753588	0.013320993184582065	0.012450767316952178	0.013337517011536142	0.012390414769890466	0.013825633223933997	0.011995257774968997	0.012913814929365226	0.013148150183422629	0.011193508863707681	0.011836557427072528	0.014376792384255608	0.013093043093117604	0.012719219295657856	0.013935692541479767	0.012762678560407184	0.01217940709065781	0.012334453226832359	0.013405748463855206	0.012053654151625164	0.011768632654436674	0.012167100995660103	0.009950935027676588	0.013085330751843084	0.013772694627681386	0.012825876114721748	0.012213636719072909	0.013251637542235588	0.01170311775289485	0.012631867539391762	0.01377312133548469	0.012449645083726715	0.01326267287858269	0.012763630397106452	0.012500958595237397	0.01345330937080989	0.014348206078919089	0.013896624937904561	0.013159737020942208	0.013677585791982276	0.013806851666189167	0.013691669139241205	0.013397876969929591	0.013228659912589374	0.013508532124628264	0.012649368048645358	0.013046798077767263	0.01231019986837009	0.012533896221678482	0.013380741162569695	0.012731842526513002	0.013772806479385686	0.01364031154034354	0.013411489469169969	0.012617831080608835	0.013620922530493297	0.0	0.012583160879470987	0.01344568571628083	0.012723864771814676	0.012910974648205127	0.011946706810912503	0.012332414092000499	0.012872742673797241	0.013902721423494982	0.013175713731498182	0.012182916606772629	0.013818262328394252	0.01264174491854613	0.012830117154126408	0.013578207150385973	0.013569356401594396	0.013207954102040382	0.01221447007397688	0.011980410411955467	0.0128179327272265	0.013416129645282748	0.013265384478636932	0.013072928843295105	0.012349677436031173	0.012727282981781577	0.013024730387001386	0.01328851214429886	0.013153802031714712	0.013842385733628915	0.013142476544816801	0.013364650280811857	0.01360685731391651	0.012697673598433892	0.012367755268597302	0.013232992531109756	0.013313464255508407	0.013287259982549784	0.013606785506603438	0.013626449995505541	0.013562859398077299	0.013765477341778982	0.013789990590743826	0.013239604193474176	0.013844660989125047	0.013124300469333596	0.01244574095214246	0.012108137458364233	0.013973590637794854	0.0130762916931774	0.011136798148781652	0.013818894321742816	0.012614678537465219	0.012894227665745685	0.013695188328880321	0.012548211516885734	0.01370499591049773	0.013443912433870848	0.012659758211441224	0.012839792591064941	0.012549705659133333	0.012939729757984263	0.013121471217194541	0.013880644006537133	0.013166224116835823	0.013069641030269507	0.013174968811194747	0.013310274109725679	0.013232863397028062	0.012899260974171852	0.012419895279072907	0.013486270431360201	0.012432696387887831	0.013878824389328075	0.01261795935088002	0.012778702401457146	0.012892847286887648	0.012331786963009047	0.01134612473504757	0.01374509753823521	0.013432122691442077	0.013299465794909846	0.013713205412763767	0.013129045798066417	0.013691210165199773	0.012628495036811802	0.014144852417237216	0.01360273770545759	0.013492762380931653	0.013635895551650396	0.01401257524072526	0.014448472909670574	0.01080167521120641	0.013899179315130194	0.013314215354394653	0.013676026434465091	0.013857745932079833	0.013131912974227831	0.013385227760175896	0.014471165643972918	0.013759038075873016	0.011696753211735425	0.013600192249263812	0.012629355555710695	0.013226497242986681	0.013010973396593437	0.013605893299565847	0.0123289414947032	0.01069940370687648	0.01426432018436699	0.013048688467007493	0.013982915435620606	0.011851412586267	0.013203697629494707	0.01264380140495066	0.012469252207198278	0.012685705625551581	0.013185623510380124	0.012472888375411016	0.0129450476040157	0.013261581959773412	0.013955206113605512	0.012123775531449934	0.010913491003845446	0.013510955960868945	0.01303549866176839	0.013148787902321515	0.012776310030082932	0.013725542419728337	0.014381521863334346	0.012361937008672599	0.011379998186613163	0.012869520475054021	0.011772137295010168	0.011995021062246536	0.013417150942690876	0.012212532924482888	0.012754744185384224	0.012957289384683643	0.013113794382392557	0.013296466890325756	0.012445284958885439
hedgehog	0.013405107504425305	0.013146058937097489	0.012724443548706207	0.012103379055215682	0.013721015212328873	0.013575930756676614	0.012441576245349625	0.012540389966295114	0.01208238932513536	0.013544835413751719	0.013096925986479777	0.01294723121038981	0.012361895241483591	0.013682267096667094	0.013443130282735784	0.012018912328690366	0.01327923765702545	0.013658741427202595	0.013436220836847918	0.013487315960640445	0.013634914536751254	0.013633137692329218	0.013400954020448079	0.014355772977482646	0.013466653541257936	0.014555266901030883	0.014447638961236702	0.012871693943653593	0.013425477466469408	0.013366005694957984	0.013865850709464889	0.01327045094693158	0.01359290650926023	0.01222131227793056	0.013085388780320067	0.013726393820704943	0.012469372205789591	0.01217603770511705	0.01291002727830703	0.013095888916351722	0.012792435257095704	0.013064721623233369	0.012414850561628377	0.014794885096349695	0.014026225040771986	0.01321708230960147	0.013580952522627341	0.014099611280350139	0.013207852485525006	0.012934060701267593	0.012988633904625785	0.012778290435216144	0.013188116121139768	0.012338142987610809	0.012769196659491522	0.012174072911589697	0.013337532639587354	0.013676398560732555	0.01254841893465952	0.012286739450830357	0.012980933443710879	0.01267203959620373	0.014062076058492126	0.01320296289109369	0.012684317294716347	0.013445053624480514	0.012272710257352383	0.012872036062437866	0.01253549891710177	0.01381257956972616	0.014084179138294912	0.013653582201840861	0.013674485399276192	0.013935339038001702	0.013487386880749934	0.012773208100908776	0.013936624132668997	0.013374584098954955	0.011884552109411502	0.013795625412499474	0.013872643510171595	0.013282190654443311	0.01283089570558168	0.012250989261488243	0.014118479832368434	0.012255770444331677	0.012502794983971291	0.013144292862705364	0.0128710027460049	0.012784978392924518	0.01264729018926391	0.013217727465567475	0.011784737812736104	0.013289988337592606	0.013643195853306877	0.01431563060301903	0.011279827160793874	0.01283129684130349	0.013526254786893977	0.012583160879470987	0.0	0.013865601121650745	0.01263322245611088	0.012551175091679887	0.012525172352245283	0.012945974404176325	0.014490050079773602	0.013368391138241236	0.013074088552840837	0.01332494025673855	0.013529117428619255	0.013383473717385009	0.012289724054063105	0.013154284777745202	0.01296103277548087	0.012948164415751265	0.012353042114456847	0.012684875465295837	0.012548343090792636	0.013010183601035542	0.012742182755360732	0.012865286141234018	0.013132407823167505	0.013813188782756957	0.013549145113809127	0.013356682618246407	0.013345036646894072	0.013803180310735186	0.012577940792709606	0.013408591987955324	0.012732225346365065	0.012032812001849715	0.011926472814541195	0.013963364771695425	0.013489201153469884	0.011070832806980261	0.014318781616152753	0.01345637752038923	0.01362049682605519	0.013718826229393917	0.01322692787244566	0.012427804167118148	0.013406736866591013	0.012575248518831182	0.012921471389823897	0.012366494873570031	0.01430336506297121	0.012265103164973057	0.012919912299053178	0.014084178451663109	0.012775378688308484	0.013648117661324883	0.01309743246051822	0.013231232297518436	0.013349346724991613	0.013676798179861283	0.01355153556520867	0.012089879127643399	0.013351932763760219	0.014284835585678467	0.012970303701540387	0.013982468463320628	0.012265886559894737	0.012843275001600601	0.012279738252523813	0.012870670315959832	0.01284466921927161	0.013024228423218258	0.013230159176964207	0.013440104965102262	0.013548046844785451	0.01360587953767172	0.011610034556221139	0.013391181307873493	0.011768625177887631	0.013231355575686311	0.013214068657540094	0.013796281578634575	0.014157458427023468	0.012234984040373239	0.013517159335013084	0.01271730331848081	0.014193472455306883	0.012912675802876212	0.014194722977641844	0.013214491043456823	0.01436085199136701	0.012965407395592815	0.013628575829488225	0.013950516337958156	0.012321253252697143	0.013845788871157769	0.01299378288823302	0.0138618403472186	0.014194477523858818	0.013250391207018541	0.013287407693572768	0.013485226285609601	0.013970016301989609	0.013107608112589892	0.013332602567634253	0.012125976715244092	0.01298994870454722	0.012188691496852467	0.012872762262289054	0.013056835230325739	0.012862040933543498	0.013672618945859692	0.012512176172446834	0.013107325527302783	0.012085644655489745	0.012646713538630488	0.012640189301314402	0.013320059473974088	0.013376774558618161	0.013767194650976766	0.014348177371353108	0.01368172766986659	0.012896690711445825	0.013540755321416529	0.013182899965649413	0.013008319477801969	0.013524241985846343	0.01211662869774924	0.0120876224085843	0.012875039867744157	0.013967773335333451	0.014740937697110738	0.01263370772144621	0.012626810751209892	0.012293354271856625	0.013036529941438448	0.011557261009963167	0.01368646447273317	0.012342014322593384	0.012418024217892405	0.012823284444189858	0.014045194775767045	0.013631047717888282	0.01285733030783118
horse	0.013344813017074327	0.012996618632044085	0.013641399090059491	0.013729741791023254	0.012782764304010406	0.014256020087952766	0.013843629548273128	0.01310240587742975	0.013086776559248932	0.013807666316339322	0.014435853143508983	0.013442255820940226	0.013305234902642732	0.013771128726494188	0.013689083678200747	0.013138039650970823	0.012859792094033151	0.013814000943932703	0.012353638952029724	0.013130665083945038	0.014317387925899806	0.014404622595154976	0.013838273684049973	0.014344881537384417	0.01467753817107953	0.013903435319526836	0.01340726776168505	0.013643410863723244	0.013684628686884677	0.013627734961481522	0.01093937455503701	0.01430372490029974	0.013977998574341666	0.012625723546505152	0.0127922706758106	0.01392391870502527	0.014312139124441146	0.01377660015493628	0.013234538207533621	0.013788285694738252	0.014225049127822565	0.014612027992327555	0.01322415395703129	0.014680711468554685	0.014291905634104523	0.013700189272274234	0.014129447401618358	0.013847172023885312	0.011548327229173863	0.012944318009402982	0.013274162377859573	0.013096072823312465	0.0134557121205719	0.014176564595119623	0.013730867871936704	0.011836201770683159	0.012467697900785715	0.014180572738252002	0.012810046087442756	0.011121601622911583	0.013399671503511653	0.01178986895762254	0.013631192729902717	0.013297215747543495	0.012856257847134296	0.01300444231386935	0.013934042769628419	0.013792631694368295	0.011393431036429863	0.013178231768205938	0.013695135188181268	0.013925167013123518	0.01435207655229012	0.013848292037154555	0.01365809667072572	0.013314587947151313	0.014376187428973886	0.014288907373481036	0.013308780881938551	0.014220514596178005	0.014242497598867159	0.012644616637250144	0.01431984007102493	0.013808323014751165	0.013883072346454344	0.012446311416685292	0.01121356065642997	0.012835960421827629	0.012712349332495397	0.013725964243140898	0.013473900767576565	0.013115116507989934	0.012896602692392685	0.0136836468656447	0.014036970062117406	0.014275557526450364	0.01288829929682566	0.013347576226604374	0.014119299334466342	0.01344568571628083	0.013865601121650745	0.0	0.01294074694923744	0.014454351336259816	0.013235384237591916	0.013653530644260496	0.0146579581060045	0.013829794878287442	0.012506616119174427	0.013938755409689902	0.013928480471777204	0.014020483521762096	0.013570743066997371	0.013725368726659264	0.013726095017491684	0.013664844882358284	0.012709468366365622	0.012086935220987895	0.013441928706432373	0.012874043748214086	0.013695853258778192	0.01296324913639729	0.014000645229578447	0.014546033999646223	0.013894294240457674	0.012895468020304033	0.013429588064827273	0.013885342746612104	0.013566448475653548	0.013136774010431498	0.014289441175912075	0.013603319425626783	0.013096704146504889	0.013742020400241375	0.013832771934769051	0.013319749159017881	0.011106476453711371	0.01480282965957419	0.014123901332958539	0.014064178969903269	0.013233906433451702	0.01434484452406109	0.01390765876835139	0.012438709003262128	0.013396962174752511	0.013931156383430773	0.01403132304218021	0.013922544200640066	0.01378183600852567	0.014382418310807216	0.01327615987906337	0.01314110505696679	0.012557164450859321	0.013191292160950824	0.014460906873815215	0.013579860992359125	0.012700086648277265	0.011532712428338207	0.012326954547519628	0.013579429912334177	0.014645970595197727	0.014028763439923493	0.013433951905371793	0.013248544931829897	0.013366458043334506	0.011211041223614836	0.012604320737501992	0.013993905583589962	0.013574456165543113	0.013617512480641305	0.014034207509397443	0.014440790799379887	0.012134873710655027	0.013226484412877229	0.013415590622695343	0.012936887963948056	0.01381218522631003	0.014797418058937245	0.014317830021311368	0.013380339822337595	0.012075808035655191	0.012205175693383051	0.01517030526201442	0.012616474953614586	0.014930987080875925	0.014112668505041233	0.01372093743205074	0.013889123686469669	0.013702900352557975	0.013792700465485093	0.012920146555727137	0.013788954754530978	0.013081513855232808	0.013951956690468012	0.014047831128218906	0.013463728320593888	0.011469581103187123	0.013573309198260896	0.013774617010494112	0.014064190619839514	0.013567299609333014	0.013885755114853092	0.013757314900774364	0.013595412332273911	0.013535633493174397	0.012806960533740246	0.01345728439300852	0.013686801195344407	0.013895607701324215	0.014281952299402236	0.013313435504339945	0.014014801599694073	0.014263912355136174	0.013105160324463792	0.013974126781779459	0.013882325055280214	0.013473228590076582	0.013845205668214162	0.01302996731164449	0.014155017273599522	0.01307437021597795	0.012713682101706265	0.013932946333879837	0.013220565334340328	0.013124470456559652	0.013601651508359984	0.013901713067622012	0.014522925465647783	0.013156028091059613	0.01356328522679759	0.013220077160708056	0.01395921828711024	0.013222318330079079	0.012990781953168398	0.013300039395470706	0.013325989863677255	0.013550445550791813	0.014465838386635257	0.013565548492777859	0.013141391581139172
hyena	0.012916909438965054	0.011234183103044575	0.012684196901363827	0.01164303327852082	0.012128139185617764	0.013430580701512066	0.011871413098337063	0.00978851589984015	0.011871513330601234	0.01288710759372607	0.013539390353637173	0.012928866722703287	0.011829707615541146	0.012815044914127074	0.01323031820767131	0.01248712641206704	0.011821645242128228	0.01353702012222473	0.011454221458644536	0.011329223972368534	0.01296580320125272	0.013265393042629548	0.011827045721788854	0.013691179088955556	0.01178334432498127	0.013932120352240647	0.013782239607729846	0.012004328621441612	0.013313079028204342	0.012004876355312109	0.011931872651747152	0.01372410787991507	0.013172355339049868	0.011779702311863394	0.012690955264610549	0.012257667319789356	0.01254555437827425	0.011328978293117457	0.012904955814442034	0.011543844690035294	0.012642800232447873	0.013489844744672259	0.011608698818730764	0.013858827670963813	0.012652375769519011	0.01262718463175472	0.012501151739883039	0.012600013888047778	0.011773374392683635	0.01196938508613069	0.012448785721952536	0.01085625447177251	0.012275434994819584	0.012591692868718944	0.012323643181799375	0.012415214186768796	0.011413484707373599	0.013191268094438012	0.011427101816269498	0.011060569271946175	0.012223691059077018	0.012418013877760349	0.01333496090720879	0.013121785162867385	0.012528768086058796	0.01348529591687892	0.012546583745569051	0.012399899237474261	0.011000172861848836	0.012815570343932617	0.01395850147008521	0.013895295736762592	0.013481528941862489	0.012403268012704877	0.012708053575680134	0.01295982418211893	0.013770978060347936	0.013309529307058874	0.011705264445753136	0.013557587053434466	0.01401925397523933	0.011477590056415368	0.012388971012125325	0.011751973281375646	0.0135466965245664	0.011192004464844562	0.011190347040499317	0.012946350015110773	0.01265104768722477	0.011439464038491958	0.01245071073507637	0.010629105391751416	0.012177351565833343	0.013482482727033274	0.012999186714552458	0.013469286764958599	0.01218024587186246	0.012836919685758367	0.012016012633793687	0.012723864771814676	0.01263322245611088	0.01294074694923744	0.0	0.012146513554125075	0.01170178871528778	0.01315282839952592	0.014075435011143764	0.012938023914884886	0.012294112604302522	0.012751839306166666	0.011941416129688964	0.013515787959584503	0.011963286091923821	0.013146025652176358	0.012173510455352447	0.01227792070179248	0.010733811907769024	0.011034535765346621	0.01162523730139502	0.012438379256656903	0.01269653587862441	0.011461292904290363	0.012838657681691106	0.01421633276341467	0.013698109824976963	0.012446441182121973	0.01226973130893829	0.013909124923924715	0.0122769138539246	0.012662750163876819	0.012024634757794583	0.011420233820253154	0.011887434143079235	0.012492607052414062	0.013780602072510272	0.012233528983682346	0.01289313187550179	0.013161482598148193	0.013844004443116908	0.012622786287717196	0.013105958699264982	0.012659782971422557	0.011741762384456686	0.011729112525073873	0.0124088979836671	0.011260179686547654	0.014345021171557493	0.011483915725699418	0.012558281966488455	0.013351442345077433	0.012201884223794575	0.013208585282557401	0.012938352741447976	0.012973614883038012	0.013000790915885563	0.012490965878731363	0.012297317462667618	0.011161732574510315	0.012613653551970052	0.013635441326814695	0.01285615102790738	0.013630134364168186	0.011368872177071434	0.011279757689535524	0.010569982924423644	0.012708888944487464	0.012882012963376138	0.01202133454814179	0.012368163267477077	0.012960007765088601	0.013050625919199074	0.013000868559184696	0.01192061531128636	0.012370791010907725	0.011417908332486485	0.012719564286172132	0.012730320730487289	0.014584742845763865	0.012951952334165955	0.01060158680754751	0.011820323341134137	0.0110427497666194	0.014231845244010348	0.01238469212850649	0.0133187831216658	0.012529880906227291	0.013449263091527972	0.012196282522644415	0.012332956370828943	0.013743378460873352	0.01202481364468005	0.012276429937861565	0.012576128476391226	0.012254825572282952	0.013647529582896462	0.011900080744362917	0.012131222280538412	0.014112333864809224	0.013091021062787226	0.013613746869995376	0.013171605345088514	0.011668911092402727	0.010714948446697575	0.012947313554036213	0.0131603543409736	0.011422560271018768	0.012530400101072203	0.011810874991508978	0.01252718766248691	0.01259429915810513	0.010897765555600998	0.013174909391740361	0.012843771338400468	0.012690000550589317	0.012795781213916103	0.012869660850608875	0.014037021839931874	0.013518182913569224	0.011491523362510605	0.012905686420676516	0.011913168064050104	0.011641325967243923	0.012863991841377296	0.011212583947391315	0.01198478221561569	0.01298640942316706	0.012635252188173287	0.013899113744578745	0.011994549004254763	0.011323923789040728	0.012202854371364355	0.012908170597400813	0.011203556999830902	0.012241920174137643	0.01111367465206243	0.01216259011942473	0.012528485997500689	0.013825930158060327	0.01331272314822446	0.011480508276594602
iguana	0.012904320993960777	0.011263892275150558	0.012300683912132286	0.011269619477598034	0.01333184804768232	0.013749626195516802	0.011863519515243321	0.012353595119828443	0.013617034461160528	0.013675375846067398	0.012521279615207244	0.013052076471167857	0.013179470127450087	0.014086380087752396	0.013488702846221994	0.012614718043869861	0.012786786031200476	0.014162138038625031	0.013263864300131122	0.012644030093177099	0.013290356895954893	0.013341052314910808	0.012148902789762541	0.012550525785127005	0.012279499517174143	0.014717236432909135	0.015010575470194094	0.013258574005166326	0.013179149062195267	0.010727316886653291	0.014174788665632342	0.013236422792770361	0.01432568027261059	0.012409173205648438	0.013265173987172512	0.012639917424989633	0.013134246103974288	0.012062990027112211	0.01314822994286514	0.013140868997310467	0.013425536509777108	0.01259937538142552	0.012114054882757264	0.014537631156683651	0.012872154461506316	0.013722689688779493	0.011958463582256239	0.013193611868960786	0.013584123001082271	0.0123853076710942	0.01193505178250057	0.011401801132033462	0.013920812330068179	0.0129342069157256	0.012941407894005906	0.01266696145027735	0.013055609180801151	0.01320443201165078	0.012355208511501825	0.011849827641819941	0.011577827492365944	0.013486355742804197	0.013190296116461055	0.012726058879384237	0.01332053707304503	0.013185712292781624	0.013000804359637609	0.011761346283726952	0.012261326774570164	0.013504696823212743	0.014209119262984213	0.013615270800600987	0.013594878170447588	0.012981267310763694	0.011814028927082536	0.013100637260430847	0.013664780480444467	0.01340381175394223	0.01184674144827322	0.01347192248379877	0.014682204773503859	0.013550803707310186	0.01138351165257538	0.012935625766617087	0.014295932994087825	0.012066209389037241	0.012882610417237188	0.012572102327028765	0.013071654677995315	0.012572777638004393	0.01320420860598017	0.012452700955404562	0.013022018534728019	0.013860387982728461	0.014317570165404582	0.013877624744555174	0.012750380535097205	0.014035148926145737	0.01254465616996759	0.012910974648205127	0.012551175091679887	0.014454351336259816	0.012146513554125075	0.0	0.01343063762618798	0.013460928469147669	0.013829237122153497	0.0128159026248778	0.012961947628919657	0.01257270160635482	0.012745273302614695	0.013050569514246144	0.012206492065302792	0.013846803301727164	0.012427243793033583	0.013609324646484946	0.01274224168981374	0.012670177888971613	0.010779335240465437	0.012476394736908838	0.01219887758663691	0.012621938108576829	0.013187103517000425	0.014374103179989932	0.013417924789090813	0.013197011632144666	0.012634269419172268	0.014562126828251856	0.012599692293120593	0.013096073192995083	0.013654160946578793	0.012405344674617904	0.011754884624349773	0.014134849408440071	0.013781835421301913	0.012732812878709733	0.014780816884865784	0.01378289403985269	0.014435208845788887	0.013063095683575277	0.013164077783178872	0.012103579860679867	0.013093925976791203	0.012402075726219392	0.013297423449505092	0.012102716457572393	0.013389191140909059	0.012325588262827264	0.012872597648151447	0.012589693011381511	0.011196240211048218	0.013499995833948373	0.013989264535968486	0.012719952375761245	0.013349429450201417	0.013457032813992931	0.013069520847220161	0.012701483087345028	0.012513167330913313	0.01456732780831389	0.012602575232778732	0.013606670752319765	0.012629588907066211	0.012470191170373172	0.01295058755413544	0.013765776432119719	0.012950915492305237	0.013549130748125346	0.012896307349287236	0.01300614424240205	0.01324164839992555	0.013125915445522593	0.0126047014111175	0.01334314944162682	0.012752893539161834	0.01230639513980274	0.013052868814922815	0.01404728380728729	0.013207795491091554	0.012173572657490903	0.013712446846941213	0.01246139567926625	0.01455674501209439	0.01355168872429066	0.014126097194892129	0.01234560654830219	0.014336979663910364	0.0130599491330013	0.012156386172493342	0.013656193095635268	0.012304605906192211	0.012157371277205944	0.012031984370771904	0.012462746240346396	0.014102176203543733	0.011554921775096405	0.013661414490533057	0.014063865182164254	0.013020721071795695	0.013237942575217146	0.014225243172344052	0.012434102720143376	0.011859482311398916	0.012691211101051309	0.012479844447889776	0.012011544899764698	0.012647547748346168	0.013187886278521905	0.013261478442852088	0.012844164484649862	0.011990782869996806	0.012335652759202571	0.012522793145836215	0.013377370026322217	0.013302177966220819	0.01310205890991867	0.01450951058150342	0.014039894654856498	0.011884774534760405	0.01302886099277925	0.011599921321661034	0.012500495580816342	0.014141198533225341	0.011772212602768974	0.011726507327872136	0.012354686295404045	0.013583124972936624	0.014697341545913054	0.011298402813553252	0.012657029084514805	0.013336139978802574	0.013797951690993427	0.012870534614896725	0.013019999076824712	0.013154099301888173	0.012998388738276774	0.012755083327886621	0.014041658066632259	0.014394930663441156	0.012355071622463298
jackdaw	0.011587613411434796	0.01260606537967384	0.012931766478712964	0.012051088030495554	0.012993895379134908	0.013623917195917587	0.012111704849578542	0.012370886026481938	0.011934855365512096	0.013034868349614261	0.013430684478771883	0.01325378525958259	0.013418048213067343	0.01350221152831782	0.013122203645956551	0.012676010417490429	0.01330048968448344	0.013026014423907807	0.013091500774499297	0.012997949644205671	0.012114211221968792	0.01283585691979817	0.012353470623561196	0.014244044872050556	0.013082843372440079	0.014279005659051396	0.014399831728652062	0.012368454761248824	0.013603884025440915	0.012838962464939343	0.013517687249588033	0.013706453578221627	0.014027416933828373	0.012057610091114003	0.013237004964075696	0.013625070647520436	0.01283052458451577	0.013154859744617775	0.01291765433624094	0.013079545322158086	0.012550300184237856	0.01347044029842125	0.012697378027258231	0.014149662299799881	0.013744516285058435	0.0130677038217519	0.013083490467390322	0.012593762902992023	0.012696350813498427	0.012873126758164483	0.012749367740216708	0.012467775043471387	0.011700045987238568	0.011491128685779919	0.01280369138011952	0.012594338957615943	0.013126303781454286	0.011796478486241926	0.01251646032847428	0.012031294599230436	0.01239299654775633	0.01271528243165674	0.012728233603702002	0.012416487828491618	0.012410973965795052	0.01289934036349723	0.013054964455662349	0.013131681508428411	0.012410942135498385	0.013514339445656639	0.013696159042597862	0.013113803379166351	0.01325432500538547	0.012531934841383673	0.01292563618133743	0.012742485204714146	0.013404923894898446	0.013956104831908664	0.013192693059160644	0.014055992109733698	0.012761834075530507	0.012957234486897022	0.013216976598410994	0.012767115748004099	0.013525418270426179	0.01242643120146058	0.012179079786829566	0.013178373621289643	0.012754736283484685	0.012680627260344397	0.012381348808853533	0.012765555155380375	0.012474901001969024	0.0121782422214859	0.013387309375011279	0.013279085683052748	0.012572034676810655	0.013339692220328743	0.012953761030878913	0.011946706810912503	0.012525172352245283	0.013235384237591916	0.01170178871528778	0.01343063762618798	0.0	0.013681128824806882	0.013963082904501363	0.013493615547451281	0.012870732411733952	0.011696682336818037	0.012753661230977048	0.012826913626976997	0.012832215464038897	0.013302822163023913	0.013449200207321557	0.01279474961666981	0.012926640270127292	0.012182929666859585	0.012217468454916523	0.01320921308060731	0.012714191637602885	0.01203396137237207	0.013012011321392503	0.014138590651869488	0.013238443765624084	0.013833906015815361	0.012896032138326652	0.013572258643895002	0.012657722510200786	0.013460122379253148	0.012995078165570044	0.012772440969181207	0.012534282447356555	0.01356929713380164	0.013549335757158191	0.013002930136036796	0.01410667733440233	0.013414655107740545	0.013161860189866748	0.011976915130017196	0.012894958933128493	0.012568225825566904	0.013193556552548821	0.011666014490475805	0.013148860860882532	0.012084620478235638	0.013726330078107234	0.013123611857303015	0.013985157705776656	0.012968186579321118	0.011896868424789531	0.013343248698482276	0.01251594334835838	0.012840784585789996	0.012720089908157648	0.0130704828869315	0.012368896173040348	0.011976587079711897	0.012229456375088819	0.013385433631129269	0.013557141381094444	0.012734073176669598	0.011849780234867602	0.01270751249996872	0.011539812374070011	0.013285127551346494	0.01265245604831202	0.013097917993781873	0.013042427606739695	0.013110574226350763	0.013727761767664395	0.01352336557548979	0.012089981700554985	0.011910498090757582	0.012984087478990516	0.012579631712269399	0.011571175730099059	0.01467939987759071	0.012835300398980476	0.011732679360042608	0.0132254062594739	0.0123282090677365	0.01338066897065373	0.012299675564813062	0.014062517403014537	0.013209390939029704	0.01422391932329173	0.012696740412172973	0.013310387382155208	0.013612142210707754	0.012661232081845393	0.01366029023982817	0.013296865770476422	0.013070666994060318	0.014231979847412639	0.012721871200911545	0.012968168297640302	0.014260012837856752	0.013442431069384433	0.01320650590167363	0.013505379582673071	0.012318690740257463	0.012663831926315863	0.013434671306055478	0.013549594923101847	0.012590463405798245	0.01190557357829968	0.012731015098429959	0.013173367263558918	0.013325450404708793	0.01176514795931163	0.013370045809312878	0.012932464089863515	0.011979532289934829	0.01168563642205567	0.012738478681253931	0.013337769953086429	0.014075026718422978	0.012735902854956791	0.013167418748521483	0.012469423542984547	0.012785035746427205	0.012615601783164182	0.012399508263345215	0.012481905833510842	0.012160190234107334	0.013968990958634171	0.014369123155022345	0.012753981067879743	0.011818621084766012	0.012076093531221608	0.012361231760551988	0.01216340530889008	0.012773207758080425	0.013036887092077613	0.011951533924583818	0.012613750337436147	0.012466905494374576	0.013526247085362469	0.012612931895525935
jaguar	0.013726049370502662	0.012984940330290183	0.013225671366819687	0.013280665558275421	0.013753141845365434	0.01476664579208068	0.012531465045227503	0.013672917548233385	0.013338176653430043	0.01485735475531805	0.011730809998737966	0.01403374587418605	0.013983602807903443	0.014215190414047254	0.014020527797753533	0.012981288211461384	0.01325284929242247	0.014572603322950383	0.01345975313510588	0.01380934170291075	0.013356230531291001	0.014160634935337315	0.013681340486743186	0.014047984938123433	0.01366555820085691	0.013990308774731288	0.014397281557225926	0.013221220853246316	0.013313403668988368	0.013323403517385429	0.012520170240632093	0.0136627435876061	0.014891523187378837	0.012667766166025536	0.012637573889519766	0.013669219672034091	0.013180408124953902	0.012947444355744107	0.014277784731987589	0.014759492831428024	0.013674920421336834	0.013872665437237048	0.013873554779767308	0.014508452033229207	0.014040547389052492	0.01375775690172952	0.013809594050651307	0.013969087512815283	0.013720383256105122	0.013055848223924282	0.013945561731471995	0.012477436791767075	0.014198515698516427	0.013553053660986872	0.014630971785573982	0.013195686094240752	0.013745689243566863	0.014336722754210511	0.012463497882330088	0.013444390219209816	0.012925016508344546	0.013556465409245202	0.013671815079592635	0.012525363290838287	0.013664032383784884	0.012772352274755944	0.013226809685604047	0.013800867362746492	0.013197990360360448	0.014252477179176562	0.01307900763574227	0.011496476423484687	0.014318627903400015	0.014186246215198334	0.012848135721810743	0.013583785478759098	0.013759852880247954	0.013495818116967841	0.013288233679443063	0.014504474249234414	0.01434290746005504	0.012578917109198926	0.013283764375048074	0.014143122978001972	0.014891127423833141	0.013069093058291445	0.013471559324188604	0.013646551532046523	0.014255965543904823	0.013279068900139981	0.013009825523164797	0.013317692370044676	0.01340652877304185	0.01408851172358166	0.01412843670597538	0.014374151186433029	0.013411179348446203	0.013951377058614751	0.013686932976282751	0.012332414092000499	0.012945974404176325	0.013653530644260496	0.01315282839952592	0.013460928469147669	0.013681128824806882	0.0	0.013717794976914617	0.013425440471215567	0.013474371856305728	0.01300666970745713	0.013979570073586	0.01258958090002148	0.013130078439442042	0.014409017441982967	0.013920655997752844	0.013736122949889091	0.011732037865806573	0.012653744050515264	0.013273048620089298	0.01298335072434757	0.014081858912952288	0.014018126701067064	0.012410546598123136	0.013451586622484553	0.014123453532208077	0.01364740004861948	0.014431619050662158	0.013907265640570148	0.013256839976760209	0.013999838945411638	0.01412043047507727	0.012730143016996603	0.012963471987753952	0.014002999698354496	0.01440166867113078	0.01344845002382203	0.01391179951747008	0.014490657358669357	0.01398255787640478	0.014829868037311861	0.0140297950659535	0.013784839978153924	0.013446897547847236	0.01314157133644003	0.013675717649213945	0.013617259548715227	0.014725382497043228	0.012342624013082367	0.012163064071918916	0.014289361953967166	0.013957443592797922	0.012772185331066286	0.013665350108510953	0.013722004052487378	0.013973409910921853	0.014017885465883872	0.013554514415874058	0.01337124274554072	0.014211564957103266	0.014537179296221758	0.012077960319640401	0.014191105432337956	0.013121667381360868	0.013403876391631925	0.013576521099171703	0.013446860393143429	0.013280974207856754	0.014029886046961542	0.014926564849624844	0.014081832825524988	0.010974105530797052	0.013300873478267493	0.01309486703847889	0.012844614256060682	0.013290014286424788	0.013642942902948367	0.013656459462698485	0.013677746430437822	0.013970080871291651	0.0136799061849306	0.013776801437117216	0.013431604657325782	0.014174553371074103	0.013528603580624878	0.014151584035630074	0.013526278957470252	0.014067497394438378	0.013331877067136306	0.013713970318149369	0.013862454436825274	0.011833474675981216	0.014286397152506987	0.0135224147190306	0.013845866485984001	0.014418914768115111	0.012496883785489772	0.013864115838548925	0.01405187004486366	0.01403671162843714	0.012770388172999043	0.013672487766263439	0.013567751490646797	0.013560777236820122	0.013370398196363658	0.013847751996885432	0.013277735425966847	0.013769940391787512	0.014387881499078598	0.012896300074426674	0.01456943757036664	0.0134218751456307	0.013825228066780016	0.012512334679588042	0.013910351860229151	0.013654095126013996	0.014062289403589936	0.013617581018363724	0.01322816162331111	0.012981528936409843	0.014405897639217685	0.013028798765507303	0.010962774888214786	0.01453740965229574	0.013771540445041417	0.013011158889330368	0.01334722497564072	0.014003817370197978	0.015229902429409452	0.013191267460056196	0.012846071560883313	0.013430486192952095	0.013067569083039124	0.013285904177308057	0.013717939238990706	0.013001156676407267	0.013711879942101277	0.014351524978551305	0.014488381915277843	0.013387904757475772	0.013290388491648883
jay	0.014242005593160809	0.013722438613900852	0.013529443206941329	0.01404955394828583	0.014470599633377434	0.015374409646570246	0.014074090585460663	0.014825417588889653	0.0137112635731901	0.014314258592777587	0.013245360400345997	0.014206859864543089	0.013848523479339802	0.013193100116090109	0.013231028536062369	0.014231256890877984	0.014520862410558742	0.013663240879691623	0.014316561863447047	0.014021544031263372	0.013361770452045197	0.014349159868889842	0.014321987232758498	0.013775351780267519	0.01348779025905491	0.013504485101198695	0.013370939821331149	0.013599832721523951	0.01345187379731577	0.014700050838885545	0.01505753485515151	0.014873470932327335	0.01436068081289244	0.013623419332216568	0.014271654945011614	0.013374739942859828	0.01428579824353344	0.013608593440482892	0.014040984927430585	0.014503602077986571	0.013225008266799626	0.014042679947249772	0.014646451525667799	0.015099000786717014	0.014611345931830293	0.013907385135830858	0.014668955895538951	0.01344827598480613	0.01430523140161332	0.013191857281865614	0.014148395764715788	0.014238309447591984	0.012747851857039838	0.013482777839742562	0.014812166128682556	0.014095785725367984	0.013958072709519915	0.014762957996454275	0.01400547954434807	0.013598176413353851	0.013435366912605252	0.014183535835101145	0.013304220267619873	0.014220764903231901	0.013461819594208809	0.013498231045125493	0.01430856329261163	0.014094302953750481	0.01370474031822503	0.013662580105066135	0.014515626625964595	0.01354602452020658	0.013379610871179068	0.014770538422573984	0.013513641314948947	0.013425144469202684	0.013938292312511768	0.01295956338900563	0.01405056154512897	0.014479516719099337	0.014662429710634204	0.014929145069511887	0.014054330533198031	0.014620819960338781	0.013858225855388713	0.014229367405387806	0.014569604939175735	0.014134591913990998	0.013947238345454865	0.013783588420592817	0.0139478241917566	0.012953298983529564	0.014385100206602684	0.014083111316459512	0.013726046296293624	0.014220818331035558	0.0144889349975473	0.013779157986740741	0.014276688323946664	0.012872742673797241	0.014490050079773602	0.0146579581060045	0.014075435011143764	0.013829237122153497	0.013963082904501363	0.013717794976914617	0.0	0.013994440833106992	0.01433469202451585	0.01437290595705351	0.014393674920133165	0.013480547181860238	0.014188429066414933	0.013970256451257535	0.01400170994330685	0.013591373574216348	0.014471557660837586	0.013981291551839081	0.014422203927185531	0.014128924357553186	0.013660799087393012	0.014543906936634637	0.014046134120754642	0.014080712615413753	0.014116489184194565	0.013892305244233658	0.014450812615372701	0.013518834087783167	0.014358881474211304	0.013309051634142487	0.014812953883625852	0.014669242259691646	0.01310843663974966	0.012911365557975805	0.015090690992434019	0.013697298950142949	0.013809333449969104	0.013033101396507067	0.013605535239325879	0.014776396783768986	0.01506885524599221	0.013869709093486234	0.015019444121510662	0.014569060783636496	0.014054924613307736	0.013784928927422169	0.0140894677156849	0.01292612244107812	0.013145959494135669	0.015325045979221314	0.014100985327237725	0.013084221546281307	0.014561856967725939	0.014201452597595109	0.013334740685271818	0.014585245262625808	0.014591462262118765	0.014354481533229482	0.014151750791645773	0.013438702511344894	0.013738413133992721	0.013658826436797953	0.013986785386619835	0.013949024056278092	0.014661628586951256	0.01391929124411255	0.014035655927526442	0.013966736762973421	0.014126117988692073	0.01424803632495359	0.013924241564834848	0.014499127228583462	0.013351863454101878	0.014017096942693857	0.01396569366289941	0.01416343958129011	0.01290511747007766	0.01143419691919626	0.014275902982554262	0.014859733998796558	0.014558344709973841	0.01413991136316905	0.011582403559963518	0.013520909034987101	0.013655788208285042	0.014334178581457484	0.013883237561765563	0.01443414307628567	0.014427554122289186	0.01486626019246074	0.01357695416342354	0.01417833929987232	0.014298431179918705	0.014311551560425208	0.014912789645672275	0.013493016385688228	0.014801067592844375	0.015065082133754222	0.014288562669928387	0.013586090123028617	0.015030224474277192	0.013653302771638816	0.013025628381955898	0.014284342252651145	0.014258240491124117	0.01384834437957598	0.013038281631332693	0.01518931257766629	0.013772621704332206	0.014628253765778502	0.013811697148050948	0.014550844540165728	0.01370976970484318	0.013774888469437762	0.013727977913200816	0.0148665447834282	0.013374428556907996	0.013122199192456155	0.014501995665580074	0.014727706373365306	0.014017025711139322	0.01342302805704608	0.014455275574040787	0.013984607898047246	0.014503346009169837	0.014210838109920791	0.013532877423742214	0.0158814870387564	0.013839720371031379	0.013864896147625403	0.01398667354136674	0.014622172550616463	0.01344133306626682	0.014483807466867959	0.01280616193664901	0.014218519422039621	0.014070217180565161	0.013926713397061917	0.014640732797023185	0.0134849265392518
jellyfish	0.012616963925297743	0.012284601314633523	0.01220120275367666	0.012237891580391593	0.013571050081553158	0.012607708046481337	0.012529815987241748	0.012423444313125928	0.013924004534052228	0.013069089717097715	0.012980558233563184	0.013572181803005581	0.013139889545714463	0.014058408260672757	0.01232326982816372	0.012592969796363424	0.013375697012230611	0.013808989693968442	0.014339971655259893	0.013655781377806287	0.013530063401740377	0.013994393451810931	0.011504113612965945	0.013004311927295766	0.012789326967076993	0.014736558504556414	0.014648217173214495	0.012167590169375393	0.01224390848925891	0.012765781632186484	0.013629281819711226	0.014127675732760693	0.012844566257289036	0.012642174480262653	0.012268438926885889	0.01196139728795919	0.012552834933800237	0.011741070306241903	0.013119698712854823	0.013359652237669571	0.013862358840509934	0.011706695752050283	0.012172236682148459	0.013462034681552559	0.012591380464994749	0.013895971540247062	0.012839591372032172	0.013210911805211438	0.012976304119918769	0.013478290927514933	0.010737417387186345	0.011892978837403239	0.013871461051043421	0.013530593695274666	0.010781353082875724	0.01329082722473226	0.013500230115642695	0.013221947583376404	0.013613049415937661	0.012904412302621997	0.011302897555614805	0.01355261796064411	0.013897151834040979	0.01156971711677577	0.01305733205726694	0.01404614549011905	0.012326227074456617	0.011596773007945916	0.012509643856672551	0.014397429215368258	0.013470663506782417	0.014443998226283275	0.014578772482058255	0.012060347249040187	0.013110790561031054	0.012917658497928227	0.012876984268681422	0.013749445968568757	0.012288627578848249	0.011627991332438099	0.013071660603990185	0.013539700169148792	0.013316982971856286	0.013636672358751918	0.014823487803876234	0.011958672972841445	0.013042260720425261	0.011139697704063908	0.014044630246779715	0.012747461424913575	0.012919182706902758	0.012724737863385089	0.012683725473422986	0.013171668991968406	0.01334906421303669	0.01207324246672163	0.012560758105810034	0.014468354353123951	0.011954029305128231	0.013902721423494982	0.013368391138241236	0.013829794878287442	0.012938023914884886	0.0128159026248778	0.013493615547451281	0.013425440471215567	0.013994440833106992	0.0	0.012902826366061361	0.014134304985598091	0.011777105736677966	0.0130615548363422	0.012414508598821213	0.012197009385200948	0.013429981266982569	0.014127112928641413	0.012718758845701632	0.013230193683657578	0.012272522700482007	0.013777381917857772	0.011059986979507582	0.012053138084990023	0.013117907395628988	0.01400075118641656	0.013565555424271441	0.013306844895268592	0.01369475781555845	0.01343878875206987	0.01126788860668571	0.013223602249911924	0.012923035174876496	0.013278601543274933	0.012042581770424483	0.013963271850741704	0.01390837964249313	0.013239743907879652	0.014338716663888593	0.013455269794303469	0.013936210516447865	0.01412112433194484	0.012545993782786813	0.01135993256621898	0.013322761873936474	0.012698062872251155	0.013306794519327689	0.013506392486493572	0.012874402873121424	0.012284755658890477	0.014008205920751972	0.013449887841188184	0.013467519390945497	0.013328495714097839	0.013712018341495958	0.013184705977865559	0.013124259886323835	0.012591819232467515	0.013557195806969286	0.01283510834929181	0.013704597202348243	0.014238421881557668	0.012747475245386844	0.012178859837097829	0.011577066912427303	0.012144526170079559	0.013582075403955968	0.013022804746411544	0.013044607042708123	0.01313856509159085	0.013703038029576573	0.01158914896111064	0.013735665998453566	0.01244910387485144	0.012681698959894194	0.013069467601049307	0.012891324011815131	0.012932424403477027	0.013102563137480141	0.013700252761141068	0.012346738849312713	0.012274085675233842	0.013163280710519707	0.012821649520716818	0.014309690641113522	0.013437606662076806	0.013870249200251532	0.012858057449957242	0.012979008815885444	0.012128715539150093	0.011173628825587659	0.011590240860450818	0.011899009882611826	0.01210978971075087	0.011818127719818914	0.01192790823583438	0.013393645169877339	0.01127175226977704	0.01369572848531748	0.01246367629792193	0.011210427028394135	0.013282817478391764	0.01284173164177065	0.012819109392745347	0.0128984060687201	0.01138444253335484	0.011161380368576694	0.011947488247272892	0.01401691524504347	0.011800576915339889	0.012262682120361556	0.010116616836166614	0.013128991824024225	0.009719848134769274	0.011582567390526453	0.013532562778751554	0.012928616771209584	0.012483956683420474	0.013596009020819075	0.013837561837105921	0.013112958447065224	0.012636028607629484	0.011878070028097525	0.012638229552951156	0.014521957669690024	0.012738602403987477	0.012614681228621178	0.012962934757125979	0.012815124485209217	0.014757987899028132	0.011240314319078182	0.013109844037485519	0.012470648592243738	0.011859194321134471	0.013476012709868024	0.011591775573447064	0.013916955901628695	0.013040901713258305	0.014057234357347919	0.014348950968647045	0.014423643086694655	0.01253955972112588
kangaroo	0.013001511355957703	0.01221290119392735	0.012576315440511849	0.012514517050733092	0.01244813527541	0.014214452276210892	0.013101660898981439	0.011872228332005543	0.011684642124315194	0.01409920580397015	0.013544108050292724	0.013338425463068071	0.012645775262485021	0.012702744991254405	0.013370471459721861	0.012843990943536734	0.013433327307639598	0.01337605019476072	0.013171161384785562	0.013175253071122306	0.01359314468720857	0.014276625485476863	0.012801497522241793	0.013972256747148592	0.01372223881404655	0.014400197531924779	0.01348100137398027	0.013298761119429545	0.013834351980479366	0.013521731384948426	0.012680349517267438	0.013764020362275082	0.01394250511825277	0.012897938678298658	0.01306399759338739	0.013648999542276274	0.012599803056884702	0.013186035507560014	0.013275176976283807	0.013193836206533192	0.013051007560722205	0.013532339263962936	0.012633294726387403	0.014419216690052725	0.0134735902691987	0.01325794854854234	0.013817360787253439	0.01344742784799923	0.012788601232963293	0.01259733228775061	0.013041865077866697	0.012048404200020886	0.013407340358419556	0.013401713006940345	0.012652655503676119	0.012691061042119992	0.012487873072056541	0.013115656321890599	0.011088148443710942	0.01209449950338667	0.012093649896759255	0.012651904438033237	0.013363965532953125	0.0128210489358796	0.01226023133404331	0.012747964069169964	0.013703603114307596	0.013112576736123774	0.011802728052652136	0.013458360167256387	0.01185388103472267	0.013509297177954883	0.013280932065604718	0.013420285702586642	0.01329033614917892	0.013236461601690543	0.013605749790031662	0.012874122097627389	0.012387215620425987	0.013910556312344183	0.013871520554249164	0.01298189297797051	0.012638198142275868	0.013129250227271287	0.01380347813045462	0.012585198836954036	0.011671581162518454	0.013002352183868596	0.012761646645550682	0.012533009554403096	0.013027751836664643	0.012714462340600537	0.012605180486894286	0.013822916310142206	0.01283230354030944	0.01388986159020235	0.012153962646752456	0.01239974639406324	0.013370454482501785	0.013175713731498182	0.013074088552840837	0.012506616119174427	0.012294112604302522	0.012961947628919657	0.012870732411733952	0.013474371856305728	0.01433469202451585	0.012902826366061361	0.0	0.0139074627512729	0.01265641398024452	0.011494094068321723	0.010775972766479212	0.013404457391083693	0.012848584047118292	0.012963117284898478	0.013206232291600175	0.012507479438705789	0.012037774202811751	0.012802598936777437	0.012783022373832246	0.012192632112983864	0.013638109201684403	0.014392744199300336	0.013213637652307743	0.012885313176519541	0.01253073167063941	0.013134678897916231	0.01303687751004352	0.013205268118837427	0.01193409578319201	0.012552113176981938	0.012242210442731764	0.013171406136827437	0.01394971663385446	0.012353418991218466	0.012806564503044925	0.01383941805923502	0.014061867231183809	0.01402420336260913	0.014109084141228412	0.013103635740025397	0.013669262061066658	0.012462286898767801	0.012570875415537992	0.012875842631818237	0.013063278251524795	0.012661826920073138	0.013692448375315098	0.01384462131584046	0.012279816779847352	0.012825498888580325	0.013413633785697978	0.012137588045520797	0.013235832908787007	0.013036717436748932	0.012849771781130635	0.011634349150624765	0.01240038390999899	0.014068824541665708	0.013493806907363237	0.01352719401332797	0.01122014055064527	0.012264235312606562	0.012189022113315202	0.012297239083212196	0.0129991866431887	0.013050151654359483	0.012640086831713153	0.012655863289631504	0.013540826112638122	0.012889397088641301	0.011720617071200659	0.012844979882762836	0.012081470221341819	0.012212870482025155	0.013357043954838664	0.014393193992384557	0.01396421828025349	0.01269101199608418	0.012880956146155897	0.012984085597677698	0.014233463589000262	0.012586393768295451	0.01419931617251512	0.013643733880471987	0.013413137135829055	0.013364846643676005	0.012548547867676863	0.013279516414997927	0.013165971159548286	0.012977044561001355	0.01178538954450715	0.01270010395321398	0.013427516697501155	0.01198757939997741	0.012256979791522814	0.014046379460927549	0.013763537242958986	0.013648251436586626	0.014041799195113527	0.012933941306461303	0.012942782053146848	0.013589161922786865	0.013534393650725405	0.012373837434396483	0.013066716106437065	0.012982470522461445	0.01316330377831995	0.013908919846698004	0.011177234142813207	0.01326816621890217	0.013173060752203244	0.013590314368467547	0.013374530745334106	0.013981932380155947	0.012454721925696688	0.01412086692320276	0.01297622580575274	0.013016717051576561	0.013324640576727644	0.012529936909548161	0.013371478167526613	0.012366732879628986	0.012881612438871563	0.012965407354903303	0.01371546417614779	0.014290747568291502	0.011866444705211804	0.013328611428617874	0.012839011552429318	0.013294367131083402	0.012705253554047492	0.012806499530685094	0.012657863768173622	0.010632730597245777	0.013532132486203441	0.013878046568392997	0.014393254682704852	0.012535790823988433
kestrel	0.01147302633236924	0.013219441543522482	0.013197569439730175	0.012750365093296457	0.013081039558111605	0.014021866965285536	0.012613828085616851	0.013472302447846038	0.01283924731972006	0.013113831343227971	0.012737547033556985	0.013802883688762802	0.013685690631972596	0.013595071352706673	0.01376781776100457	0.013370696127821385	0.013686272886161734	0.013856607481453382	0.012765140335207084	0.012709072054274484	0.011905837323632944	0.01307418152008128	0.013386640548018114	0.013732733924641631	0.013243267410462924	0.01438571367626338	0.014852312269828982	0.013059509602033394	0.013519082013221946	0.012653236335046487	0.013877076900628428	0.013916278128843482	0.01424414352799913	0.013147704693053016	0.012762899339810493	0.01412654805502471	0.013505898169509707	0.013522245760821658	0.013837909097945269	0.013244171894720918	0.012543916759799384	0.013987024333392202	0.013285940430155662	0.01467619787024306	0.013744133619331854	0.013457387989796	0.013170835103757822	0.013451884034737974	0.014595513723595436	0.013146282827343796	0.013792988679294006	0.01275293705369208	0.013151133970234168	0.012270895774756128	0.013676760825195257	0.013666037424067199	0.01330951020313336	0.01380836998990749	0.01327554032853407	0.013346467744963342	0.012861725022371618	0.013953625107485775	0.012339523924156232	0.011554150755215124	0.013461954593117198	0.012030192655323907	0.013656634343359288	0.013348928744272792	0.013306411331182117	0.013655980417604541	0.013239058065802034	0.011489594180890825	0.01309576721415251	0.013284790176160308	0.012406049680770338	0.013996309502332578	0.013228176998738475	0.01394390875407425	0.013479004348908188	0.014130002320332853	0.013664235823004182	0.012108346770646355	0.012525689380026284	0.013598424816019887	0.014202724393276335	0.012257223072700217	0.013636039214764544	0.01390535091348097	0.012797799455315107	0.014080000831424789	0.012081215589796588	0.013161363315886312	0.013388037270388257	0.011877003478400549	0.014263834332739131	0.013977159181856366	0.01346982360625532	0.013927026226093106	0.012927221722845937	0.012182916606772629	0.01332494025673855	0.013938755409689902	0.012751839306166666	0.01257270160635482	0.011696682336818037	0.01300666970745713	0.01437290595705351	0.014134304985598091	0.0139074627512729	0.0	0.013430940025786521	0.013545950854913051	0.013517344697875662	0.014384232319272723	0.012696215401474057	0.013462256550024912	0.013056596674252503	0.013309626481593157	0.012874971446859684	0.01311972506892489	0.013615177885039525	0.013349024497564914	0.011791746861697509	0.014433425664791406	0.012741052113984764	0.01365736694751749	0.012895570332962786	0.014030741225171223	0.013247332278095053	0.013186126501727435	0.014051774058403283	0.011917131451461142	0.013661486514271414	0.014437651073913916	0.013588644678478033	0.013263085555021113	0.014287692633582504	0.013893616644637554	0.013389764571315164	0.012578445215761317	0.013012426478330895	0.013833732266026159	0.012822087210358218	0.01267583883603625	0.01261176153921609	0.01181254074406307	0.014139035625789135	0.013592784119161785	0.013415756998400244	0.012937601186858948	0.012208476823361021	0.013066531039180304	0.01365917139834022	0.01193344663085697	0.013386304909949283	0.013149278632133672	0.012503269283784209	0.013468815248099644	0.012502091739431499	0.013806329267259963	0.013534608354424495	0.01316076350667891	0.013270754960443361	0.01362043024166196	0.012528712935147823	0.013684377840655437	0.013621708905451717	0.013458201514258077	0.013440757794409673	0.014101086390229533	0.013009146703846985	0.013128094332632411	0.013417305938135482	0.0129314460002537	0.013705096324344322	0.013457804584330647	0.012512854487008366	0.014742429533848972	0.01286194777508848	0.013003504013586284	0.013799869214608563	0.013388100244760155	0.01420567257949272	0.01385605795387345	0.013868170989800586	0.013080420758431289	0.014208477294122572	0.013181292688003466	0.013754418547517902	0.014225761583128231	0.012642383581475758	0.01373084819977286	0.012320404589555474	0.013219831187384285	0.013821069636003823	0.0137473228027022	0.014062379270127767	0.014165142663469639	0.014180037472400818	0.012936772813309913	0.013091953208533944	0.01311736062567407	0.013365932044534134	0.013679902812523743	0.013826488093980271	0.013439871660277568	0.011493882028158639	0.014016067175627643	0.013407726944676521	0.014162018894041516	0.012348444260885012	0.013426999587418442	0.013575954537064693	0.012381966859677011	0.012674115503422356	0.013121261980798483	0.013547319044778714	0.013159048893840062	0.012726140751533492	0.01362279993918611	0.01317276512905962	0.013435605469462429	0.013253085851492128	0.013129871459335123	0.01284470267976482	0.012681392689533525	0.013906524284150219	0.014220803345478164	0.012846130327850655	0.01217179992475493	0.012896940361171661	0.012301333858527335	0.012932105537163499	0.013558548527655952	0.013388862446564023	0.013150362265136382	0.013023609463206354	0.012169674031888976	0.013941887452272728	0.013170555785725497
killer_whale	0.01204321077522276	0.012490980237853267	0.014040260003442561	0.011837681150374266	0.01278200358727561	0.014348309012852367	0.012588197470091688	0.012256483299085128	0.01275283414013664	0.013027142481896997	0.013082119632254096	0.013470027127705739	0.013352616711553841	0.014041493107397584	0.014066591448656376	0.01397397953351843	0.012228987466452134	0.014239742948630996	0.012930902746795212	0.012511436461175083	0.013894422315801373	0.01402013418916949	0.009137489595380155	0.014146184371915798	0.01240883837073375	0.014524909806518865	0.014997218320461523	0.012782284296885365	0.014221131128606039	0.011998464301088125	0.013784406069903417	0.013875878117561975	0.013468412871969376	0.012962340264865486	0.013854710088754331	0.01292423216795417	0.013448894455810772	0.012813444369195707	0.01445233047521483	0.011456961833392782	0.01345525301077001	0.012525672603699786	0.013043503136036971	0.014149312436564497	0.012920196485151136	0.014121090530751374	0.012978442992613526	0.013511512344913585	0.013740152535689377	0.013091701076931354	0.012894271948260351	0.011607222110300157	0.014111850234688783	0.014162395438932553	0.011693256874029424	0.012774267346876776	0.01300378630191062	0.013238790098948718	0.012274015983537756	0.0129503786457691	0.01002817204028401	0.013579864660143971	0.013820867410781267	0.013120302750516148	0.013359264159652273	0.014081691249905439	0.013409940683109862	0.01285104317995475	0.0123044012094481	0.013710163053424923	0.013674218815181115	0.014017514446244179	0.01441679606934191	0.009956743791577584	0.013045338018208842	0.013893221144967403	0.013846275839697686	0.014097697380501262	0.01333859595292425	0.013532164809950911	0.013710085650682985	0.012774645723947401	0.013499829631487888	0.01290835417697074	0.013794203552253914	0.01217532201906284	0.01271459848044634	0.012044237931927309	0.013843345248096724	0.012211027648221488	0.014234787516954056	0.011195795602965337	0.012469948050830727	0.012627096765159655	0.013570306998236817	0.011683633688061572	0.012843295661964729	0.013964193106561851	0.012860595472854296	0.013818262328394252	0.013529117428619255	0.013928480471777204	0.011941416129688964	0.012745273302614695	0.012753661230977048	0.013979570073586	0.014393674920133165	0.011777105736677966	0.01265641398024452	0.013430940025786521	0.0	0.01316791309127952	0.012465303533357919	0.01385351778770626	0.01238892860027069	0.01350015002959609	0.01212397788472772	0.01324547552753347	0.012836031117021543	0.013332633800670622	0.012895425430353184	0.012682744152307364	0.01298352005181274	0.014602927972641662	0.012790734458003931	0.01264083618612679	0.012496089987150516	0.014546687440967354	0.01316068707706134	0.013210653628422468	0.013176125850559344	0.012316607323871284	0.013100256975651273	0.013655496864723646	0.014751595192786706	0.013152568313015964	0.014152277250803117	0.013528051213047563	0.014543525670870465	0.014449880998257954	0.013586315997637243	0.012116266131362621	0.012840430063053902	0.01284571627334371	0.012788186762587526	0.012940453698609623	0.013993640604501659	0.012425080552584239	0.013822399566203021	0.0133400389700806	0.013143634013472093	0.014318145866773975	0.013325233074756986	0.012847761201052355	0.013814034224326501	0.013430962093792687	0.013645761055804477	0.013137588944394476	0.013567888982881644	0.014688460650006735	0.012990465602486996	0.012491380929534857	0.011467280902283999	0.010547658100212808	0.01244298158879899	0.013932870658644405	0.0132476732280579	0.013521535599639556	0.01354954984725066	0.012863091326730192	0.013552466506825017	0.013441929620501739	0.013046509967110624	0.012643414897499912	0.013053494128556704	0.013336986007340138	0.013398899513847986	0.014693227925482603	0.012680986638662507	0.011243385522085324	0.011905576890122031	0.011914346724734202	0.014548684866731729	0.013825374274906549	0.01395358952461319	0.0130365617344925	0.01314371837433197	0.012115627473083512	0.011782447278728436	0.012733371250330527	0.013003189727983002	0.01109975868870209	0.010276982519092258	0.012373431296735122	0.013032469720332422	0.010817714825470675	0.013485106448560517	0.01412581277491679	0.012587127945877751	0.013750009501128235	0.013198178403368021	0.013315697194445215	0.012438355307294306	0.013660335422690484	0.013575360334266064	0.0130908718109066	0.013576837926733656	0.010116320298071963	0.013545321492243394	0.011422087684230005	0.012802960761987994	0.01204723394671884	0.011911431183928395	0.013254634398371913	0.013652489979492055	0.013478970537193586	0.014095822254250783	0.014213453526259611	0.011725481096866401	0.01374859039844564	0.012948163623519117	0.012833750292703111	0.014605596682052276	0.013255154193021612	0.01259163531578644	0.0132921611403797	0.013415488823300998	0.014973373171691338	0.012265789971595283	0.012976869788850591	0.011760025243614967	0.013324832898313684	0.012518789446298336	0.010185788518037107	0.012842155614991968	0.01283472457627694	0.013546458521460412	0.01429348503668104	0.013868892608239997	0.012564078635305
kiwi	0.013122077002941846	0.013879240265231853	0.01293943539799461	0.013169642048979177	0.013788628604494877	0.014178095131612466	0.013112536064397835	0.013160050952433777	0.012473950325097218	0.014529055497766452	0.012891556976941602	0.013405286254810135	0.013276752079665888	0.013737205825959664	0.013560750736811655	0.013365863878728934	0.013766464409660806	0.013430270814738783	0.013480760171770823	0.014051223137531205	0.013522444632480837	0.014305527378226244	0.012895283512774832	0.013975831760539754	0.01320163423206313	0.0141856525420566	0.014235778380998208	0.012761818321499427	0.013837099017758014	0.013912963907244204	0.013019203346109929	0.013689425642989543	0.014353931461914961	0.01298832358748798	0.013304131581441227	0.013828129375665387	0.01378965598052274	0.012848536780190689	0.012971720312183323	0.014130838221599969	0.012669062896716342	0.013606139700299565	0.013350358230271855	0.014186319948126122	0.013384644297228349	0.01426292150967968	0.014222873981420352	0.014076048753875145	0.013354520356324182	0.013372072253685377	0.013475760581085922	0.013103048069405985	0.013359795576217377	0.013301137927200737	0.012776484327643525	0.012955978557234389	0.014059452314558163	0.01402198593485268	0.011935273929070149	0.012620038894181609	0.012235957305057143	0.013290298174677221	0.012815280095507036	0.012977207410552066	0.012592224244659273	0.0131741065582401	0.013832813849059154	0.01356775591162473	0.012813314496049989	0.014090902779484904	0.012807337860556853	0.01360503825426443	0.013521805332964638	0.014016273576138338	0.01317385164717256	0.014055557982884643	0.013384748287601968	0.013441585987091588	0.013337652481673744	0.013677307342741503	0.014171647889691972	0.013412934285707239	0.012499851988933705	0.013800395786978292	0.014441059878708631	0.01325014305510081	0.01278233306445536	0.013126905791823478	0.013430827223406588	0.013392896090542497	0.013650397093903796	0.0132739899407778	0.013744004873694064	0.013676273553640062	0.014034427182185047	0.013794003039656602	0.013208349046105601	0.014140730626223253	0.014160218296537505	0.01264174491854613	0.013383473717385009	0.014020483521762096	0.013515787959584503	0.013050569514246144	0.012826913626976997	0.01258958090002148	0.013480547181860238	0.0130615548363422	0.011494094068321723	0.013545950854913051	0.01316791309127952	0.0	0.011268794855224163	0.013636232465320317	0.013756201765439634	0.013475311813318222	0.0134349900491339	0.013017833085385597	0.013198945193646703	0.013293201445720453	0.012884320166311363	0.013479407092044846	0.013117645580063897	0.014233285343514795	0.013141482304203447	0.013656083217888932	0.013556229357211345	0.013716708328821043	0.013592068419500235	0.013251028646877555	0.013557501913250386	0.013241050877204999	0.01283134654841925	0.013611482142947894	0.014458112735366459	0.013711987126210752	0.013452053857348793	0.013810339388577453	0.013974432922467169	0.014314987508611578	0.014630799066740743	0.01300511810897022	0.013627094198122127	0.012408643360637786	0.013822271475397328	0.0132975676616035	0.013075766546171074	0.012298186173996724	0.013920787307052348	0.013248358577942264	0.01238929524081761	0.012409894472854675	0.013484613434793761	0.012828477793753394	0.012769760586109857	0.013386537866756431	0.013553455977521887	0.013114210941774571	0.012994634370014281	0.01433357481988983	0.01406472907428422	0.013441787383258175	0.0124793509248929	0.012606551242319488	0.01364741667787324	0.012939820771183042	0.013362022538505009	0.013582722696293965	0.014087847744158985	0.012706524382952073	0.012485081635658502	0.013365832229648773	0.013052048649466066	0.013882460816631968	0.013946285550279412	0.013563046458945162	0.01324878278832997	0.013842737664892676	0.013689616052496176	0.013126501932780674	0.01326989794954956	0.013558664394603475	0.013716006579185697	0.013134477088770014	0.015133105990937788	0.014347523103822929	0.013161222186897996	0.014323436733697643	0.013208750571765682	0.013330202415439824	0.01364199480723455	0.014178290362141473	0.013257987123385315	0.013635067683880524	0.014202467684765045	0.012539515008052062	0.01296727342111561	0.013604798654527088	0.013280595158679555	0.013794519757163408	0.01425659010767584	0.013146931461555503	0.013521200254441297	0.013598412099695215	0.013640981682635445	0.013191272629813035	0.013556640492073793	0.013543534652877163	0.013756079904652673	0.013443408080366492	0.013288034793623258	0.012765135047849452	0.012658755853907069	0.01357869398505821	0.01320442064480491	0.01383152177304106	0.01318939289067848	0.013493994508495638	0.013558152417707314	0.014218008416799812	0.013350043204257858	0.012547048714911161	0.014299238473668619	0.013547320888137523	0.013207956925750663	0.012831883060622065	0.013562364426756146	0.014636354040262603	0.013013511915699183	0.013385315335295689	0.01306469199175308	0.013497230147825974	0.012977786710440333	0.013071737262140014	0.013943827161124894	0.012122687585458052	0.013717337500316087	0.0131815402077546	0.014225945465184228	0.012688199484628824
koala	0.012860093713807315	0.0122975444141674	0.012806159635904138	0.0115520691529005	0.01328180828273262	0.01411596735593167	0.01166721235337742	0.011218803166889203	0.012151497999792411	0.014515145061180646	0.013946068542601437	0.013238812654949974	0.012146754186222788	0.012819288906099083	0.012623452977197802	0.013166751634169105	0.012242148509218887	0.013481809660769293	0.013326768896828973	0.012530278077720017	0.013598065571381426	0.014193461194862185	0.012011845966080398	0.012930138558809952	0.011736226842268455	0.014327783524837805	0.014433176218409106	0.012885655239604096	0.013018167175449583	0.01334305032549198	0.01336005906955199	0.01404228484581022	0.014181423818487787	0.011576882423515329	0.012770117205595647	0.01337923532346112	0.013131132497941532	0.012246020802861614	0.012428104417105686	0.011804742562017783	0.012076103881159978	0.0131564332221185	0.012477110523497875	0.014587422574971929	0.013486026095333916	0.01373087546704456	0.01384087918638257	0.014044075907125792	0.012957455750361932	0.011964492368615878	0.013296047573107933	0.011653182405503573	0.012525024926362077	0.012963550539932972	0.012556520957306172	0.012215408099631396	0.013146338018816518	0.01378131979407985	0.010306792923855319	0.011528963104932186	0.011754737801404751	0.011983193309757823	0.013400873473296706	0.012236467088720759	0.011892262502179514	0.012732140096010086	0.012566879981301944	0.013452630794313643	0.011162298808187638	0.013659161031944912	0.012448510660119235	0.013304311070845115	0.013266607603546738	0.013906404595678773	0.01211493060167233	0.012909970208107755	0.013218225471132366	0.013033322781028952	0.012206666339580617	0.01396541661929108	0.01407435774606439	0.012532341561346303	0.012663292753804536	0.013024617521994132	0.014294921424205655	0.011483064309323521	0.012290093956238582	0.012288603595790672	0.012536645483240199	0.011456586621564574	0.013387390262917288	0.01171150702502075	0.012357396171966475	0.01370138117486305	0.013897954684974134	0.01443856283208254	0.01182561293089683	0.013219142793136462	0.013154491042494025	0.012830117154126408	0.012289724054063105	0.013570743066997371	0.011963286091923821	0.012206492065302792	0.012832215464038897	0.013130078439442042	0.014188429066414933	0.012414508598821213	0.010775972766479212	0.013517344697875662	0.012465303533357919	0.011268794855224163	0.0	0.012262980281823621	0.012581880069915867	0.013015725588542195	0.012958479724780399	0.01215709163268915	0.012472177102393267	0.012838356094114902	0.01337296994126413	0.012816619785778376	0.013075370055375483	0.014558884292243961	0.012781348177294889	0.01285687924754204	0.012626539736223585	0.01338736870470908	0.012987374328377693	0.013043963630980555	0.013153569272527546	0.012918142275179225	0.011077394382719345	0.013348530577818575	0.013883658894985678	0.011969147207304734	0.013616070063934265	0.014093525314614047	0.013412713390131767	0.014242349738180537	0.013948734614233077	0.012718452714239587	0.012517714100674442	0.01139807714546138	0.01285276748661005	0.011849563646687645	0.013690879699107626	0.010834662864685122	0.01322779338801655	0.013267082416369612	0.011540058449655673	0.012745696877559533	0.012664938103262906	0.012432660143551712	0.012508033628271695	0.013403881547718557	0.013242121728121264	0.012007499669847741	0.01286034830031198	0.01462442707519517	0.013060420168694747	0.014199218963433508	0.010340164406848085	0.011149646298340574	0.012571925097801449	0.012504110415282786	0.012319834311687004	0.012573769733512825	0.012625897946737326	0.012469635340567031	0.012344983024282446	0.012844733158265757	0.011141244723017635	0.013608275593458084	0.012465029972616526	0.012954853759800749	0.012695487795778311	0.013866940952264262	0.013951052674781918	0.011544201790909543	0.012870349282720728	0.012454549820984992	0.014328008601545181	0.012401042539406222	0.014711756210899384	0.013451707322637469	0.013447106687230162	0.013165068782790983	0.013017901991477654	0.013873358238451658	0.013348661582153112	0.013478804634859454	0.012014439274553333	0.013459635556643606	0.013891540798388904	0.012154891670857107	0.01285200600899149	0.013742204438639587	0.013406972879439238	0.013551886118743273	0.01394225279828534	0.012024901159894694	0.011869023432431368	0.013277006029175288	0.013540264268703344	0.012644670632024338	0.013003019670309425	0.013492713503360171	0.01309750905272171	0.013288794673476927	0.011045880747019326	0.01265452063630383	0.012860793351410927	0.012587526485977716	0.01368471519030313	0.01364753992899661	0.013022008993300783	0.013873706913616723	0.012214935942174775	0.013234681532983295	0.012793396617364458	0.011886045262202456	0.013760189933218106	0.012324076201636074	0.012006487858017117	0.01181376302202092	0.013439021598309557	0.014485646327736985	0.011818316227839909	0.012562935208795908	0.012520446742040782	0.013507065933035878	0.011889867308339479	0.012793606494427973	0.012479065072699405	0.009601775743313803	0.012816472754226442	0.0135332738308868	0.014008290528299399	0.012179012000145886
ladybug	0.01364030627033893	0.013319741861435482	0.012794216350265342	0.012958145238373514	0.01452226830433423	0.013380205772874824	0.012662392254208373	0.013044242847735796	0.013340263695841237	0.014077953063280902	0.01347871047322257	0.013996774705186756	0.013387692644786307	0.014029778514605032	0.012631909306924876	0.012768059688362183	0.013586351855619657	0.013395437647493784	0.01506530640853147	0.014107420531221713	0.01332763041821027	0.014130085470040481	0.01361580513290604	0.0144294254250256	0.01278200381594487	0.01506430474356721	0.014892736758570535	0.01231535179722169	0.012549592331702773	0.014331590974158943	0.013864180985537124	0.013728845400968977	0.014125462547971944	0.011450639002929855	0.012211155160116132	0.013542660796564618	0.012932516865284913	0.01208702327563387	0.012687793467044567	0.013524775099443826	0.01335023730962547	0.013580567383718876	0.012010089986861478	0.014991335752521373	0.014088201376590496	0.013789206967257033	0.013900571428197967	0.013477882958470959	0.012890886817155398	0.012772210621926107	0.012532244657478611	0.013128329365236939	0.013555807693125383	0.012748876757338504	0.013306465658143895	0.012432201483056871	0.01429807846595777	0.014279867751355757	0.014011440622183478	0.012684362503582756	0.013432320998485467	0.013049136083641989	0.013751930255333859	0.012385285573006617	0.012566143837355367	0.014196505417244772	0.013408598280433575	0.013294742494823182	0.013051661617343948	0.015034780800956958	0.0147599928116131	0.014498789294993653	0.014358596864684589	0.014477518611941898	0.013275526819451221	0.012169127407374452	0.013480762633002442	0.013538823965858586	0.012280569104224094	0.013095414096890325	0.013819519785285386	0.014260521502609086	0.013541415335940762	0.013630892385248408	0.015061687754218208	0.012997299394587764	0.012831763901246882	0.012264133559442933	0.012879244762548307	0.01288385312254396	0.012489871295531297	0.013587122927660254	0.0125253562568326	0.014481266365186818	0.013949328484088355	0.014400987546106876	0.012306928839101344	0.013629039729320098	0.01359732388345406	0.013578207150385973	0.013154284777745202	0.013725368726659264	0.013146025652176358	0.013846803301727164	0.013302822163023913	0.014409017441982967	0.013970256451257535	0.012197009385200948	0.013404457391083693	0.014384232319272723	0.01385351778770626	0.013636232465320317	0.012262980281823621	0.0	0.013905701657504122	0.014310699722113344	0.013912829919287304	0.013600960508245372	0.013006913865580222	0.013610244957670216	0.012637945158448237	0.012747223607235554	0.013919480970905817	0.013885995696426632	0.01386342877021008	0.014351120718384585	0.014622844197896761	0.013340565675580214	0.013202613621976857	0.013094093259010654	0.01343640142102237	0.01383949898075213	0.01258804762647825	0.014315148544051597	0.01338066670099225	0.012018919965724427	0.013811389967700857	0.013974581631061207	0.01322804047343318	0.013812709804185763	0.01304907266090422	0.012296001141484183	0.014113909354445382	0.01323211266187748	0.014250686155690782	0.013330587754923707	0.014292145824950737	0.012716994104556824	0.014007194986255342	0.01417373603183688	0.013180300457497738	0.013611807077387395	0.013037800297671613	0.013935657713999062	0.013355235349828973	0.013884266670904328	0.014072909406565583	0.012565135698877803	0.013162623765329024	0.014724618810762986	0.013669813531279646	0.013846601508974482	0.012528687814842366	0.01352476386863261	0.013387364940312197	0.013263365896214884	0.01262494338454856	0.01384455622144255	0.0140701603897516	0.013301631755846128	0.013912708412092604	0.014296806784430644	0.01133647549687375	0.013334630516438087	0.013512223829211354	0.01413914260414084	0.01338808710239128	0.013946057750295815	0.013232167637192973	0.012526895524722286	0.01419848315270324	0.01380703062919336	0.014096712021803176	0.012835096254122505	0.014396881829485684	0.013502007555959589	0.014823388072865575	0.013420837365451695	0.013781999413472492	0.01405369330311884	0.013321378425226332	0.014166956364317196	0.014183761134034452	0.013697828383814434	0.014348058615320543	0.013148306096555764	0.014034623786788042	0.014883054091264754	0.013147406870114257	0.01413528616768295	0.012607821555304464	0.012379230087967446	0.01371602642761939	0.013300276547046791	0.013265870409041553	0.013083003184726182	0.01354742191432183	0.014238688424340817	0.011924980196128173	0.013001046052942934	0.01306165817664091	0.012661523447763157	0.013105669026894655	0.013547118332746686	0.013837668211387015	0.013163683590199482	0.014255297214526324	0.014759082474849356	0.01419798944994817	0.014236898466534783	0.012281011599752905	0.01311478570996172	0.014076423046027216	0.012267229537265549	0.01350383981796228	0.013077648263140222	0.014094115357919417	0.014702454462266121	0.012783548559467395	0.013502315674066923	0.013221039103311006	0.01226546824440515	0.012414646039562285	0.013865327634116282	0.012885277956361376	0.013282664716839046	0.01365558838744607	0.0144910445308584	0.014082341993062913	0.01311173370970501
lemur	0.012949344984814332	0.012800456262120388	0.013418434748358694	0.01135292780056002	0.01293913187730706	0.013706895061505636	0.012153604943967253	0.01188917473636094	0.01369105553507967	0.013223574392892824	0.014461508078796625	0.012789483469127757	0.013497581536436655	0.013664669532039115	0.01354218309409434	0.013713836001995772	0.012578730858109798	0.014206444868242588	0.013040396605697209	0.012797391991789498	0.013263164909991097	0.014289116690891432	0.011976611501599064	0.01379734527814871	0.012462651997003159	0.013956951367042074	0.014275551623033442	0.013294162650906369	0.013907247786169627	0.012314119078621795	0.013651742597580847	0.01424818606899685	0.013479935696579914	0.013007865060576334	0.013420066043020778	0.013130684259841792	0.013267695126967516	0.012673385798965087	0.01387186869251301	0.011064845655648099	0.013365008529098017	0.013504686076793304	0.013143850889495552	0.014506466301476005	0.013039837593369684	0.013906613308924811	0.012874087260627094	0.013647522174475946	0.013683213851332886	0.013619783858590568	0.013398407741606411	0.012721837418741557	0.013949048003395772	0.013111323768493938	0.012837530400175766	0.013174763887001608	0.01274260566122269	0.012828416965413779	0.013002866355731606	0.012982567773733253	0.012438942840909935	0.013768168210662141	0.013833876368970427	0.013121652004274096	0.013609729032504441	0.013737104609327864	0.013071916473335101	0.013182367244722533	0.012126869086425329	0.013469096125870344	0.013764844211223804	0.014256037701774867	0.013810255862247892	0.012649361070493746	0.013540714814654117	0.0134154041174091	0.014242792090651721	0.01392787853713573	0.012179282485350605	0.014395426036644721	0.014187303988026883	0.012544597726817798	0.011865984538440864	0.011813533112309644	0.012809390691700067	0.012275712049938117	0.012928745479072365	0.01327200618278629	0.012739056815761844	0.012324812025273094	0.013243999712895214	0.01291613597924197	0.012320945150129707	0.012804378394214954	0.014163482736010898	0.014111547359224102	0.01210482413775391	0.014041319663256861	0.012561145108026181	0.013569356401594396	0.01296103277548087	0.013726095017491684	0.012173510455352447	0.012427243793033583	0.013449200207321557	0.013920655997752844	0.01400170994330685	0.013429981266982569	0.012848584047118292	0.012696215401474057	0.01238892860027069	0.013756201765439634	0.012581880069915867	0.013905701657504122	0.0	0.012474656064657742	0.01286129982472618	0.013162403777304797	0.012900152934339161	0.013191187600040772	0.01333281452544213	0.013133518353511247	0.013221931677458776	0.014617955847008157	0.013857643766357296	0.013437300074449866	0.01269641453412917	0.014631911104740207	0.012532943489366056	0.013584455007897806	0.013758747345390954	0.011713264022446164	0.01225631083453117	0.013466976435871003	0.01428542044254908	0.011955470104072679	0.014205220862268466	0.01309494928054161	0.014375158934045763	0.01261199673898959	0.013580633905664316	0.013407184864963674	0.01226741903464152	0.013037341296265697	0.012914081748629831	0.012853102123586996	0.014552735318580536	0.012814656530440775	0.014053627292315816	0.012394736496494052	0.012171803528230267	0.013472791956856562	0.013431003096886756	0.013654268278285754	0.01443227496729107	0.01333954544235111	0.01235887877237836	0.012956822459220885	0.012576210457413467	0.013882699109073962	0.014529430465579595	0.013712443216278687	0.012633251495265728	0.012666460070738867	0.011856423805531898	0.013860593762362651	0.013309219679077017	0.01367016908005783	0.01241344238982379	0.013119167699000534	0.013602144339872486	0.013144679585904597	0.013192967622601647	0.013965434171832474	0.012083712013238247	0.01341068274067578	0.013722912629532104	0.014307378206142347	0.013868917449392506	0.011392592123502306	0.013064428943042473	0.011819757606005088	0.01454789481916277	0.013501809290648186	0.013899450379036804	0.012782345935566956	0.013825597147512034	0.013312481758070824	0.0123156739890897	0.014331919945136837	0.013822241865126992	0.012795273782188294	0.013401452903171242	0.012007728407528206	0.014495351105044052	0.013169858777319887	0.014029929299135636	0.014257777138007854	0.013764340814221596	0.014422509296597769	0.013914888004130193	0.013678357263780014	0.01192161973438276	0.013633828456292687	0.013642860056353363	0.012632821004932222	0.013337481242063944	0.012565760676407746	0.013358955200909555	0.013432484323093664	0.01143031683607723	0.013798841571847189	0.012960020525640305	0.012841715681891767	0.013560965604489156	0.013703000843648186	0.014116504490777755	0.013739016595112499	0.012175607233994435	0.013122206965422805	0.013478117324401979	0.012634940689416816	0.013355366069664405	0.012570934800634724	0.01259671232825413	0.01286670066488937	0.013287036780444626	0.01521125899082807	0.012481123129224265	0.013296269292497546	0.013264603117421357	0.013622963081521866	0.01246677778236819	0.012965240147552405	0.013088383162771637	0.012790500868126008	0.012906924629336756	0.01357463704349268	0.014059979924019497	0.013116683968885075
lemming	0.013520498981763907	0.01279176026824362	0.0132965356035674	0.012174505843611867	0.013274103785766203	0.014150577726925604	0.01295063980712441	0.012821069553561078	0.012167552361688413	0.013009294693726301	0.01393875639264517	0.01362063422740462	0.013310715584517708	0.013301378075393642	0.01379524183654201	0.013352711717887922	0.013705988988290228	0.014030955416663932	0.012938810048167281	0.013098905317604825	0.013788178281104412	0.01296303063862023	0.012140065302187097	0.014035682380678814	0.013539817419627724	0.014259839901934078	0.01385903087470063	0.013220859616747937	0.01345905055138537	0.0135461550276118	0.013812380991770073	0.01416598226040247	0.013946781103388936	0.012739436627805438	0.013621827285648728	0.013055252010628095	0.013220453245570838	0.013415658564689485	0.014145415067382629	0.01357227219730233	0.012632387150204925	0.01393094136559107	0.012673468100536949	0.01419810992672846	0.013501029406188242	0.013497760224558751	0.012985940322761284	0.013628094740047553	0.013959096434067066	0.013007503257534699	0.013265469835900583	0.013292103198988634	0.01321907049919536	0.013247328392493757	0.0137351105430988	0.012960696603787743	0.013133089062605019	0.013141129579197252	0.012799792872002782	0.012869178618805427	0.013566092262629684	0.013570312742815444	0.013898766601498993	0.013463459859590719	0.013367139017204061	0.013899131330932402	0.012629001590353666	0.013375801948071536	0.013366180803105858	0.01357824872438325	0.013924169472617551	0.01387304375778679	0.01322602163657131	0.012737392106044661	0.014067552685622592	0.013330578258910163	0.013633560153992611	0.013144168204814854	0.012595839634501711	0.014281210814665766	0.013787745024457398	0.013024188243127222	0.013004136868308402	0.012495718331460272	0.013221815145303423	0.013497411269169724	0.01328561149155663	0.013501705166074103	0.013021092167777318	0.013368232044016912	0.013555699884805735	0.012189432945622115	0.012659083615961114	0.013191602343662767	0.013308625988153501	0.01332209331037955	0.012870069131670343	0.013263173348236467	0.012667892965137867	0.013207954102040382	0.012948164415751265	0.013664844882358284	0.01227792070179248	0.013609324646484946	0.01279474961666981	0.013736122949889091	0.013591373574216348	0.014127112928641413	0.012963117284898478	0.013462256550024912	0.01350015002959609	0.013475311813318222	0.013015725588542195	0.014310699722113344	0.012474656064657742	0.0	0.012915944454908705	0.013730688652047195	0.013056373296545193	0.013837373392275754	0.013329861039714756	0.012779609360249983	0.013196833074485735	0.014649045275172214	0.013331401062662434	0.013537320437355694	0.01137224996896153	0.013141559260830231	0.012862526799538537	0.012632676463951198	0.013480874817576628	0.013268804065486951	0.012925296511008964	0.012968673722540583	0.014251226175878911	0.012542871321388736	0.014073166377065696	0.012435734410916917	0.013709216964945085	0.01332359215199642	0.013860219543034543	0.014025382665487167	0.013600454193389558	0.013504220993330294	0.01259053116058916	0.012679118436140389	0.014468845419253357	0.013243380788908967	0.014194672211422604	0.014224781191499457	0.013214030359324686	0.01363051555332642	0.013601633742117187	0.013414250269726426	0.01328195518819567	0.013258662867002486	0.013250753160896656	0.013057467488931884	0.013189203890299216	0.013690419675857147	0.01390212413508554	0.013389165956435372	0.013168937163759315	0.011867572584995136	0.011842071563693372	0.013994506217575394	0.013765253271664935	0.013432141509145304	0.013089940421933297	0.013262826075606405	0.014251650803841468	0.013769478853586356	0.012507186378209387	0.013992507677778954	0.012245078596147043	0.013509599476985663	0.013230549204415278	0.013814367062599966	0.013835364944351369	0.012653081033576312	0.011803354552535983	0.013203905154865504	0.013709663241274088	0.013711572294782313	0.013230276765261608	0.01274088183295617	0.01332153407612597	0.013274334560231667	0.013468973155687722	0.013696487043127963	0.013430130595739075	0.012879355169557414	0.01309111317297049	0.012716319870427659	0.014241819751237323	0.013306287759981873	0.013700635087037404	0.014593332422500263	0.013798910294909959	0.014066094893615426	0.014558656562090759	0.013085704960065399	0.012309358803465651	0.013386987152406065	0.01364809512591093	0.012547586491075999	0.012969897542246317	0.013447420743159773	0.013966806722571506	0.013641893592114816	0.011564132683569064	0.013684467201500366	0.013601433782745804	0.013186199693561617	0.013169628469413093	0.013705981404676701	0.01337560889144793	0.013307404079228966	0.012636919085738394	0.013374291372175605	0.01390883730933597	0.01278172557348899	0.012935243813434527	0.012568751128961476	0.012969266326996805	0.013406230370294557	0.013170616152807724	0.014384913528102186	0.012952892134583269	0.012980054142690782	0.012368510576618794	0.013829209113002939	0.012403920908053413	0.012826996836613688	0.012480392887477732	0.013024625907879495	0.012687536459305218	0.013052283378869973	0.014169665625335857	0.01344965878517096
leopard	0.012501199034830782	0.01235161202253649	0.01358112276446562	0.012428820157312281	0.011456609871453345	0.013791578290467114	0.012870622333860566	0.011694536782380707	0.012189333445418192	0.01259362528017705	0.012778086951581523	0.012992279285251538	0.012686707797070684	0.01383622897118494	0.013639154089750612	0.012747530831064174	0.011115371267172974	0.01447727492018273	0.011884300002363015	0.011723628977111177	0.01379804199644162	0.012978506406585495	0.012010261883141264	0.013431350954808382	0.013128103865258776	0.013616754158427686	0.015107259122303564	0.013175332908038195	0.012870058884546736	0.01195985953402693	0.012100292983001564	0.013922567641383176	0.013570582023254937	0.012403767506722457	0.012513779517334516	0.013099850219188428	0.013317064923658115	0.01162924112294202	0.013543795411909733	0.01310220189928717	0.013496434943008749	0.012766756897719419	0.012979944959559621	0.01374062479396303	0.01299179378523143	0.013737476093968463	0.012504333056512227	0.013414940870968325	0.012717310597577034	0.012891924057027984	0.012326403495756985	0.011583000587473073	0.014114043215903647	0.013126973006190241	0.012874314572552954	0.01223966823697451	0.01205360516310477	0.012987673687813261	0.012118535559166397	0.012419497779482562	0.011795830579430323	0.013306597435504575	0.013574966902635332	0.012754846116703477	0.012975019484718487	0.012457199541008131	0.013552608129312632	0.013101974038676053	0.01098419711040028	0.013062808585698011	0.013238604974367163	0.013318034548452378	0.014154042095339926	0.012229746091654812	0.013375183977793317	0.013597492582603869	0.014037118816540725	0.013721170177383713	0.012055806167246575	0.014024807229211797	0.014496264217647763	0.011041752953817327	0.011858186581938381	0.012381895966390888	0.013923808380432008	0.01102259172313469	0.011785212187561945	0.013047391531375609	0.012959109490047093	0.012122591009964871	0.01256691431354729	0.011571245662719647	0.012878608383654278	0.013482803597225954	0.014125729217338553	0.012715406851260143	0.012269430669467334	0.013578690752782133	0.013167942516833137	0.01221447007397688	0.012353042114456847	0.012709468366365622	0.010733811907769024	0.01274224168981374	0.012926640270127292	0.011732037865806573	0.014471557660837586	0.012718758845701632	0.013206232291600175	0.013056596674252503	0.01212397788472772	0.0134349900491339	0.012958479724780399	0.013912829919287304	0.01286129982472618	0.012915944454908705	0.0	0.010473418567536781	0.012040480164542362	0.012807691182795898	0.0128889664447157	0.013033858341341796	0.011714104192438138	0.014035147623974313	0.01371562555520502	0.013054934578688133	0.01279614711220263	0.014378587485255707	0.012819747563741877	0.013062369637315129	0.012718576839958919	0.011612663139961031	0.012657962172244108	0.013269410700160127	0.013698784415786156	0.012768371143407087	0.013483847993925794	0.013123704256231394	0.014049341640896764	0.013408622641423572	0.013010192051830516	0.013018742914247438	0.011960901321452944	0.012720793113842005	0.012173728326727203	0.012497387518255737	0.014392017395328346	0.01162436486675909	0.011896798950115726	0.01319136152978144	0.012796676613189064	0.013312508382986001	0.012519194867037365	0.013446285969693703	0.013563069964598018	0.013593770813164046	0.011966562643002231	0.012382564017670492	0.012838141630445575	0.01447662677915428	0.012855064387414523	0.013634370703817596	0.012948476551236236	0.011516469608186013	0.011408873310819592	0.013453101560869969	0.012424368511951795	0.012734611222757947	0.013663131691413456	0.012844402401804763	0.011480947379057976	0.012476695433774814	0.012241060828058209	0.01236131619273261	0.012060184901400433	0.013182775050170426	0.013384950361340645	0.014318902555106658	0.012306212835192915	0.011179161931356768	0.012184179366538634	0.010720766268875566	0.014685796620081468	0.013645914803527046	0.013693438744893649	0.01215426715894976	0.013852474145477207	0.013498272696922513	0.012768456339643625	0.012971528653094998	0.011663592638420728	0.012482604606382553	0.011783098451765874	0.012395920446672648	0.013038250657496163	0.011631345607961195	0.01268039302725944	0.013435662447089854	0.012969141783463986	0.013531265033889685	0.012832849755170277	0.012898440680786709	0.012330389553815258	0.013104616548915973	0.013111254541772288	0.012050143769069637	0.013148456215005195	0.012232764559532235	0.012723093310002981	0.012930076879585499	0.012018787889725723	0.012837784613080279	0.012192164638702324	0.012903722514758636	0.013711743355330772	0.012570183595449475	0.013862857004046169	0.01348714272405856	0.011303616448621772	0.014105446515016735	0.01279625969907474	0.010272822319498123	0.013734822223107486	0.01231095595194516	0.011852556442574418	0.0135993510420807	0.01314113366903643	0.01369594903156745	0.011954925618484168	0.012197544893966761	0.011980239008538904	0.012921669235453272	0.012496426264110795	0.012503908922056217	0.011780367637956344	0.01298742632601838	0.013254807771271148	0.014563317404664282	0.012738580829954833	0.010692141197555466
lion	0.013106585392431045	0.01271630826472107	0.013220445357941462	0.012581037633787585	0.012625446540757588	0.014583345409589454	0.013079290360342131	0.011709392280476318	0.012321967397152188	0.013581902292354871	0.013821976254084767	0.013371496995293526	0.011149072960015802	0.013332304789211687	0.013285919468438868	0.01335734421835437	0.01157971578993973	0.013831444527873868	0.012289866248054823	0.012093229973363175	0.012914068137395172	0.014030534801329535	0.013201400770595171	0.013607137669670557	0.013287348403213686	0.013566781317804491	0.014159926907848739	0.01325304041840494	0.012658100208957062	0.012817765320893477	0.012127176746170015	0.013913205174923511	0.014242482626821429	0.011831200987393264	0.012998909667960294	0.013260555103981844	0.013397239917144987	0.012447205174849813	0.01304730367130718	0.013441281061670602	0.01327707552112326	0.01372458376010481	0.01336402494334647	0.014512893146046268	0.013710732768894585	0.013841896785900127	0.01371169344035847	0.013999733499593974	0.011860456900808652	0.012743867934118419	0.012691429959187117	0.011988243653636836	0.012594081973030238	0.01268116841007551	0.013689354270337444	0.012604930724060538	0.011507342256533765	0.014146738307900333	0.01270357895205569	0.011534199289396814	0.01161830139931225	0.012063097346405515	0.012276399610057179	0.01249990732611179	0.012695514721887482	0.011023507616594866	0.013820266380712376	0.013685789865834191	0.009950061840050867	0.013211778107783005	0.014122334068948774	0.01285868882688173	0.013464337538998205	0.013626804615274567	0.012486216478334498	0.012994715304431873	0.014100552940289935	0.012808425125989113	0.012249930164924688	0.014602366484655557	0.014175568109404851	0.011933295911396278	0.012622028809034973	0.013868415908616847	0.013828804564271952	0.011439692856925653	0.011555510266304143	0.012930088392877728	0.012826267563219107	0.012117313078291638	0.013116575150285692	0.01170436537405508	0.013123484140263382	0.013746213618209888	0.013537242163506874	0.014090499526244629	0.01246272387061324	0.013020818051984774	0.013970073497763696	0.011980410411955467	0.012684875465295837	0.012086935220987895	0.011034535765346621	0.012670177888971613	0.012182929666859585	0.012653744050515264	0.013981291551839081	0.013230193683657578	0.012507479438705789	0.013309626481593157	0.01324547552753347	0.013017833085385597	0.01215709163268915	0.013600960508245372	0.013162403777304797	0.013730688652047195	0.010473418567536781	0.0	0.012017100131281506	0.012666914620982217	0.012616871762373338	0.01317922814250614	0.013053419352100994	0.013970036840564611	0.01415714981834001	0.012794592707624002	0.012857983847424252	0.014400260282306785	0.013669463923570263	0.013735660373904557	0.013188172854275294	0.012881195146491182	0.01120560839711636	0.013362513194348377	0.013934563265319382	0.012623109508686748	0.013541426164529129	0.014206459556003248	0.01285386485895758	0.013452999196933496	0.01262577459277398	0.012980368002356898	0.012882314624845577	0.012019391558532823	0.013308743351658173	0.012016144828143885	0.014157594777437658	0.011548812553291384	0.011715802730582887	0.013408167983063378	0.012146388363760858	0.011937098685532858	0.012977027724256636	0.012651054419388763	0.012768764916649602	0.013544404743334737	0.012140427185441019	0.01158250517275368	0.012528188965524758	0.013969674091101971	0.013582692901843113	0.01419654782181065	0.01280879939850664	0.011643259860186168	0.012977556085207396	0.012689161608716071	0.012349888197109577	0.01270764050281213	0.012991650076668278	0.01309639825194943	0.01265090894793784	0.013283398009357636	0.011668664567146748	0.012537929808329282	0.012505580998800711	0.012692162134570759	0.012431006811550018	0.014403804906273878	0.013280616472914111	0.012055622240522632	0.0127234697099592	0.01145285101540032	0.013961786049524581	0.011385866744690352	0.014415875344445534	0.012914149145907073	0.013733208906254894	0.013635187913074664	0.01336463616233203	0.01321246284497013	0.01181950807582472	0.013640474425264169	0.012667943611546391	0.01338855341655581	0.01269330950393328	0.012451962111282133	0.012814827809207703	0.014055254283844222	0.014132986206254044	0.013730669316115161	0.014141539625965214	0.013396753393887875	0.012548814076375371	0.013442512953700936	0.013456905092763115	0.011853401577344538	0.012346599815526242	0.013124960639126479	0.013428303429986896	0.013872436070411408	0.011769617683449397	0.013437194851932257	0.01336804608650944	0.012207618914500371	0.013067617892338002	0.01275923509906927	0.012628790521524484	0.013433469262085905	0.012253885788755215	0.014306943901266944	0.012727297225740031	0.010751086634763072	0.013431612482038481	0.012486942061180784	0.011941802148319995	0.012675931077216982	0.014267397165422201	0.014433629087436273	0.012306353843541593	0.011616059697031732	0.012300705513550371	0.013439195888184798	0.012398171753907797	0.012748872045385854	0.011338335802570132	0.012673470863735293	0.012983190578256176	0.013847011355802852	0.013984783765020634	0.011662654257282783
lizard	0.012596605453056768	0.01064430365501877	0.012333288843943246	0.01095687153995616	0.01277124946930932	0.014011031407619366	0.011341313421926154	0.01161680058996043	0.013157803203933205	0.012110809367579382	0.012912396535040083	0.012726621796527884	0.013397487073377439	0.01392414545345394	0.013199910820777785	0.012037510380508772	0.013176100290103994	0.01378432923486179	0.013499709356399403	0.013278791603854439	0.012741505270517659	0.011921626686849318	0.012350934406976384	0.012689921649314739	0.013154087162960047	0.014192803724528883	0.014420862569599154	0.012560310122353622	0.012346345767048952	0.01134596042346342	0.013047071769800194	0.012846251961445678	0.013724518956794704	0.011655031570262658	0.012853345016937199	0.01268547976107666	0.011519261807113084	0.01089900660342024	0.012727726127427487	0.013265913379451513	0.013461246915081526	0.013234103413993217	0.011412177215101847	0.014589613144613609	0.012598697182037582	0.01273917305081562	0.011193360980881122	0.012029451068051056	0.01271343868146363	0.01204557680160278	0.011678572225178742	0.010496905710427409	0.013180718046893445	0.012600768946119272	0.012459889519806427	0.012716724453519259	0.0128258735819061	0.011898354926066623	0.012647478995097218	0.011866252305139102	0.012300993090055265	0.013047393541727426	0.013048549507333328	0.011911250230151528	0.012829035953746886	0.012734366878480343	0.012611490521859852	0.011304882015595217	0.011973824344054246	0.013403539761532355	0.013607282974960942	0.01335227213319743	0.013497063610087652	0.01259051714536123	0.012626860889662781	0.012921135935227378	0.013423520161409505	0.013647131313086541	0.009973430784745397	0.013639170497545981	0.013984261583309574	0.013315070530638651	0.010046131931693202	0.012250536573870034	0.014454214271471706	0.012051427884255783	0.011342668252680228	0.012534227092792177	0.012745874046845206	0.012020480699552598	0.01191925227158381	0.012311898780393857	0.012478853100112151	0.013618924469699619	0.014167431989464026	0.013813707394843772	0.012460001236592863	0.013712798030716782	0.011923198114579474	0.0128179327272265	0.012548343090792636	0.013441928706432373	0.01162523730139502	0.010779335240465437	0.012217468454916523	0.013273048620089298	0.014422203927185531	0.012272522700482007	0.012037774202811751	0.012874971446859684	0.012836031117021543	0.013198945193646703	0.012472177102393267	0.013006913865580222	0.012900152934339161	0.013056373296545193	0.012040480164542362	0.012017100131281506	0.0	0.013131217689941764	0.011806822374475003	0.011884461977643137	0.013263320910151534	0.014273286201658155	0.013523893848815865	0.01312473549297954	0.013018512766157595	0.01387106893672796	0.011612514401524917	0.013605747445568408	0.012174258494162067	0.012536954613361035	0.011701947994663795	0.013834710960557025	0.013123591726082944	0.012654103923217919	0.013701433898414231	0.012849854457917045	0.014095786021086	0.012299041572489669	0.012688204418920592	0.011861508113482163	0.01314850698817757	0.012352573666449677	0.013168582250958745	0.012058631163528299	0.013537623460358797	0.012596006471192911	0.013438364530318684	0.012892377173386631	0.011462429578516332	0.012722214661355863	0.01307227478776171	0.012682659494506573	0.013347490054745378	0.013005381943448815	0.012944704627167796	0.011559473652016967	0.01200583536178118	0.01411191142521339	0.012973766720785668	0.014013133937738915	0.011561055044662255	0.01297978824859202	0.01236136108915535	0.013645887877289953	0.012938777758351836	0.012560089331492046	0.012809656834046728	0.012626017832986813	0.012821971945745908	0.012068752969693728	0.012326904773470277	0.01309066075150228	0.011344588771038172	0.011143230202239333	0.012595122776310277	0.014049535963965923	0.013424151802148074	0.012266052145777407	0.013667498236254539	0.012543673295743124	0.014752579828972498	0.012424296977991722	0.013783722870296288	0.011599237835583564	0.014436990379884935	0.011489824580013908	0.012219234602974393	0.013118444115163864	0.011205242826835613	0.012583305953373182	0.01251954814388121	0.011070730200191154	0.014283210852983569	0.011704789107262404	0.013039665362264901	0.013732881863932862	0.013162989947618515	0.01293767026347007	0.013505464372346015	0.012407496939450115	0.012378412091907447	0.012214649490968175	0.012506564321942706	0.009828429896533163	0.01216294745732186	0.012493787716219291	0.011810755558926432	0.012219426480797284	0.011612455644141128	0.012354062397232659	0.012099208097600561	0.01307205721296252	0.012853973757061009	0.012373178224072474	0.013568176994331332	0.014695714580447194	0.012107051774740673	0.012855956714628749	0.011298425740641611	0.012436794724557028	0.013492705530845776	0.010713992794460421	0.011343616359586577	0.01229408118518054	0.013613608951072689	0.014017088038197591	0.010944198317761366	0.011384574681008432	0.01266345436291033	0.012872084183584438	0.012436196362669414	0.01301554579477398	0.012811342040385445	0.01207247503210808	0.012915535389415778	0.0138719710971467	0.014057301745677701	0.012577060076546407
llama	0.013251285093969601	0.012836307439207524	0.012924057623212044	0.012998795848861518	0.01249640721404709	0.01424530510026776	0.012326350465611244	0.012288160895152538	0.01328174560852605	0.014517622570869198	0.014097819560764531	0.014087646691804451	0.012875940080802738	0.01410489172963268	0.013881223977758515	0.013368898737740371	0.012803431250830192	0.014253415606838054	0.01240140769476128	0.013393615051447632	0.01334767321226531	0.0139289221004734	0.01301968073424278	0.013742334841912984	0.013004844166481358	0.014003561693477037	0.014341514493681047	0.013032658630491417	0.01426673586883463	0.01273873140288444	0.012115858085776463	0.013897510792654593	0.01444549824207793	0.012110984062480719	0.013183966511770284	0.013736796490789691	0.013493375301323916	0.013627252124853497	0.012597936020758614	0.012747973703554816	0.013471516266686953	0.01365518032763623	0.012755732527072747	0.014799219372595443	0.014143097556064313	0.01409709051543465	0.014203628249879394	0.014108662287932387	0.012074028493790426	0.011652267340310158	0.014317932487005849	0.01252006702646337	0.013417012051412687	0.013412012200578747	0.013868617558768065	0.012326612548423549	0.012509085660452708	0.014247857986800318	0.01200434442771898	0.011446387249997511	0.013009034687784431	0.012061397108775634	0.013419745311185513	0.013170461974646505	0.012693810708786231	0.013448594767208666	0.01322171671309521	0.014145269670246678	0.012162494284881581	0.01341031058702278	0.013502972013609693	0.013136330147551382	0.013840482182820442	0.013825514463529262	0.012889760773139407	0.01269501970899251	0.013591292091719815	0.013980805881885898	0.013158585331943043	0.01405421685615227	0.013782738968528078	0.012175992183815614	0.01332907339336909	0.01327976898376412	0.014746676947933898	0.011419036229187456	0.011349272699096627	0.013167777322697511	0.013180379898237969	0.012785389646694612	0.012858243458402984	0.012118765152301446	0.011750205890814198	0.013930649322680979	0.013725334004072791	0.014447056850917852	0.012330237376559033	0.013773934036390944	0.013759343946871373	0.013416129645282748	0.013010183601035542	0.012874043748214086	0.012438379256656903	0.012476394736908838	0.01320921308060731	0.01298335072434757	0.014128924357553186	0.013777381917857772	0.012802598936777437	0.01311972506892489	0.013332633800670622	0.013293201445720453	0.012838356094114902	0.013610244957670216	0.013191187600040772	0.013837373392275754	0.012807691182795898	0.012666914620982217	0.013131217689941764	0.0	0.013763999301880315	0.012519805887960705	0.013577313327562974	0.01399880786311724	0.013728030205130675	0.012780032241139152	0.013442912147363421	0.014002110252447996	0.013737748634607215	0.012859391292665253	0.013503794633153585	0.012672551138104083	0.011729808739598557	0.01373355531010762	0.014163626730185792	0.01208823776364031	0.011790129105646736	0.014338789226298514	0.014084692833280484	0.014307188410682323	0.013958112754430103	0.013656635515031408	0.012745136472174748	0.011478854055077925	0.013572373239419185	0.013002809599312033	0.014310301769895508	0.011788512422886309	0.01341454960385575	0.012847110370467868	0.012061111993534086	0.013501941604039534	0.013443267507464818	0.013662602605177676	0.013893701782423707	0.01400542865102739	0.013101691652985798	0.012058961082496706	0.012853179995601267	0.014724414825553032	0.013268795192482951	0.014295544692410072	0.013080258731123062	0.012982168167972097	0.012623078539037791	0.012197072931485637	0.012083428434786951	0.013492934697370609	0.01304788384676783	0.013460995246582189	0.012438728114147764	0.013475341836833476	0.011832066652673954	0.013465197867520137	0.012579958783765171	0.013443282634458318	0.014014988290768152	0.014637599008415	0.014453957693689977	0.012080212988437127	0.011982410121089438	0.012561562022040635	0.014657176213721186	0.012777680763664865	0.014073637033824976	0.01399097621729812	0.014236030966216982	0.013228154993235037	0.013838566736674322	0.014469493224282634	0.012980434147174725	0.013343711248432257	0.013460421256590608	0.014525028595587755	0.014584390915868328	0.013248899511749344	0.011919507083458165	0.014330412568787677	0.013615541718775073	0.013087101288535331	0.012701994336843268	0.013111865333508914	0.012630268708964845	0.013401139640231562	0.013345279897228408	0.013282118987879558	0.013042408306138252	0.013476632855021103	0.013524938255941093	0.014076315399350748	0.012777814168080373	0.013729732236163963	0.013984391702013675	0.013308375813364146	0.013421313104795642	0.014282349472327417	0.014161524468223434	0.013806060429890363	0.011749707026913388	0.014006500056673438	0.01253182865324817	0.013002214327401498	0.013463203102311609	0.012771447617767395	0.012440390649286896	0.012346881496380437	0.013961523519345929	0.014675293322546714	0.012991910692298254	0.012663071158221094	0.012770043780907332	0.013990382094659496	0.012440328570835602	0.013266039502699086	0.012857669501199088	0.012925405962129252	0.013362478285513226	0.014009636857569598	0.01273170706813029	0.01259915664624176
lobster	0.012658985740885611	0.011040182010817006	0.012663958544686221	0.012054466758643833	0.01382836317589454	0.014193763900789866	0.012684965259495893	0.013223295999904329	0.012859327301923412	0.012149962420708984	0.012711095021327095	0.013213739251470728	0.012965303570329788	0.013511238064754459	0.013125714675105935	0.01294679886034483	0.013532552382072101	0.013464042328963517	0.013535348996211833	0.012993307349701872	0.013650051788353929	0.013765634375773972	0.011842455682191024	0.014039223626213413	0.013179942115893926	0.013954414060602785	0.014733192181719932	0.013171646745710109	0.013058331895314652	0.012550418318033834	0.01328424981084249	0.013394105199705495	0.01260224511085287	0.012204233916352156	0.01296828223469324	0.011459870243923006	0.012336169530403255	0.012230120973865288	0.011067048475336863	0.013875198873906315	0.013191123122410515	0.01212681669881288	0.011971581419752488	0.011850179374620018	0.013036588608986854	0.01333559399538131	0.012786059671275628	0.012752754467209857	0.012246795673141887	0.0130989841125099	0.009314569706102513	0.011502316207717246	0.013213987314165225	0.01333792884117849	0.011013034647447436	0.0132709072211663	0.012742631814577625	0.013245048411836258	0.013728522399877272	0.011742594069718343	0.011730257539619666	0.013037461138488061	0.013722567066689338	0.012518057025649962	0.011972982056648413	0.013297087010298591	0.013122376766695653	0.010703647986418383	0.01202999417807586	0.014045036741499128	0.014371568420826653	0.014256297951828353	0.014323773980778212	0.011995689050986967	0.012912418135745911	0.012276616996902918	0.013815227786219268	0.013984344984904768	0.01162884994451934	0.012618147368187095	0.013683259095039734	0.013785774339365807	0.012503254302051826	0.013312359935391873	0.014243126064241456	0.012620800729134112	0.01235648215738107	0.011648844583132652	0.012833945904972227	0.013164728742576383	0.012720323189419869	0.012431751186903874	0.01246853547311421	0.013079254753921923	0.01269768835719854	0.010899474786870155	0.012833349359230218	0.013640201364462428	0.01276221030699555	0.013265384478636932	0.012742182755360732	0.013695853258778192	0.01269653587862441	0.01219887758663691	0.012714191637602885	0.014081858912952288	0.013660799087393012	0.011059986979507582	0.012783022373832246	0.013615177885039525	0.012895425430353184	0.012884320166311363	0.01337296994126413	0.012637945158448237	0.01333281452544213	0.013329861039714756	0.0128889664447157	0.012616871762373338	0.011806822374475003	0.013763999301880315	0.0	0.011975368668812804	0.013427470354374678	0.014917600579908163	0.013466537426581835	0.012983101443494592	0.01320434084327843	0.01396121505275462	0.012404208060492042	0.012514849201387653	0.01291862264669813	0.013119253674698562	0.011646154380442761	0.013101141519720659	0.014114555872941753	0.01248516322593928	0.013978911648690993	0.013149708711648772	0.014406997181844572	0.013674679838075148	0.013312622788603297	0.01087727467196994	0.013658048436924176	0.012422014136110876	0.012704488749333014	0.012839098075650458	0.011407589463229529	0.012842649318996651	0.013876814777143252	0.013274485057473044	0.011962751563752061	0.013287605018534787	0.013633642970737589	0.01239526795730416	0.012662930812327469	0.012389442327333113	0.01308708282241759	0.011242346411833257	0.012284742748558019	0.013563497631876262	0.012376017109034115	0.010866284212441504	0.012372021059726835	0.012314477558172728	0.012962631445200108	0.013332482639842928	0.012621066034489066	0.012833820424658093	0.013269518870456356	0.00992442624369058	0.014030947447363116	0.012756429996313885	0.012098688003491058	0.013370083076773702	0.011986189541656356	0.01226304052941217	0.012848216872556101	0.013889760118364658	0.013234820530346095	0.012998479398245881	0.01296932697505118	0.012862381269427394	0.01391478221186853	0.012214837374998858	0.013789175485667177	0.01291857145675903	0.011936193611932171	0.013325790504446433	0.01213897482788652	0.010957715969721615	0.012095463854189015	0.012982558234913124	0.012140801863675055	0.011859759140641411	0.013527472667069818	0.011319956904278394	0.01283384873046333	0.01343692777856562	0.009633288799976695	0.013688493808315796	0.013505886607214933	0.012665364772205591	0.013520691666837933	0.012255658291161986	0.01244882641155196	0.011841066380762202	0.013171844350651907	0.011842992739620431	0.012169844117636597	0.010469658401473009	0.012097005540819161	0.01154181498596733	0.012016838341630247	0.01331906617278723	0.012792203748525879	0.013282376701406789	0.013907082951070687	0.013907008249526367	0.013214492104772024	0.013642736231948551	0.012544305036457313	0.01273319987743823	0.013832341505729007	0.011844352149491763	0.012395966167090664	0.01266725356592309	0.012234191112004139	0.01443666301231995	0.011228642576283573	0.012505528386953735	0.011525004257587736	0.013470508045157365	0.012485496563962306	0.011434243881482661	0.01318050957145249	0.012709676845901715	0.013200854480691342	0.014161139908464999	0.014307509774650597	0.012714445673065997
louse	0.012608061646956343	0.011808342595540517	0.01194411060232261	0.012022719758273065	0.01289919027189486	0.01120395990229417	0.01244913124622203	0.011819250710647261	0.01223830316468592	0.01210506725660235	0.013817270689450585	0.012877436932321948	0.012557878226637153	0.013130454675635434	0.012361187287321591	0.011659470999441889	0.013399227364004583	0.0135207148875288	0.012603555336811735	0.013045918557727083	0.013386124992889891	0.012240219615797082	0.011991560925020645	0.013747813476474947	0.013209775899074601	0.014211907332094171	0.014374834462427781	0.012814975397055757	0.013621710102608552	0.012532233544828101	0.01294689467933132	0.013718198083056441	0.013009611076045723	0.012151098745481627	0.012730235127427304	0.012331976845295276	0.012316180024432338	0.013110724019517397	0.012145879565826563	0.012598362768637142	0.013596320632262446	0.012805007209900776	0.010840234120566445	0.013131659126693434	0.012646045031692206	0.013566243272730292	0.012612774535243364	0.012829495853071199	0.01184959744256909	0.012337369242914557	0.011417314192513055	0.011826109807058695	0.012429551884107897	0.012361577915223404	0.012053511308021321	0.012366122911791597	0.012383823054599098	0.013264598377611892	0.012314311887965113	0.011552874322093105	0.013099003751867244	0.012773382854996143	0.013400303353882941	0.012434245148935524	0.012990046123020151	0.013233343211429872	0.012598948280128365	0.011698060851034291	0.012358529657521149	0.012887925702570064	0.013598036855710607	0.01399310442368429	0.013692803148381519	0.012073242230164918	0.013248029065935687	0.011940647789999483	0.01342828577711167	0.013902040171223035	0.012426864250222611	0.011736146589126775	0.013173482208585371	0.01325101104126685	0.012973040901817718	0.01218726589298182	0.013556510491665215	0.01243100239067678	0.01141716152163863	0.012116864036593074	0.012644487683671666	0.013323939971468014	0.012583678412369353	0.012414842670896986	0.011798923008552478	0.012990533128181452	0.013318833816395823	0.013069919316198008	0.01213500583674727	0.013285974492507008	0.01140273178581568	0.013072928843295105	0.012865286141234018	0.01296324913639729	0.011461292904290363	0.012621938108576829	0.01203396137237207	0.014018126701067064	0.014543906936634637	0.012053138084990023	0.012192632112983864	0.013349024497564914	0.012682744152307364	0.013479407092044846	0.012816619785778376	0.012747223607235554	0.013133518353511247	0.012779609360249983	0.013033858341341796	0.01317922814250614	0.011884461977643137	0.012519805887960705	0.011975368668812804	0.0	0.014008566069257327	0.014740085501203409	0.013401859085134714	0.013531754628646935	0.012976490323222754	0.012148154984052549	0.011334099852787423	0.012153242418105125	0.012968915935328817	0.012825097782330706	0.01247119016224741	0.013123191936405636	0.01299744073901125	0.01176821847026852	0.013284693298130718	0.01315255417542518	0.013911009009724008	0.01312153920994237	0.012179469657634551	0.01254341279096085	0.012880261645095316	0.01179393891223947	0.013009717639003953	0.012695785608709646	0.01255814415489479	0.013251826474224439	0.014422760847193763	0.013177797125803869	0.012450669156275159	0.013973220439715781	0.012639385367092361	0.012983921413529357	0.01365309318145937	0.012153787290492803	0.012519037981962942	0.011013960792802787	0.011941341516496975	0.013887874519914833	0.013428361423835524	0.01209670582626013	0.01155100968704994	0.01300643666021999	0.01166878811524412	0.013670327405844588	0.01271154442175843	0.013251019870017332	0.012426238431181943	0.012168406791731933	0.013948844651813402	0.013372791103050468	0.01185510158419181	0.01331027980472744	0.011525136707130252	0.01255218787408927	0.013294977619885781	0.01421963853269657	0.013531134066872112	0.01205796396138696	0.013271055342172872	0.012316921707553819	0.014707823352422633	0.012500678798766778	0.012233039361021703	0.013203562869564095	0.013038414671740663	0.01225073998840557	0.012415074430293327	0.01245471213671636	0.012730504961631863	0.012099544851676726	0.012608449814702374	0.011543784882286481	0.014007438504091672	0.011906897530743308	0.012111063281070027	0.014098103078304842	0.012094585716218685	0.014210491068004392	0.012465760444856734	0.012562450683080224	0.012286094212897619	0.012578760738438105	0.012385748696258627	0.011741364648083967	0.012842208833185778	0.011731095874797785	0.012573525454524115	0.012816059871180653	0.012220971475780542	0.012160894778095835	0.013017861879431667	0.012757821065628585	0.012409368813400936	0.013070685584339593	0.013944031000777814	0.014196576786576234	0.012264059572585006	0.011486007091460092	0.01207756551697397	0.013003419434038578	0.012829689519290326	0.012267652345839895	0.012779722912218128	0.012488323425797237	0.01311663599054726	0.014283584637924973	0.012085288548516926	0.012846076745914047	0.012690844648172805	0.012060658336784841	0.012234827552235041	0.0123937049045248	0.013007857337450109	0.012381137228815538	0.012549710938759985	0.013979057137259379	0.01382886678079187	0.012284256475748847
lynx	0.01235888802355354	0.013137492941566672	0.013786642290769084	0.012835539552391046	0.013084743712054599	0.01401468520095769	0.012917142462009019	0.013448790203019376	0.012586308846338013	0.012783119539358677	0.012428807748340716	0.013544036106337526	0.013620830495168186	0.013217992598521425	0.01311434715959883	0.013215996915353433	0.013316715019724833	0.014473021437985099	0.011906489511715608	0.011855669956815074	0.013217635786187669	0.013739085925642592	0.012457837059279499	0.013869239415520025	0.013203563384895789	0.012947743117085892	0.015093302752209999	0.012806857846419438	0.013116172027630109	0.01244755633457874	0.013598624215911247	0.013893958238652748	0.013105802749991631	0.01264915029124983	0.013143340732604189	0.013274473480418457	0.013748962143933006	0.01324833362121773	0.013896965076972216	0.013900845299596424	0.012932029258242413	0.013714193593246658	0.01373486360668821	0.013621152203066011	0.013775111864809004	0.013494802389933109	0.01357142083754324	0.013046301090839516	0.01399199661853809	0.012933852873926377	0.013111217230549387	0.012980051523688266	0.014015382913753309	0.014015007030536219	0.013654430015604332	0.01364790544504668	0.012280499399678027	0.013580838440959548	0.013064522639703195	0.013592231403913392	0.012568637390989219	0.0141629428477423	0.013821157339501707	0.012210507149556238	0.013936471280974114	0.012500082727994764	0.013831798100772603	0.013808664198331282	0.013553226989673435	0.012713878029580926	0.013410767476150744	0.012683950904241474	0.01393046605802333	0.012934726786089291	0.013109905991311472	0.013800682054065433	0.013092723895879755	0.013477536326078813	0.013385866375845648	0.014525549782958194	0.014006683473516206	0.011331871359820313	0.013307647743693132	0.014179357122451013	0.014576226353301736	0.012172807520843217	0.013317583676482971	0.01396522828045418	0.013336628855242356	0.013815422092194003	0.012495943718099735	0.012174964979601027	0.013892587262841673	0.013318009086431368	0.01368172751896121	0.013118429144793846	0.01354518895127302	0.013949241718549983	0.013871400841930172	0.012349677436031173	0.013132407823167505	0.014000645229578447	0.012838657681691106	0.013187103517000425	0.013012011321392503	0.012410546598123136	0.014046134120754642	0.013117907395628988	0.013638109201684403	0.011791746861697509	0.01298352005181274	0.013117645580063897	0.013075370055375483	0.013919480970905817	0.013221931677458776	0.013196833074485735	0.011714104192438138	0.013053419352100994	0.013263320910151534	0.013577313327562974	0.013427470354374678	0.014008566069257327	0.0	0.013717524744266171	0.012956152987617124	0.01315393450265714	0.01283488419372698	0.014283049600107059	0.0134077342365868	0.013200175890991197	0.01401077681159375	0.012585400472975334	0.013845282139078756	0.012558765561533267	0.013777182273225346	0.013463283806641642	0.013908529736602417	0.013580785864225063	0.014246229356854186	0.01354721370825375	0.013530903961964541	0.013992694353682746	0.012382679278145865	0.013192205238925538	0.012253148730448464	0.012921966298736022	0.013984884192150429	0.01307885285953682	0.013112555088008137	0.013673548966775737	0.013658951651549482	0.013867638780834175	0.013570127651109366	0.012957087482852342	0.013679433950255384	0.013331009391490718	0.012925311867246898	0.013700218272895076	0.013551104961270145	0.013912570375893512	0.013071407541425327	0.013345451423271995	0.013251600744603922	0.012381600069241192	0.012236110725213932	0.013641640190699246	0.013464227959538888	0.012743105961710728	0.013593698694104064	0.013881492879063267	0.011547597463077692	0.013615087640192194	0.01342652015167213	0.012603567860459025	0.013710423429884528	0.013422404502078435	0.01327978710068344	0.01403045943606031	0.012940418184645773	0.012448033664932086	0.012857265954030752	0.013119326153993603	0.014159113003123251	0.014259388803261672	0.014519857516149363	0.012908886362467549	0.01345360903429716	0.013837970367126164	0.013523693231100795	0.013948798089442384	0.012386491728540226	0.013245786087889143	0.01297950779421584	0.013306828691361716	0.013682815246834588	0.013182751596516972	0.013945316355824921	0.01398852768861755	0.01384555848818568	0.012702298076547595	0.013532354050036688	0.013173014861370009	0.013956108620643783	0.013720470592756995	0.013688976798460708	0.013442547926036106	0.01292275748774175	0.013556431923608234	0.013162027610937535	0.013993169172313677	0.012724415332992477	0.01344621508606999	0.012671150761457875	0.01381789196455712	0.013687307506164748	0.013036322726264798	0.013896168959257214	0.013173375989251288	0.012923419114146772	0.014800363218606056	0.013159262756445625	0.01193234047564642	0.01383796729043446	0.013550434652211648	0.013233071015589066	0.013066766329223403	0.013440482769721753	0.014054752330129787	0.013011966377161647	0.01311139855904879	0.012654332427805153	0.012553173723611732	0.012600214333986483	0.013322663914432254	0.012789810694532684	0.014028185138156051	0.014019652024297904	0.014063969475023553	0.013449008683227327	0.012843633984626726
mandril	0.014343996931283276	0.014724700862129646	0.014108393899579458	0.014753011432292905	0.015126462487343813	0.014199829715479945	0.014324876397536195	0.014687987882861098	0.01444128805208714	0.014902598644903953	0.013813355738289665	0.013631174385752298	0.014581102732225633	0.015018040041944887	0.014525318524508907	0.014232194432819393	0.015007576966972656	0.014752299458287455	0.014580986588901827	0.01521183035232692	0.013346351229671252	0.013827126810172783	0.014891466096309734	0.014545581546957356	0.014592516754419011	0.01473998992826735	0.014062235278296968	0.013734238059690587	0.013859948963515355	0.014351262842533703	0.01477576914517109	0.01427489741282077	0.014820824198194147	0.014266703068326371	0.013522743403874618	0.014921661997448845	0.014866337722826438	0.014106134722109363	0.01481073962114696	0.015508284767476654	0.014632909940161887	0.013786097932909374	0.014782591137212477	0.014446893572295737	0.01419707583611504	0.013733613028549346	0.014110375569493855	0.013981876838754088	0.014392088591143982	0.014166833884419503	0.013964525638913785	0.014531147649361299	0.013929384278480592	0.014050988547434312	0.014868541379698872	0.014433125611300597	0.0142505137082802	0.01486780714788256	0.014199251221813593	0.014740050140712202	0.01452238026082982	0.01406856988119156	0.013099373710584016	0.01392699810166527	0.014473030154782494	0.013966284061083113	0.014114717322298147	0.014791247960730083	0.014847767646698451	0.014727903669309364	0.014886693189718803	0.013597450649391518	0.014567976911828324	0.014787396489189874	0.01394081327916637	0.014380662048774478	0.013215840742990292	0.014344241521850438	0.014658368179079378	0.014951569834854345	0.014834571703107646	0.014533061723158491	0.014650878883012674	0.015068444902313951	0.015158596663157154	0.01484791631458343	0.014592501716753581	0.014803199240086858	0.014634814953810728	0.014435424246693	0.013497111036270864	0.014608594876362948	0.014225365561468297	0.014174036594190205	0.01351925711237463	0.014848066078258148	0.01504837025496757	0.015197829652304332	0.014357359947797015	0.012727282981781577	0.013813188782756957	0.014546033999646223	0.01421633276341467	0.014374103179989932	0.014138590651869488	0.013451586622484553	0.014080712615413753	0.01400075118641656	0.014392744199300336	0.014433425664791406	0.014602927972641662	0.014233285343514795	0.014558884292243961	0.013885995696426632	0.014617955847008157	0.014649045275172214	0.014035147623974313	0.013970036840564611	0.014273286201658155	0.01399880786311724	0.014917600579908163	0.014740085501203409	0.013717524744266171	0.0	0.014484875877628898	0.015136401142921831	0.014918896175657517	0.014481850678699606	0.014183240167199532	0.014646836523720957	0.01389968528465151	0.014383504988433873	0.014496837240723228	0.014728265216570287	0.013739084624236642	0.01437977984572451	0.014710273385366781	0.014916336652252756	0.014431436350774342	0.014959294069367747	0.014322695631706246	0.01423299239649973	0.014246764360711317	0.01452880080209946	0.014933877293343268	0.014154656382328263	0.014582718129631845	0.014851144222972533	0.013857172651123888	0.01462915504251034	0.014766098334923466	0.014516355799703886	0.014962332743497769	0.01461573956196634	0.014686720874328884	0.014406943828077157	0.014524475323950703	0.014472621270201633	0.014798952291976381	0.014487737558846081	0.01426119894177337	0.014434869015196585	0.014413585384255441	0.01488160875611379	0.014599533910180873	0.014808775120582816	0.014890222385932435	0.014663505483769853	0.014575581201062272	0.014587805074577504	0.01377479835345075	0.014566524224876427	0.014494872273350595	0.014103294692523347	0.014470376588821214	0.014627652296985216	0.013654443723628045	0.01344068936738412	0.013940420399250905	0.01513819743010149	0.014951302858711742	0.0148639157331544	0.014006420175465073	0.014351991646105976	0.0140859864236008	0.014487267696602506	0.014523916284317082	0.013970887123810019	0.014388599096294917	0.014398893301753113	0.013615756554803784	0.014886479340233648	0.014596270160413342	0.014780628335677502	0.014455320273923399	0.014241224015870569	0.014477994974194462	0.014466103359256532	0.01501703388270914	0.013547246085814264	0.014111383856538757	0.014424594305032776	0.014209749880416593	0.013672702733098348	0.014124160348212886	0.014213191481263434	0.014167755099846992	0.014808718132345194	0.013654074444578564	0.014397726908775802	0.014831372486793564	0.01432517922745333	0.013798558444613916	0.014531739110196416	0.014206962808515642	0.014330863215599406	0.014744568127467845	0.013888502564555925	0.01487333168298656	0.014909314687069252	0.013376260830336413	0.013872776101668725	0.014679206232542808	0.014135336372504076	0.014621881805936003	0.014599719935615697	0.014249306476652276	0.014546734217638337	0.01440377615195899	0.014130728241442013	0.014660419960772103	0.013332528201451678	0.013757250492576716	0.014563541424195142	0.014064055594268952	0.014859743693946109	0.015097051751651958	0.014566478527778886	0.014752641132347578	0.014543536971867128
mallard	0.011955442026117839	0.012775138287545755	0.014121083634238148	0.013088079493718173	0.012994172008145672	0.014664541671420402	0.013769003541399538	0.013268099091333134	0.011963768177234404	0.013848665260464825	0.013375456064522086	0.014194281454946708	0.014378597342943198	0.012659565769693768	0.013337545186497404	0.013889527257466528	0.013582319630916929	0.013918754688898185	0.013390351513036485	0.013283239655392399	0.012598025998478566	0.014352510740481848	0.012557003604395987	0.014532052028004037	0.013279801552407575	0.013346548322827041	0.013114874868412198	0.013650807915825083	0.013630537318494305	0.01333878057265618	0.01395070381618847	0.013923283776390445	0.013229858214236001	0.012971165251432494	0.013419498362394793	0.01414965949207519	0.013981305747284931	0.013824420626006924	0.01290949686489503	0.013137827411929195	0.012682743883689769	0.014020918968901588	0.013542734538428825	0.01426283588862449	0.014177285809755427	0.013773797888425941	0.013997705936318286	0.013205553113444566	0.013793424681157667	0.01271061371350525	0.013600486817202488	0.01266462661245317	0.013075378698924334	0.012660973240668777	0.013647650462497097	0.013056808644706439	0.013149331365829303	0.014102195785748539	0.012784914677773198	0.013363963049455202	0.012559973744238047	0.013771566255579909	0.01244982730527754	0.01283538626734924	0.010784134200263994	0.01281359367662936	0.01321623955494931	0.012915490614332923	0.013347203983835607	0.012554962786442123	0.012562431345156364	0.01358876356338124	0.012212908287680062	0.01297283177714236	0.012774308492917672	0.014483690325197376	0.014125304663632716	0.013385980742647725	0.013321789906785808	0.013867084704007174	0.013578043229796095	0.013583127379041136	0.014330809954511832	0.014155519483202587	0.014149243106397655	0.013122288832607722	0.013247875496380264	0.012892294226311184	0.011332063092458	0.013869871952873765	0.013241576734042639	0.013184598931937566	0.013413870440481595	0.012109400313815936	0.013062589721183815	0.013183715595084855	0.013695850744747473	0.01308325762891163	0.01380465908809341	0.013024730387001386	0.013549145113809127	0.013894294240457674	0.013698109824976963	0.013417924789090813	0.013238443765624084	0.014123453532208077	0.014116489184194565	0.013565555424271441	0.013213637652307743	0.012741052113984764	0.012790734458003931	0.013141482304203447	0.012781348177294889	0.01386342877021008	0.013857643766357296	0.013331401062662434	0.01371562555520502	0.01415714981834001	0.013523893848815865	0.013728030205130675	0.013466537426581835	0.013401859085134714	0.012956152987617124	0.014484875877628898	0.0	0.01322011025342529	0.012458468391804724	0.013697671694273389	0.01409109853022596	0.012928427030235857	0.013978423764551001	0.013601665347880718	0.01379773610971084	0.012910006515451935	0.014298390470887164	0.013163836438945838	0.013516359264228601	0.013372442731797695	0.013178843590054595	0.014012024576312662	0.013503123169903507	0.013466451757768743	0.013506761865599128	0.012312018428394928	0.012248273461798576	0.01257374225383574	0.013189758020850451	0.013252251782677256	0.013580393519402434	0.013302472936371889	0.012796908149273208	0.011663236020210908	0.013879020960713393	0.012147543933942519	0.013511310135134123	0.013684312420921269	0.012415518241297685	0.012986576382973687	0.012162947751312256	0.013276373799353534	0.013595897030966881	0.013055200949948841	0.011859532834819364	0.012505190349873248	0.012849656943387069	0.013663985950320487	0.012848798893332963	0.013309072713469199	0.013247009409599364	0.013334032774744231	0.014612670132144004	0.014047801570211875	0.012860946284677337	0.01387065153238662	0.013856020167495814	0.012895810216664132	0.012953955738371471	0.014366013866002794	0.013120304085746555	0.013477751359627794	0.012754014805732348	0.013688204015049143	0.013493605934224343	0.013491420929229767	0.013976904779779592	0.014035316224054947	0.012532012389527043	0.013607619216831566	0.01356974374097536	0.014379774357058686	0.013840865107501467	0.013316192522113824	0.013115434269869206	0.013662515406582249	0.013874591334068575	0.01336641144069845	0.013267396980544141	0.014369514430811163	0.013773183337315193	0.013460781184455515	0.014335236569383888	0.013200243031939134	0.013894890265229864	0.01428546126881479	0.013990575342117539	0.01374579383228704	0.013034577875603385	0.013362739262153563	0.014105752110793046	0.01375715213359232	0.013172126653760448	0.013583901641403755	0.013338826191012504	0.012390384011077426	0.013181694726075631	0.014290914091094998	0.01251094385927549	0.012618848984141378	0.013789379356816477	0.014177252342295985	0.014213929152369124	0.013548251172118083	0.014044663048590127	0.013209883074992214	0.013591149906196172	0.012644484881642215	0.013174684845041175	0.014533684674031494	0.012803370519743064	0.012830112827341504	0.012349087993559396	0.013190672898959721	0.01260003511847331	0.012647946437234336	0.013377209930156382	0.01267446775575586	0.013344178120420169	0.012287789459379226	0.013815777529177897	0.013330551096338537
mammoth	0.013834105770735778	0.012578208585555513	0.013254248921477727	0.012792171407497726	0.012652377941395914	0.014311725257263883	0.012411368242678298	0.012456480566813033	0.012705054755367293	0.014252510452988785	0.014028683785710136	0.013750011220768086	0.01293488793294745	0.012345344054189012	0.013879859545250211	0.013013975333264864	0.013361272101475488	0.014115802764387201	0.011377127257216055	0.012459964720018795	0.013767920213453917	0.014260675147814659	0.012019250558605485	0.014466877926873694	0.012889860689416312	0.012689250795559423	0.01383236151804463	0.01346243303184042	0.013693636194841326	0.013305766289497527	0.013370248314776059	0.014214005467978933	0.013723085826518766	0.013301403373744483	0.012912252772873856	0.013273409084419556	0.013105895438069459	0.013092695676697026	0.013608118835513418	0.013040071600962535	0.012866546330152068	0.014371596951763073	0.013498665274378298	0.014013250024325146	0.01407059141990385	0.013299772417303539	0.013804099316398262	0.01340336110261282	0.013102427409857557	0.012004252281861229	0.013912405016753329	0.012659424162917245	0.013791840580915387	0.014206644879481794	0.013406731303225769	0.013959570626991064	0.011947923579658584	0.013554284091065006	0.012663118647656063	0.012900824732543805	0.012998537890173299	0.013509931521574283	0.013833221184219752	0.013435298167630791	0.012944937059034578	0.01278174707836834	0.013018903119149695	0.013900683989765794	0.011868270502751112	0.012215575838647933	0.013466564908629125	0.014160044419818656	0.013941181921261456	0.013501247289887474	0.012869246824704202	0.013569210379737282	0.014984001366280529	0.01406738788768907	0.012754522309397134	0.014233589521736898	0.014484034134587164	0.013097049965050532	0.013882080744069401	0.014093060590730537	0.013845314301677151	0.012644702979408024	0.01250176577636203	0.013641482281500519	0.013080244083854213	0.012353753834616421	0.013970724071885932	0.011801081922067979	0.013171484347324056	0.013468591663360683	0.014432550835161538	0.013499496097969585	0.013353560460790661	0.013809467001703667	0.01254270168454541	0.01328851214429886	0.013356682618246407	0.012895468020304033	0.012446441182121973	0.013197011632144666	0.013833906015815361	0.01364740004861948	0.013892305244233658	0.013306844895268592	0.012885313176519541	0.01365736694751749	0.01264083618612679	0.013656083217888932	0.01285687924754204	0.014351120718384585	0.013437300074449866	0.013537320437355694	0.013054934578688133	0.012794592707624002	0.01312473549297954	0.012780032241139152	0.012983101443494592	0.013531754628646935	0.01315393450265714	0.015136401142921831	0.01322011025342529	0.0	0.01214013203740353	0.01417540922596353	0.012700570775774826	0.01274601619146477	0.013482554884566334	0.013198990499319605	0.012845484913433045	0.012456968377006399	0.014111296775246111	0.012970134838313491	0.012910461006973692	0.013608411533141183	0.014370994526917053	0.014428701758712848	0.013909473231029224	0.012881271078825064	0.013400296837186085	0.012654721904503546	0.012824180798859325	0.01366925606918383	0.0137067090196181	0.012717844412502828	0.013196869171137637	0.01439981728444777	0.014006183648684958	0.013697908856127768	0.014271748597535144	0.013071365915493785	0.013093305480699624	0.014321299094329219	0.01354992593020385	0.013012046383035887	0.013054544867666898	0.01346632776684846	0.013452134846603837	0.014005542446926509	0.01276139325128428	0.012263777806888625	0.01296549400298633	0.01287458100854333	0.013934585188717206	0.012848412048991844	0.012436565690771381	0.013818626984017403	0.014257773840587766	0.013901717499946998	0.01257358350653618	0.013752979539628996	0.01270765035773765	0.012593246130153777	0.013382206332974139	0.014497793145412843	0.01470846227061418	0.012403215414631462	0.012355667835009645	0.011898829154107593	0.014599169856529625	0.013487585715905146	0.013970098904586408	0.012469905574997182	0.013235292498024034	0.011996140236574825	0.014021189002085106	0.01432599789279085	0.013029306339583385	0.012965924014713037	0.012387009070568665	0.013998009040829724	0.013663344951280488	0.012914934613477681	0.01301601947110737	0.013769154443865063	0.013749866582640703	0.013532563760940303	0.01382294252469633	0.013288098239292142	0.012672800010773762	0.013492390695808303	0.013636217301094093	0.012895332477530648	0.013993757103180156	0.012628772814779287	0.013331895571594733	0.013195851145440746	0.012661233495600303	0.013385710982026622	0.013320513492781062	0.01400786020780773	0.014227435604193255	0.014005926836325712	0.01375255917556193	0.013340437306821913	0.012527382057146746	0.013462620082992493	0.013112477854613476	0.012481793309511833	0.014683835315934592	0.012528870758083475	0.013031880854795078	0.013370800358881916	0.012829778291826606	0.01439668946335696	0.012892012243444724	0.012821365072981266	0.012192551240185952	0.013843061857812644	0.013275587535601015	0.012380224397444817	0.012913770525999837	0.01249199818873822	0.013499232597561073	0.014253195337575384	0.013816687338417682	0.01259795190913738
marmot	0.013371599906324663	0.013296348536850437	0.01380432676426481	0.012177864087758417	0.012323216520691915	0.013898994989540028	0.012731021169302977	0.012538939841265665	0.011771045172449989	0.013229767705613533	0.014573118423320314	0.013755618715364655	0.012517784085549535	0.011921959178493343	0.01419712887839543	0.013372593188729562	0.013017873548499388	0.01422220441697175	0.012250940366216202	0.011272905794960701	0.013300439460707256	0.013722350200954183	0.011800853416411738	0.014339226920759101	0.013205831353090109	0.013379349262065854	0.01372117357916451	0.013503935702603189	0.01372905907298119	0.012566206995477057	0.013458315317959395	0.014282524021830851	0.013354920080019166	0.013311283626001142	0.013365076107279375	0.013503487934453688	0.013855906752555915	0.013584244055149066	0.013961150625230234	0.013051902452695423	0.012206872908842582	0.013909324287565597	0.01356461466014156	0.014266581704075456	0.013593440365547155	0.013750196080981136	0.013235910819775263	0.013511318451839449	0.01314574970404966	0.012329427220686948	0.013748210284303196	0.01296973831312479	0.013525703220482093	0.013385844737611794	0.014030637017788361	0.012722346466937278	0.011854751511234815	0.013392986296330506	0.01217339641385382	0.01272434278175028	0.013108370714700621	0.013990631696834607	0.013928726048809004	0.0133788165715924	0.012897072957936202	0.012728300117534038	0.013433040515124277	0.013572926937665486	0.012736670309171813	0.0119314984297727	0.01329831311436247	0.013895177607756066	0.013302508928292071	0.012726803293550845	0.013137025370864022	0.013802902511319617	0.01405097211260304	0.013061144720460226	0.012839135120888825	0.01430107724162983	0.014534516666109647	0.012599670009314558	0.013269754568926888	0.012863317502182654	0.013278821395143114	0.012819517013521053	0.012767746328292733	0.013650011499537455	0.012925052396648038	0.012935041252602695	0.013478446483199418	0.011376802567704052	0.012973703201254332	0.012827018725971669	0.013449521574448215	0.012955477193196735	0.012841003508926726	0.012975163821915554	0.012280329446450721	0.013153802031714712	0.013345036646894072	0.013429588064827273	0.01226973130893829	0.012634269419172268	0.012896032138326652	0.014431619050662158	0.014450812615372701	0.01369475781555845	0.01253073167063941	0.012895570332962786	0.012496089987150516	0.013556229357211345	0.012626539736223585	0.014622844197896761	0.01269641453412917	0.01137224996896153	0.01279614711220263	0.012857983847424252	0.013018512766157595	0.013442912147363421	0.01320434084327843	0.012976490323222754	0.01283488419372698	0.014918896175657517	0.012458468391804724	0.01214013203740353	0.0	0.013900125886860255	0.012933182885926917	0.012893258672957446	0.013526028301148463	0.012851701900691775	0.01324118031455912	0.012247226873753342	0.01410120305130346	0.012937581035729064	0.013823650421323093	0.013416755864991099	0.0139840485525153	0.012774589167470594	0.013557441340655308	0.013777127517179641	0.013033335592578356	0.012700928918403052	0.01221431928924576	0.01250521003197576	0.01397023557534941	0.01279086564465985	0.013954160603030777	0.013426853477744272	0.013126250786473727	0.01376467783658314	0.013307321478728502	0.012766198677446359	0.013565359219322289	0.013096347553156114	0.012205427115139915	0.013063960717941527	0.012384727118645402	0.013749759055045392	0.014316392858290625	0.01363795362760321	0.012494088930245485	0.011402180815820036	0.011297663575556442	0.013164153177418399	0.013176077666759352	0.01259696094734685	0.011752386001031324	0.013594834791222905	0.013579677195561291	0.014263774218765962	0.012701116433757853	0.013273317487068831	0.012413517918078616	0.012778483093691142	0.013284630081617088	0.015093933033272644	0.013178393938680345	0.011610926630951918	0.011948209197531819	0.012485238094121857	0.014076026702406359	0.013602143901758169	0.013933895800588226	0.01234761837100504	0.012665556585103275	0.01321608282507648	0.013459593742223941	0.013895597014707268	0.013515927303075279	0.012370055444588217	0.012257447276922701	0.013056880808700258	0.013774537317065254	0.01378670071500421	0.012728858377444427	0.014403937250199143	0.013932020846290399	0.013776090805021696	0.014473977871608004	0.01301907252189104	0.012924827686043137	0.013880277172586658	0.013855100631910944	0.013347586329840162	0.013122666787622613	0.013273598307648097	0.014479562928263185	0.01438764621801974	0.011489949858333553	0.013915854410635859	0.013629007146516279	0.012674558684810424	0.014122879259561879	0.013173747206936539	0.013493558884551527	0.013460518050884916	0.011878042158842717	0.013503168258750082	0.01389934428484956	0.013205954898802236	0.013262606269518402	0.012506544928098965	0.012817927753940861	0.012998533444835364	0.012642342608923688	0.013663230077557723	0.012434109079624412	0.012869016563684528	0.012851077144738772	0.013966217380897478	0.012495716882963975	0.013064682843332372	0.012492715987480316	0.012403980364943036	0.013147347815798634	0.012914097139859788	0.014074262477183477	0.013125460758992149
midge	0.014079921454748874	0.013891219406785796	0.012733294912178889	0.01415263480976331	0.014284966369603896	0.012887007906109466	0.014162402861360295	0.013337476735281333	0.0129805733226495	0.013712509157082537	0.014671963455751143	0.014296773125680527	0.01398088575093252	0.013858010287789999	0.012798867581282389	0.012331793408129286	0.014501734799240627	0.01166597710718699	0.01463023548965494	0.014763507817578604	0.01335294545473043	0.013840094697167203	0.014085747439688562	0.014657939355009609	0.014120259666059206	0.01481943262758894	0.014054997159270912	0.01323601533601344	0.013425905297655437	0.014402197915956632	0.01413400862664685	0.014318888856632265	0.014708192970335338	0.0130696738956442	0.013236826417348468	0.013786667935377236	0.013722121318215423	0.01386778684887895	0.013773282692046309	0.013952141779766423	0.013239525908295658	0.014365897134029195	0.01276579757885423	0.014979731905487414	0.014676838608332365	0.013957355933649227	0.014527234480259568	0.01398049542093444	0.013167659902408821	0.013622639412499265	0.013797885583265041	0.013067789889464746	0.01338079642341928	0.0136790607411476	0.014046356705670353	0.01257365873510031	0.013550884633207819	0.014443913383545908	0.012954825345957351	0.012688813286429592	0.014473876976756972	0.013746113988963393	0.013656524085048836	0.012857289890049585	0.01399447776581127	0.014408100409640988	0.013642170357423544	0.01430919376874987	0.013764518399217525	0.014352866951236633	0.01372990337142856	0.013865018361960985	0.013652848573829354	0.014272091267188328	0.01414475298878689	0.013006968021892093	0.013506166183378956	0.01418460231115986	0.014015601837508307	0.013378482924303102	0.013742801824121693	0.01392041304947455	0.01445408826899194	0.014029872456297639	0.014355344484702189	0.013821284877800028	0.01330474633600937	0.013623603655012915	0.013284143014874265	0.01420235378537032	0.013018993069206333	0.013848833418590122	0.01281417745448265	0.013951061989594775	0.01354264694613131	0.014468159849872972	0.013352944054025049	0.013410473485696456	0.013246609623326624	0.013842385733628915	0.013803180310735186	0.013885342746612104	0.013909124923924715	0.014562126828251856	0.013572258643895002	0.013907265640570148	0.013518834087783167	0.01343878875206987	0.013134678897916231	0.014030741225171223	0.014546687440967354	0.013716708328821043	0.01338736870470908	0.013340565675580214	0.014631911104740207	0.013141559260830231	0.014378587485255707	0.014400260282306785	0.01387106893672796	0.014002110252447996	0.01396121505275462	0.012148154984052549	0.014283049600107059	0.014481850678699606	0.013697671694273389	0.01417540922596353	0.013900125886860255	0.0	0.013122526441732568	0.012370313284758905	0.013851180310760023	0.014161724789162245	0.013685261511455646	0.01350019415022652	0.013207278205801396	0.012974102074233718	0.01402474097984901	0.01352784181790613	0.013623607218636386	0.014578914670209404	0.013305528048438644	0.01408845814850146	0.014516216442890766	0.013180020313897998	0.014239487551882968	0.013920740096605256	0.013981652830219862	0.014296406773024411	0.014191928517550276	0.014919257220093619	0.013642927300121028	0.013269846931731645	0.013505139461783881	0.013879156523532022	0.014071179608143684	0.013544356496521005	0.013374962311547273	0.01280692496662156	0.013121278805991964	0.014307127555116426	0.01432168914077072	0.013919284807808486	0.012767936359127237	0.013928645023541207	0.013260750229937284	0.013465604800793018	0.013005111757844084	0.01421157463043669	0.013843481520875223	0.013571304380009152	0.014385808413993577	0.013734490355081388	0.012855706281732635	0.014357654929197931	0.01352544669068184	0.01440508301692567	0.013447977144465204	0.013000479011610187	0.013763090407268414	0.013957109545283054	0.013636293428418307	0.013590605592885609	0.013457506161692218	0.013286324665279016	0.01407463780359534	0.01455245176353227	0.013696361506947278	0.01396362796166482	0.01405719186071235	0.013764653025887617	0.013986079828428857	0.014716052538537285	0.013989190126988557	0.013607267023328505	0.014805412178830595	0.014112858178499079	0.013303266486029837	0.015024434235948078	0.014124723313896899	0.014172794500234483	0.013574533917918796	0.013536493592318033	0.014195261318043613	0.01337666127274885	0.013489070452150163	0.014092884049017968	0.014221884975563285	0.014475161430767497	0.013218893350787908	0.014369729138500202	0.013175497555743133	0.01379096991018469	0.014237688517740795	0.014227757989233243	0.013541270071137366	0.013625885408693606	0.013422945949105713	0.013750577614358012	0.014149841902804917	0.01352795464594412	0.013769491520523728	0.01391960252715236	0.013973792079350685	0.013957325338495858	0.014540786949144275	0.014434494257352921	0.013624024112059716	0.014765960651397134	0.014177205996130983	0.013997664293134206	0.013301429321435127	0.012869973234789299	0.013081504184915882	0.01440468993890106	0.014103049447265044	0.013032657630888948	0.01414561497044982	0.014218807202167475	0.013952750861445784	0.013469793291726602
millipede	0.013429899464250251	0.012388625936268199	0.01159101816514017	0.010998553196395856	0.01289953972772284	0.011220810880078274	0.011086740635722545	0.012539034278622877	0.013014389037190344	0.012626954487878423	0.013428448062216174	0.013007576886649058	0.013245795727404556	0.013653950964417048	0.013037405183843869	0.011025501025336162	0.013693121715178756	0.014194316781229762	0.013005685802797469	0.013256692866952252	0.013476425200717733	0.012513555594917318	0.012037514357263983	0.013734574018877177	0.012959250751582798	0.014060119502215257	0.014381351973485801	0.011959165906890975	0.012764147044218473	0.0118260389206408	0.01323602252372007	0.014095990823024127	0.01318470779902749	0.01315640071339701	0.01214169464344208	0.01236359332250134	0.010268387743054195	0.011897042567446359	0.013296803178256513	0.012941616724084545	0.01393644358153267	0.012680809868343414	0.010653557398419323	0.014159587715446655	0.011866614778278302	0.012697801532488024	0.01136930371768087	0.011925505344076468	0.01354328391179996	0.013370190800075753	0.01160282142406383	0.01211775368956727	0.01359811934745388	0.01293418073707245	0.010932031712100818	0.013484836844707478	0.013082254263945723	0.012658915526073379	0.012947471864861526	0.01324446250935955	0.01301231170716301	0.013304748292367196	0.014021913091238323	0.011797660408409747	0.013124972870984335	0.013373514524095766	0.010928087843381703	0.011980364235702574	0.012427105200317095	0.013864059534065866	0.013555674984677019	0.014028621678992189	0.013867047756092949	0.01288737194913973	0.013759460209902272	0.012861527446417345	0.013429341035250458	0.014554391977648629	0.011720970665528331	0.011842197246226592	0.013595146264680441	0.013588585603153337	0.012136978354590454	0.01263760837940956	0.014049145457741087	0.012599363155357398	0.013506115074191527	0.012283446578682675	0.013726141184129214	0.013145640819864602	0.012173713405909599	0.01321530717082036	0.01276981552157195	0.013345278309660747	0.01405251328363325	0.013169543435195734	0.011960799077893398	0.013895004836820823	0.008925713048189916	0.013142476544816801	0.012577940792709606	0.013566448475653548	0.0122769138539246	0.012599692293120593	0.012657722510200786	0.013256839976760209	0.014358881474211304	0.01126788860668571	0.01303687751004352	0.013247332278095053	0.01316068707706134	0.013592068419500235	0.012987374328377693	0.013202613621976857	0.012532943489366056	0.012862526799538537	0.012819747563741877	0.013669463923570263	0.011612514401524917	0.013737748634607215	0.012404208060492042	0.011334099852787423	0.0134077342365868	0.014183240167199532	0.01409109853022596	0.012700570775774826	0.012933182885926917	0.013122526441732568	0.0	0.013527138123296686	0.012615508475622803	0.011685320730149273	0.012569192112545844	0.013734064078124188	0.012773887693806019	0.012588388484820022	0.014019754904875678	0.013011063284675113	0.014057195511760889	0.013089413216901958	0.013119286842732112	0.01214260540890448	0.012721771608132336	0.011986807859326048	0.013364356384232936	0.013376200910112759	0.013652739418794435	0.01279800171588165	0.013598068356605231	0.01338140779751976	0.013172976093231183	0.013558395367343117	0.013885918860973321	0.013436415085055378	0.01383902618105498	0.012572408646549902	0.012976329540541367	0.012924566831112235	0.01334442780764525	0.013670038166757935	0.012376767551087608	0.013004844313876305	0.011628023080846246	0.0132691498854155	0.01191987465365775	0.0141630606378254	0.01367892997956818	0.013149808963708955	0.012541274412372152	0.012848025860935258	0.01382293895173794	0.012461102772195873	0.012728896288277145	0.01401512991209221	0.012412329066085722	0.012492804400983057	0.013605087440590928	0.014253316048226123	0.012534750372179652	0.011991482819327506	0.014097036672053516	0.011761153914058449	0.015050581789480598	0.013767464995020738	0.013177161855579989	0.0121570115149064	0.013528092735944162	0.011083397816070819	0.011124738768583962	0.012708109290302798	0.011627239139357513	0.012128504318966817	0.012460386358719133	0.011460301796747318	0.013774902689294514	0.012420068189827486	0.013382348468381943	0.01257803139637463	0.012063626353356187	0.012614421337326234	0.012425987450756426	0.012717478390013064	0.011863588116208322	0.011548339374952315	0.012097397250418753	0.011647035123495386	0.013477386783858857	0.01223106822219249	0.012012266747636547	0.0118930530524213	0.012375414928984734	0.011044604548560455	0.012079243909077391	0.013601006148601926	0.013153616067684937	0.012318869797163292	0.014143725237037994	0.013923112603047986	0.01165446722664948	0.011134468318946968	0.01090815817925272	0.012759271996259916	0.01369722722258998	0.012063113125881056	0.011922375383827146	0.013290972924482516	0.01350216681745756	0.014412504503498135	0.012215101919217985	0.013192076643667791	0.013515813469358874	0.01150152888928309	0.013166781180756391	0.01359373270317673	0.013751522423009498	0.012701166812091786	0.013507617532547289	0.014225170974597731	0.01431214875687581	0.01291267497269145
mink	0.013562796407613913	0.0120016448157782	0.013169660634219765	0.013641690702158727	0.01279881696332223	0.013856921429667324	0.01375420674254988	0.012852249790278061	0.012071500136198968	0.013363658768815966	0.0136719783350249	0.014011449383103537	0.013350166915923188	0.011910156244699644	0.013167556267160343	0.0127386162378763	0.013314373237109595	0.013257815868539897	0.012242720488590495	0.012344157002445923	0.013737044198256674	0.014065435078550868	0.012880073997983153	0.014210479864170143	0.013287538187639853	0.013577793245891888	0.014085150507568431	0.01386512716460359	0.013640535594982219	0.013509950537646077	0.013332730896132081	0.013787309155958015	0.013112884787071788	0.012098928779332828	0.013383988587218586	0.012583516287576712	0.014250941172770164	0.01345803795504429	0.013111745237687275	0.013457942331665267	0.012806541706563375	0.013529467594511194	0.012742899303694133	0.013524996560532632	0.014218475686725423	0.013250681020422525	0.013234898550543382	0.013444806944728611	0.012573323622473384	0.01232524124026211	0.013136042459822165	0.012764054934533415	0.012941531137799184	0.013925075973913936	0.013316076451539594	0.012503090454787626	0.011961536965632114	0.013716171403868795	0.012211994686514214	0.01244469283291309	0.013210454778626918	0.013697240082279866	0.013536022373065882	0.01383241787165405	0.013193212481884188	0.013551177139027332	0.013642511722852343	0.012523766583928756	0.013021484565541896	0.012301401311796176	0.013814583388716377	0.014009004231528357	0.013617382708246983	0.013560539707189324	0.013040498299291898	0.01301501189744391	0.013556390966030406	0.012864010159772343	0.013328382201126181	0.013700865334737404	0.014384479881392142	0.013149682624855325	0.014034848254179727	0.013861900239940182	0.013984172236148404	0.012908362506195063	0.012520700939219387	0.0127913724691327	0.012627841703506969	0.013363871257347297	0.013881877572844698	0.011896673625521777	0.012583835034464037	0.012871691978334548	0.013713113507687757	0.012870135987365758	0.013056726726979708	0.01302983094296392	0.013185284881045922	0.013364650280811857	0.013408591987955324	0.013136774010431498	0.012662750163876819	0.013096073192995083	0.013460122379253148	0.013999838945411638	0.013309051634142487	0.013223602249911924	0.013205268118837427	0.013186126501727435	0.013210653628422468	0.013251028646877555	0.013043963630980555	0.013094093259010654	0.013584455007897806	0.012632676463951198	0.013062369637315129	0.013735660373904557	0.013605747445568408	0.012859391292665253	0.012514849201387653	0.012153242418105125	0.013200175890991197	0.014646836523720957	0.012928427030235857	0.01274601619146477	0.012893258672957446	0.012370313284758905	0.013527138123296686	0.0	0.013603871550627453	0.013153746655695821	0.01317115798731588	0.012589543691175082	0.013838076506295609	0.01287194568451069	0.01283592510532712	0.013346112533266659	0.013582701937288113	0.013627545305967374	0.01371744561744976	0.01380504106200089	0.013472013952146401	0.012287019589970794	0.012003721134805799	0.012884477872205615	0.01309426702303123	0.012981144170542348	0.013608361991018945	0.013660907065002132	0.012753996634464833	0.013491925365395101	0.013056534920124662	0.013392476068195453	0.014441524830849296	0.013478464264201385	0.01269846696459662	0.01257257456700532	0.012712208997657444	0.013913275792397073	0.013799867240862651	0.011832131919247417	0.013474062591182816	0.012320937305029991	0.011504837428321512	0.012948000750840225	0.01211619073412988	0.012857603663742898	0.012886061055396325	0.013303108244927394	0.013884986446388659	0.014153917665617674	0.01111096353385836	0.013309717818772741	0.012782322199709966	0.013082722109312892	0.012922785556847267	0.013646832933373853	0.013459291291562678	0.012971319305376398	0.012253844301016533	0.012956706639971434	0.014093870058161286	0.013780696628079719	0.01292811286199	0.013136094610732039	0.012482999578608472	0.013773713234240101	0.013219868880136168	0.013751881777682648	0.01369234441837538	0.013192610210258526	0.013135714765887627	0.01349137045441464	0.013708260653494463	0.012996270335287673	0.01201849247414662	0.014193916306765064	0.01301797206979979	0.01420377476405108	0.01367297674848056	0.012778261071527418	0.013680474124389672	0.013365126642962586	0.013331154607450523	0.01327341257842986	0.013502317402132638	0.013709979370752655	0.013744608361533517	0.01356394043171348	0.012409236971866385	0.013363858228092624	0.01330386596711519	0.013624283249528777	0.01319292907472835	0.013777423449570433	0.01347346752718479	0.013100403400609036	0.012913913527757314	0.013764351020992216	0.013172741331671439	0.013134709241906158	0.014224470592179315	0.01285324171562837	0.013195844561268773	0.013280815704422577	0.012219099187313412	0.014194176951305884	0.012430647870550345	0.01398266959932958	0.012626791092432824	0.013429443550330331	0.01184595436069978	0.01308908849176026	0.012531676144516916	0.01370505157256964	0.013425128729067431	0.014300091087386115	0.014127910642974008	0.012565883546141916
mole	0.014271575509290528	0.013176114701177523	0.012888302026072346	0.012884978694821848	0.01307743807874422	0.014283272761247037	0.013160119017079896	0.01167841135607067	0.012779397820495784	0.013565297201163319	0.014092603615145692	0.01287656072073367	0.013560838064921614	0.013559668448987055	0.013868409628469748	0.013276732377491258	0.013714022309814642	0.01384767948463819	0.013867662986979312	0.014477980163946658	0.013739544010734392	0.013884790980104358	0.012897721472724853	0.014399683989200556	0.013596060202527748	0.015173095933513332	0.014136945361703871	0.013007003228291902	0.013963194434525239	0.013306368916013911	0.013288189141491663	0.013886068028115327	0.01440259805013352	0.012861062795262607	0.013504876012653672	0.013749355786357916	0.012295900953214445	0.01247480538551746	0.013479443631016044	0.013208050517630803	0.013694736361024617	0.014076478740535102	0.012330197528353029	0.014531142986816065	0.013525403987134524	0.013443342112869102	0.013303557630581315	0.01329142282000514	0.013319521559189338	0.012488443090771184	0.012452717280225232	0.012535368246608785	0.013674977715089904	0.013619667946374531	0.01295197112916252	0.012935906541579511	0.013139431848645324	0.013137811424887902	0.012672488162377406	0.012886213336312595	0.013324042667615181	0.013905090883834754	0.014126361851924061	0.013783054874688267	0.012682658583246131	0.013772692844934143	0.013038338485188967	0.013167925393565316	0.013211290111688454	0.014522854961697423	0.013690111575490684	0.014344169086961766	0.013204091579611759	0.013611601859958421	0.014333695020917398	0.01358097856354122	0.014077973193437955	0.01350742917875217	0.012476907318457221	0.01415456126349975	0.014207826401684302	0.013671857192377235	0.012859132011002057	0.012141916811987084	0.014190843153301826	0.013543798712424879	0.012807434150899202	0.013698525529388418	0.013630502843482648	0.012517551730059471	0.013654716240654294	0.013488205878346364	0.011903319264528558	0.014574462138649484	0.013551879816654549	0.014078553680766706	0.012327690765513852	0.01383828014382222	0.012973923181593332	0.01360685731391651	0.012732225346365065	0.014289441175912075	0.012024634757794583	0.013654160946578793	0.012995078165570044	0.01412043047507727	0.014812953883625852	0.012923035174876496	0.01193409578319201	0.014051774058403283	0.013176125850559344	0.013557501913250386	0.013153569272527546	0.01343640142102237	0.013758747345390954	0.013480874817576628	0.012718576839958919	0.013188172854275294	0.012174258494162067	0.013503794633153585	0.01291862264669813	0.012968915935328817	0.01401077681159375	0.01389968528465151	0.013978423764551001	0.013482554884566334	0.013526028301148463	0.013851180310760023	0.012615508475622803	0.013603871550627453	0.0	0.012595675073045091	0.012677725910460276	0.014231206771162592	0.014141227737712043	0.012621826696970859	0.013749494142661018	0.013510265246428883	0.014027631134547566	0.01396456263291828	0.013803267230507515	0.012679501519994647	0.014032377092322756	0.013344394895746682	0.013649060976377837	0.01281266937215374	0.014151942134123428	0.013139769488206932	0.014020948710568415	0.014072901007990175	0.013386757931740037	0.014014028318239734	0.01350573627857673	0.014472490108548137	0.01369937450390226	0.01404828469074236	0.013563461313421725	0.01216937075124183	0.01287305377601331	0.014158471601664849	0.013879762080954974	0.01383939494954781	0.01243348193044583	0.013502779229021163	0.013010790688637608	0.013532518322329441	0.013482105520533316	0.013245390808042361	0.013373321573999657	0.01272731360326048	0.014144122453970313	0.013144831971665312	0.012537300517831265	0.013450566708033695	0.011036746233444299	0.013425387783705637	0.0138255511928686	0.013944682328252895	0.013797469496748243	0.01243461303779442	0.0133226506046393	0.013349955646111385	0.014166866676552703	0.013206118000220002	0.013673852177454524	0.013187942734866292	0.014243164814738028	0.013256390489785093	0.013234133853164583	0.013863860564020083	0.0127447705991739	0.013914829595285403	0.0129313577560592	0.013071824420498568	0.013628786411712406	0.012915626750232372	0.013355932401909028	0.013569306733330315	0.013409544219536574	0.014014900130760056	0.014104869586937886	0.012687304360806149	0.013260775440581105	0.013112790957920945	0.013357804688524749	0.012227806404688098	0.012997399433264825	0.012934113288502514	0.012816766193119424	0.013194921207603117	0.01205280215348101	0.013708025688806837	0.01314634936944371	0.014394836192465406	0.013104257241047164	0.014323569446151835	0.014237947249582944	0.014330932760720954	0.013198794881315002	0.013362358581939399	0.012401086996880546	0.013199632504148552	0.013772334756661992	0.012075026575256982	0.013350951187642528	0.01358717316935905	0.01399833450569751	0.014170858988289965	0.012478277468928012	0.013262449298813272	0.013250745508918969	0.013333571320983388	0.012485539453304694	0.013402630841048617	0.013144472657147386	0.0125568824620997	0.01363669591963159	0.014063076267137743	0.014663268158674884	0.012982528125416688
mongoose	0.01255347522260294	0.012860951673624985	0.012826699372207338	0.012143686487939289	0.012137055328553224	0.013859399103604208	0.011998586239319613	0.011254898043736097	0.012317624820668003	0.013070916419258217	0.012886261444550254	0.012836651083337263	0.013187812866576493	0.013712400729224573	0.013612595937772294	0.013151974633140502	0.012145939787670128	0.013937459533009993	0.012662295720583337	0.0122235850764328	0.012861074185170842	0.01335303895307005	0.01250970453588744	0.013542147966279719	0.012569104491813221	0.013846979506454945	0.014257171556124777	0.013264784599932722	0.013798894864691191	0.011594107605672579	0.012371945795921744	0.01382036066376767	0.013453081304498299	0.012373476635304024	0.013110058754215807	0.012672755035222819	0.012202112327071357	0.011689142926570322	0.013808890112730203	0.012381372522999623	0.013817213126157784	0.013015257768649249	0.012581852511874977	0.014553362457995702	0.013041927359752485	0.012395397878447307	0.012309833289115836	0.012975076394956526	0.013507539251378658	0.01285460921643981	0.013179276725432405	0.011806289456871615	0.013259297872954007	0.012562756620550421	0.012617929821154948	0.012676589930913657	0.012556231783083413	0.013018081267879908	0.012491563433469527	0.012395705368488975	0.012146741256213756	0.013060044072071102	0.013701235976317392	0.012634758298707176	0.012991573150876276	0.013220100662472834	0.012685866388144475	0.012729574885489169	0.01165494168381777	0.013506579182601787	0.01355188872089979	0.013471807238902208	0.013640078031760287	0.01344285860746657	0.013281601182555738	0.013105484594076575	0.014016560257562904	0.013763588936763294	0.012774384141848562	0.014431556493678128	0.014196217377671854	0.011655029454282886	0.012118786113378377	0.010949922923908595	0.013418939238082208	0.011600159015775841	0.01269321312823401	0.012852373389879738	0.01365800179238602	0.012594943063480754	0.012744430442948288	0.012386420657092114	0.012487078480501422	0.012671144894099508	0.013949795791075938	0.013811943177228279	0.011170252520692243	0.013285293231026367	0.012415456068689499	0.012697673598433892	0.012032812001849715	0.013603319425626783	0.011420233820253154	0.012405344674617904	0.012772440969181207	0.012730143016996603	0.014669242259691646	0.013278601543274933	0.012552113176981938	0.011917131451461142	0.012316607323871284	0.013241050877204999	0.012918142275179225	0.01383949898075213	0.011713264022446164	0.013268804065486951	0.011612663139961031	0.012881195146491182	0.012536954613361035	0.012672551138104083	0.013119253674698562	0.012825097782330706	0.012585400472975334	0.014383504988433873	0.013601665347880718	0.013198990499319605	0.012851701900691775	0.014161724789162245	0.011685320730149273	0.013153746655695821	0.012595675073045091	0.0	0.012122197892167175	0.0140283990792218	0.013988901857447738	0.01202486384465802	0.013306590154951456	0.01308511731420472	0.014709662286047332	0.012911570570089403	0.013845687882887252	0.012683339189839982	0.012381315260783591	0.012409656628945836	0.012681686472732016	0.01225212210391065	0.014431531929028671	0.012591515270412445	0.013156854721314773	0.012948655082015625	0.01195616729963544	0.013264620437020742	0.012847489060472268	0.012920057686372239	0.013663233570081635	0.013341269983292969	0.01259129593011205	0.012750453664502137	0.01254804418276223	0.014854572057639438	0.012846395080045281	0.013607780317434467	0.012526319284585825	0.012804857658652882	0.011645543842226668	0.013167626541533362	0.01292719617584721	0.012762532780608814	0.012697166346095157	0.013105109193654672	0.012701625876044904	0.012382001746620186	0.012229001771952684	0.013058435723245245	0.01185070955620183	0.012905025593025435	0.012930196203407423	0.014425178354822401	0.012616264005110102	0.011209109006358462	0.013384658717183022	0.011775096782132944	0.014412299981091621	0.013348076048359742	0.013652349658216479	0.012833745742332679	0.014266314005672014	0.012850221090035868	0.01260650054034575	0.014207687924525137	0.012084280317565392	0.013129299417943836	0.01213025943370434	0.012123666459624703	0.014090069218734411	0.012537712359095015	0.013609037211246466	0.014133040964260837	0.013429880899741078	0.013263399120274863	0.013210738971153687	0.012815290176335021	0.012683690243962145	0.012970903261535731	0.013109933252318594	0.012084268241957394	0.012616028790639793	0.01304931790729626	0.012856506502028898	0.013638285345340048	0.011676231545586179	0.012795091187931784	0.01272916491148731	0.012988376237031522	0.013022877419758976	0.013189273839065175	0.014103910070044053	0.013531632673129115	0.010965966777934903	0.013560240265866887	0.012221860183298603	0.012184363669005207	0.013373467668632684	0.012204962931174655	0.011899760969593231	0.013151799677990697	0.01349629250526021	0.014602569583930027	0.012057831213221243	0.01276795505298713	0.012943945704558701	0.013019084950519335	0.012212111932657215	0.013340151437607015	0.012486583763783192	0.012589248784605402	0.012910006327350992	0.013510733450555298	0.01411373883967138	0.01209442591682288
monkey	0.01265524022909456	0.01180516914004191	0.011641476862960005	0.011755667676524023	0.01359481501097647	0.014317430633832588	0.011751489705484768	0.010723673580130069	0.012860789415062641	0.014515996946197578	0.013667665719490124	0.01226214600572051	0.012120280579061983	0.013379246111326458	0.012381146591835392	0.012816385463815605	0.012295351502882612	0.012812740458593657	0.013665329295441451	0.013145109305971275	0.012509222575097107	0.014085644737448406	0.012706821536286973	0.012640206135623232	0.011944853479625633	0.013917118754137712	0.014044780052726684	0.012427633403053993	0.012279062461493304	0.013077515711380388	0.012654823764212144	0.012810638293802943	0.014253496895812942	0.010378753038403507	0.012881812173659827	0.012984587255576328	0.01167717845281486	0.011318354524926088	0.011985300410953671	0.012125401703204912	0.012359923521845385	0.01291914882211701	0.011574311565807556	0.014422648382334964	0.013737608920622243	0.013368084096592053	0.01318612262678416	0.013243204717099792	0.011977032127945835	0.011639910874414294	0.011446820289006	0.011509940549830988	0.012225020793881172	0.012245791128004587	0.013147135556568053	0.011873808054990644	0.01264007413401733	0.013726724959201755	0.012645371179821015	0.010234952037561496	0.0111776527142095	0.011172826579116994	0.013322207861987477	0.012384031686282201	0.011483512566142592	0.012934739714062539	0.012275668056869582	0.012916418729341086	0.01029739108881297	0.013991577662113779	0.013692416133147922	0.01350724954809297	0.013776982346870931	0.014314146058587031	0.012463377935036088	0.012023207830916514	0.013203727998635022	0.012288405986959731	0.011683227253333397	0.014350358443905729	0.013327285974326563	0.013086663023816053	0.012349930648014078	0.012941192072667746	0.013379806651373371	0.011730699035177247	0.011278895008353874	0.011531672148700529	0.012212432715160171	0.010750576047638278	0.011818715561722992	0.012470510029345185	0.01113708049330937	0.013708245039156249	0.013955385379961847	0.014560549735009809	0.01066295114548354	0.01283224855402653	0.013057551979090507	0.012367755268597302	0.011926472814541195	0.013096704146504889	0.011887434143079235	0.011754884624349773	0.012534282447356555	0.012963471987753952	0.01310843663974966	0.012042581770424483	0.012242210442731764	0.013661486514271414	0.013100256975651273	0.01283134654841925	0.011077394382719345	0.01258804762647825	0.01225631083453117	0.012925296511008964	0.012657962172244108	0.01120560839711636	0.011701947994663795	0.011729808739598557	0.011646154380442761	0.01247119016224741	0.013845282139078756	0.014496837240723228	0.01379773610971084	0.012845484913433045	0.01324118031455912	0.013685261511455646	0.012569192112545844	0.01317115798731588	0.012677725910460276	0.012122197892167175	0.0	0.013346153979518365	0.014139096613430761	0.01071693600329527	0.012767660371842841	0.013922645614482209	0.013459753209900525	0.013855867748542234	0.013155608708518165	0.01153134187704946	0.013574288889707648	0.012032780531919092	0.013449701175695985	0.01197576695720427	0.013502413120514865	0.010648603900523398	0.0120798844882753	0.013170583160729325	0.010819804382468448	0.012332525059427134	0.012730969535350023	0.012975431856722553	0.012106941937246742	0.014344506548787614	0.01296423062139191	0.010812449879337532	0.012472045365082587	0.0141495221320617	0.012810615882191574	0.01409526720340417	0.011703046166248825	0.011901256810837514	0.01319824501973855	0.01229377612955443	0.011715187197371578	0.01231896422724143	0.013254780426920021	0.011860306466023793	0.012934331677519357	0.012438072013031432	0.010605908886384179	0.01300529217088505	0.010271922647945086	0.012063335633655255	0.011887848169743462	0.013290742755880814	0.014003397099727446	0.011559908266617172	0.012889685737799042	0.011953470237711568	0.013518963376390431	0.011782038810566366	0.014071505128297081	0.0131958382792829	0.013748176932657485	0.012532888125904607	0.013410010431190146	0.013901977945043964	0.011402320122304774	0.013298067287694752	0.01326235540981199	0.012828879884987918	0.013843733665601068	0.011894168002091471	0.013225360528011494	0.013913486108978568	0.013091882712810648	0.01320201325962338	0.013287502238862617	0.011764444136546348	0.012428984273771378	0.012107531666683147	0.012906457210827274	0.010858967552939641	0.011998614734414942	0.013325075235320116	0.01188354710334454	0.012605146958437763	0.01083588128400933	0.012701901465835254	0.012820879416402529	0.01292254360719764	0.0127172078702552	0.013493870085381826	0.013182553175483815	0.013761379190861239	0.012217878568215802	0.013189679571659682	0.011729732737364672	0.010853331800237918	0.012948566573396693	0.011658849970177711	0.011954361732446538	0.011901553887962815	0.014532088993873229	0.015360044968481692	0.01117794299035208	0.012109271226606972	0.01154094050159505	0.01355257711708811	0.011649083984145148	0.012441223369691137	0.012082777597095185	0.011814451074334235	0.012539823616884709	0.013930089051539554	0.01332889798355927	0.012180361150067487
moose	0.014007538719448698	0.012550543579101549	0.013731676588544215	0.013083139740860556	0.01239333029303729	0.01446249529661121	0.013544965715784204	0.01327500324601653	0.011754923965485808	0.014237339553554924	0.013511780869651182	0.01413591129340427	0.012966287845916295	0.011219852220699782	0.013872277176793566	0.013647166482260149	0.013481737839620976	0.013538210074619557	0.011673481528377246	0.011928328126588505	0.013979984481671273	0.01440832580000707	0.012894908300215882	0.014534395106355277	0.013809834583420055	0.011725694714308952	0.013796055479030189	0.013278167516489197	0.014487966073401122	0.01395339575052571	0.013932115063509852	0.015101079008618346	0.013750983691092813	0.013438631152286142	0.014069921949545674	0.013114045309139143	0.01388547463010417	0.013833564664565052	0.013194453624859851	0.014083423827683026	0.013385098370536778	0.014412717133636132	0.01331602264666202	0.013622214579583522	0.01451446744877756	0.013858454729963372	0.014510294279289746	0.013326496459653779	0.01265140213228215	0.011912653677583549	0.013521364717603708	0.01271271619561477	0.012975784058352459	0.014118598148673217	0.014031379109523163	0.013183322957443795	0.011028158613491029	0.014097653025809065	0.013289450467303612	0.012677694068424665	0.013394516271613038	0.013340056968916254	0.014185034115438065	0.013872335342510063	0.012869325449119465	0.013077882776342592	0.01331448866077747	0.013600473720954562	0.01298184924913307	0.01124412075979839	0.013925061991412968	0.013931329212190464	0.013826021739940887	0.013794052239587618	0.013105272744846847	0.013459836563437654	0.014448790301185921	0.013192448222718525	0.013126453237542975	0.014334223276940441	0.014033695594001106	0.013782450873565855	0.014094275086441893	0.013968430882543834	0.014295471792696997	0.012888223033534252	0.01225428967074966	0.014126045602775195	0.012501674225823956	0.012868273297107156	0.013571843926138243	0.011654718662202461	0.013340048303011966	0.0137548199406239	0.013615178274345172	0.01321350741539171	0.013477545249264615	0.013156555184214089	0.013683106952296875	0.013232992531109756	0.013963364771695425	0.013742020400241375	0.012492607052414062	0.014134849408440071	0.01356929713380164	0.014002999698354496	0.012911365557975805	0.013963271850741704	0.013171406136827437	0.014437651073913916	0.013655496864723646	0.013611482142947894	0.013348530577818575	0.014315148544051597	0.013466976435871003	0.012968673722540583	0.013269410700160127	0.013362513194348377	0.013834710960557025	0.01373355531010762	0.013101141519720659	0.013123191936405636	0.012558765561533267	0.014728265216570287	0.012910006515451935	0.012456968377006399	0.012247226873753342	0.01350019415022652	0.013734064078124188	0.012589543691175082	0.014231206771162592	0.0140283990792218	0.013346153979518365	0.0	0.014380065477974591	0.013242909567748668	0.013353983981091585	0.013632728208276414	0.01443839958179603	0.014449447826828445	0.014592182306761453	0.013909936431513828	0.013545896280690561	0.01328709125365081	0.01213399213799581	0.01308777401241075	0.01371600837248298	0.012967494493514711	0.0136777861829739	0.01497615677108914	0.013871857282769889	0.013793058671771809	0.014136193781111066	0.013362606322815775	0.013975968604813111	0.013727755699240457	0.012896837872138715	0.012401772382647638	0.013732724057307872	0.01347065690917248	0.013589871070897376	0.013819555940401991	0.012916867377060059	0.011583727895705657	0.012696357168349971	0.01344269536398771	0.013416157083867146	0.012512260073195773	0.012940312407255315	0.013987099675720524	0.013866460048856144	0.014028041210525454	0.012690959412833517	0.013461970145028394	0.012743935204091943	0.012759127614855998	0.012992064848608358	0.013384659092863831	0.014783802651775972	0.01262244158743611	0.012273861679422635	0.012990199011624641	0.013945580728692715	0.01291531216156237	0.01390000002002514	0.014233022509314037	0.012654833377169196	0.013214495937093604	0.013887038100552179	0.014605309340576404	0.013854319964325918	0.013522759756715292	0.013928788546233386	0.014042200424094563	0.014418919751993138	0.013020848708142813	0.013468251189687601	0.0150315297781182	0.013787419243141766	0.01416971442095576	0.015059848050018879	0.013411159621964465	0.013262582891426818	0.014051367233342134	0.014400697662068078	0.013135693126081649	0.013964519316575776	0.014162331337245563	0.014063706993987292	0.013626107641793197	0.012573988809019337	0.013778116828802263	0.013505950087171193	0.013873170952391847	0.01395688063468165	0.01486092071433954	0.01325610721372848	0.013155024149311342	0.012650070511529252	0.013972065499638985	0.013779359280881974	0.012061300046491702	0.014642993578799023	0.01319836317487088	0.014238964765217544	0.013673855374851513	0.012538159458555086	0.014861445496875158	0.012775055682072444	0.013338784452774123	0.012328721785599213	0.014006979097755147	0.012560447440158797	0.012970999239645847	0.012659724062049692	0.013169656793897899	0.014399562829157088	0.014647998333872208	0.013706309522115838	0.012966173073027271
moth	0.013553346198567413	0.013597154963742418	0.013184938465296583	0.013250759616525417	0.014105810203995716	0.01157420888639574	0.013777021195597958	0.013832253484267018	0.013800417650062662	0.01407859138440025	0.014243492896540564	0.013839894567415922	0.014420447498501007	0.014021650353259979	0.013299213327702657	0.011380314287996976	0.014482991089695392	0.01420901139575887	0.014775701854892999	0.014127567582910465	0.01306631945086092	0.014208925792426799	0.01452730629108139	0.014038879925345235	0.014558528070870984	0.015075360759868713	0.014867962966736205	0.013653647311073477	0.01148063165716201	0.0143273988693793	0.014410242572997207	0.014356156130612257	0.014333619892237392	0.013842630820731491	0.011922841731784933	0.013872101286534894	0.014404046777312133	0.013968192068248994	0.014071825200891888	0.015229408204386992	0.013461652987868049	0.014259269706090988	0.012514455151148846	0.014689026459611183	0.014129750306219917	0.013732916492935128	0.013152604241679577	0.013720414548715134	0.0138321946445703	0.013872940871456359	0.01358786462328352	0.014298851869993552	0.013983403845941317	0.013030482942020215	0.013636211469210133	0.014671456507351723	0.01353113406085505	0.014130317636623339	0.014228823980840742	0.013917413765748867	0.014367336560368428	0.014447216917885914	0.013510424276202979	0.011075762270770378	0.014206408851427498	0.014054284019991436	0.013361422311405018	0.013296452684732438	0.013902161614707838	0.014271440172444319	0.014774248460538424	0.014247226416469343	0.013795987640860787	0.014231917060131936	0.014009501839374668	0.014120214643155358	0.013819336563014501	0.01473677712736219	0.013143104605050264	0.013691489885499475	0.01431065723831302	0.013998838470288887	0.013461845000398072	0.01404606288310012	0.015371309206073025	0.014186183575596631	0.013611011588612032	0.014213898505407498	0.013575958256408815	0.01469751471557964	0.012879058940121141	0.01413037475527017	0.014292369191309408	0.01335069697118718	0.014387313928360481	0.014412710024065047	0.014227122077701852	0.013681294521898537	0.012645260328942311	0.013313464255508407	0.013489201153469884	0.013832771934769051	0.013780602072510272	0.013781835421301913	0.013549335757158191	0.01440166867113078	0.015090690992434019	0.01390837964249313	0.01394971663385446	0.013588644678478033	0.014751595192786706	0.014458112735366459	0.013883658894985678	0.01338066670099225	0.01428542044254908	0.014251226175878911	0.013698784415786156	0.013934563265319382	0.013123591726082944	0.014163626730185792	0.014114555872941753	0.01299744073901125	0.013777182273225346	0.013739084624236642	0.014298390470887164	0.014111296775246111	0.01410120305130346	0.013207278205801396	0.012773887693806019	0.013838076506295609	0.014141227737712043	0.013988901857447738	0.014139096613430761	0.014380065477974591	0.0	0.013286030802096883	0.014375871866862289	0.014744760439537662	0.013888701628702885	0.013339626933281834	0.01293514479642069	0.014082190042801956	0.014769878624938584	0.013489500878934229	0.013743133379362695	0.01311322255924957	0.01427973848446278	0.014151986300249664	0.014535663331429551	0.014081801952981502	0.0135117685881052	0.013698423409845902	0.014983352005215209	0.013958940168891886	0.014600413313839095	0.013754684874040525	0.013763739651992768	0.013732008554845269	0.01348944140230298	0.014812621898525457	0.014375395167226215	0.01396253229757396	0.014430186847811652	0.014483359295082503	0.013289465294068851	0.013966265330155006	0.01449241288050813	0.014000082737035811	0.014187785089593181	0.013986008752960927	0.014277141434049609	0.014205081896417416	0.013395743645165128	0.014679213587247513	0.013870444427391094	0.01392929984839847	0.013989995376926911	0.01418221207204591	0.012477926913104504	0.01419533560528525	0.014289488600201596	0.014108483449223063	0.01520186777588036	0.014624093557871632	0.014399655034003716	0.0134608561641489	0.014428117332746414	0.014537091609259985	0.013797058984239411	0.013986770409389105	0.01347828798279161	0.014566939809282588	0.014382994224855061	0.013767470832132762	0.014702640567104382	0.01384906707465264	0.01393868614304373	0.013833429593609805	0.013690060147163957	0.01394058071146126	0.013219132859244887	0.01399431979271935	0.014146016105276278	0.012681871487859259	0.0118945039119544	0.013476345017227902	0.013540175383091617	0.01433568007078799	0.01376684927166758	0.013714192986644043	0.013735048836410342	0.013196528354880034	0.013565673697066943	0.013884820985506516	0.013746375127795234	0.010875839531808627	0.01458254468051758	0.014243518346822095	0.014432620699985242	0.013322236948669488	0.013109413115892955	0.013306152927935544	0.013837894170436937	0.013466648337991428	0.013949234521839923	0.013926389592760137	0.013928812559317454	0.01403256507055267	0.01402944835620402	0.01365460211351431	0.013851953621372664	0.012225482375168984	0.013832240692443416	0.014368291688179958	0.01421103684321087	0.013995507235854989	0.013810175703294682	0.014267558849881415	0.013732398312304874	0.014189637027744095
mouse	0.013214089772430665	0.012793013869865734	0.012430307157815528	0.012297094558498627	0.01374638883362183	0.013182529274352293	0.012199254185645938	0.011694678034462572	0.012453121579050605	0.01375252117666514	0.013535230376220585	0.012502676650340749	0.012936248646459177	0.013226409804905111	0.01323228626254809	0.012297552614395439	0.013207080008186428	0.013389473738196725	0.013680761517277389	0.013485247379675179	0.01327786671652266	0.013306852182887949	0.01226318474253776	0.013721848743189442	0.012884682905104543	0.014502566990731538	0.014492477099560046	0.01277389832199647	0.01316132534870438	0.013538239162548664	0.013001050338899044	0.013927645418247711	0.0143258312680251	0.010597025663975232	0.012333235370253421	0.013540241432384047	0.011937537814054605	0.012143086267196776	0.012226023836811593	0.012038472054445819	0.011832097591990111	0.013645447898466622	0.011340374440516578	0.014431755275018263	0.014002262609210081	0.013316096859991869	0.013610786952961418	0.0136416302711838	0.012383054749969688	0.011700880049726208	0.012632508856094666	0.012382559694901388	0.013637941622459434	0.012460082363928546	0.012791603175790171	0.011636029340434244	0.01264158812743317	0.013593633002711865	0.012520994778512535	0.011495003339556222	0.012668308096347801	0.01172820979476925	0.013566204057915832	0.012443316135268011	0.0117761871902774	0.013726687063840868	0.012574400632120755	0.013139130056267235	0.011886591122348609	0.013964556577403687	0.01403706642843683	0.01332185208630441	0.01391271781989958	0.013446941371837075	0.012848063730549879	0.012253292870412689	0.0136202725167698	0.013827860751124505	0.011250012622830105	0.013826755688922977	0.014003838047921316	0.012487449820686987	0.011904075240366947	0.011668800565019715	0.014303775295927437	0.012243945811365236	0.01237415519479179	0.012482289079881899	0.01241797374844074	0.012059755663916276	0.01184402887567047	0.012582788263101875	0.010429680595051552	0.013808011587272555	0.013326049303175859	0.014173010316009982	0.01033566667737023	0.012450462259672217	0.01320194712405879	0.013287259982549784	0.011070832806980261	0.013319749159017881	0.012233528983682346	0.012732812878709733	0.013002930136036796	0.01344845002382203	0.013697298950142949	0.013239743907879652	0.012353418991218466	0.013263085555021113	0.013152568313015964	0.013711987126210752	0.011969147207304734	0.012018919965724427	0.011955470104072679	0.012542871321388736	0.012768371143407087	0.012623109508686748	0.012654103923217919	0.01208823776364031	0.01248516322593928	0.01176821847026852	0.013463283806641642	0.01437977984572451	0.013163836438945838	0.012970134838313491	0.012937581035729064	0.012974102074233718	0.012588388484820022	0.01287194568451069	0.012621826696970859	0.01202486384465802	0.01071693600329527	0.013242909567748668	0.013286030802096883	0.0	0.013120279450019076	0.01355167735186617	0.013829358269565767	0.013943195226037586	0.013067449597737977	0.012646731974017118	0.013539725648352072	0.012589237523570327	0.012974508160594471	0.011867346734454363	0.013969174837269574	0.011875304287682355	0.013465159912226753	0.013893064312986394	0.01212181972130906	0.013471048372679404	0.012902846685875512	0.013694165575704353	0.013080409664055472	0.013774031728506653	0.013798014320637013	0.01143377523082204	0.012473140808868275	0.014610397208279396	0.012728431540901449	0.013754245543302153	0.012288946807063415	0.0122355281322754	0.011747583284544566	0.012086866436469	0.011805715883031547	0.013235792391681468	0.012530295254387891	0.012847021774611788	0.013116186626352057	0.01297146599330126	0.00987244802796654	0.013142427277336442	0.009933723318461903	0.012925083040522523	0.012997987058618897	0.013215510847227822	0.014068356133558536	0.012200680871285317	0.01298556621712537	0.012679142453815285	0.01373798601328494	0.012909898588914202	0.012897067714771022	0.012870096901870423	0.01385689139370211	0.01330152358462124	0.013369650315747246	0.01388805456966281	0.012879489571774028	0.013632199685125553	0.01315848014073235	0.013277914594394606	0.01403164675269702	0.012740185282725115	0.013248666926855335	0.013670746856422018	0.013021198974803456	0.013112543808196432	0.013372819227451984	0.01237990518312453	0.012881443404491814	0.012152182386166882	0.01280416978554869	0.012172936555113019	0.01267359866111998	0.013069912532227073	0.012559142860355537	0.012944758326642578	0.011240841318708429	0.01319137537524964	0.013104614419539895	0.012961971567218447	0.013376777342219672	0.01364986554433124	0.01403312887398455	0.013405315502004538	0.012498776378697729	0.013085069102262186	0.012974027758194735	0.01250778157801963	0.013001435439831613	0.011634330916938877	0.012294355918886456	0.01284050721199205	0.01383865738780889	0.014870776359824076	0.011993229382581	0.013427936124104868	0.012457723122113995	0.013216114844539686	0.011811248422079623	0.013055847774608354	0.012553986129591696	0.012205305468650228	0.012598315302733611	0.01378090103726265	0.013773633470474316	0.011917423875744893
mule	0.013453771039277413	0.013218914907899537	0.013490680702193997	0.013753185417024588	0.012261654095480707	0.014695872259622766	0.013124515225989127	0.013073171519407957	0.01269269875325393	0.014822918734852076	0.013989167641590155	0.01420272474071426	0.013757322782171153	0.01299985076352423	0.013672786297511669	0.013546939586273671	0.013464536545773781	0.014000654520195164	0.012628031143649038	0.01390120853807624	0.013435050492004936	0.013910986336540903	0.013932514561000406	0.014681171693858831	0.014000642384689801	0.013183837213522702	0.012600602700805963	0.013327620592040465	0.014679293582305067	0.01418021248024433	0.011108806092376348	0.014433170591713227	0.014528859626089668	0.012896296530888331	0.012961285021565542	0.013585530822187162	0.013915597800808178	0.013838980338361671	0.013228944261106122	0.013795362918690025	0.013368249066912842	0.014931168980815333	0.013626158277510302	0.014305325519053638	0.015339065356813463	0.013145877524503795	0.014571067158919104	0.013250273752769874	0.011805935526853216	0.012032166287987933	0.013797947921231467	0.013710214663588693	0.013072104347809923	0.013542482863989094	0.014653855405301593	0.012927193100473591	0.013057377971610334	0.014100154418139237	0.012822654485834487	0.012160008195574588	0.013876097254987679	0.012104257848899484	0.013862874903012664	0.01386080573466613	0.013189575439356664	0.013640174190991889	0.014256677169113765	0.014049762587995033	0.011924962739377933	0.012659451342584721	0.012867343905594424	0.014326434800269667	0.013972012745436708	0.014429441039111264	0.014348493852553516	0.013396491505280193	0.013950552156964939	0.01450511172894496	0.01348085991981856	0.014260725690138358	0.014245611665456667	0.012779288551891931	0.014434019916306457	0.013768146475003596	0.014100822513767968	0.012749470504468468	0.011867318915539543	0.013729072087426717	0.013007380887239404	0.013480216551666533	0.013211539317235588	0.012457654904697501	0.013438254741482835	0.014270656615607911	0.014583296474561736	0.014351554344411963	0.013706531988777153	0.013585544711148761	0.014133065075059579	0.013606785506603438	0.014318781616152753	0.011106476453711371	0.01289313187550179	0.014780816884865784	0.01410667733440233	0.01391179951747008	0.013809333449969104	0.014338716663888593	0.012806564503044925	0.014287692633582504	0.014152277250803117	0.013452053857348793	0.013616070063934265	0.013811389967700857	0.014205220862268466	0.014073166377065696	0.013483847993925794	0.013541426164529129	0.013701433898414231	0.011790129105646736	0.013978911648690993	0.013284693298130718	0.013908529736602417	0.014710273385366781	0.013516359264228601	0.012910461006973692	0.013823650421323093	0.01402474097984901	0.014019754904875678	0.01283592510532712	0.013749494142661018	0.013306590154951456	0.012767660371842841	0.013353983981091585	0.014375871866862289	0.013120279450019076	0.0	0.014266858164777201	0.013448067750033425	0.014722335280280122	0.014683617068388565	0.014435546642793277	0.013409701853416668	0.012921390695280352	0.0133777778603971	0.013035802671918348	0.014019942443855071	0.013776331126752594	0.014142026663585806	0.014586609623052693	0.013656040063559034	0.013319803285432452	0.013926614943120377	0.01399761989471937	0.01473412469014131	0.014251336444695697	0.013751489265900451	0.012626436013811129	0.012735258120565555	0.01318582791918243	0.014282250337055762	0.014456657205011552	0.013367184724754115	0.013548687293082468	0.01293094641880722	0.012315491031116866	0.013141630946753823	0.013194465323947285	0.013005544085592872	0.014193963001414208	0.014086076873409327	0.013689084319046472	0.01216202271317323	0.013079060387175916	0.013010420065572093	0.012496070144021638	0.014234910782103306	0.013824218420523544	0.01481069827974987	0.013463841005605215	0.012519106948516037	0.013090369731070521	0.014831656077280195	0.012539477870986472	0.013843795160858475	0.013886792158683816	0.014246814550135004	0.014240718749805975	0.014297749135173583	0.01512764363091065	0.013778585942917315	0.014191172821200628	0.013868232955746573	0.014619391863793773	0.014334372241920489	0.014080010316374125	0.012272155199675006	0.014435531567783901	0.013911154234977264	0.013305805944585563	0.013876192748265667	0.01318570620065269	0.01340207954731862	0.014015444599962422	0.014211617555787622	0.012959522856587804	0.01342172207266382	0.013935704111957346	0.014127402183932193	0.014601699840235986	0.013320831592483455	0.01402367949289479	0.01424168857673878	0.01365106818605239	0.013571122494305808	0.014484688367333545	0.0144305305962619	0.013756924162871857	0.013071084087700094	0.014879711857515038	0.013398275884552375	0.013406845798818378	0.013973393212415001	0.013078037017894204	0.013279011863306975	0.013337380236532987	0.01375320319382315	0.014428708335224322	0.013199689370992833	0.013808527336944043	0.013530722251750971	0.014407838187668155	0.01257116613734305	0.013860082693228035	0.012872989112123171	0.012844568419594244	0.013759612148386667	0.014397718094731742	0.013590324515064372	0.01288783251827536
newt	0.013758280125126492	0.012822216546067133	0.014045078728813044	0.012940105742770736	0.013943871294462147	0.014033980990185178	0.012982240948798535	0.01372602579118559	0.01305654229884405	0.012278552072620762	0.013894373432231898	0.014107472638845047	0.014166603410022165	0.013884944479544335	0.013873350658644888	0.013720624624569785	0.014077810073016004	0.013925925737816418	0.013737233650663466	0.013123894287087714	0.014571182472565012	0.013479458927100972	0.012931663395259713	0.014534548267212425	0.013578700382475817	0.014099343991489832	0.013759257648894995	0.012988898719375688	0.013800164020490852	0.012843363376416872	0.014856340418888862	0.015076101957031572	0.013168517479914488	0.013408955943177587	0.013240943720889353	0.012652919878366017	0.01351723257009765	0.013693690968116843	0.013496820007920083	0.012943342905726319	0.013601186814307702	0.01344775310093001	0.0129655018483539	0.014453043825645844	0.013931552779119347	0.012634599939199803	0.013117569252090854	0.012305179152421597	0.014183840284063528	0.013427201791436314	0.013383024775849739	0.01342651554489989	0.014202055467738187	0.013598296193839928	0.013441510596572788	0.013310738628232222	0.013356848696222903	0.012619685829579105	0.013640477771016998	0.013695968182235518	0.013214495158378626	0.014195474381744311	0.014101740021379892	0.013904131755201953	0.013288792026285605	0.013950944170697319	0.01315732807344233	0.01303905052591338	0.013709036725657733	0.013906019457237066	0.014416482135139755	0.01428531317163751	0.013745714145278334	0.012898471832689683	0.013891512991502162	0.013971582594528647	0.01453655313795676	0.013823167907951128	0.012507674704751321	0.013911527988514798	0.014394063823769433	0.01411768731118805	0.012738596167534016	0.012924257799374495	0.013150630195342265	0.013297007183323996	0.013801563577732975	0.0135300050789893	0.014038240736353203	0.012937571689209622	0.01344027035274723	0.013025206337679767	0.013121216615862314	0.014082963644452504	0.013038349768320157	0.01360503812890811	0.012956929967914903	0.014268376318313238	0.013180491842917958	0.013626449995505541	0.01345637752038923	0.01480282965957419	0.013161482598148193	0.01378289403985269	0.013414655107740545	0.014490657358669357	0.013033101396507067	0.013455269794303469	0.01383941805923502	0.013893616644637554	0.013528051213047563	0.013810339388577453	0.014093525314614047	0.013974581631061207	0.01309494928054161	0.012435734410916917	0.013123704256231394	0.014206459556003248	0.012849854457917045	0.014338789226298514	0.013149708711648772	0.01315255417542518	0.013580785864225063	0.014916336652252756	0.013372442731797695	0.013608411533141183	0.013416755864991099	0.01352784181790613	0.013011063284675113	0.013346112533266659	0.013510265246428883	0.01308511731420472	0.013922645614482209	0.013632728208276414	0.014744760439537662	0.01355167735186617	0.014266858164777201	0.0	0.014021299451775483	0.013644758531544444	0.013942940606371816	0.013607820804162497	0.01359588175051382	0.01390663156623707	0.013420188127877259	0.013523189590896694	0.014589074358021552	0.01377293543151475	0.013678296709358018	0.014386429393435343	0.01365300956881196	0.013939873322253686	0.01375630160795967	0.013584496754238135	0.013834636883954657	0.013748665899115053	0.013046451548744967	0.012905932877156022	0.013007116025260163	0.014021024191703677	0.013840951993455232	0.01325314131651652	0.012781533097057627	0.013381856359891042	0.012676304292880412	0.014549240691483091	0.013950634524286664	0.014194178753653232	0.013078032455989166	0.013462994586483765	0.014449425181128081	0.0137980298762523	0.013466659294609813	0.0142913842287422	0.012961553774417878	0.013514316917703858	0.014051725031209033	0.01395557901329957	0.013635971956186205	0.01276167443357052	0.014031209205878194	0.012925344603372	0.01387438567317881	0.01323972419780682	0.013806386408508398	0.011982325571101335	0.014100733094396247	0.013451431876762501	0.013017135550777974	0.014311069224935462	0.013848740665504376	0.014119676519083635	0.01316403724512852	0.012868419461450923	0.014128944000138068	0.012975937282984275	0.014587543654038684	0.014524379987678339	0.013296460877100982	0.013885755582887814	0.013823293245977197	0.012865080238713808	0.013277387536848323	0.0137322002457625	0.01376839313569811	0.01300604527547518	0.013086614226952812	0.013443065040099907	0.013723307127643658	0.013560488373121779	0.01288156177133364	0.013453101662245327	0.013498365616796093	0.013167976557804141	0.013463558110693497	0.013932749330358905	0.014598191927942573	0.013155707629453943	0.013316946158220221	0.014228547458840566	0.01409008217178924	0.013363652780754735	0.013877940047966981	0.01199589729260564	0.013069605713818211	0.013930542419921	0.012681302630892422	0.014358762356836871	0.01248396278171942	0.013597093252289623	0.013798621175882809	0.013835838409423566	0.012911958159508734	0.01328451740144946	0.01348577551275322	0.01382594813272093	0.013019464704054547	0.013670733621132674	0.015288055290947778	0.012976878022968454
nightingale	0.012995085374680682	0.01461348274070612	0.014061625925634385	0.01408287882071174	0.014433850790374987	0.014478995309744593	0.01400376341976523	0.014363256855764148	0.013262748778428469	0.014379826475990964	0.014072333438317429	0.014593560807571406	0.014227546418427321	0.014237151755562416	0.013096375014521598	0.014408939015886642	0.013853701293883879	0.012776041015142285	0.014909913022504193	0.014840828161009196	0.012646291754808652	0.013671867371327586	0.014339165958490155	0.014192403007281133	0.014165411319134942	0.014937048956822246	0.013523193997813512	0.013767957900141976	0.012680560945889376	0.014995757662586002	0.013959088944093923	0.013318248669867217	0.015228351416826129	0.013010310724699032	0.013936904021963157	0.014789116771691086	0.014005111762686658	0.014476310942783465	0.013795208673632174	0.014548467299317192	0.013402770420151705	0.014141066989149909	0.013651201248815087	0.014492857748079504	0.014692518463345891	0.014331211313406002	0.014281483530258208	0.014364769165373124	0.01382647035123713	0.014115337282937424	0.013685110782659929	0.013892177391372006	0.012868265918230912	0.011287177322174746	0.014402897402725476	0.013545642206412476	0.01406955493899587	0.014633339678267333	0.013895254002841246	0.013210378764533938	0.01362952264517694	0.013842846656310682	0.012019641577046663	0.012901045018343977	0.013512467325766376	0.013641125608396311	0.014042801687121284	0.014639600401829756	0.01345447681820595	0.014741347472289024	0.014245782065362261	0.014178375946611982	0.01208295111426674	0.014484318910288596	0.013495997506311228	0.013576011235867928	0.014202707081781436	0.013501957209896718	0.013015521320128396	0.013721577862918192	0.013116260240449823	0.0143112919023072	0.01381427872610235	0.014300403761872775	0.013597693428170488	0.013703528864874146	0.013644351481717136	0.01314655504252352	0.013307135330474918	0.014242842146579091	0.013379769527210815	0.014311480100590562	0.0139254586084414	0.013050320934870912	0.013563692850035844	0.015152481220022844	0.013560629844642947	0.013447194719015653	0.013917793757041726	0.013562859398077299	0.01362049682605519	0.014123901332958539	0.013844004443116908	0.014435208845788887	0.013161860189866748	0.01398255787640478	0.013605535239325879	0.013936210516447865	0.014061867231183809	0.013389764571315164	0.014543525670870465	0.013974432922467169	0.013412713390131767	0.01322804047343318	0.014375158934045763	0.013709216964945085	0.014049341640896764	0.01285386485895758	0.014095786021086	0.014084692833280484	0.014406997181844572	0.013911009009724008	0.014246229356854186	0.014431436350774342	0.013178843590054595	0.014370994526917053	0.0139840485525153	0.013623607218636386	0.014057195511760889	0.013582701937288113	0.014027631134547566	0.014709662286047332	0.013459753209900525	0.01443839958179603	0.013888701628702885	0.013829358269565767	0.013448067750033425	0.014021299451775483	0.0	0.01319637216389047	0.012960117384129563	0.013834740449687442	0.014043090794198972	0.013530768544620583	0.01409755753641269	0.01314377215606293	0.014123651900878885	0.013737683453269983	0.013874976138524555	0.013244583974951622	0.012902816906980667	0.01222317720434887	0.013557270129836763	0.013394219209706695	0.013081477601224988	0.01425775182246245	0.013029387252134712	0.013509794030137572	0.013064122159429647	0.013844472233189149	0.014598290626041163	0.013978775007590226	0.01375215818356343	0.01415489108409807	0.01358418181053219	0.014013458546999067	0.013367232962165408	0.014048476323469476	0.014009091668093334	0.014227803764364125	0.015120085294796068	0.013981677882742634	0.013488535769297481	0.014033755593779416	0.013855742227420649	0.013860088175173426	0.01259519534111405	0.01399016915652568	0.012949174282496301	0.01404829985948477	0.01375467416100972	0.014160598792821041	0.013245399341550824	0.013459002807681775	0.014004244972230266	0.0135946809967753	0.014800765905620978	0.014376975440444471	0.014135050314476125	0.014641262613091148	0.014031878621717446	0.014544294960576265	0.01377473811717562	0.014062521109848791	0.014019140797440908	0.01451028659063084	0.0138620887220559	0.015048977567700366	0.015121822912486649	0.014170927111897602	0.013916921361620245	0.013807596465720313	0.01371281066984361	0.01446949907965044	0.013816908106630603	0.014013525657029555	0.011998013751194319	0.01486186548513965	0.014023790334549303	0.014887645743667443	0.013616159697878345	0.014148614576024449	0.014172718601010173	0.013346307144538716	0.012946506114860763	0.01368190759492121	0.012625650797108477	0.013236059907225168	0.014293668398551791	0.014653464995267783	0.013895316276384122	0.014190204658830245	0.013559679648924038	0.01329016991824241	0.013709709803608007	0.013830207570442097	0.014743549245826583	0.015019824525634207	0.013839864670650869	0.013799161207324455	0.01364284746171545	0.013791620824597088	0.013420745772804936	0.013704052792458017	0.01359209096915828	0.013217322916420336	0.012848226238910361	0.012105241374605093	0.014308867007318678	0.013602372223160448
nuthatch	0.013127704075599551	0.013492253429056576	0.01379117696694612	0.012988840180437373	0.013059755372134703	0.01346166736060704	0.013282632556053973	0.013038165210290734	0.013954474016751449	0.012648711439103533	0.014425878923242126	0.013937808612958257	0.013981138389565566	0.01384564552843659	0.01370900401667186	0.013782300582040387	0.013396828707954627	0.0141464832040423	0.013636824967096582	0.012617253621961897	0.013077557072543848	0.013712164285054593	0.013596926754737242	0.013542994528991815	0.013903302883399941	0.014690982760657459	0.014603356347245753	0.01371663861356122	0.013258018794813493	0.013092316737041094	0.013966370920012685	0.013471424714928477	0.013876131191333454	0.013964087358516366	0.013701824020136448	0.013596194332332496	0.014012057884128116	0.013840484823022265	0.013883668199324373	0.01430172592382731	0.013415898167089777	0.013740205743096283	0.013296076355903462	0.014670829759973112	0.01369013370791511	0.013969022962872486	0.012249172051045866	0.013207800503593024	0.013812573629093857	0.014333007619407206	0.013277131135494953	0.013075509639237608	0.013313225070924785	0.011921825897823615	0.013222151285664636	0.014234051528340765	0.012949160047879051	0.012727793020451038	0.014343723938923823	0.014053882176828831	0.01398608770571705	0.014610913353586498	0.012973919652242719	0.01361765795594536	0.013639086049950478	0.013251373532057157	0.013788682579426838	0.013309388950614478	0.013329029656600076	0.014091030566002229	0.013968365037867924	0.01455096977493795	0.013273653422331668	0.013101287536968096	0.013747972740044901	0.014588829933111207	0.014484014163563739	0.014424909121510851	0.012737341114191236	0.014066003368573148	0.014262616853989794	0.013299547282938598	0.012560750532759103	0.012019731257725047	0.013978529218586952	0.013336651632795743	0.01349893063654627	0.014116540316903672	0.012717402888342173	0.014442807674332809	0.013437179782855564	0.013607681098106705	0.014247209302419439	0.012909237913432963	0.014525360524200259	0.013829621265079344	0.013559235916643542	0.014078074064095785	0.012618118410201072	0.013765477341778982	0.013718826229393917	0.014064178969903269	0.012622786287717196	0.013063095683575277	0.011976915130017196	0.014829868037311861	0.014776396783768986	0.01412112433194484	0.01402420336260913	0.012578445215761317	0.014449880998257954	0.014314987508611578	0.014242349738180537	0.013812709804185763	0.01261199673898959	0.01332359215199642	0.013408622641423572	0.013452999196933496	0.012299041572489669	0.014307188410682323	0.013674679838075148	0.01312153920994237	0.01354721370825375	0.014959294069367747	0.014012024576312662	0.014428701758712848	0.012774589167470594	0.014578914670209404	0.013089413216901958	0.013627545305967374	0.01396456263291828	0.012911570570089403	0.013855867748542234	0.014449447826828445	0.013339626933281834	0.013943195226037586	0.014722335280280122	0.013644758531544444	0.01319637216389047	0.0	0.013791875761424748	0.014198310091123217	0.01325165058336433	0.012900214636247272	0.01319545521848985	0.013022380086588584	0.014516029516911465	0.013991431503209133	0.014607419210109709	0.011669807066448313	0.011914515410828407	0.01338553038112941	0.013804870814552022	0.013319589091281272	0.014267808317632627	0.01268127938550446	0.01184430690600411	0.013988519642244145	0.012129973641954582	0.014121223382667178	0.015309747181893757	0.01378596317605205	0.013793205921313828	0.014231867440400472	0.011875491237071012	0.014150827045368543	0.01408726611155665	0.014165132489375586	0.012795378074558212	0.014020794604111108	0.014582858680744201	0.014031952991274545	0.013948400774948569	0.013920229503171339	0.013891419624766518	0.012919209761087815	0.013703870167082627	0.015270536682055575	0.012601002331748587	0.012370083626942615	0.013692330496652385	0.012855283512226735	0.014656354944680355	0.013843000261358323	0.014067488226446226	0.012670534166778644	0.014728314716313593	0.014123695124473151	0.012978605526510666	0.014242274789533048	0.013641741095167139	0.013459843278264064	0.013659944002408797	0.011826735113693277	0.014587491234342189	0.014077257198485724	0.014020422719897348	0.015008374940370741	0.014040101057781241	0.014575786833540699	0.014072328165221254	0.014255147769994387	0.013572194057836346	0.01464699631976492	0.013790267254204742	0.013148778954370523	0.012516041280884922	0.013679463106638241	0.013906151644168705	0.014338772571209895	0.01232444420312537	0.014276747830107567	0.013840218884928496	0.012612835604796209	0.012575509447710029	0.012227488275009236	0.014510474875119797	0.01412240414426859	0.012583968615315348	0.01376583168684599	0.01327451783355068	0.013707985998395194	0.011560962816236125	0.013058592891299174	0.013295859261191116	0.012424004704499463	0.013427552818878221	0.013791397536170213	0.012558975515569604	0.012823986459527446	0.014174837819060912	0.013346472781664096	0.013569269256995255	0.014190707880671288	0.014123300281099854	0.014125960014850556	0.011728593801725903	0.012397140486347713	0.01483721260637221	0.013802760666447289
nymph	0.01286186007534805	0.01316487005590494	0.013417883613368563	0.013045503917260297	0.013526749013391813	0.013241293522196598	0.013382852460103203	0.013045044438387863	0.01328520289506815	0.012815075218678078	0.014154682640684963	0.013617215501757358	0.01284519507542112	0.013644841177773492	0.013546966052662167	0.012735889769125675	0.013868896361964304	0.013596827467665473	0.014090185047925944	0.014225297425589714	0.01285596767010372	0.013090016919672218	0.013679899394049545	0.014255062605828608	0.013569681281920527	0.014539582351740264	0.015127614417516371	0.013622839044322932	0.01282572600554526	0.013314517425551424	0.014053693780493806	0.013609840567817581	0.014207335765759666	0.012633532691025627	0.012431656632405601	0.013643558541944942	0.013013558067105096	0.012945537379076888	0.01403290238367882	0.013399084622139562	0.013827341323080375	0.013774607408575439	0.012975677891038146	0.014443106515148619	0.013543309872873175	0.013721609448087011	0.013404562509708517	0.013269320972227286	0.01307329915280012	0.012912536169163612	0.012517699273361953	0.01224683621806184	0.013752794107409412	0.012708457785513123	0.013080317771771233	0.013507629615870534	0.013051225272297955	0.013726882791322854	0.013691999363171184	0.012982894804362903	0.012951864456302517	0.013776198426188373	0.012233643310236141	0.011945205158686412	0.013608615104991202	0.013342640753878962	0.013496420881644388	0.013126147932108099	0.012969460345703211	0.013820853825097092	0.014427285499367747	0.01421396014274155	0.01446462848455796	0.013613904889110889	0.013809366321209958	0.013510662725911842	0.013627191760321225	0.01413259678827314	0.012215666876705462	0.013200721588260694	0.012927982260903534	0.013152476896892957	0.013547120848345305	0.013841940328305262	0.0144147467051081	0.012899027054185323	0.012051379621255076	0.012717300974178504	0.012894814553562804	0.014151457155291494	0.012366150250966516	0.01350066850036373	0.013710205523896363	0.013063504983399435	0.013916272599836571	0.014050418509781054	0.013601663544555234	0.013652522806829905	0.013250364389410518	0.013789990590743826	0.01322692787244566	0.013233906433451702	0.013105958699264982	0.013164077783178872	0.012894958933128493	0.0140297950659535	0.01506885524599221	0.012545993782786813	0.014109084141228412	0.013012426478330895	0.013586315997637243	0.014630799066740743	0.013948734614233077	0.01304907266090422	0.013580633905664316	0.013860219543034543	0.013010192051830516	0.01262577459277398	0.012688204418920592	0.013958112754430103	0.013312622788603297	0.012179469657634551	0.013530903961964541	0.014322695631706246	0.013503123169903507	0.013909473231029224	0.013557441340655308	0.013305528048438644	0.013119286842732112	0.01371744561744976	0.013803267230507515	0.013845687882887252	0.013155608708518165	0.014592182306761453	0.01293514479642069	0.013067449597737977	0.014683617068388565	0.013942940606371816	0.012960117384129563	0.013791875761424748	0.0	0.01336510855160591	0.013392594146031812	0.013077904145335153	0.013426410518154592	0.013173585719296967	0.013851979668345022	0.013907436223973436	0.01404343890903538	0.013358516572384927	0.012938685156619098	0.012821624915254877	0.013933602560792069	0.013362219894713014	0.013807865935426506	0.012954361050088318	0.012622464865445502	0.012763761715593085	0.012957957499141531	0.014337961313618147	0.013967029759387604	0.013423955129802738	0.013239434940521166	0.01370921024940468	0.013121193503545374	0.014200744517227028	0.013173060675095487	0.013643787667083357	0.014132293794097875	0.013408887201686039	0.014321617087144205	0.01343413812809522	0.01289220187408411	0.013108855198863638	0.013156775569688594	0.013351379145606562	0.012930964914440946	0.014564366384424564	0.012805552036423166	0.013397040137699106	0.01391788623714721	0.013018968454912357	0.014265359441589902	0.01352858165085372	0.014359698767529117	0.01252510105938697	0.014018669992585225	0.012992239546330872	0.012982246631808294	0.012850457223286654	0.012866127156417596	0.013503829125902174	0.01361177157729209	0.012955872932016714	0.014004884249525808	0.013276244920860604	0.014130243925849963	0.014093084481954525	0.013446676144724905	0.014122849473600974	0.013120333282039938	0.013699912453005945	0.013281057863276269	0.013277154046824138	0.012251751173302445	0.012082863044314142	0.013121922150862934	0.013786884580283407	0.0134428556969083	0.013224959150739301	0.012851490061266138	0.01287375569086516	0.013308343469789265	0.013276589280872188	0.01298427244858278	0.01247113186280218	0.0132625179437307	0.013709792629847983	0.013798942401742344	0.013472645783945223	0.013598635423545745	0.012850756740641312	0.01341923418680341	0.012770422461301192	0.012253418616394262	0.013531244968209854	0.013565745903921742	0.014790124375954847	0.012149929291983273	0.013489937383771649	0.013224734434458924	0.012533878966548357	0.013402850341354215	0.013598177392660987	0.012951940830485538	0.013425243245402636	0.013608184034471211	0.01378129547722405	0.014058082396532199	0.013616785747916159
octopus	0.012524232602651602	0.011622716179816759	0.012113132831063918	0.010794166413577014	0.013871489511668604	0.013966144805014036	0.011714969552436305	0.01238244881401142	0.013154736934301504	0.012855272237602829	0.012463493613371339	0.013115901596467548	0.013300539768590438	0.014122436518753523	0.013144534953284222	0.012683616630408649	0.01337222216234631	0.013288806562977167	0.013532749262194728	0.013701072435432539	0.013190321611549134	0.013797982658762403	0.012136779997433893	0.01384979622753182	0.013056549617180108	0.014660403366879125	0.014559738990570696	0.012118345861324915	0.013358554211046654	0.012764343410640044	0.013886830803700245	0.013239796503522621	0.013066617092634873	0.012251737938697271	0.012758440751830366	0.012689508597243571	0.011567632981713538	0.011456402156982936	0.012887655452736457	0.01296521052797454	0.013722691765728563	0.012415418866823992	0.011523714605661383	0.013802839125151843	0.01296081407327818	0.013229527489057527	0.013031740382591552	0.012636882659053059	0.01312093457953411	0.013073625470228646	0.010854711548896768	0.011564699582148593	0.013730721690981228	0.013095185623050232	0.011130779463188445	0.012969474538352543	0.013737481863879877	0.013502164904499818	0.013495067692584914	0.012638420634702023	0.011928852105543621	0.01325835304376261	0.013995068667493747	0.01236692336026101	0.012460225144019968	0.013383508107297491	0.01241854584375177	0.011312057396918129	0.011695209298519466	0.014546987644746535	0.014031241444992022	0.014565321829953879	0.013558473243557398	0.01266810523649232	0.012885708826082844	0.012875761832243666	0.013481145111604207	0.014288413808534364	0.012146376926444668	0.013380815906960884	0.013640955894982447	0.013962361224011375	0.012928441813181044	0.013132581566362314	0.01397828527132159	0.013202124414320386	0.012705974772992276	0.011793151201332999	0.01358819414386783	0.011892600087554243	0.012942077959489793	0.012661614407382425	0.011881554266470301	0.013213328230332964	0.012991934953096524	0.012574033735618944	0.012205097414151196	0.01394739950768541	0.012596347613935981	0.013239604193474176	0.012427804167118148	0.01434484452406109	0.012659782971422557	0.012103579860679867	0.012568225825566904	0.013784839978153924	0.013869709093486234	0.01135993256621898	0.013103635740025397	0.013833732266026159	0.012116266131362621	0.01300511810897022	0.012718452714239587	0.012296001141484183	0.013407184864963674	0.014025382665487167	0.013018742914247438	0.012980368002356898	0.011861508113482163	0.013656635515031408	0.01087727467196994	0.01254341279096085	0.013992694353682746	0.01423299239649973	0.013466451757768743	0.012881271078825064	0.013777127517179641	0.01408845814850146	0.01214260540890448	0.01380504106200089	0.012679501519994647	0.012683339189839982	0.01153134187704946	0.013909936431513828	0.014082190042801956	0.012646731974017118	0.014435546642793277	0.013607820804162497	0.013834740449687442	0.014198310091123217	0.01336510855160591	0.0	0.013729577891529635	0.012389924931179358	0.013588964815783392	0.012619065316595042	0.012223165992500236	0.011672424044592565	0.01346554212583684	0.013590143947044655	0.012232190570826506	0.013746801608922428	0.013534431457801963	0.012729216237265615	0.012681924433650363	0.01338214421137462	0.0138102400480473	0.012456073856759302	0.013297429697863416	0.014226904345259075	0.012413342910673215	0.012839358995637271	0.01198281235837718	0.012706838423169805	0.013747136599616998	0.013866741567473605	0.013163316430135186	0.012995147278909705	0.01403652815316322	0.01139875046806124	0.013858436750726937	0.013319457651156566	0.012272084571356862	0.013309740910774777	0.012682772839664966	0.013124764301150426	0.01299921382623399	0.013544873906395374	0.013192784755984194	0.012622183194772523	0.013663050343266979	0.01285860215215998	0.01383209623812386	0.013049932904348766	0.014418965317278511	0.012785373036703494	0.013492080059718397	0.011920743865208121	0.012331528435857915	0.012458774239822059	0.011657286093177297	0.013135784214672899	0.012448272933773317	0.012322169534922578	0.013762695187875542	0.010782848832739882	0.014025263601106074	0.01320909823014687	0.011759129100768899	0.013268030573640274	0.013256927612428282	0.012622217150236094	0.013365124426777902	0.01208766184481028	0.0124687222015942	0.011653745077255674	0.013068173344096254	0.011956434160359393	0.010854901337902003	0.010305306316445342	0.01295567141917276	0.011729284587838493	0.01124501068214911	0.013673383970497843	0.013115561911182896	0.013435446171984049	0.013889898945233736	0.014147166618288654	0.012691594987849709	0.013567237442646278	0.01163205675063699	0.012547740760561041	0.013947361663370197	0.012276317457750985	0.012253880904626343	0.013041097273150434	0.013426865620717923	0.015291898068789984	0.01185694935274241	0.0122119346511241	0.011891038409502624	0.012579304824945858	0.012763040892725865	0.011979286774995504	0.013180868712775335	0.012791667230469692	0.013207916556754155	0.01390637491849702	0.01412106760366675	0.012374772545332475
okapi	0.012654370903619032	0.012711910890443854	0.01350409070638733	0.012337906615196674	0.012227259728272356	0.01406594511802849	0.01226921676723961	0.011451463880903694	0.013697976955117572	0.01278853966199171	0.013785745593927428	0.014137312855815815	0.013902026679247144	0.014092296388617264	0.014400421658517943	0.014066122281058479	0.011931034327275184	0.014628462220411172	0.012126364228001245	0.012489399496517917	0.014075482422192996	0.013191550079365675	0.012187403959024106	0.01387181786499141	0.011288275170995734	0.013039881407982734	0.014659119506252323	0.013730579502830586	0.014070376902750098	0.012106789780165	0.013062379190614933	0.013891067332664127	0.013802085909567465	0.01361381598877476	0.013396092520769867	0.012745162412904304	0.013072732025145424	0.01297212799581473	0.013729446354171362	0.011532901160486253	0.014103674140335578	0.012862063861451618	0.01364492592948445	0.013842147837860117	0.013445676512837089	0.014029627341846807	0.01348824959446662	0.013894429416617355	0.013161619346684621	0.014035885445411978	0.013742080814078564	0.011621094754974496	0.014054789597137381	0.0134735360074569	0.013088337728898494	0.013166035812198799	0.013017542807676703	0.013756127245160375	0.012287883057633987	0.013664561431762368	0.013123883269603252	0.01331602140294342	0.013702123246796673	0.013608198219060669	0.013971378867968405	0.013685595049380349	0.013318492426599122	0.013357613090987234	0.011933195774530081	0.013361888093905021	0.012685620483454417	0.014100596865999909	0.013869762777337242	0.012627890684537386	0.013293488883486491	0.013570605283837711	0.014364022433209276	0.014733309239478003	0.012970114468946208	0.014336243507619782	0.014378538756228618	0.011690047465092588	0.013017330589834075	0.0125430190929843	0.0139276832917499	0.00985658731170125	0.012903066358686589	0.013458536112465468	0.014126802852113604	0.012724288582034234	0.013000462641593569	0.012710463333316688	0.01325426274159333	0.013909974889875937	0.01389820139627333	0.01400147953095503	0.013633210709236595	0.013816593964040162	0.012544430578062482	0.013844660989125047	0.013406736866591013	0.01390765876835139	0.011741762384456686	0.013093925976791203	0.013193556552548821	0.013446897547847236	0.015019444121510662	0.013322761873936474	0.013669262061066658	0.012822087210358218	0.012840430063053902	0.013627094198122127	0.012517714100674442	0.014113909354445382	0.01226741903464152	0.013600454193389558	0.011960901321452944	0.012882314624845577	0.01314850698817757	0.012745136472174748	0.013658048436924176	0.012880261645095316	0.012382679278145865	0.014246764360711317	0.013506761865599128	0.013400296837186085	0.013033335592578356	0.014516216442890766	0.012721771608132336	0.013472013952146401	0.014032377092322756	0.012381315260783591	0.013574288889707648	0.013545896280690561	0.014769878624938584	0.013539725648352072	0.013409701853416668	0.01359588175051382	0.014043090794198972	0.01325165058336433	0.013392594146031812	0.013729577891529635	0.0	0.011735684805680291	0.012754035228774599	0.012987877044193326	0.014135308668153233	0.012992610823172667	0.013977651200654124	0.013211639187036018	0.012816709405983973	0.0137085843962244	0.013591999011676703	0.013583849771373706	0.014126348396058426	0.013565253516962616	0.01287383048272257	0.013283807679249955	0.013211121237775817	0.014603472856585455	0.013804349458972782	0.013560490320567931	0.012397547348321809	0.012557472163404805	0.012162532583686611	0.013994550782315153	0.013764472756950842	0.013258397925576959	0.013169290368527547	0.013298067489735914	0.013068767106816688	0.013050507753599101	0.013676036225728322	0.013274983070522994	0.01370508373988367	0.013665721015966819	0.014802245678442943	0.014642521659426484	0.013744273308950474	0.011968907511261555	0.013041860899622731	0.011142483772066452	0.014512768166251572	0.013378082902322636	0.013496085117720798	0.013893864611866697	0.014080934054305374	0.013160125816621912	0.012371572761597081	0.013564989672401462	0.013776911232782013	0.01285292806290361	0.012845841196373735	0.012970209190701194	0.014189991413831959	0.013367266900862252	0.013377157750008018	0.013746245304224329	0.013651852025581812	0.013732374716322705	0.013335145218059053	0.013527850165585007	0.012673969733564947	0.014188717354068743	0.013638814593957233	0.013440398507395129	0.013520534503686406	0.01263036375505436	0.013960538132060218	0.013674969167666301	0.013157370937478352	0.013155703948304096	0.012868303043805304	0.012824089204214842	0.013728148393225902	0.013412358739119145	0.014431530549111282	0.013725620956020123	0.011951953866891548	0.013681241963326353	0.013562978918220952	0.012722501277503429	0.013579485513177786	0.01286013641050882	0.011817775878785648	0.012415925556270559	0.013345946278329121	0.013432423581615534	0.012776855335031012	0.013374296054952422	0.013255888899443645	0.013653438778736387	0.012445409307666862	0.01360844127757448	0.014089411222862336	0.012818779289693294	0.01372687411833661	0.014145855521138461	0.013733064200605848	0.012193549830047496
ostrich	0.012288730364445834	0.011664689114427345	0.012150099442737905	0.011663677249187392	0.011518583467249748	0.01292054150066281	0.011776706580882564	0.011385280469838116	0.012631226906171047	0.013352750465794948	0.014242993729849473	0.013123058967023012	0.012759771200521176	0.012957584603134347	0.0127573831358534	0.012428971736097165	0.012526564466583519	0.013687436232119054	0.012329085140863193	0.01260524009358258	0.012877518128983906	0.01396239363667803	0.012185873412901303	0.013360946155684575	0.012533940480547002	0.013644285562548432	0.01415903251434014	0.013091201702252997	0.01299807435428588	0.012627091905564481	0.011422503122952662	0.013597003096088196	0.01310801422659019	0.012250655137670381	0.012561368242732707	0.012988953903915825	0.013148451723585483	0.012803389587574446	0.011102829551142617	0.012111827154456647	0.012981560298769282	0.01377122571000686	0.011902917503610902	0.013985669953904677	0.013558626773040833	0.014147072011114108	0.01282479668094975	0.013551516363049985	0.011620982944524107	0.012761961600558156	0.012442370023873979	0.011058286527332414	0.012064829210664138	0.011756543468320115	0.011894085948873714	0.012229740983594315	0.011827481360752236	0.013369571144083886	0.012188277469923627	0.011811885298441863	0.012425234158354446	0.011803154379243775	0.012409332489570156	0.012476410425206252	0.011185152403392837	0.01211269808479749	0.012345744596546124	0.012699285973957967	0.0102781285604789	0.012666317488412187	0.01251050709801798	0.013605950990011287	0.013070360472999788	0.01275161049904889	0.011997761005834029	0.012697111658470246	0.013122617206019968	0.014055418476730943	0.012357365030674038	0.013070985161390486	0.013922186567234067	0.012115304504323307	0.01305632138316365	0.012350019460051698	0.014266313438848289	0.01063249625725142	0.011468283513976893	0.012113765814383197	0.011911582500320783	0.013133388588040331	0.012462925684825875	0.012412239640604722	0.012250521110020224	0.013053085872346128	0.013822530151056237	0.013505529721338219	0.011992202608238259	0.013063998200081934	0.012491765664550123	0.013124300469333596	0.012575248518831182	0.012438709003262128	0.011729112525073873	0.012402075726219392	0.011666014490475805	0.01314157133644003	0.014569060783636496	0.012698062872251155	0.012462286898767801	0.01267583883603625	0.01284571627334371	0.012408643360637786	0.01139807714546138	0.01323211266187748	0.013037341296265697	0.013504220993330294	0.012720793113842005	0.012019391558532823	0.012352573666449677	0.011478854055077925	0.012422014136110876	0.01179393891223947	0.013192205238925538	0.01452880080209946	0.012312018428394928	0.012654721904503546	0.012700928918403052	0.013180020313897998	0.011986807859326048	0.012287019589970794	0.013344394895746682	0.012409656628945836	0.012032780531919092	0.01328709125365081	0.013489500878934229	0.012589237523570327	0.012921390695280352	0.01390663156623707	0.013530768544620583	0.012900214636247272	0.013077904145335153	0.012389924931179358	0.011735684805680291	0.0	0.012460758205485438	0.011728415303569667	0.012438036712059541	0.012506663971407886	0.013759922193307395	0.012173368868317356	0.010905305487145472	0.011766326027715334	0.012612325715290267	0.01232281555692358	0.013148119833050502	0.012555542154474537	0.011380729704594337	0.011421015748787408	0.011849825984949823	0.014065566985475376	0.014149495582594415	0.013324332279679295	0.011276556470729567	0.012389440143612606	0.012084103620445392	0.012727996103851195	0.012158316418290224	0.012557265456267744	0.012694019325450312	0.012292815087540503	0.013271150860207222	0.013048897025229454	0.011637588832330435	0.013532861801891973	0.013208441581331982	0.013120786494321133	0.01336810302630183	0.014893836070694286	0.013040031360762417	0.011992152486159806	0.012071175362872428	0.011287854765491299	0.014435137331023576	0.01201436001283958	0.014014425152054939	0.013769284759045746	0.013219899781999339	0.01266662829559053	0.012818116576297339	0.012864262363969741	0.01313741844780003	0.012162320893519367	0.012461510761935442	0.013207970553536794	0.013267636670634277	0.012864036985545526	0.011416926893476358	0.013044011340953034	0.01221026796661423	0.013756467924876075	0.01246420226710329	0.01318897293844726	0.012487305860303973	0.013586704611432599	0.012793036093154861	0.012506398650968462	0.012539243311602433	0.01253379775737308	0.013310018680840157	0.013334129816390395	0.011904992175686437	0.012669814820352034	0.013314818173115498	0.012138034267957502	0.012497957455793518	0.012415452641344447	0.013387441258198551	0.013936431382625349	0.011852590328638848	0.012705861130804295	0.0129043385714876	0.012827512114918425	0.012943816819827743	0.012313572001944415	0.011113368708859175	0.012182678807069282	0.013248228495056582	0.01366761898098089	0.011396843259006296	0.01196707815330621	0.012276887863128303	0.012730570422372238	0.012522598196402173	0.012759523063399204	0.013458612307921931	0.011975743053109498	0.012229573382296733	0.013311369393870056	0.012953407759892	0.011712567228277505
otter	0.011962789962266464	0.012252603696788225	0.01404185556017439	0.01220216501234486	0.011487563100783544	0.014203234965533017	0.012939040538807223	0.01332383204261138	0.011357333204650313	0.013117565360792774	0.013584398727705426	0.014000153674040165	0.012480147578484346	0.010908144294055682	0.013742038899385618	0.013812873566385522	0.013376715601912734	0.014301158171212334	0.012310738469995664	0.011831986465933053	0.013210474705489613	0.014089547012117516	0.012446300891427573	0.014344294707861659	0.013966333200610994	0.01324107607013416	0.014238823714195442	0.014006898347855196	0.013674039589903214	0.01316549363030171	0.013314776612361339	0.0143843165957004	0.012698186023100322	0.013005521519965074	0.013810694995300798	0.012481368793007076	0.013891059597690611	0.013802826349258895	0.013888928966673179	0.01360734978932003	0.012467052010722741	0.013827385930484295	0.013622757049146464	0.01297764760815952	0.013566519284807083	0.013798178934128212	0.013619956568016098	0.013675248254276382	0.01373554150122744	0.012612052741795497	0.012487988689215268	0.012572121363531828	0.012785914724263138	0.013432263481737256	0.013691874542323582	0.01304757594264179	0.011866215891768547	0.013564366839087676	0.013181923825812888	0.012921720289213979	0.0121244714681898	0.013937308745996581	0.0135007999469617	0.012624271555974498	0.012746215891804405	0.011834011379095106	0.013091085741932695	0.012034455134820257	0.012345256817405953	0.011149532130744249	0.013053750113468945	0.013531861961374871	0.013491308301242518	0.012635532373248047	0.012996512651266891	0.013339817528732388	0.01350565587760628	0.013284724739020221	0.01249584156833779	0.014143467871035922	0.0145369232086495	0.012436599727171184	0.013254856136289461	0.013376448686083935	0.014024474260551447	0.012174045717651953	0.01279128931919525	0.013117085816273591	0.012160714179510049	0.01402278318404576	0.013605019635338729	0.011783860154321027	0.013589304763443735	0.011913068879775328	0.013171545442692157	0.012294906987531471	0.013342487962101296	0.012419874728435618	0.012930455253764022	0.01244574095214246	0.012921471389823897	0.013396962174752511	0.0124088979836671	0.013297423449505092	0.013148860860882532	0.013675717649213945	0.014054924613307736	0.013306794519327689	0.012570875415537992	0.01261176153921609	0.012788186762587526	0.013822271475397328	0.01285276748661005	0.014250686155690782	0.012914081748629831	0.01259053116058916	0.012173728326727203	0.013308743351658173	0.013168582250958745	0.013572373239419185	0.012704488749333014	0.013009717639003953	0.012253148730448464	0.014933877293343268	0.012248273461798576	0.012824180798859325	0.01221431928924576	0.014239487551882968	0.013364356384232936	0.012003721134805799	0.013649060976377837	0.012681686472732016	0.013449701175695985	0.01213399213799581	0.013743133379362695	0.012974508160594471	0.0133777778603971	0.013420188127877259	0.01409755753641269	0.01319545521848985	0.013426410518154592	0.013588964815783392	0.012754035228774599	0.012460758205485438	0.0	0.012179408343245001	0.012699609021754482	0.012803943432875227	0.013677773574405383	0.013750853864931386	0.013101955023763932	0.013130210705062094	0.013369320804411375	0.012172050816293953	0.013491700507729711	0.012699996487081928	0.012675875678109688	0.01304528352764538	0.012431739143403075	0.013079017743942833	0.013581607106363351	0.012823046276310939	0.012641134451053103	0.011398888990512938	0.011444856138118827	0.012546025082229784	0.013188849704670637	0.012350305079069146	0.012291198397842871	0.013532483959170095	0.013511582302951236	0.013680778337968632	0.012184132878846628	0.012746165439735413	0.01271457751546298	0.012318313772199963	0.013332614635237378	0.014401505338247259	0.013983922870145495	0.012274786362706003	0.012046647979943054	0.01300472061458202	0.014386743054785944	0.013976214782713872	0.013471221299876593	0.012578645567526971	0.012150065046262384	0.013585073787942097	0.013106118178861077	0.01329091885772815	0.01305443102809816	0.012645665135162456	0.012016614702901442	0.01298955293934042	0.013650568377315592	0.013056129511877066	0.012990093098478565	0.013731272726909842	0.01310940840074519	0.013858538453277176	0.014434799625699025	0.01297610878571938	0.012936544673156629	0.0131499282266474	0.013054632472577979	0.012652399384757375	0.012940750459458996	0.012823353576320978	0.014501353173402938	0.013706851135507337	0.011832031870559203	0.013228763088648302	0.01285677328136235	0.01276274744266223	0.012654696178280477	0.014069730824784436	0.013059960886828103	0.01325143004635158	0.01272361106403366	0.014309423549428733	0.013861968138897712	0.012512182992382546	0.013794676238204852	0.012308370391439574	0.013005630913158914	0.013311366600331902	0.011394607899296196	0.014293471504740423	0.01141578746770137	0.013511934287612574	0.012105236051568255	0.013186771470813928	0.012138395011778482	0.012440585187683881	0.012215227031341926	0.013173290119207813	0.013184373304823133	0.01356509114284703	0.013360934476584665	0.012912406422592107
owl	0.012148241341597784	0.012124820305802048	0.0127404662361279	0.011655239764716574	0.012393623447631476	0.013779279997376237	0.011956197433347266	0.01214697367618917	0.011724661875310492	0.013381236556356677	0.013765908456483315	0.01280428994332312	0.012597470191399483	0.012655881758177884	0.012605389973501918	0.01296107697592604	0.012977319914407575	0.013778288019959912	0.012694226839866169	0.012738267140688432	0.012053494023180107	0.01355366673310408	0.012484583903158132	0.013224081013901393	0.012923662176191862	0.013932004416754549	0.014360002248443382	0.012482022041371861	0.012688756306239852	0.012764422036549183	0.013773650755018754	0.013637379109093004	0.014060267592883374	0.011664997064053946	0.012527058318101105	0.013532674388097386	0.013158945299722549	0.01231278090129561	0.013104728960532244	0.01350899490645302	0.012208945127602004	0.013997940281214627	0.01235188174241652	0.01409285377981113	0.014397027999162955	0.013184903673186954	0.012787395066985983	0.013213285768574279	0.012807184071453492	0.01200261191772825	0.01260464248546814	0.012612056294101956	0.011912832873019872	0.0115425024075229	0.013386826651998425	0.01330429067312548	0.012204738820315563	0.01328479633983664	0.012693991530347528	0.012036593727270666	0.01218109405366686	0.013290992814596897	0.01239517870999235	0.012312833993361909	0.012219896095113187	0.011782993190983342	0.013237755566379454	0.012588588199245078	0.011693160546582104	0.012320086707322589	0.01293660823430231	0.012600978973641848	0.012719229602739935	0.013237566912309207	0.012686828927925293	0.012957295332786521	0.013283493278611572	0.013481586942046129	0.011496005476547918	0.013813634828091906	0.013975137237593367	0.013064118635573432	0.01248174628640842	0.012835909296764963	0.014197878768297428	0.012168679430460778	0.012158929163088507	0.012815663149134722	0.011956773249879588	0.012642678213739558	0.012757623161141627	0.01142441613481454	0.01253354045064878	0.012352727220786808	0.01340712080975664	0.013511475384589338	0.012972009426762432	0.01304626900302464	0.013037845313938453	0.012108137458364233	0.012366494873570031	0.013931156383430773	0.011260179686547654	0.012102716457572393	0.012084620478235638	0.013617259548715227	0.013784928927422169	0.013506392486493572	0.012875842631818237	0.01181254074406307	0.012940453698609623	0.0132975676616035	0.011849563646687645	0.013330587754923707	0.012853102123586996	0.012679118436140389	0.012497387518255737	0.012016144828143885	0.012058631163528299	0.013002809599312033	0.012839098075650458	0.012695785608709646	0.012921966298736022	0.014154656382328263	0.01257374225383574	0.01366925606918383	0.01250521003197576	0.013920740096605256	0.013376200910112759	0.012884477872205615	0.01281266937215374	0.01225212210391065	0.01197576695720427	0.01308777401241075	0.01311322255924957	0.011867346734454363	0.013035802671918348	0.013523189590896694	0.01314377215606293	0.013022380086588584	0.013173585719296967	0.012619065316595042	0.012987877044193326	0.011728415303569667	0.012179408343245001	0.0	0.013810032148128135	0.012569283286564122	0.013466188922006706	0.012622407087400304	0.011023224055012357	0.012986767180106521	0.01363688398767324	0.012058441620801181	0.013496128134121122	0.012624147416996141	0.01262548373172874	0.012145330023605714	0.011385974065021847	0.013464962412412376	0.013347680280457758	0.013865965098833692	0.012347034941622348	0.011962011665783529	0.011744624432792242	0.012793912562817637	0.013249495228149081	0.011721068003274281	0.012295697865807191	0.013244186759954289	0.013598869065551931	0.013163117873561427	0.01139745389747375	0.013224264238031738	0.01183726138918978	0.012694265808559606	0.011903480716934057	0.013529948236028027	0.01294888566457679	0.012121829410460066	0.012916547549742433	0.012499041287146281	0.013858533380874831	0.012344256979292806	0.013774706248152564	0.012874118708208085	0.013581926969007705	0.013022751270814299	0.01315729397752675	0.013999446226826353	0.013002905818763318	0.012824764415038064	0.013023798174663447	0.012806797353550638	0.013491110105636828	0.012914945997267915	0.013253052274889245	0.013803181507790188	0.013318045984803345	0.01343434391581205	0.014184975857680058	0.012923772678754187	0.012293674091495798	0.013071576088141851	0.013151543183303305	0.011723433628302254	0.011163284611021652	0.013102498583916471	0.01328497229137217	0.013360783343098995	0.010875871176902257	0.013470073066275234	0.01309708716671729	0.012237319800557691	0.012462451744615877	0.012556553732350826	0.0134325339278745	0.013220073004826334	0.01236281014543777	0.013489409019841263	0.012439482917485298	0.012737864364081615	0.012826432393059955	0.011721097136521101	0.011975923272097155	0.013044466648042327	0.013014177793743373	0.014601380697563391	0.011487814885697157	0.011957752200370809	0.012302661928148391	0.013234471921465284	0.011867236472124785	0.012908581120180635	0.011322561725720603	0.012055531806316886	0.011889812344129922	0.01242863710945708	0.01378990464878446	0.012403413794070834
oyster	0.013264631162539706	0.012368946694832678	0.013791449436914998	0.01385872056629561	0.013333862121018183	0.013274850788630145	0.014007384522723789	0.014381697491229114	0.013256281592234185	0.013252789851301676	0.013708831294475745	0.014312352393259906	0.01403752193882044	0.013058525460358066	0.013572554702861638	0.013534231713976086	0.014688438941936064	0.01363158481185743	0.013918674124454617	0.013951921255980857	0.01393594648023432	0.014313010297094215	0.013326551589307657	0.01407384413161817	0.014269977964003706	0.013526471101708635	0.014092387108665871	0.014646854776793837	0.014259224216328218	0.013952909836304239	0.01389007072429135	0.0136837301500893	0.013117336228200167	0.01379457471492612	0.013700764131871386	0.012905639914177045	0.014370332208396529	0.014355633013502518	0.012525456139438623	0.014769140760156303	0.01412908372708763	0.013310876554881697	0.01407509819063461	0.01231820940410957	0.014743345558977845	0.014325586296519598	0.014210899842024812	0.014491812583988857	0.013017784840096091	0.013650243734158317	0.011235694811926123	0.01289179109087631	0.013494898693583723	0.01358769237369145	0.012516966857442628	0.014077171681020025	0.013365726080168934	0.01396107820192904	0.013998782102836066	0.013724771470555	0.012759288139603897	0.01424954549152439	0.013211473291411995	0.013722893985330935	0.013388114584530658	0.013138108974041041	0.013800080265790366	0.011912131165876605	0.013259478770379302	0.01325082477843762	0.012792481458405787	0.014559081957117102	0.013733532766796577	0.013268935276342311	0.012980162064856655	0.013371989971867303	0.014514820571710031	0.014399714761054354	0.014103150251465768	0.012744252052358436	0.014449051750943092	0.014494764656925422	0.013931917538299617	0.014946703238223788	0.014319612144181789	0.013971288523605066	0.01332391260368024	0.01276503605478979	0.01297848607624479	0.01473719635651787	0.013812993068001904	0.014025055396066804	0.014308613157147052	0.013246542765264777	0.01359686049688067	0.011980564692412678	0.014047625942002415	0.014308905753402998	0.013859261530046796	0.013973590637794854	0.01430336506297121	0.01403132304218021	0.014345021171557493	0.013389191140909059	0.013726330078107234	0.014725382497043228	0.0140894677156849	0.012874402873121424	0.013063278251524795	0.014139035625789135	0.013993640604501659	0.013075766546171074	0.013690879699107626	0.014292145824950737	0.014552735318580536	0.014468845419253357	0.014392017395328346	0.014157594777437658	0.013537623460358797	0.014310301769895508	0.011407589463229529	0.01255814415489479	0.013984884192150429	0.014582718129631845	0.013189758020850451	0.0137067090196181	0.01397023557534941	0.013981652830219862	0.013652739418794435	0.01309426702303123	0.014151942134123428	0.014431531929028671	0.013502413120514865	0.01371600837248298	0.01427973848446278	0.013969174837269574	0.014019942443855071	0.014589074358021552	0.014123651900878885	0.014516029516911465	0.013851979668345022	0.012223165992500236	0.014135308668153233	0.012438036712059541	0.012699609021754482	0.013810032148128135	0.0	0.014040542670742952	0.014648651345430853	0.013723273185508523	0.01360964771415118	0.013933895378964258	0.014545810852753518	0.012154758974619899	0.013578805872529768	0.01349365195793445	0.013364737264566457	0.012948382431714417	0.012394421943130325	0.013407852353170314	0.014083701388012562	0.012340736404265655	0.01353409438931819	0.013997611179974974	0.013537500417819062	0.013807677470714177	0.014157064989583771	0.013820281558441082	0.01328369768389437	0.010853525317848708	0.014781216930796632	0.013995212399591995	0.013375554337797968	0.01371961520347037	0.013993935519450152	0.0127075973548922	0.014484740665139141	0.014163448952185593	0.013661307383854933	0.014760351048567672	0.013941181554143152	0.014356073776947713	0.014647096137836902	0.013202294383090493	0.013928556355243317	0.014156403196868908	0.011656183178901176	0.014148131636095624	0.012854223077776466	0.010636617718394116	0.014206280754772805	0.013474815419337753	0.013278687907049098	0.013570579596923807	0.013635801326679678	0.012746122602223084	0.013256711309479263	0.012777388812319844	0.011317984727337587	0.014148943853272785	0.012948030783302353	0.013462249005323399	0.014806477113530052	0.013638059462392303	0.0127602333395546	0.01330872786341057	0.013618071766109392	0.013539370560085561	0.014552582304285865	0.013095617120497753	0.013765298764941779	0.013079679287737725	0.012895019118374668	0.014117930180240188	0.013384728671351112	0.013893539430838667	0.012959183504950445	0.013788739938307178	0.014382554232457243	0.013173858132561585	0.014719215507183915	0.014008713732090039	0.0141803066093005	0.013887404093263172	0.013494120237777376	0.013507787260860613	0.012652817582174127	0.014594203762477822	0.011748111237884445	0.014778103903898231	0.013145983010859673	0.013843896727777964	0.014503881453057253	0.01251299441921969	0.014284921828842641	0.01365362795621701	0.013921360558556323	0.013203284990193846	0.014797594940065526	0.013110094106595076
panda	0.013119583236474998	0.012296571835231394	0.012622025613100149	0.011484629629943734	0.013393883435078087	0.014346021290636495	0.011790684421537261	0.011574159098411911	0.012315931132866356	0.014271065431058869	0.013085152946369588	0.013685225128290927	0.01191612394058171	0.01276782968283783	0.012318240696832364	0.012853097948268038	0.011876721972263663	0.013655768055567499	0.01323035012225829	0.012473127358211789	0.013682477388750862	0.014051213204332991	0.01209842890088651	0.013553145463341788	0.01235610709013044	0.014049098009379968	0.01444142402012297	0.01248481949853554	0.012972197209993734	0.013117581175512129	0.013334761141007456	0.013929301555714542	0.01368215833050383	0.011396219301873288	0.013012765962615304	0.013017772450834247	0.01250317270771612	0.01253807539142827	0.012366966489552942	0.012531220919122212	0.011928972725258861	0.012485311499539044	0.012185680709920437	0.014846931449905301	0.013686612499758046	0.013934485870706925	0.013991664317103478	0.013939639034214697	0.012638162328096256	0.012073846514276709	0.012904523071533152	0.011438227940025929	0.013230578603360119	0.012711525721162282	0.012987099423793233	0.012083831628210822	0.013012210015894284	0.014279218450602236	0.012480678906956422	0.012122237963287756	0.012058774101428107	0.012231637084385166	0.014094328238172695	0.012650490841809747	0.011983252123930593	0.012963324033478212	0.012037405208121804	0.01346193477655608	0.011295822061738221	0.013801993771755531	0.013635156516843812	0.013854719749341724	0.013647182689151622	0.013818218895217673	0.012476430699457475	0.012754257883529393	0.01368064819604286	0.013232523838352751	0.011823692878888537	0.01348380543893344	0.014002899745156805	0.013058521523057228	0.012467956285135029	0.013607644984490998	0.014291077685182351	0.011949245013606056	0.012200232338881107	0.012151981268306801	0.012583299871098397	0.010849089832437597	0.012952256380967904	0.011663669063129066	0.01194617890675049	0.013874620668557042	0.013358967507505481	0.014118553919475625	0.011561365335278495	0.013110951938549761	0.01325211517086422	0.0130762916931774	0.012265103164973057	0.013922544200640066	0.011483915725699418	0.012325588262827264	0.013123611857303015	0.012342624013082367	0.01292612244107812	0.012284755658890477	0.012661826920073138	0.013592784119161785	0.012425080552584239	0.012298186173996724	0.010834662864685122	0.012716994104556824	0.012814656530440775	0.013243380788908967	0.01162436486675909	0.011548812553291384	0.012596006471192911	0.011788512422886309	0.012842649318996651	0.013251826474224439	0.01307885285953682	0.014851144222972533	0.013252251782677256	0.012717844412502828	0.01279086564465985	0.014296406773024411	0.01279800171588165	0.012981144170542348	0.013139769488206932	0.012591515270412445	0.010648603900523398	0.012967494493514711	0.014151986300249664	0.011875304287682355	0.013776331126752594	0.01377293543151475	0.013737683453269983	0.013991431503209133	0.013907436223973436	0.011672424044592565	0.012992610823172667	0.012506663971407886	0.012803943432875227	0.012569283286564122	0.014040542670742952	0.0	0.012753564978382355	0.013838158749846431	0.012364665200035716	0.012609536744071613	0.01301501203384396	0.013668490361326962	0.01242794226334438	0.014126305758210833	0.013229011802164783	0.011859997601960897	0.013359693886558737	0.014373252722980236	0.01228573783340552	0.014057623144853022	0.012204635290859715	0.010746774957029179	0.012996817042588135	0.01206091885641838	0.012213057680484609	0.012675913543965753	0.013309102244655242	0.012491481663556125	0.012156963744581622	0.01317625634248766	0.011380096051063762	0.01345177979523661	0.012223802510867087	0.013471562896895037	0.013222276668813832	0.013533549403064653	0.013285794835673232	0.010802946967020948	0.012978274896384345	0.012364638250773486	0.013946031955468008	0.012653164321444596	0.014160098583403675	0.012732459575298059	0.014294009338430043	0.012571951676080762	0.013574691252780251	0.01394245319472815	0.012579913026109004	0.013551468589099386	0.01247556712634359	0.013627366142421082	0.013859313326227678	0.012026158119742131	0.013768922503826617	0.01415760878831816	0.012657789599142813	0.013334876391045185	0.01355445679948868	0.01197720199956934	0.011771881776411317	0.012658555108444465	0.01329612178797912	0.012650129087713353	0.013065981721349257	0.01333814680286679	0.012960686108155256	0.012607068841821271	0.01139034206763166	0.013245408349513139	0.012498238256984436	0.013019048294470403	0.01339329948203684	0.013528419255168461	0.013773974353624367	0.013350595808019415	0.012121416277869876	0.01343040207426132	0.01241442472025863	0.011369546548317304	0.01364056255199694	0.01201671774011293	0.011762595292480171	0.012305192724717256	0.013963588463879479	0.014443813612820744	0.01177058114745228	0.012428090131328052	0.012422999705094069	0.013555458910965322	0.01175876557720381	0.012738314979873879	0.01189234157558273	0.012364516811909188	0.013157218937861205	0.01445505559897939	0.013171039552505695	0.01218546528726486
panther	0.013242706739319326	0.012797516484191314	0.013324205216245572	0.013669989853427105	0.013828119425401592	0.015051979771407462	0.013060401876603575	0.013146034025827282	0.012982569423942302	0.014429419566122283	0.012944997333092217	0.013915401853784952	0.013103472353050117	0.013324389098506697	0.013847874548695276	0.013151336323691976	0.012843745142202425	0.013938435602364359	0.012894524398506205	0.013324659077235441	0.013166732523046372	0.014443433763495928	0.014047704651346414	0.013599429821087883	0.013852550295091639	0.01333590096376882	0.014399581584614336	0.012550095687121142	0.01327381633634793	0.012794722897435098	0.013842858647170246	0.013462282079294263	0.014831452067584983	0.012541215948785605	0.01335236130340747	0.013669626492426453	0.012677126664623027	0.0128348812544407	0.014158563891109966	0.014127802019150313	0.013845983130781472	0.014055238419405052	0.013526643508813949	0.014902704515136908	0.014150431568189408	0.01267202473728384	0.013769683575989244	0.012727135922960328	0.013670988451173129	0.012819641500073753	0.013808482988017408	0.012580886020257922	0.013241440321854297	0.013724123611370901	0.014540511898208415	0.013345775548746998	0.013260075318072894	0.014442106358640482	0.013239698518207894	0.012902020299451773	0.012359046281991932	0.013320038878565133	0.013445787851006509	0.013460686041614552	0.012785995920256685	0.01202125354442081	0.013665196703356442	0.013966417794718765	0.012645339178739359	0.013657813323519317	0.013896671457843386	0.01281277063498878	0.014108138394356125	0.014376525806588143	0.012791306833520042	0.014072426768750092	0.014438007211058574	0.013404178176999739	0.013663454802798293	0.014992595961670878	0.01454941495505036	0.013444312155192421	0.013819924530878309	0.0141416923241497	0.014550134549682056	0.013482228460613983	0.013596156763203297	0.013904923710982344	0.013777493460451793	0.012957625456604038	0.013475409915683705	0.013023953392090983	0.013620094383250052	0.013950293183689046	0.013713840725038702	0.01439288919050566	0.0133492993676371	0.013698150229763825	0.014154996292359617	0.011136798148781652	0.012919912299053178	0.01378183600852567	0.012558281966488455	0.012872597648151447	0.013985157705776656	0.012163064071918916	0.013145959494135669	0.014008205920751972	0.013692448375315098	0.013415756998400244	0.013822399566203021	0.013920787307052348	0.01322779338801655	0.014007194986255342	0.014053627292315816	0.014194672211422604	0.011896798950115726	0.011715802730582887	0.013438364530318684	0.01341454960385575	0.013876814777143252	0.014422760847193763	0.013112555088008137	0.013857172651123888	0.013580393519402434	0.013196869171137637	0.013954160603030777	0.014191928517550276	0.013598068356605231	0.013608361991018945	0.014020948710568415	0.013156854721314773	0.0120798844882753	0.0136777861829739	0.014535663331429551	0.013465159912226753	0.014142026663585806	0.013678296709358018	0.013874976138524555	0.014607419210109709	0.01404343890903538	0.01346554212583684	0.013977651200654124	0.013759922193307395	0.013677773574405383	0.013466188922006706	0.014648651345430853	0.012753564978382355	0.0	0.014007913525676352	0.013273415611568576	0.013228810808161871	0.014361528414835368	0.012861583058756709	0.0136785285290648	0.014830481126140412	0.013609370415628668	0.012949129728133177	0.013546217115238204	0.013882977804267187	0.012174974896236326	0.014658361771329016	0.013104894676858285	0.012670063904121755	0.013711929106428036	0.013001515853319965	0.013140917018322248	0.013477738943279211	0.013747984941202164	0.013862504291074688	0.012569463953221963	0.01361061305630858	0.012665341981179192	0.013200859958180171	0.012837001708037	0.013048426052159225	0.012949488333780625	0.013645330592596226	0.013976077806677917	0.013252045170776848	0.01385435001226569	0.012146945382968899	0.01391480183279025	0.01339648920173222	0.014574946572223335	0.013454765316324087	0.014225733059345332	0.013457613223199967	0.014134294917522843	0.01486245944683519	0.011155293990646237	0.014552729724624508	0.013769237080205759	0.014072155272114995	0.013736578473775646	0.012104939985392043	0.014023580913518501	0.014426462786256717	0.0144523200493509	0.013191581167724337	0.014295978647742274	0.012855132351191824	0.013383766229337589	0.01325629801713612	0.014753930805510804	0.012718472794506542	0.013063782513317737	0.014683419816036668	0.012629513881485468	0.014272227845074058	0.012656869588069684	0.013544326594185458	0.0132007322634492	0.013321207840675501	0.014187891254853112	0.013722636787400776	0.012731595889982256	0.013757929279180499	0.013565193382838878	0.014847379856744534	0.012553216151282054	0.010750319733091991	0.014319427412118908	0.013220350965594034	0.013868765982296312	0.013505908335902666	0.014218391659878	0.015115842611690527	0.013106646924773833	0.012771211466222464	0.01348663963497826	0.013343572404368523	0.012936825593096701	0.013460068322511964	0.012233126754902157	0.013816981382378635	0.01349720827381891	0.014805041881768989	0.014132616801521914	0.01278788433169777
parakeet	0.012611239018125876	0.01369984838101927	0.013718885759544745	0.013131821474445426	0.013080785528095582	0.013563673346215808	0.013269938273738922	0.012596344436975587	0.013909779828176738	0.013332407639220192	0.014272213689864673	0.013391305372226985	0.014150323319414532	0.014511336533157362	0.013568181438078251	0.014001908708440486	0.01315221205091713	0.013982176479433499	0.013483485632522245	0.013633302380716375	0.013213316385714869	0.013712625657984687	0.012891684173793192	0.013296020793359347	0.013814894132514577	0.01458076017425584	0.015463813334050606	0.014032862599998046	0.013479035666819461	0.012353238722141223	0.01389791406657284	0.014044051765024988	0.013831679133862747	0.01353687544500204	0.014054415245893763	0.013377154054545785	0.014146134260423583	0.013044652279001536	0.013987626148104006	0.01363632602019212	0.014241210436831854	0.01320836267030837	0.01314676941502753	0.013949964989426864	0.013350437102476832	0.014281044482212967	0.01186514290882349	0.013629283791542126	0.013799544587715233	0.013966583145215164	0.012914706503725157	0.01314193650420458	0.013370816654015951	0.012509193403000544	0.012871143689992532	0.013389941935149308	0.01333212684627155	0.012795772679921784	0.01375523380734918	0.013574790315774181	0.012739947647528066	0.014445523275205336	0.012857584284079538	0.013070025586449851	0.01358047012479104	0.013140318757247155	0.01408503347750804	0.013171754431531301	0.013233009293701834	0.014265425701784778	0.013913059924413334	0.014514894147089253	0.0127823371917886	0.012977340638773807	0.013400499400378536	0.014210972984711516	0.014604472694578456	0.014792704993899062	0.012818244696005034	0.014234804476476928	0.014340740538254636	0.012931074539088943	0.012970625768800264	0.012757217877810857	0.013803404555952628	0.013004798488458851	0.013483620878261939	0.012939499597825928	0.013128397308503632	0.014113713652411881	0.013528429210942543	0.013812866257192484	0.013662699362859472	0.01255549067518879	0.014623063444500923	0.01398673637431681	0.013858403738682568	0.014693666877919056	0.013212814510987237	0.013818894321742816	0.014084178451663109	0.014382418310807216	0.013351442345077433	0.012589693011381511	0.012968186579321118	0.014289361953967166	0.015325045979221314	0.013449887841188184	0.01384462131584046	0.012937601186858948	0.0133400389700806	0.013248358577942264	0.013267082416369612	0.01417373603183688	0.012394736496494052	0.014224781191499457	0.01319136152978144	0.013408167983063378	0.012892377173386631	0.012847110370467868	0.013274485057473044	0.013177797125803869	0.013673548966775737	0.01462915504251034	0.013302472936371889	0.01439981728444777	0.013426853477744272	0.014919257220093619	0.01338140779751976	0.013660907065002132	0.014072901007990175	0.012948655082015625	0.013170583160729325	0.01497615677108914	0.014081801952981502	0.013893064312986394	0.014586609623052693	0.014386429393435343	0.013244583974951622	0.011669807066448313	0.013358516572384927	0.013590143947044655	0.013211639187036018	0.012173368868317356	0.013750853864931386	0.012622407087400304	0.013723273185508523	0.013838158749846431	0.014007913525676352	0.0	0.01004474930039636	0.013240005382816581	0.013154383429319162	0.01350052104477967	0.014017919160832218	0.012806002875972661	0.011284554466535144	0.013824623468086876	0.012291943504928656	0.014443186867400983	0.01504331642950722	0.01356854768370036	0.013301218240813676	0.01386340377062117	0.012643312766359254	0.014088809329640404	0.013218293701729817	0.013781215229931334	0.013184488746172486	0.013389265453310933	0.013937132666780726	0.013358965899576398	0.013765886687681316	0.014244789022882025	0.014082988135667758	0.013009242799356868	0.01360538599116354	0.014717877365065335	0.012446430306282745	0.011982164084349252	0.013969302106608229	0.013042776499088377	0.014913429272038887	0.013772522900776893	0.01403700934394433	0.013024989500473823	0.0138080385585396	0.013916470056710675	0.012488258680140963	0.013234152553092491	0.013679872821991108	0.012255039271420007	0.013467244574515303	0.011689547435105179	0.013717199207203545	0.013774479489921419	0.01380676113938307	0.013865055544476012	0.013434540675108818	0.014699011049585285	0.013822415954307657	0.013727267791376436	0.013070608033861146	0.014283500689634776	0.01352795049559032	0.012856377537812068	0.01295593852077931	0.013343574473374573	0.013894522631875083	0.013556327970520747	0.012354100789212993	0.013311089803718024	0.013168395934312606	0.01311442727856208	0.013349301576445276	0.012199710953662148	0.014556567597046719	0.01425806573056778	0.012172530854813804	0.01394369492390023	0.012921606257149594	0.01396555958689199	0.01285132033725343	0.013266239629695413	0.012506415081325646	0.012189720733913074	0.013297860096056928	0.014841620997736133	0.012197210233592276	0.01284203899474335	0.013931478627511849	0.013375689871232324	0.014417423873887092	0.013689862080163668	0.0145742174712687	0.01354482660534283	0.011664090304013696	0.01298799172635831	0.015177221132896782	0.013286667923474972
parrot	0.011445055555514916	0.012330267456801755	0.012768853732110102	0.011698342755607171	0.013390010999283254	0.014231605667344178	0.012473776449644923	0.011530013859862404	0.01289071720498187	0.01287020115079686	0.013680504665951594	0.012361894193492104	0.013375554262326297	0.013842822603444264	0.01266853652529779	0.012484664076729884	0.012301083681119103	0.013458504810741505	0.013797066936161109	0.013466043284445919	0.012486275935164024	0.013852381435623782	0.012437566013005757	0.013132772582342904	0.013064247176530631	0.014755801004469334	0.014971845494947025	0.01306117259217509	0.012453888306444155	0.012156643784479242	0.013171738863183046	0.012671353650426377	0.013621342083959296	0.011474661860347459	0.013354883983977137	0.012864056237279351	0.013535346789111922	0.012506009449049218	0.012275641545622624	0.012433000004206368	0.012939279230117983	0.013334408550729085	0.01169033519361983	0.01401655750254242	0.013412997278993975	0.013860623425638945	0.012104591591811226	0.013356445862623556	0.01284541738190086	0.01297097763926557	0.012338895853877157	0.011306860364987997	0.012277546478578647	0.011086405710371892	0.012598011776036562	0.011769587059551308	0.013068097160342582	0.01315469529358493	0.012692883065012322	0.01125102482044322	0.01204507419285775	0.012825227306895538	0.012199151834230107	0.012039957027430003	0.011709654173268483	0.012656085199774085	0.013186804513555993	0.012784437263418632	0.011552225596358405	0.013981344009849303	0.013882060582707315	0.013580572405814251	0.012300689038814816	0.01325998780773452	0.012390118676127009	0.012995707773760577	0.013566517033707017	0.01397334057936785	0.011684418698534921	0.01421495563239293	0.013795133720654607	0.012814669414155735	0.011873446005312593	0.011785463396977773	0.01343117224256309	0.01163882693504385	0.011999851136973074	0.012401409783465354	0.011788152980589018	0.012501401276090413	0.012484924915553024	0.012648958840324256	0.012015994891698245	0.012208421285107957	0.0132033035870615	0.013651734612822302	0.012455905830047149	0.013530884221770078	0.013139136826732276	0.012614678537465219	0.012775378688308484	0.01327615987906337	0.012201884223794575	0.011196240211048218	0.011896868424789531	0.013957443592797922	0.014100985327237725	0.013467519390945497	0.012279816779847352	0.012208476823361021	0.013143634013472093	0.01238929524081761	0.011540058449655673	0.013180300457497738	0.012171803528230267	0.013214030359324686	0.012796676613189064	0.012146388363760858	0.011462429578516332	0.012061111993534086	0.011962751563752061	0.012450669156275159	0.013658951651549482	0.014766098334923466	0.012796908149273208	0.014006183648684958	0.013126250786473727	0.013642927300121028	0.013172976093231183	0.012753996634464833	0.013386757931740037	0.01195616729963544	0.010819804382468448	0.013871857282769889	0.0135117685881052	0.01212181972130906	0.013656040063559034	0.01365300956881196	0.012902816906980667	0.011914515410828407	0.012938685156619098	0.012232190570826506	0.012816709405983973	0.010905305487145472	0.013101955023763932	0.011023224055012357	0.01360964771415118	0.012364665200035716	0.013273415611568576	0.01004474930039636	0.0	0.011907318880398931	0.012390352027954748	0.012125452760281479	0.012710937295014189	0.012318255477679545	0.011580814688635368	0.011730010389363476	0.011230954707091755	0.014447835163129192	0.013610409784219178	0.013096436038375053	0.011812632659582288	0.01240604178006868	0.012512732720661108	0.013562693814375327	0.012121719465786815	0.012816040417796725	0.012844920233245915	0.012200524819766523	0.013181118334225004	0.012469040559677154	0.0118883193650301	0.013773823258459399	0.012155106612057986	0.012755446470507671	0.012600817424551238	0.014644006453043605	0.012904999323849885	0.011841460462368433	0.01337275591894731	0.012304914759826611	0.013882373148155366	0.012545524970527579	0.014164475272141592	0.013235011263838102	0.013653165554729348	0.013306675316395908	0.012559031091075215	0.013346255208916549	0.012727230211755702	0.012586516247687238	0.012669291549921899	0.011756396855893953	0.013872839604840476	0.012372443504065127	0.01273968899555896	0.014069962680919122	0.012822527242139498	0.014495868798169158	0.013789755178483914	0.012520012158178766	0.012371252033394573	0.01341196198838969	0.013177372111886331	0.011826461543520728	0.011051414801213957	0.013052031373641136	0.013291143019880405	0.012877755358210561	0.010834762045007478	0.013260185478756943	0.012985493496643605	0.011561101644311013	0.012418036367762963	0.012220815328401802	0.013135146336796268	0.013796897530976612	0.012145070016876416	0.01323075863596533	0.011987700566058359	0.012772476610886202	0.012291431214745073	0.012056310379534472	0.01154227416707559	0.011364330654659673	0.01359095146136934	0.014701558984439084	0.011244394022150413	0.01132704286348585	0.011990355293984038	0.01325964895247202	0.012526420659926122	0.013166382934335395	0.013586345452683753	0.011956366689227206	0.010914168068334361	0.012810175120584006	0.014146754046231542	0.012513268054949796
peacock	0.013038626550206092	0.013023459250774224	0.013312212542814719	0.013288880359552868	0.013339828027607853	0.01510834305586535	0.013502836991906918	0.013214327825333777	0.012703576031217734	0.013679086976144377	0.013136793872403305	0.013817471552284837	0.013126046076424907	0.013277972591335518	0.013092078219219951	0.013896052076222815	0.0128743560165065	0.012984969544812631	0.014057418724752453	0.014301392489345754	0.012019321742723016	0.014020891542010512	0.013544909224670342	0.013714433818718334	0.013528258724615603	0.01347823204766145	0.01302162322602677	0.01398629340462021	0.012253279301512645	0.01389883259791309	0.01297447684407371	0.013763733109915174	0.013852294197966207	0.012529494093379659	0.013311143867789336	0.013401795443631919	0.013583391515034272	0.012785196691919349	0.013129389145596746	0.014024982803807129	0.013900668703220353	0.014202794432970183	0.013467428724085352	0.014981402561014132	0.014457829187348115	0.014028235932210784	0.01371069732740356	0.014042875271514921	0.012857877600692715	0.013539499920034606	0.013480258990459964	0.012291864986333502	0.012311921703136417	0.01193645535023909	0.013439329260120569	0.013331052563629446	0.013116353067004009	0.01430741167492561	0.013786005446602084	0.0132257911675955	0.012244288581314197	0.013463672995958288	0.01227902803631753	0.012336755585543417	0.01238036603458584	0.012715681005637762	0.013636129095947722	0.013447924234659734	0.011613004879996844	0.014108689507770578	0.013327250855540408	0.01333644066322616	0.012327155562269605	0.013939322547220356	0.01276287344686526	0.013725240830610459	0.013778440961067734	0.012501058836170937	0.012484372064313012	0.013642997506470458	0.013555908776319356	0.013398920720117575	0.01323504545289125	0.01382560397311601	0.013056276933613975	0.012904390550422837	0.012552134478576973	0.012657657061126138	0.012267232863478927	0.013778651073489016	0.012622894793440385	0.013856157935966546	0.01380927060908471	0.01326482660107815	0.013521766023204868	0.01433074078174062	0.01352056011565052	0.012841718432324019	0.013606522680163683	0.012894227665745685	0.013648117661324883	0.01314110505696679	0.013208585282557401	0.013499995833948373	0.013343248698482276	0.012772185331066286	0.013084221546281307	0.013328495714097839	0.012825498888580325	0.013066531039180304	0.014318145866773975	0.012409894472854675	0.012745696877559533	0.013611807077387395	0.013472791956856562	0.01363051555332642	0.013312508382986001	0.011937098685532858	0.012722214661355863	0.013501941604039534	0.013287605018534787	0.013973220439715781	0.013867638780834175	0.014516355799703886	0.011663236020210908	0.013697908856127768	0.01376467783658314	0.013269846931731645	0.013558395367343117	0.013491925365395101	0.014014028318239734	0.013264620437020742	0.012332525059427134	0.013793058671771809	0.013698423409845902	0.013471048372679404	0.013319803285432452	0.013939873322253686	0.01222317720434887	0.01338553038112941	0.012821624915254877	0.013746801608922428	0.0137085843962244	0.011766326027715334	0.013130210705062094	0.012986767180106521	0.013933895378964258	0.012609536744071613	0.013228810808161871	0.013240005382816581	0.011907318880398931	0.0	0.013301848841800584	0.01272728999328507	0.012817192170948849	0.013319072169322474	0.012139858592174604	0.012682482047004279	0.012487169785376806	0.012841801684119834	0.014042659688052446	0.01373400401922941	0.01269600862447915	0.0136115221498439	0.013710381498512994	0.013423064721310482	0.01266868314266422	0.01346150303380711	0.014466855082912298	0.013002033191658692	0.013420314900756571	0.01335904755130888	0.012786662759176835	0.013944742706013402	0.013893977518926697	0.013235630270533351	0.012335203869481542	0.013457128179085554	0.012645301096723039	0.013930417043311556	0.014136076536426227	0.013148277804016832	0.013651197175234579	0.012286119560046334	0.014494661473295653	0.013384247099061592	0.013185315034786179	0.01427692622883496	0.013113083636623987	0.01414490138530762	0.01330403986755252	0.013981002862596117	0.013353916351587265	0.013441996076123383	0.014072339890460724	0.013475260111478466	0.01383178074244237	0.014683326103164284	0.013998123608851321	0.013817454239300126	0.01338842679191451	0.013639700230803263	0.01294076358530245	0.014534554202165005	0.01405148222538879	0.012383726365225866	0.012356279698016013	0.013717686966354241	0.013891210856971304	0.01411364805565757	0.012974245147303554	0.013691358011351695	0.013635933884479283	0.012877408101589119	0.012104731560058661	0.013026395192440239	0.01146446223673464	0.013122713978944968	0.013665699970171849	0.014286003930350042	0.0137597231887552	0.012305144644096606	0.013720057156333627	0.013309749509687547	0.013054352932922715	0.01292437783221696	0.013932838723116599	0.015299867338605375	0.012768342729835389	0.012805430658199161	0.013099945924103563	0.013760726218669653	0.013614513862739286	0.013170535679981244	0.013157495310175063	0.013053157477284643	0.01369614152773086	0.012322159761034377	0.013970883139717803	0.013204553767954263
pekingese	0.013540374065705962	0.013093762902390622	0.014265338788915925	0.012593139621790893	0.013471857675375494	0.014688885773569244	0.013434417150943945	0.01278384789683471	0.01307293541864631	0.013397628943668296	0.014742401268311984	0.013868375092437489	0.01331569409803026	0.014622359924413277	0.013844697298709092	0.014123610214479389	0.012699049590150084	0.01336192869197419	0.013766127661817609	0.01314680091644932	0.014476505722120092	0.013995472156416151	0.013163383500901751	0.013953991542204624	0.014019748568879236	0.014777554943133746	0.014981865609616314	0.01395780075982785	0.01425048045636425	0.013633349605753426	0.013147818584040334	0.014736083780699592	0.014518773228684535	0.011272129733213208	0.013910294769224858	0.013897595915473309	0.014125326221984098	0.013458639978849073	0.013084861695399831	0.01337116307696675	0.013557856898029741	0.013510480494135444	0.013126127127134781	0.014483560733390646	0.01349059966845969	0.014659171552310937	0.01347255263463272	0.014235121685398033	0.012716731131377152	0.013988324516992225	0.013428683050862778	0.013037636810975852	0.013777611436089503	0.013293791928850482	0.013715804573906691	0.009617131361767655	0.013668752979169084	0.013753881054832664	0.012347836350923966	0.010837337782838434	0.013346131758264006	0.01303042054387311	0.014318492275709058	0.013834054384153244	0.013109385204876842	0.014059341082441265	0.014058266210416327	0.013747016989258974	0.012595076312197397	0.014381694657770226	0.014173959129814744	0.014370828301805772	0.014636043194428896	0.013331735372813163	0.013801353251460802	0.013117750228465579	0.014232944360424825	0.014525094855788201	0.013340881054115898	0.014613492444759154	0.013860867870899424	0.012837790998191434	0.013984333437517846	0.012512328524826448	0.014071199360235964	0.012286546811645588	0.011869720365519114	0.011674904734303033	0.013095939596496298	0.012931337623566104	0.013802008472945803	0.013335652658726547	0.011872037811840916	0.013781675853995812	0.014153716324571235	0.01422437370962034	0.011213262570568696	0.014148077695732189	0.013858376281431104	0.013695188328880321	0.01309743246051822	0.012557164450859321	0.012938352741447976	0.013989264535968486	0.01251594334835838	0.013665350108510953	0.014561856967725939	0.013712018341495958	0.013413633785697978	0.01365917139834022	0.013325233074756986	0.013484613434793761	0.012664938103262906	0.013037800297671613	0.013431003096886756	0.013601633742117187	0.012519194867037365	0.012977027724256636	0.01307227478776171	0.013443267507464818	0.013633642970737589	0.012639385367092361	0.013570127651109366	0.014962332743497769	0.013879020960713393	0.014271748597535144	0.013307321478728502	0.013505139461783881	0.013885918860973321	0.013056534920124662	0.01350573627857673	0.012847489060472268	0.012730969535350023	0.014136193781111066	0.014983352005215209	0.012902846685875512	0.013926614943120377	0.01375630160795967	0.013557270129836763	0.013804870814552022	0.013933602560792069	0.013534431457801963	0.013591999011676703	0.012612325715290267	0.013369320804411375	0.01363688398767324	0.014545810852753518	0.01301501203384396	0.014361528414835368	0.013154383429319162	0.012390352027954748	0.013301848841800584	0.0	0.013855743110720489	0.014028853433908962	0.014345378978087747	0.01250461800675208	0.01193743650581181	0.01301751306074976	0.014879294303447485	0.014751058984376833	0.013671468833938967	0.012166425086200815	0.012937433636169463	0.012523954169957744	0.012323446174665766	0.009563071681774601	0.013834453754967285	0.01379072133195957	0.013545724939528324	0.01371568689303761	0.014411275723248433	0.012457054318072798	0.013371805222804862	0.013239795794118731	0.013734232001915054	0.013782113655542166	0.014713794878901837	0.01393075433870636	0.012070458075164612	0.012979826391386489	0.012988563453610696	0.014213056544832594	0.013069842244388364	0.014386882518652078	0.013585211312705925	0.014665599139583872	0.013930398097689216	0.013622827103785727	0.013951253016590304	0.013739140071983728	0.013904770452958763	0.01294496158600438	0.013282857025353992	0.013819555746636	0.013705121260923082	0.012408363228388732	0.014734217554889573	0.013675223089638493	0.014700941620657475	0.013962658412433772	0.012601095850424801	0.013362623362551802	0.013911529634375133	0.014037707548213447	0.013133619293223556	0.013702747938079329	0.013166625377864167	0.014006330034732443	0.014132992667856076	0.012603807058392019	0.014076850354555416	0.01338716716602706	0.013207806633547719	0.014023851400886822	0.013688218210883707	0.01437287486237434	0.014944838968176357	0.012293395264333463	0.014942162664114807	0.01338479539963773	0.012860151885252295	0.013718844883328364	0.012891898066696534	0.013223205897692308	0.01331825652532259	0.014212178225616951	0.014832992237790346	0.013314417508212478	0.013882411524618936	0.012645496101626066	0.014203184614045634	0.013093540995524025	0.013969709544911623	0.013447279422459277	0.012943731904407056	0.013321051388464622	0.014286254617689988	0.013787531637636442	0.012772531404758779
pelican	0.011746286227179334	0.011841122848008985	0.013794923165770174	0.012693305821257151	0.012629479361412661	0.014646208771482493	0.013190694151504076	0.013497272467285954	0.012181920356117476	0.01292471273024165	0.01272690622111245	0.013747831902715758	0.012663665112949777	0.012562140591627033	0.014069127643136836	0.013463597510233231	0.013771628477890452	0.013683473022088522	0.012790057398704811	0.012614521390453605	0.01218214751818804	0.0140227521177851	0.012622846260367037	0.012965929774008208	0.013709607617156476	0.013226461211193528	0.014109184668036255	0.013432770333541589	0.013088376218805287	0.012441161304435469	0.013405494057427048	0.013234020654403851	0.01375751381025191	0.01308923756165094	0.01315672685653954	0.01324435321312655	0.014047072206184183	0.013236354292611245	0.013190559503215248	0.014289529211951204	0.01330218348932787	0.013630823725343464	0.01298570827602662	0.013603326279928232	0.01391835520371935	0.013597116646111233	0.013316694021346926	0.013466349871508	0.013580536484715529	0.013196776749063686	0.013163997545055038	0.011938423457436254	0.012525164829151957	0.012769716223066566	0.012791658565166321	0.013009407815807015	0.012433767091972353	0.013978396551990228	0.013109925804225413	0.012912759853380815	0.011619752122249548	0.013876605072425597	0.012323617095582336	0.012188176169564297	0.012110623570589845	0.01172694511790706	0.013909343462689558	0.012485386090079782	0.012503538316858116	0.012471099000644081	0.012952026688305598	0.013132671706743853	0.013218601130386748	0.012615368668284263	0.011171831907737715	0.013345766351593867	0.013514041745632678	0.013597138922068484	0.012862954533590232	0.014119123737819362	0.0140078162327749	0.012919569324175716	0.013378690345588846	0.013432476615391256	0.013927629161587034	0.012239760626948233	0.01282681915517326	0.013046595383861962	0.012279014728668729	0.014136636531239293	0.012920609040173246	0.012479548155013492	0.013561650820542196	0.011821143637089979	0.013711199729599596	0.013195225125041083	0.013574357171682663	0.01370081923998852	0.013676173231910787	0.012548211516885734	0.013231232297518436	0.013191292160950824	0.012973614883038012	0.012719952375761245	0.012840784585789996	0.013722004052487378	0.014201452597595109	0.013184705977865559	0.012137588045520797	0.01193344663085697	0.012847761201052355	0.012828477793753394	0.012432660143551712	0.013935657713999062	0.013654268278285754	0.013414250269726426	0.013446285969693703	0.012651054419388763	0.012682659494506573	0.013662602605177676	0.01239526795730416	0.012983921413529357	0.012957087482852342	0.01461573956196634	0.012147543933942519	0.013071365915493785	0.012766198677446359	0.013879156523532022	0.013436415085055378	0.013392476068195453	0.014472490108548137	0.012920057686372239	0.012975431856722553	0.013362606322815775	0.013958940168891886	0.013694165575704353	0.01399761989471937	0.013584496754238135	0.013394219209706695	0.013319589091281272	0.013362219894713014	0.012729216237265615	0.013583849771373706	0.01232281555692358	0.012172050816293953	0.012058441620801181	0.012154758974619899	0.013668490361326962	0.012861583058756709	0.01350052104477967	0.012125452760281479	0.01272728999328507	0.013855743110720489	0.0	0.011862827197198958	0.013053883750082927	0.012523471786991513	0.012921126274212325	0.012059771998132353	0.013578737874725792	0.013147227566947906	0.013163257223990452	0.012248337920485243	0.012441040697382055	0.013203135205597485	0.01311103893993238	0.013083454231977711	0.012583892596406996	0.012782773011756256	0.013182104128789918	0.01351674495737883	0.01369547798339869	0.012852570566688733	0.013388335090668778	0.01331562324905601	0.012258720345141255	0.012598612473769186	0.014496485611199534	0.013390186812264789	0.013503108315833526	0.013568390911078946	0.012991735381410503	0.014514251684627033	0.013089963479212683	0.014823285271941362	0.013460090649751663	0.012885335559737612	0.013842439111018129	0.01289328033622538	0.013041915323672115	0.013184091070919814	0.013340996443696001	0.011630290689837808	0.012845001966246303	0.013160546223363313	0.012392440985270916	0.013691625293062067	0.013366156420369259	0.013436784918070023	0.013526527269723011	0.013802315228883312	0.013301434031814809	0.013411126139827504	0.013674148276507059	0.013675147941575674	0.013007785284504764	0.012211350433394625	0.013232666280552504	0.014107025763308507	0.013375526153256908	0.012193762518212243	0.012564729362871362	0.012738741804992253	0.011871991367233098	0.012284298145967026	0.013169244825379092	0.011766689510104577	0.013434390243541589	0.012666092778132436	0.01395330669905171	0.013622561445788897	0.013035431887197007	0.01389199618050647	0.013093488968614422	0.013258222031323666	0.01222368452248493	0.013339879023370018	0.014499101489424014	0.01173286128260691	0.01257264937540136	0.012548334063832987	0.013150145839008167	0.013314958442494942	0.012191638525781381	0.013257695629453236	0.01228875063859737	0.0130436291108798	0.012747379575169528	0.014081346681021845	0.012204509598058822
penguin	0.012881098044888685	0.013625629268900803	0.013410585357996132	0.013310459305705832	0.014732231285242694	0.01486630866526329	0.013539051179464806	0.013329009384628806	0.01306649306576795	0.014506062251338612	0.013422270118819397	0.01395008676762063	0.013223985767527232	0.013769200575557932	0.013765127465148335	0.013850149706033267	0.013508133128009072	0.013651277795700679	0.013821076551884103	0.014286413177998551	0.01310758283789985	0.014090618724822614	0.013019890774084622	0.014110883694629161	0.013233784264274769	0.014306046708324433	0.014374541568888687	0.013345312257103024	0.012970302877911339	0.014517973592204332	0.014371423592247362	0.013673282967291069	0.01492022126348864	0.012404776397544597	0.013215686091088495	0.014426664783441545	0.013505560832409634	0.013243479720344929	0.0133898374725559	0.014038646100352888	0.013756120390935085	0.01400119775688139	0.013134922135293858	0.01448330995752762	0.014120810172657821	0.013996711620225033	0.014348468528278637	0.01418081634866414	0.013683600069633374	0.013407669041421398	0.013071255451990305	0.012569384816519329	0.01320707890270987	0.013212182028821906	0.013637824539109169	0.013847130781292407	0.014001774105070398	0.014096147590879692	0.013366336512566817	0.01276308484188148	0.012549606357111833	0.013423140215437033	0.01326022907095888	0.012714583423443039	0.012987985274427731	0.013846526086753843	0.013814081763914061	0.01409276802544416	0.012629459709634677	0.014816403866020395	0.014090660451682327	0.0141133789813201	0.013376138459285081	0.014244567525451534	0.01230513923705853	0.013692692848795061	0.013750644514297172	0.013785827313437995	0.01289940628097239	0.014232638813853647	0.013551631745112147	0.013856317327697898	0.013208539408966073	0.014027553074664821	0.013724222157557168	0.013010838622543217	0.013899542962157743	0.013277559106920323	0.012763165563967895	0.013082851221695757	0.013649045620220884	0.013428459378712003	0.013722935958859189	0.014002289184183891	0.013468372512790656	0.014237218354101602	0.013520491455911143	0.013641758498417773	0.013935265362116327	0.01370499591049773	0.013349346724991613	0.014460906873815215	0.013000790915885563	0.013349429450201417	0.012720089908157648	0.013973409910921853	0.013334740685271818	0.013124259886323835	0.013235832908787007	0.013386304909949283	0.013814034224326501	0.012769760586109857	0.012508033628271695	0.013355235349828973	0.01443227496729107	0.01328195518819567	0.013563069964598018	0.012768764916649602	0.013347490054745378	0.013893701782423707	0.012662930812327469	0.01365309318145937	0.013679433950255384	0.014686720874328884	0.013511310135134123	0.013093305480699624	0.013565359219322289	0.014071179608143684	0.01383902618105498	0.014441524830849296	0.01369937450390226	0.013663233570081635	0.012106941937246742	0.013975968604813111	0.014600413313839095	0.013080409664055472	0.01473412469014131	0.013834636883954657	0.013081477601224988	0.014267808317632627	0.013807865935426506	0.012681924433650363	0.014126348396058426	0.013148119833050502	0.013491700507729711	0.013496128134121122	0.013578805872529768	0.01242794226334438	0.0136785285290648	0.014017919160832218	0.012710937295014189	0.012817192170948849	0.014028853433908962	0.011862827197198958	0.0	0.014291169335661404	0.013575140641657822	0.013250142716121526	0.013787822525424008	0.014119187509424914	0.013320072694331584	0.013781236908606269	0.01282547266715962	0.012489481787332692	0.01400792990049222	0.012943227019148287	0.013578619357667925	0.013506578313175028	0.014085721155594389	0.013205363023950964	0.01394984911614528	0.013541941586538155	0.012870594206093586	0.0142271851563104	0.01344218899552431	0.014505785184829043	0.012514126259888314	0.014008026043352703	0.013727355908634655	0.0130273945718867	0.013868742810883534	0.01381407282523971	0.012679287067165756	0.013159402775093292	0.014679432695576988	0.013445058877905964	0.01392493327060645	0.013402412189748265	0.014081385014159526	0.014059957438975089	0.013443442331967047	0.014443867618003042	0.012989144826829219	0.013527603925108458	0.014409297753806243	0.013262689863835437	0.014338187808168519	0.014353030851343138	0.014430116693104466	0.014435986457360613	0.013646635084655363	0.0137891742866658	0.013597044214432428	0.013826764254174874	0.013742272135203046	0.013417041149099727	0.012688179634075663	0.014110330034979269	0.013259389391073689	0.013987277827719611	0.01349109747919739	0.013071903536616913	0.013411152578060642	0.013518129069643945	0.012997587664014574	0.013690711250836535	0.013230995193553578	0.01308837960817895	0.01411264848661891	0.01413136780273509	0.013930551221961875	0.013111700085040834	0.013786420297989677	0.012974140422394176	0.013584989759965686	0.013077960790063816	0.014295038140450262	0.0148684005090812	0.013054607515060566	0.012985691914964707	0.012697580337063762	0.014320506938370264	0.013739079463449655	0.012838084144726526	0.013082968089545045	0.01263670147185727	0.013850085071557154	0.01321485697993512	0.015017171494864999	0.01223757978939503
perch	0.012415267711269981	0.012687441981856024	0.013151635644424597	0.013450389885973362	0.013368353973028069	0.01260412944537195	0.013697223028869715	0.013474550387324168	0.013216483136300926	0.011572928674194379	0.013501917079544363	0.013563378890979584	0.01312210451529582	0.013127444574517417	0.0136199231004456	0.012811501082048562	0.014198961729828992	0.013909364500438033	0.01328499415769674	0.012860781514122057	0.013368523778489638	0.013627486049884499	0.012684238697520122	0.014328317148340595	0.013966707530885721	0.014536276498870819	0.01532453817908986	0.013132629096574153	0.013222779636582532	0.012966537853197799	0.013642205956619757	0.014145964440556822	0.011426792603871049	0.013790028145412971	0.013255200280174437	0.011292160975477883	0.013944938467085192	0.013719990006647184	0.013801249622828627	0.013869145273694658	0.013477724054180433	0.012835456336754375	0.013107312687276418	0.01304426862009485	0.013576633970714522	0.013882770991874287	0.012753585458521817	0.012905450768446975	0.013534569302529394	0.013244032458882638	0.01226377680370658	0.01229957559653472	0.013323914842533058	0.012581781150585164	0.011910276610754035	0.013712806803657723	0.012177290123631468	0.01325810973758736	0.013701027351860512	0.013496597862342965	0.013037050648735804	0.01394569925523354	0.013093264905932428	0.012794043379043931	0.013436143290416747	0.012904225415804084	0.013392215030718656	0.011532263588351088	0.013184079205573991	0.013254182326558846	0.01380800155236685	0.014106204524014777	0.01404655445316425	0.01238802857963773	0.013335444911149947	0.013041168045343443	0.012758652443903286	0.01431854116284532	0.012447284059614839	0.01220592841908984	0.014429924181024827	0.01317842283271824	0.01329813383589144	0.013375574009932915	0.014127506075596876	0.013362376654809511	0.01343980636115735	0.012892571599680507	0.013329984712837202	0.01415919512294497	0.013168194525388232	0.012593760835750218	0.014174594953707303	0.012358586959394936	0.013358789715640862	0.011993799348175998	0.014029133293141711	0.013451189325417685	0.013079594567128584	0.013443912433870848	0.013676798179861283	0.013579860992359125	0.012490965878731363	0.013457032813992931	0.0130704828869315	0.014017885465883872	0.014585245262625808	0.012591819232467515	0.013036717436748932	0.013149278632133672	0.013430962093792687	0.013386537866756431	0.013403881547718557	0.013884266670904328	0.01333954544235111	0.013258662867002486	0.013593770813164046	0.013544404743334737	0.013005381943448815	0.01400542865102739	0.012389442327333113	0.012153787290492803	0.013331009391490718	0.014406943828077157	0.013684312420921269	0.014321299094329219	0.013096347553156114	0.013544356496521005	0.012572408646549902	0.013478464264201385	0.01404828469074236	0.013341269983292969	0.014344506548787614	0.013727755699240457	0.013754684874040525	0.013774031728506653	0.014251336444695697	0.013748665899115053	0.01425775182246245	0.01268127938550446	0.012954361050088318	0.01338214421137462	0.013565253516962616	0.012555542154474537	0.012699996487081928	0.012624147416996141	0.01349365195793445	0.014126305758210833	0.014830481126140412	0.012806002875972661	0.012318255477679545	0.013319072169322474	0.014345378978087747	0.013053883750082927	0.014291169335661404	0.0	0.012500988025810256	0.013346219618674257	0.012447335639273029	0.012581678338309142	0.013652884958443707	0.011465177688881594	0.013057742051194986	0.013451610804451387	0.011952135264056769	0.014466590447880458	0.014259639246396023	0.0132440929730562	0.01323139353410403	0.012887159767500085	0.014294602457163628	0.013610925817597597	0.013076865634332035	0.014054959904338643	0.013603678228271986	0.012769998813621236	0.013860440111406669	0.014841335279403046	0.012863542506515587	0.013400574925926506	0.0133465439171896	0.01338554009179108	0.014874017374215082	0.013126505103021612	0.014351310596882137	0.01333440617666517	0.011778422249472365	0.01414731427384998	0.011572380509274744	0.01267127456248776	0.013342919215752485	0.012916199262114536	0.01268176741858799	0.012361978772094051	0.014050380082278841	0.01271761705858183	0.012893936161807729	0.01412538092188666	0.012008047192046963	0.014186004500971225	0.013994362137052019	0.013806306612423063	0.0133245645760939	0.0137901411806803	0.013432891763339536	0.012925043496432712	0.013124682788726201	0.012949563823547759	0.013795142943302896	0.012824913562109637	0.012519767842678118	0.012698440158151756	0.01291722515937407	0.012873682209179066	0.012506225761756388	0.012850043262501765	0.01359277320518562	0.013898601119184053	0.013219453659517195	0.0128171933489353	0.013223589223496155	0.013560250928936712	0.01337609985092767	0.012742216276461264	0.01339656500873831	0.013296053272390331	0.010921150387686717	0.014333411882927942	0.012701532899896421	0.01268701811271821	0.013129384723535675	0.012793039927125912	0.01305734077579101	0.012922926357439614	0.014156130220192527	0.013674414613465804	0.01206523224443024	0.013857311898642376	0.014480519149677478	0.013425027746421831
pheasant	0.012658254881331018	0.012985509160232476	0.013689338133597883	0.0132603492996359	0.011438712498513423	0.013332666853258401	0.013632866360945047	0.012669371255557966	0.012241680565881152	0.01248994949333347	0.014425152928658303	0.01340159762349538	0.012693654423436706	0.01282586108034671	0.013406479461062236	0.013177286012920168	0.012565622013209921	0.013143652883463953	0.01186842659112335	0.011876010735966069	0.012431536800328866	0.013622593952235971	0.012974665690952746	0.013738603815105633	0.01396789259622479	0.012963394601190168	0.013983596662456955	0.013634997680761894	0.013089569269239225	0.012545328781770027	0.013282039149067299	0.01406969351009598	0.012259159787594669	0.013163681652776893	0.013104748637928439	0.013267362318750966	0.014147708033325426	0.01396142815693951	0.01207799136322137	0.013466296505617195	0.013536080079032403	0.013663553902459	0.013482049534127738	0.013608950994820622	0.01381772107861887	0.013740705446313064	0.012587071988731944	0.01347305261970092	0.012382637453359782	0.013401246372334013	0.012506308037200679	0.01227402131155791	0.01256957466950911	0.01177033603706841	0.013227831950075188	0.012955158175858754	0.010499799519259688	0.01287295741828139	0.013065090797079671	0.01262983916391229	0.012689881642195706	0.013499322434675281	0.012139317382067392	0.012510798833285073	0.011756636795168198	0.012177177038813151	0.013464152353200582	0.013194288369813624	0.012241231987971253	0.012380911099515102	0.012824946307259943	0.013715979516136878	0.013160734101424036	0.013161252927722706	0.012974512094935442	0.0136640441149655	0.014084917018180314	0.013551455277845167	0.012228863102307109	0.013825231970078766	0.013871657389547244	0.012387647188040132	0.012997073705777016	0.01313232965459455	0.01293837212757054	0.01259903874535511	0.011925359650872278	0.012868545067196025	0.011173330446653229	0.013898193899047845	0.012200524941559517	0.012734408280877548	0.013297034392017149	0.012297523886371266	0.013852740305022029	0.013264974685048815	0.012807756903740143	0.012931049585080956	0.013404205362701722	0.012659758211441224	0.01355153556520867	0.012700086648277265	0.012297317462667618	0.013069520847220161	0.012368896173040348	0.013554514415874058	0.014591462262118765	0.013557195806969286	0.012849771781130635	0.012503269283784209	0.013645761055804477	0.013553455977521887	0.013242121728121264	0.014072909406565583	0.01235887877237836	0.013250753160896656	0.011966562643002231	0.012140427185441019	0.012944704627167796	0.013101691652985798	0.01308708282241759	0.012519037981962942	0.012925311867246898	0.014524475323950703	0.012415518241297685	0.01354992593020385	0.012205427115139915	0.013374962311547273	0.012976329540541367	0.01269846696459662	0.013563461313421725	0.01259129593011205	0.01296423062139191	0.012896837872138715	0.013763739651992768	0.013798014320637013	0.013751489265900451	0.013046451548744967	0.013029387252134712	0.01184430690600411	0.012622464865445502	0.0138102400480473	0.01287383048272257	0.011380729704594337	0.012675875678109688	0.01262548373172874	0.013364737264566457	0.013229011802164783	0.013609370415628668	0.011284554466535144	0.011580814688635368	0.012139858592174604	0.01250461800675208	0.012523471786991513	0.013575140641657822	0.012500988025810256	0.0	0.012056822500267067	0.011135963870885092	0.013421997201575712	0.014257882421305245	0.013144768939435014	0.012833182671915183	0.01324236449565178	0.01196424374095564	0.012893501081650658	0.012726246239704465	0.013028583958295268	0.012395577691752549	0.012464966794918925	0.013736645778717456	0.013094570361811896	0.01249032383551377	0.01299255664547694	0.013237254045603752	0.012398284048781889	0.013513635415559	0.01454190549179822	0.012347432734857465	0.012285165114810336	0.012193162985825325	0.011828754405787062	0.014124121036926998	0.012285195171286114	0.013804703648214027	0.012451814725166467	0.012846599056140828	0.013608250013022918	0.012814192381234858	0.013439660103735169	0.013480551398298006	0.013030278889108824	0.013182702265116112	0.012426633990067095	0.013184053710120696	0.013455543881401773	0.011966041434287318	0.014025900565548345	0.013128390294727009	0.013946678526632313	0.01257424207758578	0.013267917472809447	0.01341937950606512	0.014003330137776816	0.013293157622230434	0.012365189947687647	0.012538742573701802	0.013718653214916793	0.014058522776276667	0.013911612831706242	0.011860646685679292	0.013375534629596722	0.013628127242552952	0.012172928693384665	0.01282609485593397	0.012175127055948096	0.012952793012422463	0.01389811700201891	0.011944381951044818	0.013611349270939684	0.013793510406186009	0.012221893844805827	0.012479098143164148	0.012865446677291002	0.012568694289850307	0.012928564931402093	0.012432878473331218	0.013179110124229005	0.011511376455448348	0.012543459483230324	0.01264558224428574	0.01350943674265552	0.013321835196922956	0.013059810888053483	0.012821793962427814	0.01298356676708407	0.012330169077427013	0.012912898467277665	0.013786383274910625	0.013196437113215357
pig	0.012862725828548853	0.011083659607447324	0.012259584847145046	0.01229867725478756	0.013238243396403915	0.01337638833234344	0.012379795427840118	0.011587391649487053	0.011535417332356772	0.013448559524327329	0.014076143482653564	0.012935364894047436	0.012737959724497917	0.013176556438118358	0.012329468868749659	0.012642363499440945	0.012935555430865104	0.012647497596207874	0.012751833960557603	0.013415583758391154	0.013328602690917679	0.013484430060618762	0.012761458551122437	0.014060332780529029	0.013083110709214118	0.013634880405823087	0.013421166117364132	0.012885499263887788	0.013079326395268707	0.013127128366288699	0.012096492763584326	0.013810987715433098	0.013094649310939304	0.009849230674528678	0.012150059436004217	0.01242843850400609	0.012376111257231292	0.012633844730386581	0.009802989944629074	0.012292148844478908	0.012820166260836974	0.01347133494142482	0.011282953783141217	0.013865634628412803	0.01348180842936049	0.01330922397960038	0.01379696284241759	0.013096390633383172	0.009151244657144241	0.012052174294136974	0.011740702584337128	0.01096349633471697	0.012706739521875872	0.012420134905291803	0.012801009169809347	0.010936707631703369	0.011930473478389436	0.013348036907223592	0.01209981550840204	0.009911541304783727	0.012399976184144713	0.010914342094839968	0.012967219706416287	0.012798629698425745	0.010774912735579454	0.01256245191300003	0.012523433686376057	0.012161699524194184	0.011074261804789215	0.013170264885796423	0.0138162189156047	0.013872404036985711	0.014158146772773699	0.013404059851422236	0.013354390035785306	0.011546540107551177	0.013683038799113114	0.013160457681676124	0.011445777006256286	0.013659678538988206	0.012989332454665858	0.01334782840491005	0.01278338283316217	0.012600102751759202	0.014178149664889408	0.011855734019466957	0.008873603721738448	0.011168276584060761	0.011328190205784208	0.011782384588317384	0.01256000978138818	0.012606804091482236	0.010694397018180413	0.013836306666728465	0.012854461217936654	0.013586453146600624	0.01113608930968129	0.012439286904125544	0.01344376000311005	0.012839792591064941	0.012089879127643399	0.011532712428338207	0.011161732574510315	0.012701483087345028	0.011976587079711897	0.01337124274554072	0.014354481533229482	0.01283510834929181	0.011634349150624765	0.013468815248099644	0.013137588944394476	0.013114210941774571	0.012007499669847741	0.012565135698877803	0.012956822459220885	0.013057467488931884	0.012382564017670492	0.01158250517275368	0.011559473652016967	0.012058961082496706	0.011242346411833257	0.011013960792802787	0.013700218272895076	0.014472621270201633	0.012986576382973687	0.013012046383035887	0.013063960717941527	0.01280692496662156	0.012924566831112235	0.01257257456700532	0.01216937075124183	0.012750453664502137	0.010812449879337532	0.012401772382647638	0.013732008554845269	0.01143377523082204	0.012626436013811129	0.012905932877156022	0.013509794030137572	0.013988519642244145	0.012763761715593085	0.012456073856759302	0.013283807679249955	0.011421015748787408	0.01304528352764538	0.012145330023605714	0.012948382431714417	0.011859997601960897	0.012949129728133177	0.013824623468086876	0.011730010389363476	0.012682482047004279	0.01193743650581181	0.012921126274212325	0.013250142716121526	0.013346219618674257	0.012056822500267067	0.0	0.011345009364170718	0.01393509351337383	0.01309362981202212	0.013113585964208052	0.01169835612481956	0.012185004830422588	0.012204212193001787	0.012074229321748613	0.011756557352577413	0.013163112718842039	0.012757264311217946	0.01139490979427574	0.01352176588594349	0.012942404490379042	0.010002119710869804	0.013077805527245155	0.010604770323436314	0.0122151420953333	0.013083682877923926	0.01392421408596455	0.014109513726023237	0.012324414433650179	0.011579761122491022	0.011945177001849258	0.014136151618626445	0.010620149446565284	0.014104797495381143	0.013457839005394948	0.01325928302959506	0.013312394949260184	0.013329598572861	0.013452471193414962	0.012583547722213278	0.01359002527400234	0.013010544750721864	0.012953738909346781	0.013788620747647496	0.01205150183783903	0.010552850871862453	0.013776697397074133	0.012118782636353229	0.013988369484778556	0.012454101478340916	0.011614020282104875	0.012605356679826082	0.012143773849491099	0.012656018643122829	0.011163520518072362	0.013250640701061946	0.012515915477661486	0.012944689978802826	0.012504958002641365	0.011360848244509923	0.013136722009826471	0.013469358250899479	0.012469469610939136	0.013094610670271392	0.013951624143107159	0.013335728759646283	0.013851609250525579	0.0128010033897281	0.013288150163192194	0.012398020316766255	0.011735500694570937	0.013357303091017913	0.011337322022570526	0.012161673374708457	0.012730571170027174	0.013330341888765742	0.014408267958091818	0.011762342427930735	0.012182420934361718	0.011519776498730806	0.013264470457103751	0.011186933151399183	0.011687455123131503	0.01233020017888121	0.011598976458847977	0.012403761276426523	0.014326572735033984	0.013296021844147823	0.012612576360701028
pigeon	0.011616649987654278	0.012467592176931852	0.01305660541802291	0.013199969776475766	0.012715148924122913	0.01359016231124917	0.013291958161084584	0.012392431728455016	0.011955286935411716	0.013033068461585291	0.014223106377952354	0.013221612491725456	0.013247718038529714	0.012731123590837019	0.013159340463844468	0.013008459010504509	0.012654734324611488	0.013646890569952455	0.013057116243125715	0.013505766488087125	0.012085508172520425	0.013410530611107046	0.013278274954554999	0.013849614238750979	0.013299720232200843	0.012868278719187595	0.013737523275880292	0.01330796161745141	0.012930657888630908	0.012894971414067766	0.012565420736929228	0.013046747675212925	0.013288690676331977	0.012272094619914147	0.013143722914736452	0.013005587865536144	0.013650639280848378	0.013075752914250095	0.01186129863972587	0.012982793516362527	0.012929120362393182	0.013330496623616366	0.012687190670912533	0.014231604086459302	0.014030815853406492	0.013608595790221929	0.013666182513502084	0.013706563879861001	0.012390966229999962	0.01256602846179239	0.012371611324061482	0.012087327437101144	0.012308688292165113	0.01126009535738151	0.013182546840943204	0.012340273209988786	0.012245634659903607	0.013565597191275591	0.012547075750616626	0.011622486896885503	0.012007470086373208	0.012807926511698002	0.011210024034654209	0.0126236524083375	0.011395568495748775	0.011541234683202483	0.01363955592494226	0.012776286742728033	0.011431949055822888	0.012833739701901197	0.012594216217576913	0.013449504364827058	0.01261381776708368	0.013200977839363583	0.012333122209843266	0.012795400620033277	0.013632751000859646	0.01377781550341586	0.011529249358638192	0.013304332147184168	0.013904544698724468	0.013289735988336198	0.012704969973619164	0.01321058216853005	0.013727289025255291	0.012803440504801433	0.011790819119828924	0.012468558341412125	0.01113901001350077	0.013002753976007485	0.012563376474073473	0.012412436677395635	0.012642372365283358	0.012116596913086744	0.013861138878385543	0.013922691112087628	0.012631196894014918	0.013307890777689435	0.013703524496032264	0.012549705659133333	0.013351932763760219	0.012326954547519628	0.012613653551970052	0.012513167330913313	0.012229456375088819	0.014211564957103266	0.014151750791645773	0.013704597202348243	0.01240038390999899	0.012502091739431499	0.013567888982881644	0.012994634370014281	0.01286034830031198	0.013162623765329024	0.012576210457413467	0.013189203890299216	0.012838141630445575	0.012528188965524758	0.01200583536178118	0.012853179995601267	0.012284742748558019	0.011941341516496975	0.013551104961270145	0.014798952291976381	0.012162947751312256	0.013054544867666898	0.012384727118645402	0.013121278805991964	0.01334442780764525	0.012712208997657444	0.01287305377601331	0.01254804418276223	0.012472045365082587	0.013732724057307872	0.01348944140230298	0.012473140808868275	0.012735258120565555	0.013007116025260163	0.013064122159429647	0.012129973641954582	0.012957957499141531	0.013297429697863416	0.013211121237775817	0.011849825984949823	0.012431739143403075	0.011385974065021847	0.012394421943130325	0.013359693886558737	0.013546217115238204	0.012291943504928656	0.011230954707091755	0.012487169785376806	0.01301751306074976	0.012059771998132353	0.013787822525424008	0.012447335639273029	0.011135963870885092	0.011345009364170718	0.0	0.012964576969902728	0.013916504506686607	0.013456663214035618	0.012786418767218437	0.013051557295659075	0.012136337837958708	0.012100234622456216	0.01280914654962605	0.0127775205774594	0.012704176701677021	0.012752558345645523	0.013684802182373761	0.013671367912980554	0.01173014895765112	0.013121178810221977	0.01189726793684145	0.012481629045822196	0.012719561234087368	0.014355737458046554	0.013199391336987507	0.013038820953257481	0.012871193993302086	0.012706823301799348	0.014175330130481827	0.012021764127497113	0.01397932806077884	0.01285474478551021	0.013355594982163375	0.01374986037299287	0.013519356090320307	0.013288532632141376	0.013485654838586422	0.013394167761351874	0.012755436764791694	0.01308004754173713	0.013416265704410131	0.013179532499706192	0.012877805099995674	0.013371275126825354	0.013216196327865457	0.013581293040420179	0.013105276196939138	0.01273108225319513	0.013195065224242096	0.01342401697231173	0.012517409173221004	0.012177355391637654	0.011868571293968283	0.013414067603645986	0.01404116865026496	0.014139356277063314	0.01155785193357242	0.01354886666993536	0.013681354736289134	0.01146729440319218	0.012004064492778852	0.012961768290760631	0.013039068415977717	0.013688749912037721	0.013127251230815156	0.01304228292015181	0.013034870833635793	0.012698043437508957	0.012572109250195555	0.01178139142050431	0.012304170708578746	0.012352245585631152	0.013369195611502342	0.014201993124353192	0.01127922879726931	0.012677030971922848	0.012452469922298313	0.013565471688122645	0.012642943963586388	0.012503318909596358	0.012892934381529665	0.012310091003054278	0.011389454005273573	0.012648175288538304	0.013854678607974378	0.012577053054538594
pike	0.013604310120504974	0.013308186424054453	0.013987456699104117	0.014202623337925505	0.013374808401835525	0.01462179115062216	0.014039231661352536	0.01388891765314809	0.012265150686614303	0.013808311640890702	0.014429554335236938	0.01412273172811103	0.013907747362012288	0.012146228785355468	0.013691334820925646	0.014092274211380307	0.01462730413751968	0.013861040456506778	0.01340103357614602	0.013938285354275692	0.013197436927963681	0.014261860062116554	0.014008967021356287	0.014534854582323984	0.01455410002561684	0.01286861200302698	0.012778413314754608	0.013814359978079149	0.013893982288945152	0.014001104170175535	0.014265248941330723	0.014743183714733791	0.013435508983768819	0.014145261137807029	0.013798878183989173	0.013161883462605493	0.01417198898036096	0.014405973113890776	0.013928260434495307	0.014349247804009077	0.013819834961522892	0.01451651426432218	0.014624421956819527	0.014075226395017095	0.014475417835474727	0.012601577396051136	0.014249700837682502	0.012960153837673469	0.014126432815309415	0.013394917811796034	0.013160271351166068	0.013813637859511839	0.012425196467581199	0.014107154832527	0.014563528775130037	0.01408810681443787	0.013231331919752403	0.013595966806404973	0.014153598836736012	0.013648784017710268	0.013553045012572222	0.014480308133228925	0.013555456933430698	0.013990283648341347	0.013720982137116715	0.012733752843723252	0.013922560749575699	0.01344997196509678	0.01342324443115812	0.011961863291814968	0.014110984775238316	0.014014602994952574	0.012836528778009091	0.013800440169521954	0.013900946092804362	0.01367170854860764	0.014523742894143021	0.013556752718720873	0.013387066170370271	0.013755359967798149	0.014543043611175272	0.014388309806958885	0.014717809935412026	0.014777802501872573	0.01282369250068327	0.014224775810997368	0.013595138261561179	0.013964235936227256	0.013280468673756643	0.013985795386449514	0.013981366613636694	0.01336231973948658	0.014476004030574453	0.01330782911636457	0.012783700265836464	0.013668471621848977	0.015078315542088468	0.013394373532134504	0.013708645435225897	0.012939729757984263	0.014284835585678467	0.013579429912334177	0.013635441326814695	0.01456732780831389	0.013385433631129269	0.014537179296221758	0.013438702511344894	0.014238421881557668	0.014068824541665708	0.013806329267259963	0.014688460650006735	0.01433357481988983	0.01462442707519517	0.014724618810762986	0.013882699109073962	0.013690419675857147	0.01447662677915428	0.013969674091101971	0.01411191142521339	0.014724414825553032	0.013563497631876262	0.013887874519914833	0.013912570375893512	0.014487737558846081	0.013276373799353534	0.01346632776684846	0.013749759055045392	0.014307127555116426	0.013670038166757935	0.013913275792397073	0.014158471601664849	0.014854572057639438	0.0141495221320617	0.01347065690917248	0.014812621898525457	0.014610397208279396	0.01318582791918243	0.014021024191703677	0.013844472233189149	0.014121223382667178	0.014337961313618147	0.014226904345259075	0.014603472856585455	0.014065566985475376	0.013079017743942833	0.013464962412412376	0.013407852353170314	0.014373252722980236	0.013882977804267187	0.014443186867400983	0.014447835163129192	0.012841801684119834	0.014879294303447485	0.013578737874725792	0.014119187509424914	0.012581678338309142	0.013421997201575712	0.01393509351337383	0.012964576969902728	0.0	0.014862053342075623	0.013252219551575324	0.013779722055797805	0.014306425369204824	0.013611446659956504	0.013496179293212123	0.014097931187925135	0.013575708870192717	0.013225284443631358	0.013961178138682662	0.015206261045961988	0.014307283168387174	0.013574591603913787	0.013347227396805243	0.014531149545144029	0.012704563003408614	0.013251286157251258	0.013807898873056713	0.014247132586195114	0.014565522161881485	0.01425074797120928	0.014033661557061636	0.014344157447590773	0.013845107262997047	0.014441707628512861	0.01337265208073189	0.012823189405438314	0.014456713292909828	0.014002575682585975	0.014110448632545783	0.0141802309313432	0.01465132358473673	0.014434924776698626	0.014045594955215266	0.014279824741918327	0.013922347225233635	0.014062409401021183	0.01437501486519089	0.01456543181162838	0.013840630520728288	0.014962140673593251	0.013812759545207947	0.014109960533571868	0.014478867226114625	0.014223456687836297	0.013013396498223959	0.013383415088352415	0.014472399376983313	0.014396192089148212	0.014299338995070134	0.01317502748040039	0.014275313946385603	0.01418444595062638	0.014248986750239884	0.013216985218724591	0.014255685087361475	0.012923736528686369	0.01296653700249606	0.014316474177446694	0.014499870367794251	0.013937167816282238	0.013961073882020954	0.014773147226882142	0.013629325899821347	0.014604700848423784	0.014334211100662157	0.012711113541374563	0.015175042485015286	0.0130628288953019	0.013743551924535772	0.014034230330303883	0.014348237770146613	0.01403264364662238	0.013781310309957193	0.01363303491432509	0.013870414227236576	0.013905603992351872	0.013142066257797598	0.0148812232018315	0.01420512974374519
piranha	0.012642781870612857	0.012126438858761015	0.012981284232265591	0.013180006219667584	0.014029940354121568	0.014347149244929603	0.012135858754232119	0.014184370944918352	0.013052118865335494	0.013295708225635623	0.012024650831301893	0.014130108393903431	0.013844313530571289	0.013973153782835741	0.0135225045162323	0.01319865295288391	0.013460060986734738	0.014426501759580964	0.013896767114156739	0.013907657788591994	0.01375038534497798	0.013752984980301777	0.012983485898985474	0.013992894995409627	0.013352228638656361	0.014102710140656964	0.015154852053915169	0.01289297536622037	0.013425965758238186	0.01248592429755831	0.014643692016029412	0.014103719842102515	0.014099152066018217	0.012730003879107499	0.01326795586271397	0.012566398965839944	0.011695553146991784	0.01281792187879495	0.01341170091095974	0.01444261901607838	0.013532762801031401	0.012980280620645155	0.01235966168450434	0.013941461403122276	0.013697503749593179	0.013088051756021972	0.01319148310461872	0.012399925933680021	0.013783429265854739	0.012565792911268596	0.013114348754834802	0.011526997933713893	0.01445021523347392	0.014028608675770349	0.012672344761133277	0.013258971751785356	0.013774842681896797	0.013672187813245786	0.012902331409657755	0.013318385793843191	0.011997796194061666	0.01346916877398629	0.014211264067281631	0.011909196306950151	0.012940923125814529	0.013623350034175974	0.012467012015511439	0.012609387536066814	0.013740139605273417	0.014570423960101402	0.014060247062971421	0.012827086222244974	0.014299475525693044	0.013592490490458117	0.012382816603274864	0.01334931055774731	0.013523061081423452	0.013845303703033622	0.013080408157801175	0.013447899317980183	0.01395897394666582	0.013317350094983447	0.013527795258409903	0.01422889258222492	0.01533030276807362	0.013330886465669373	0.01381773183461628	0.01281133226368939	0.014004619761597099	0.012728212901572677	0.012687032074996264	0.013078176013928616	0.012916765114997335	0.01379785091144575	0.013237625599816956	0.013268501922597495	0.01328132413120288	0.014193594684103573	0.013357760081041859	0.013121471217194541	0.012970303701540387	0.014645970595197727	0.01285615102790738	0.012602575232778732	0.013557141381094444	0.012077960319640401	0.013738413133992721	0.012747475245386844	0.013493806907363237	0.013534608354424495	0.012990465602486996	0.01406472907428422	0.013060420168694747	0.013669813531279646	0.014529430465579595	0.01390212413508554	0.012855064387414523	0.013582692901843113	0.012973766720785668	0.013268795192482951	0.012376017109034115	0.013428361423835524	0.013071407541425327	0.01426119894177337	0.013595897030966881	0.013452134846603837	0.014316392858290625	0.01432168914077072	0.012376767551087608	0.013799867240862651	0.013879762080954974	0.012846395080045281	0.012810615882191574	0.013589871070897376	0.014375395167226215	0.012728431540901449	0.014282250337055762	0.013840951993455232	0.014598290626041163	0.015309747181893757	0.013967029759387604	0.012413342910673215	0.013804349458972782	0.014149495582594415	0.013581607106363351	0.013347680280457758	0.014083701388012562	0.01228573783340552	0.012174974896236326	0.01504331642950722	0.013610409784219178	0.014042659688052446	0.014751058984376833	0.013147227566947906	0.013320072694331584	0.013652884958443707	0.014257882421305245	0.01309362981202212	0.013916504506686607	0.014862053342075623	0.0	0.013146628158945083	0.012745579116988499	0.01295946828894481	0.013521093934149743	0.01385745329994348	0.013723566027592823	0.013646209506014646	0.01446979057344215	0.012856429267432334	0.012317304657893786	0.012915576355771237	0.012659581034605074	0.0133731849671961	0.012756609798911188	0.013424228767491173	0.013118869127416896	0.014221701827391561	0.014196905747271782	0.01355462732882731	0.013871882128952302	0.01380062306026591	0.014473695044182736	0.013707464003112433	0.0137483451690229	0.013226149566178791	0.013684331467331737	0.012720701406672615	0.013076931769457074	0.01375243217600842	0.011273056803133293	0.014039117587413961	0.01259490490993332	0.013440106211489838	0.014349065506017434	0.011570661238384912	0.01439158097304696	0.01413950780111786	0.012553423489901934	0.012436689022762454	0.013518447269412079	0.012965853771377666	0.013479751680342203	0.012065598788941567	0.013713589773147706	0.012745997442476429	0.01334773609163733	0.013895439151196532	0.012457630820298715	0.012421799840273855	0.013169500688079405	0.012236681084223308	0.011841916005227868	0.013528607682180059	0.01364714187520014	0.013864723345424157	0.01390682847934423	0.013809659464285291	0.013342245342849827	0.013854574611306727	0.012100054185819793	0.012118956384385432	0.014013204274590928	0.01282606940062058	0.0134650598925501	0.01311382922378045	0.013698840188818152	0.01495434278323917	0.01328279378963181	0.013026813219069516	0.012777788638430133	0.012977897831119372	0.012667469785761307	0.013004707712208718	0.01302703929179157	0.012958766198214892	0.014396064560953154	0.01486565874132074	0.014161271630117371	0.01220634170880417
plaice	0.012731639989283013	0.012825190727730584	0.013772117835149098	0.013398104569453237	0.014194593824973654	0.013305847205855831	0.013921405702832157	0.014410891449843739	0.013003219942672102	0.01136582398478035	0.01267954898767399	0.01365170669901261	0.013969716545288884	0.013562986456037172	0.013660342179343199	0.013743639707691381	0.014158540077508497	0.013506595481235013	0.013122622767717373	0.012779205651039082	0.013848625328763776	0.013884049848400226	0.011904576394147857	0.01426613574499653	0.013512847578223061	0.014115952560101216	0.014404785503700317	0.013913193206445447	0.013860833250668798	0.013364463819186346	0.014111683896554119	0.014041516279399266	0.012385517605212506	0.013556360157170273	0.013782440319277894	0.011889230195009195	0.013726855154617074	0.014028795115853272	0.013106297493737826	0.013757861363892922	0.013831540614995353	0.013077297495728047	0.013191458493008394	0.011370798885155534	0.013574742732814879	0.013617345197352283	0.012580587049071827	0.01271567900555624	0.013904941200671874	0.014142793780677627	0.011574949644786527	0.012788447721974561	0.014219907604528084	0.013364867819086444	0.011088624524194561	0.013641721970907229	0.013681905248899406	0.012859990363886182	0.013781719613713916	0.013848946328927001	0.012616819543012796	0.014257709805208733	0.013649988222837082	0.01332111683972761	0.01358367185759832	0.013929896652298308	0.013872404503580866	0.011406197314097673	0.014089593460053127	0.013889461069716119	0.014108019182569605	0.014763246306361938	0.014074992614824908	0.011232196843928571	0.01348682985567206	0.013017404923572227	0.013241617739957794	0.014328653777778977	0.013579669413072757	0.012964753574220366	0.013632332895867237	0.013839246885022818	0.013862594294893666	0.013709390646111817	0.013981332573984989	0.01362658186253223	0.013810691517399474	0.012371406408540106	0.014050193652039135	0.014040259707202261	0.01340657941933026	0.013223801019584414	0.013158915593962586	0.012535971681160028	0.012207648128037953	0.0095391060980716	0.013688354519060874	0.013611536708019213	0.013200875740774044	0.013880644006537133	0.013982468463320628	0.014028763439923493	0.013630134364168186	0.013606670752319765	0.012734073176669598	0.014191105432337956	0.013658826436797953	0.012178859837097829	0.01352719401332797	0.01316076350667891	0.012491380929534857	0.013441787383258175	0.014199218963433508	0.013846601508974482	0.013712443216278687	0.013389165956435372	0.013634370703817596	0.01419654782181065	0.014013133937738915	0.014295544692410072	0.010866284212441504	0.01209670582626013	0.013345451423271995	0.014434869015196585	0.013055200949948841	0.014005542446926509	0.01363795362760321	0.013919284807808486	0.013004844313876305	0.011832131919247417	0.01383939494954781	0.013607780317434467	0.01409526720340417	0.013819555940401991	0.01396253229757396	0.013754245543302153	0.014456657205011552	0.01325314131651652	0.013978775007590226	0.01378596317605205	0.013423955129802738	0.012839358995637271	0.013560490320567931	0.013324332279679295	0.012823046276310939	0.013865965098833692	0.012340736404265655	0.014057623144853022	0.014658361771329016	0.01356854768370036	0.013096436038375053	0.01373400401922941	0.013671468833938967	0.013163257223990452	0.013781236908606269	0.011465177688881594	0.013144768939435014	0.013113585964208052	0.013456663214035618	0.013252219551575324	0.013146628158945083	0.0	0.01342495573723436	0.01313726675899479	0.011862034998359923	0.014335078836270759	0.013779918483679803	0.013754564305036042	0.013774564509692444	0.011146219317878214	0.014205269285248465	0.013397699950099526	0.013317359017663115	0.01365255431473273	0.013877260650791494	0.013431703328474282	0.013806278249427257	0.014165036161779136	0.012608174930638132	0.013474654843916446	0.013326332540436756	0.013465232401202142	0.014214624798209459	0.014352701243571395	0.013297930875114732	0.013854571543160445	0.011307022685455588	0.01435791659544824	0.01148756713416808	0.011566632927008026	0.0138608492395002	0.01281694062118947	0.012292047430395706	0.011822899299494346	0.013749446622440526	0.012166797244634297	0.013410006491725907	0.013671325252988644	0.010854415539213706	0.014127653464248475	0.013488221667938331	0.013555836774695051	0.014004168449056366	0.013234514983651196	0.013337152495428748	0.01357159367726853	0.013421220683637514	0.012234816428181168	0.01404732920294114	0.011720314889840615	0.013483012895322912	0.012183790098643487	0.012476928762235839	0.013587491445614698	0.013153746147405901	0.013099440825561666	0.013620424918989793	0.013802623913997593	0.01328004719089654	0.013811391072790885	0.013798776418943875	0.013908764021976154	0.013721636834115408	0.013485576145671505	0.013412755433663484	0.013447560473463904	0.011819582507322048	0.014132834034525997	0.013193814708641288	0.01338374649423354	0.012562620042840249	0.013008676616939543	0.013331180503834483	0.011813508888710151	0.01392779408292689	0.01387783545381465	0.013217183527261176	0.013799407813590908	0.014437354024469683	0.012971603631383959
platypus	0.012215485569770366	0.01156957800583775	0.012653307413779175	0.01112606241472302	0.013020074676735764	0.01389410009253037	0.01172683595209354	0.011077677105729499	0.011973241279117865	0.01308393114333895	0.013421451982408673	0.013383510311978857	0.01253869648964307	0.013008921717795807	0.012841277373327915	0.012622185856246568	0.012407460009188485	0.013498450795167509	0.013045870955516181	0.012785625958844702	0.013219743997581112	0.013488393125342618	0.011220494401972975	0.013965720290683676	0.01206803619406692	0.013454787468857149	0.013771041662977428	0.012179574060486364	0.013191454436785386	0.01250096539762746	0.012932400683058004	0.013928018847416741	0.013453220996123554	0.012065187753560837	0.012685581013163168	0.012542646040957697	0.011788824128021706	0.012298019751328413	0.012579007125041777	0.011208178636374909	0.01259080348730822	0.012951752165117516	0.011912219394591996	0.013948944588851759	0.013163315351141014	0.012856936330888698	0.01275362078007008	0.012388116607198829	0.012553963042300215	0.012654411504700416	0.012283126961017394	0.010574311456589625	0.012698751572058228	0.012626555987477773	0.011804316406711347	0.011941899704487328	0.013111789865164198	0.012868209719998837	0.010961840307642459	0.011536509549277606	0.011423302399357217	0.012265400058628076	0.013703164585928114	0.01230248029631279	0.011446061730237734	0.013388580305568085	0.011892090977341669	0.012323922361136807	0.011789657876191064	0.01385503322198594	0.012400354623717517	0.013436607073041746	0.013088599321883148	0.012416052193225604	0.012750461083912685	0.013016337592905231	0.013417555009056866	0.013438127087571645	0.011949215521968195	0.013263839677865832	0.013575812476842091	0.012684976032253477	0.013232071528641719	0.012416006745898055	0.013818687529488958	0.011289991205159033	0.012247617763748725	0.011591195596252301	0.012265081410911774	0.011913777776728782	0.013221542882341817	0.012142236043667336	0.011065089676465497	0.013511346207886792	0.012832701085083558	0.013513678131466233	0.011981927566171925	0.01347657603592123	0.011559145855940872	0.013166224116835823	0.012265886559894737	0.013433951905371793	0.011368872177071434	0.012629588907066211	0.011849780234867602	0.013121667381360868	0.013986785386619835	0.011577066912427303	0.01122014055064527	0.013270754960443361	0.011467280902283999	0.0124793509248929	0.010340164406848085	0.012528687814842366	0.012633251495265728	0.013168937163759315	0.012948476551236236	0.01280879939850664	0.011561055044662255	0.013080258731123062	0.012372021059726835	0.01155100968704994	0.013251600744603922	0.014413585384255441	0.011859532834819364	0.01276139325128428	0.012494088930245485	0.012767936359127237	0.011628023080846246	0.013474062591182816	0.01243348193044583	0.012526319284585825	0.011703046166248825	0.012916867377060059	0.014430186847811652	0.012288946807063415	0.013367184724754115	0.012781533097057627	0.01375215818356343	0.013793205921313828	0.013239434940521166	0.01198281235837718	0.012397547348321809	0.011276556470729567	0.012641134451053103	0.012347034941622348	0.01353409438931819	0.012204635290859715	0.013104894676858285	0.013301218240813676	0.011812632659582288	0.01269600862447915	0.012166425086200815	0.012248337920485243	0.01282547266715962	0.013057742051194986	0.012833182671915183	0.01169835612481956	0.012786418767218437	0.013779722055797805	0.012745579116988499	0.01342495573723436	0.0	0.01132065033642022	0.01222025103630468	0.013185917397480103	0.01255381917046839	0.012637972435331577	0.012470973168405376	0.012077754972338029	0.013427465617317167	0.012164399738900943	0.012257185762421326	0.012904344574152246	0.012150578088883162	0.012514009992910677	0.012909343730393357	0.014099312516408806	0.013318466395486324	0.01097936476605829	0.012846736594760462	0.01160498731807319	0.013929188301538786	0.012450070709221425	0.013816688654442308	0.012824943905490542	0.013461589736673623	0.011531038047075549	0.011960238004050227	0.013463317281048923	0.012211535971798203	0.012594860612709454	0.011529978247165291	0.01216600217956435	0.013983120688339637	0.011311218920954151	0.012924057484658292	0.01387986179565899	0.012862603490671533	0.013523488441238964	0.013747872673206213	0.01185176691456759	0.012217866222908571	0.012960117806014908	0.013398722999023593	0.011827586476244179	0.013434812309559667	0.011898358777024592	0.012184129145062197	0.012446773410046939	0.012198016347739838	0.012095442368202475	0.011893069521917446	0.012136479852529193	0.012922576870494919	0.013380817888107634	0.013181876280986406	0.014053796410499706	0.011629386657701359	0.012864909654064068	0.012382260894931947	0.012050263122586754	0.013654396850915676	0.011603863592066683	0.012574656092945285	0.011546823627909333	0.013106426457796588	0.014268048845233779	0.011294127546509037	0.012161818479846877	0.012044498365649185	0.012486996208525144	0.012176803775484317	0.01253327608742393	0.01322506560967375	0.010426488760035319	0.013304210901995215	0.013754098461774772	0.013924739739998073	0.01187730228732325
polar_bear	0.012674140141128014	0.01188678864120047	0.013557371307021095	0.011804086953899917	0.012474569360345102	0.014142455241479286	0.012278133647885629	0.011719909552682775	0.01109693696566854	0.01404969884326123	0.0131837606666378	0.013593939953409588	0.011221231303258795	0.01245987353899957	0.013618968168923627	0.013089679143869706	0.011708316555627887	0.014112111970476125	0.01199561959957592	0.010891841854955063	0.014031628346939926	0.014383434968419777	0.010487643282129817	0.013920187415940923	0.011714685657528517	0.013547332014127946	0.014728183125429221	0.012678200323734184	0.013490329879357095	0.012709737219236114	0.013033399997488983	0.013938356443035262	0.013685475907255416	0.01215756426468657	0.012897636478093201	0.01292561082275429	0.013218269120291393	0.012508569641489147	0.013602474786670003	0.011538621999269217	0.012403854212237253	0.012724767370248585	0.01268840871742359	0.014274774799414393	0.013543520340386053	0.013943800688538698	0.014100378878245	0.01362762028804674	0.012949044249069522	0.012197475642354206	0.012800098695364033	0.0115353334721763	0.013353872825814215	0.013499773881890031	0.012952171169840565	0.011488255361973548	0.012160441254410513	0.014147083005849055	0.011627214860435968	0.011291599991068234	0.011105748496426798	0.01265592362333403	0.013649050775170308	0.013147701679240946	0.012608197442794783	0.013078051943315721	0.013406339849054111	0.013223795270258076	0.011266443749425958	0.012758787371118513	0.013882236230408058	0.013899874423705084	0.013872028069915205	0.012004195119691953	0.012542389474355249	0.01285829815477909	0.013792030287080653	0.013763455186713028	0.012694458843017325	0.013657446155387845	0.014245967335479654	0.012586435631779533	0.01337083133683168	0.013799408388306105	0.014337993642219231	0.011129891986546743	0.012144616322876086	0.012237725582647754	0.012298357650545367	0.011335606226767379	0.013382823153544799	0.009556730076709008	0.012091737173752868	0.01284173023753365	0.012948453406948364	0.012305602198911168	0.012370075090694441	0.013324932907650957	0.013308008771670049	0.013069641030269507	0.012843275001600601	0.013248544931829897	0.011279757689535524	0.012470191170373172	0.01270751249996872	0.013403876391631925	0.013949024056278092	0.012144526170079559	0.012264235312606562	0.01362043024166196	0.010547658100212808	0.012606551242319488	0.011149646298340574	0.01352476386863261	0.012666460070738867	0.011867572584995136	0.011516469608186013	0.011643259860186168	0.01297978824859202	0.012982168167972097	0.012314477558172728	0.01300643666021999	0.012381600069241192	0.01488160875611379	0.012505190349873248	0.012263777806888625	0.011402180815820036	0.013928645023541207	0.0132691498854155	0.012320937305029991	0.013502779229021163	0.012804857658652882	0.011901256810837514	0.011583727895705657	0.014483359295082503	0.0122355281322754	0.013548687293082468	0.013381856359891042	0.01415489108409807	0.014231867440400472	0.01370921024940468	0.012706838423169805	0.012557472163404805	0.012389440143612606	0.011398888990512938	0.011962011665783529	0.013997611179974974	0.010746774957029179	0.012670063904121755	0.01386340377062117	0.01240604178006868	0.0136115221498439	0.012937433636169463	0.012441040697382055	0.012489481787332692	0.013451610804451387	0.01324236449565178	0.012185004830422588	0.013051557295659075	0.014306425369204824	0.01295946828894481	0.01313726675899479	0.01132065033642022	0.0	0.011986988278748485	0.012465463955859419	0.01239093061093771	0.012480980602301234	0.01247745768392545	0.01317011822732382	0.01275150897328978	0.013455051991889502	0.011683156545697636	0.01237789094732495	0.012106860326963599	0.0126697345257014	0.012941547913718677	0.014587971432656893	0.0138662166832272	0.010488512725586804	0.010744458217849206	0.011959868541135588	0.01429746800658059	0.013365875137841807	0.014342267660141223	0.013309180261116015	0.012738534595261954	0.012566395858124071	0.012822573766693717	0.013292260291011555	0.01295605342738784	0.01188391977735501	0.011259989568022584	0.013151588048397228	0.013403820783946852	0.01144259798607073	0.013035407983740602	0.014291409704690167	0.013215997292672999	0.013602534607074501	0.014436731625781905	0.012285206553135997	0.011971694451058721	0.012457467378709565	0.013396951054640688	0.012895124987588252	0.01339831752105922	0.011754241775723323	0.013715830472589018	0.01262093484540434	0.011498092162066159	0.012338126257358781	0.012844792138737147	0.01236264708654576	0.013466276262373114	0.013428538388717201	0.013579431913522955	0.0137477484370006	0.011668875070156057	0.01367655758427807	0.012852256410102837	0.011177507853904638	0.014088766733634718	0.012251278538160708	0.012334490516548502	0.012913110569731148	0.012735321546452696	0.014841902058571608	0.01179814606191112	0.012645161383077723	0.010854378428304043	0.013631918964150043	0.0117946956532495	0.010961538376503783	0.011754370798245477	0.011982734924478544	0.013380391301635623	0.014054302773194426	0.013608273142132046	0.011755115142059364
polecat	0.012992403603528132	0.01217275582035004	0.0129657166739078	0.012138410683362076	0.011728596310314565	0.012365010424144712	0.012331693832334184	0.011866309524395593	0.011250301792961772	0.011914086876596145	0.013294617559571304	0.012920119140678397	0.012361517185003017	0.011857354200840301	0.013105460426629108	0.012356337973075466	0.012813619054681919	0.013740916096205005	0.0119630914590825	0.011184030421215298	0.012715996708045425	0.012886860453530526	0.012344144348107478	0.014160596993619759	0.01245462666135156	0.01380081052228415	0.014170182876131764	0.013291251326999954	0.013684940284341323	0.011987052244589276	0.01287536702657024	0.013539035625297378	0.012663118823162935	0.012104609926719516	0.01294100946912019	0.012467664585685378	0.013308866233133876	0.012432532245975004	0.013189207059634818	0.012530862031387735	0.012149791641842083	0.01317207556402047	0.012047266424426765	0.01322254516263916	0.013084031275170147	0.012605927058222912	0.011503799269554225	0.012390169196530597	0.012814819448623966	0.011868692753781798	0.01240679619431041	0.012173653801558182	0.01315201820888888	0.012146616212378248	0.012134170344281572	0.012248404612329244	0.011726534391836487	0.011727673016721491	0.011601491016313716	0.01228418722697551	0.013002491644384552	0.013072358860692655	0.013362090211426534	0.013105215808553474	0.012667638142899153	0.013179575828340279	0.013024504494298308	0.012001128228087037	0.012403475499421612	0.011819370308154576	0.013247033574470246	0.013685862159971408	0.013256210458689022	0.011988904077846231	0.013148532727541193	0.013017994442806402	0.013849305618737184	0.01404040001197572	0.011894139980336692	0.013349869160210782	0.013807173472321457	0.012027704018333123	0.012428896624395334	0.011068753806872982	0.013257067877343315	0.012096635854415873	0.012087031898935719	0.012734132335247566	0.012341073527203296	0.012827064403588129	0.012326659946985626	0.011454288462790476	0.012204105899715868	0.01219269227930587	0.013476166657359573	0.012529866432176304	0.012039106387340005	0.012362283131811617	0.01194518353137845	0.013174968811194747	0.012279738252523813	0.013366458043334506	0.010569982924423644	0.01295058755413544	0.011539812374070011	0.013576521099171703	0.014661628586951256	0.013582075403955968	0.012189022113315202	0.012528712935147823	0.01244298158879899	0.01364741667787324	0.012571925097801449	0.013387364940312197	0.011856423805531898	0.011842071563693372	0.011408873310819592	0.012977556085207396	0.01236136108915535	0.012623078539037791	0.012962631445200108	0.01166878811524412	0.012236110725213932	0.014599533910180873	0.012849656943387069	0.01296549400298633	0.011297663575556442	0.013260750229937284	0.01191987465365775	0.011504837428321512	0.013010790688637608	0.011645543842226668	0.01319824501973855	0.012696357168349971	0.013289465294068851	0.011747583284544566	0.01293094641880722	0.012676304292880412	0.01358418181053219	0.011875491237071012	0.013121193503545374	0.013747136599616998	0.012162532583686611	0.012084103620445392	0.011444856138118827	0.011744624432792242	0.013537500417819062	0.012996817042588135	0.013711929106428036	0.012643312766359254	0.012512732720661108	0.013710381498512994	0.012523954169957744	0.013203135205597485	0.01400792990049222	0.011952135264056769	0.01196424374095564	0.012204212193001787	0.012136337837958708	0.013611446659956504	0.013521093934149743	0.011862034998359923	0.01222025103630468	0.011986988278748485	0.0	0.012951069336113558	0.012237812243834538	0.012221496658336677	0.011441693352183358	0.01257636554851158	0.013165570046895305	0.013584469018602455	0.011331483281376793	0.012942051887973892	0.011520798240101392	0.011923539015129764	0.013461305936750632	0.014621989922818057	0.01251079888482009	0.01097216415173334	0.01201389223145527	0.011819865169361655	0.014396285377727878	0.013272801976885162	0.013042934361808518	0.012399914280643045	0.012975766531167337	0.013644875604672882	0.011855392483101062	0.0134441286618807	0.01312087534786922	0.012395731803546943	0.012616902118240911	0.012100325327861787	0.01394787253119915	0.012841697241051463	0.0118325833922263	0.014323546525649789	0.012942944395168077	0.013653134198100055	0.013290065670546507	0.012174356571319487	0.012002058284443735	0.013137226429064747	0.01331512354461756	0.012423282271712889	0.01261089646705349	0.012707872113822983	0.013770570109170939	0.01354625228693865	0.011146644420542052	0.013233479178617353	0.012673708572638453	0.012694650339827888	0.012561758834781452	0.012691524052122795	0.013534557726134539	0.013343586747758865	0.011188258449696023	0.012894072953337778	0.01248799990870321	0.01252122907811503	0.012272304252022135	0.011276810260006128	0.011832793039538053	0.012592852605993639	0.01247878365796576	0.01311612432233297	0.011951591497095291	0.012550034194842958	0.012423291682749851	0.01272178407417044	0.010712500327948064	0.012933447505166491	0.012028934755627102	0.012451199873206618	0.012382019787718879	0.01335627130991429	0.013255187073672672	0.011757219738843765
pony	0.013626523224933072	0.013088322037203202	0.013951015355968897	0.013364302105418328	0.0126709480542859	0.014577646543094118	0.013434876488072506	0.012965611888493182	0.01294817141740679	0.01463809798212539	0.013717498223198739	0.013995129428909363	0.012912038561310407	0.012750366318156044	0.013248618999053418	0.013550260005175284	0.013637131719089667	0.013101397927678995	0.013338516773096512	0.013491152567228286	0.013761579463775904	0.014902932744030277	0.013554295787355987	0.013767978263415265	0.014169659209305144	0.013511858902458979	0.013832871328188652	0.013008858651719708	0.013387803518090933	0.01408505052760896	0.012847645706462775	0.014068507299295254	0.014589416916780657	0.011945277850760487	0.012792485989853804	0.013877270570893899	0.014056856652927517	0.013345735031720185	0.012829441762456942	0.014076180163411854	0.012999891432548283	0.014412253996582242	0.01392220707321181	0.014345144109442884	0.014419148131988344	0.013531173002418921	0.01455423623971309	0.014331036233907158	0.012270446559837509	0.012480523492982813	0.013816556887912895	0.013293743228251132	0.013167284136804258	0.013264230341145291	0.01423849189587157	0.011888481059672466	0.012438028122210645	0.014501626117682657	0.012485093673267866	0.011554483206493856	0.012478244656646757	0.012060694618333112	0.013362363194864994	0.013142235809713479	0.012568048360314266	0.013294014971047768	0.013650674472247682	0.013838595643859586	0.012286923906719583	0.01310467272369164	0.013062944578769841	0.013790682028631459	0.01420269087486549	0.014347330030407756	0.01288240895966122	0.013014722474126258	0.013836358007770848	0.013222087660662265	0.012857274077253083	0.014258584255118835	0.013882147826047837	0.012650694054088368	0.01409920935060618	0.013598292208964578	0.014984095750605195	0.01266566666024992	0.011585846015122178	0.012538158117741291	0.012471762971682112	0.013498081092355327	0.013181737074195867	0.012699163815598869	0.012463749392433625	0.013816907921351094	0.013954448436275324	0.01449460842795695	0.012175242353735185	0.013228944772210437	0.014359989518508993	0.013310274109725679	0.012870670315959832	0.011211041223614836	0.012708888944487464	0.013765776432119719	0.013285127551346494	0.013446860393143429	0.01391929124411255	0.013022804746411544	0.012297239083212196	0.013684377840655437	0.013932870658644405	0.012939820771183042	0.012504110415282786	0.013263365896214884	0.013860593762362651	0.013994506217575394	0.013453101560869969	0.012689161608716071	0.013645887877289953	0.012197072931485637	0.013332482639842928	0.013670327405844588	0.013641640190699246	0.014808775120582816	0.013663985950320487	0.01287458100854333	0.013164153177418399	0.013465604800793018	0.0141630606378254	0.012948000750840225	0.013532518322329441	0.013167626541533362	0.01229377612955443	0.01344269536398771	0.013966265330155006	0.012086866436469	0.012315491031116866	0.014549240691483091	0.014013458546999067	0.014150827045368543	0.014200744517227028	0.013866741567473605	0.013994550782315153	0.012727996103851195	0.012546025082229784	0.012793912562817637	0.013807677470714177	0.01206091885641838	0.013001515853319965	0.014088809329640404	0.013562693814375327	0.013423064721310482	0.012323446174665766	0.01311103893993238	0.012943227019148287	0.014466590447880458	0.012893501081650658	0.012074229321748613	0.012100234622456216	0.013496179293212123	0.01385745329994348	0.014335078836270759	0.013185917397480103	0.012465463955859419	0.012951069336113558	0.0	0.011598057799742156	0.013052182728998284	0.013403499737442653	0.013939035358759616	0.013467251394461578	0.01418338644177256	0.011610722287555284	0.012990869427558616	0.013234509306997131	0.012864524734117309	0.0132444791139046	0.01418382521801691	0.014206408976856995	0.012798326902104473	0.01224958235970609	0.013191652424776292	0.013975457418267674	0.012751512233159736	0.014365814379468102	0.013693463859702834	0.014470761184491145	0.014146600857322379	0.013987099514562664	0.01415008321630181	0.013345935927287444	0.014408344190093444	0.013079522735686471	0.014700761725453391	0.014245613931728412	0.013382749410430272	0.01256950986068152	0.01351494746314369	0.014271507117185072	0.013061668538679279	0.014189336739675602	0.012928091905849775	0.01395004890158931	0.012981047916622962	0.01333784043684929	0.013222166085311689	0.013485104546413702	0.014322406436099491	0.014113952042030071	0.014163541360215836	0.012271656442873886	0.013639071821115154	0.013917767213333385	0.013523103782953898	0.01342820558081072	0.01358689310122216	0.013597856728931436	0.013429059187793883	0.013314450522826616	0.014286582073787892	0.01364844747745656	0.012821710622683611	0.013760676729559565	0.012583982533962881	0.013405557697445624	0.013157080398185118	0.013974979300417386	0.014340805636355768	0.01234992695829206	0.013613088376410721	0.012960978047997633	0.014409244421297667	0.013125592152489067	0.013193777717464963	0.012560886817574429	0.012818424553627021	0.013381388734336412	0.014126489248896033	0.01411260913152878	0.012959280486778644
poodle	0.013319287035278758	0.012480696919786179	0.013616099697592305	0.012461218508484733	0.013369941679059654	0.014515993266192241	0.013185536828462905	0.012113880877516626	0.012830223035612346	0.01418945348433474	0.013807392664711173	0.013179322657266079	0.012710679428680418	0.013244218710441846	0.013387492573454592	0.013436663460403503	0.012583373737181085	0.01304730923936448	0.014088055463752414	0.01305016239500777	0.013083227877075044	0.013991866737601291	0.013467105896122121	0.01396334382053715	0.013867358928141837	0.01421936104793879	0.014593055113505086	0.013041887377949195	0.01394867271783728	0.013250792815880874	0.012854938647896077	0.013810082255886893	0.014550740756052599	0.010661759869605525	0.013107426344503053	0.013921502334628745	0.013724376904971212	0.012690296104443577	0.012248608980278217	0.013284805444963733	0.013070314488321638	0.013892433688339211	0.01250495785237298	0.014610284329135612	0.013631344332974058	0.01420434540804783	0.013678291346845315	0.013662960319433917	0.01243910943567099	0.012264443080472151	0.013220181749533846	0.012300835395976253	0.013117942538325126	0.013054349524877974	0.013370918129811506	0.009037206309895691	0.013247502232094694	0.014099265503982867	0.01183747997954699	0.009889449742415264	0.013079718804161452	0.012269750552423136	0.013556540960631911	0.013114629061309932	0.012075096943022976	0.013455809128374097	0.014104625652391078	0.013410753027570832	0.012170545734245775	0.013723392262879639	0.013780602652323483	0.013389654945097675	0.014351693073532672	0.013838061214021497	0.012219631137639235	0.01276377743583244	0.013861398626630448	0.013612876369318523	0.012648291431473849	0.014085202300491017	0.013325367957279852	0.012821558643994525	0.01346843085552235	0.012928464077969952	0.014318218421350696	0.012021192592559873	0.011923173701070615	0.011704376201064515	0.012480810474327165	0.012655811171507002	0.01320503449997211	0.012714085017785693	0.012048546647988451	0.013811465749107778	0.013514163928715166	0.014347496324623541	0.011576224344803812	0.013496802252199767	0.014484226838342544	0.013232863397028062	0.01284466921927161	0.012604320737501992	0.012882012963376138	0.012950915492305237	0.01265245604831202	0.013280974207856754	0.014035655927526442	0.013044607042708123	0.0129991866431887	0.013621708905451717	0.0132476732280579	0.013362022538505009	0.012319834311687004	0.01262494338454856	0.013309219679077017	0.013765253271664935	0.012424368511951795	0.012349888197109577	0.012938777758351836	0.012083428434786951	0.012621066034489066	0.01271154442175843	0.013464227959538888	0.014890222385932435	0.012848798893332963	0.013934585188717206	0.013176077666759352	0.013005111757844084	0.01367892997956818	0.01211619073412988	0.013482105520533316	0.01292719617584721	0.011715187197371578	0.013416157083867146	0.01449241288050813	0.011805715883031547	0.013141630946753823	0.013950634524286664	0.013367232962165408	0.01408726611155665	0.013173060675095487	0.013163316430135186	0.013764472756950842	0.012158316418290224	0.013188849704670637	0.013249495228149081	0.014157064989583771	0.012213057680484609	0.013140917018322248	0.013218293701729817	0.012121719465786815	0.01266868314266422	0.009563071681774601	0.013083454231977711	0.013578619357667925	0.014259639246396023	0.012726246239704465	0.011756557352577413	0.01280914654962605	0.014097931187925135	0.013723566027592823	0.013779918483679803	0.01255381917046839	0.01239093061093771	0.012237812243834538	0.011598057799742156	0.0	0.013504907535942627	0.01316572512555093	0.013118256510792757	0.013233746530575493	0.013259996277719177	0.011028058240714884	0.012614078991498945	0.012407593505286519	0.012931633166455299	0.013125016692623061	0.014086445018495377	0.013981713838327999	0.01238717939549501	0.013034762748661952	0.01274695646975662	0.014140862354075823	0.012382904604108194	0.014502652698703261	0.013493064050166446	0.014469540335505862	0.014335709602925087	0.01363222438959573	0.014063164528266257	0.013085055451451215	0.014409587968806188	0.013293816627529013	0.01369109846595259	0.014563640893821976	0.013030597544122852	0.012809770748068805	0.014339307695011344	0.013539333442135402	0.013644557569091213	0.014181416186962907	0.012264431785741716	0.013532164373963134	0.013508621926830208	0.013362448732740777	0.012586555657636117	0.013518789338500125	0.013654912511648569	0.01368514421683519	0.014141586392824472	0.012072379999914212	0.013133337422271994	0.012904199188092396	0.013049938180951362	0.01336237522551792	0.01378851066636041	0.013212399380966591	0.014016475814118827	0.013019245580108862	0.014493324619610748	0.012762247323375473	0.012836652471110403	0.013432368033384531	0.01278656677093418	0.012685050253654774	0.012755713777742728	0.013944761610750816	0.014764029966365201	0.012554844919474218	0.012916839390846606	0.012805524284690884	0.013529791850682234	0.012346292534843236	0.013567998359555071	0.01254020772542364	0.012712152878344792	0.013395870777698451	0.01416882687023753	0.013428695347827225	0.012230749676075157
porcupine	0.013037953679055636	0.012674498113003571	0.013341256012757919	0.012944752837398403	0.012181329094434893	0.014104877480710288	0.012690753228862104	0.011945026738979368	0.01232400550180107	0.013866019848611326	0.013851226231252678	0.013972823249120879	0.012936988340647375	0.012125243858446377	0.0142396885757574	0.013481845322661523	0.012858420532049376	0.014264908108083042	0.012667926891700926	0.012337907930585361	0.01330658363147189	0.013992692138850788	0.013653799864204574	0.013086464752445646	0.013072523164802174	0.013465536542149579	0.014103322883582266	0.013327288465219144	0.013998365542695663	0.012832176493872279	0.01351251572140125	0.013908663592823747	0.013680511138175264	0.013144212003495147	0.01338905673761586	0.013778748068837056	0.013421009240842947	0.012191106824547675	0.013792510094720389	0.013719765911208848	0.012699101204543164	0.013832174590458404	0.0128870697836591	0.014037886119904763	0.013552365394385993	0.013194356507145724	0.012734298768855854	0.012806236615748437	0.013606633228333435	0.012238449087892223	0.013094427743578224	0.012945898047118093	0.012642599351060213	0.01360216796372478	0.013266358384285006	0.013628544476663207	0.012342198838011298	0.01356638018000424	0.013345278306132868	0.013141438807182403	0.01307438208375713	0.01385539804702755	0.013585106095515649	0.013297621433713769	0.01304673328543485	0.012861363944824393	0.013291505183340968	0.012895784710428428	0.012167450788177183	0.011712925075858704	0.013760340511620388	0.014166518071803448	0.01339283392803726	0.014294942308622844	0.013372898789641072	0.013552577939699037	0.014111634704839345	0.01364137082894409	0.011947975222440597	0.013864692946476673	0.014229395496897777	0.013040588077038007	0.012375517347658254	0.0131930387544828	0.013937436337066542	0.012596516233717261	0.012328654273286195	0.013910971959458018	0.013051910221293133	0.013754440633507723	0.013368837851004477	0.011463612647288943	0.013262315345362525	0.014042400651857972	0.013714504372565123	0.013685541508268123	0.013768591408125766	0.013219051573920938	0.012410742508351684	0.012899260974171852	0.013024228423218258	0.013993905583589962	0.01202133454814179	0.013549130748125346	0.013097917993781873	0.014029886046961542	0.013966736762973421	0.01313856509159085	0.013050151654359483	0.013458201514258077	0.013521535599639556	0.013582722696293965	0.012573769733512825	0.01384455622144255	0.01367016908005783	0.013432141509145304	0.012734611222757947	0.01270764050281213	0.012560089331492046	0.013492934697370609	0.012833820424658093	0.013251019870017332	0.012743105961710728	0.014663505483769853	0.013309072713469199	0.012848412048991844	0.01259696094734685	0.01421157463043669	0.013149808963708955	0.012857603663742898	0.013245390808042361	0.012762532780608814	0.01231896422724143	0.012512260073195773	0.014000082737035811	0.013235792391681468	0.013194465323947285	0.014194178753653232	0.014048476323469476	0.014165132489375586	0.013643787667083357	0.012995147278909705	0.013258397925576959	0.012557265456267744	0.012350305079069146	0.011721068003274281	0.013820281558441082	0.012675913543965753	0.013477738943279211	0.013781215229931334	0.012816040417796725	0.01346150303380711	0.013834453754967285	0.012583892596406996	0.013506578313175028	0.0132440929730562	0.013028583958295268	0.013163112718842039	0.0127775205774594	0.013575708870192717	0.013646209506014646	0.013754564305036042	0.012637972435331577	0.012480980602301234	0.012221496658336677	0.013052182728998284	0.013504907535942627	0.0	0.012742850860484801	0.013524557330099926	0.014056149695767399	0.01343254991023414	0.012538699915845702	0.012374402772260379	0.012665136373351857	0.012100704049291667	0.012801670366249147	0.014254373307872237	0.013276808405645046	0.012336129871049303	0.01272470546186225	0.012120862420607835	0.014421818773270464	0.013041094958244228	0.014142849270751741	0.01314218140551102	0.013712063448731222	0.013433921404293569	0.013430517179861483	0.01380878151865273	0.013057013242026223	0.013034869037790456	0.012985721226266879	0.012880913739268052	0.014099473951065325	0.013926980924728903	0.013501310398352184	0.013894843588461301	0.013865743114096503	0.01374911966019792	0.013865925852711979	0.012320833824230765	0.012859504621588962	0.013787853192113534	0.013867491817443688	0.012246609271571259	0.012276419554433897	0.013770932144889057	0.013208967331708071	0.01385476899959049	0.010921015857411308	0.01285608875298133	0.013059754526722017	0.01402878140730518	0.012683339942770037	0.013400005658515988	0.013576753428748353	0.013275383002020446	0.011923329880725298	0.013338276739513828	0.012844658884535422	0.012403790710721294	0.014193663195292366	0.011840246091381224	0.012242480003599182	0.013231058086411849	0.014140766847615189	0.014701240779430958	0.012279914410583742	0.012630848327466825	0.012631810108269274	0.01388310089039438	0.01193481491814072	0.013505639429015582	0.012851783076870031	0.01283321181407743	0.012988584050283958	0.013706226019752547	0.014344173171091774	0.012906418001849615
prairie_dog	0.013060684411591346	0.012976320728779045	0.012953642717839378	0.012313427892743029	0.011509551044060616	0.013150426888484555	0.012406306748428342	0.012345572426329863	0.0122886353945314	0.013607772354801507	0.01456298265920601	0.013372678637663034	0.013375468028907093	0.011937019490680217	0.013130051176309039	0.013187517559328281	0.013429748914776165	0.01384526410741311	0.012181073030253602	0.011885735891270195	0.012981016686589398	0.013822935308858935	0.012513321986238772	0.014144541816644323	0.013330737952218414	0.012950338017477319	0.013799338393882102	0.013031434464521567	0.013990829923928834	0.012530644356975231	0.013354510962433478	0.013860264796891373	0.013706120957048458	0.013040976087102038	0.013137321683724314	0.013311799409833352	0.013637864951153593	0.013757494669269036	0.013426103515863	0.012853939508583817	0.012603630029577506	0.013905958299114549	0.01320016220356856	0.01393802904699132	0.01376431637456396	0.012927772061740513	0.012745365974963169	0.01298633783439865	0.012494750451947048	0.012018180719674471	0.012858847309037177	0.01323228063257327	0.012446172797738617	0.012962652150132597	0.013866157606729889	0.013021900444058463	0.011409649247251465	0.01332423727173159	0.012557892729278677	0.012482566019977019	0.01360952906262704	0.013666139466034826	0.0137657450664894	0.013513759250295831	0.013176111749209619	0.01225251616143788	0.013131395709665403	0.013125345243476512	0.012682752409592045	0.011230637930041231	0.01347989973755057	0.014073780906440072	0.013281313645025418	0.013175337659871257	0.013520807094927064	0.013213133976849456	0.01428787582048834	0.013783879092670683	0.012913798549747222	0.013594429048987444	0.014344341156633354	0.013644116181960202	0.01366715589553151	0.01225425681289044	0.013643866857799534	0.013114045924877908	0.012935339416368256	0.013627390941800347	0.012606996375864868	0.013383881255762004	0.013085234624980893	0.011496116512907996	0.012774334248647457	0.012949167171899104	0.013563507404151394	0.013341578584020969	0.013040541504935417	0.013293653343172056	0.012101385942679453	0.012419895279072907	0.013230159176964207	0.013574456165543113	0.012368163267477077	0.012896307349287236	0.013042427606739695	0.014926564849624844	0.014126117988692073	0.013703038029576573	0.012640086831713153	0.013440757794409673	0.01354954984725066	0.014087847744158985	0.012625897946737326	0.0140701603897516	0.01241344238982379	0.013089940421933297	0.013663131691413456	0.012991650076668278	0.012809656834046728	0.01304788384676783	0.013269518870456356	0.012426238431181943	0.013593698694104064	0.014575581201062272	0.013247009409599364	0.012436565690771381	0.011752386001031324	0.013843481520875223	0.012541274412372152	0.012886061055396325	0.013373321573999657	0.012697166346095157	0.013254780426920021	0.012940312407255315	0.014187785089593181	0.012530295254387891	0.013005544085592872	0.013078032455989166	0.014009091668093334	0.012795378074558212	0.014132293794097875	0.01403652815316322	0.013169290368527547	0.012694019325450312	0.012291198397842871	0.012295697865807191	0.01328369768389437	0.013309102244655242	0.013747984941202164	0.013184488746172486	0.012844920233245915	0.014466855082912298	0.01379072133195957	0.012782773011756256	0.014085721155594389	0.01323139353410403	0.012395577691752549	0.012757264311217946	0.012704176701677021	0.013225284443631358	0.01446979057344215	0.013774564509692444	0.012470973168405376	0.01247745768392545	0.011441693352183358	0.013403499737442653	0.01316572512555093	0.012742850860484801	0.0	0.013745145966808838	0.014463692957553788	0.013864272194005845	0.012445968572681128	0.01322020420640126	0.012081689129547692	0.011765243669818806	0.013720978332345434	0.014672878953917673	0.013956250408117505	0.011932786386358587	0.012525784133503857	0.012612935111026579	0.014756304088389502	0.012620458417080618	0.012957863185022827	0.012676318632667532	0.012950688776700461	0.013868701614898513	0.01329897352374071	0.014181825481821748	0.01356881335175445	0.012883815450546286	0.012783785430944314	0.012904555160411814	0.013836841809060745	0.013735561633194109	0.012297435342664134	0.014294432508256495	0.01361671170403219	0.013708068448995952	0.014180291698003077	0.012961035135199068	0.012784505544329113	0.013387898392917935	0.013654283647851744	0.012925484718798376	0.013221504008824823	0.01339368850496955	0.014045910583657064	0.014293358709306956	0.011407100909405467	0.01357457196621926	0.013753857151802244	0.012757710778040115	0.013272876167128782	0.013354920902344601	0.013662598471097966	0.014073736938121513	0.012066797187350837	0.01235280369738154	0.01299848734097681	0.013847344712820488	0.013685495287648087	0.012264544946332667	0.013036676427967965	0.012814704281168023	0.012657715096325376	0.014435996054338483	0.012420951436957714	0.01291899314013802	0.013419420103418307	0.013030856053254974	0.012626702666470497	0.013358944420480549	0.013069317091245907	0.012214074522026407	0.012871733160352799	0.013126080414773382	0.014485863843619176	0.012724595894995607
prawn	0.01292438844428481	0.011784717203004993	0.01316576769895522	0.012615543927344845	0.014139265966821168	0.013650790042107327	0.013298795348034268	0.012857162368779434	0.013123582303891396	0.012154057479027479	0.013078833317658961	0.013634249440925892	0.013701850269181626	0.014298032958371884	0.012780292818652735	0.013130889704934121	0.012876735400459837	0.012729450116105358	0.014110055349391266	0.013630475467205146	0.01383366995824825	0.013751694623222526	0.011924186984622125	0.013557715593275932	0.01316913938378251	0.014627076517135948	0.014500818922689703	0.013788871563101726	0.013254855399041114	0.01274569505698423	0.013397408596735416	0.014155554140862463	0.01211216850419365	0.012875624867632818	0.01289020586500423	0.01126838280401019	0.013107227509574637	0.012852232487319365	0.011164268944479938	0.01350388275420622	0.01368019180717807	0.012240103247091452	0.01239993859099018	0.012643850475088632	0.012893495268443956	0.013713759104382797	0.012703039497135898	0.013490832602512371	0.012217950729695407	0.013742729781627334	0.010348244700796554	0.011491596306822513	0.013872836101624373	0.013302577985624892	0.010829300992659354	0.013925375785856847	0.013374470402548	0.013116880289094886	0.013303388611323186	0.012720382018913982	0.011934121396511697	0.012954681694130705	0.014022967354203116	0.012796903475764338	0.011907639859114345	0.014055900284809868	0.012771215474646052	0.011244120459901967	0.0123117790998984	0.01474760062065852	0.013650131849441053	0.014458417296396344	0.014167933314944483	0.012457805448644626	0.012997383766356826	0.013170274265357542	0.014160540885720396	0.01418573497019473	0.01185315629544946	0.012928340147732476	0.013937739857315492	0.013550730191888022	0.012946886012329432	0.013193033969037104	0.013736858495049173	0.013254019530135228	0.012637298086540558	0.01139880328712169	0.013176781701745546	0.01298275137555431	0.013287151974686072	0.01350978312321468	0.012508179834853195	0.012825388799674445	0.012447163247344718	0.011145529534098579	0.012821827926681137	0.013635669241188576	0.013301034238554494	0.013486270431360201	0.013440104965102262	0.013617512480641305	0.012960007765088601	0.01300614424240205	0.013110574226350763	0.014081832825524988	0.01424803632495359	0.01158914896111064	0.012655863289631504	0.014101086390229533	0.012863091326730192	0.012706524382952073	0.012469635340567031	0.013301631755846128	0.013119167699000534	0.013262826075606405	0.012844402401804763	0.01309639825194943	0.012626017832986813	0.013460995246582189	0.00992442624369058	0.012168406791731933	0.013881492879063267	0.014587805074577504	0.013334032774744231	0.013818626984017403	0.013594834791222905	0.013571304380009152	0.012848025860935258	0.013303108244927394	0.01272731360326048	0.013105109193654672	0.011860306466023793	0.013987099675720524	0.013986008752960927	0.012847021774611788	0.014193963001414208	0.013462994586483765	0.014227803764364125	0.014020794604111108	0.013408887201686039	0.01139875046806124	0.013298067489735914	0.012292815087540503	0.013532483959170095	0.013244186759954289	0.010853525317848708	0.012491481663556125	0.013862504291074688	0.013389265453310933	0.012200524819766523	0.013002033191658692	0.013545724939528324	0.013182104128789918	0.013205363023950964	0.012887159767500085	0.012464966794918925	0.01139490979427574	0.012752558345645523	0.013961178138682662	0.012856429267432334	0.011146219317878214	0.012077754972338029	0.01317011822732382	0.01257636554851158	0.013939035358759616	0.013118256510792757	0.013524557330099926	0.013745145966808838	0.0	0.013614621708986939	0.012633576294998112	0.012771877412438926	0.013945120035317898	0.012432715630327402	0.013166493064348474	0.014154735941387603	0.014175907599971	0.01284183656828046	0.01314043371220057	0.01312252047956417	0.012732293957853713	0.014476530122304434	0.013069137739792758	0.01354418347536921	0.013343314212740143	0.011682867495363	0.013749441273850431	0.01204667327576864	0.011220831004517129	0.0129847638155597	0.013131583662576794	0.012531965590738672	0.011809737218899455	0.014118982672403963	0.011290597828718012	0.012848321702858654	0.013571481994937622	0.008834294577019895	0.01394422734231374	0.012534508685403019	0.012717736469123497	0.013661919260142074	0.012936360161250129	0.012687925275171652	0.011974150421469836	0.013345364387898483	0.01230505163977473	0.013580738589594046	0.011025532515765192	0.012774544114461378	0.012384315029854799	0.012160186040710166	0.013304594339571008	0.013039730875953594	0.012754541400507285	0.012949194943144868	0.013767591614667118	0.012940262163623198	0.013487529508922201	0.01320802715555511	0.0124949327291044	0.013512870131826232	0.01206889056957762	0.01269423366412264	0.01314787628967298	0.012279317339918779	0.01435526958922343	0.011845201003204252	0.013406438282950803	0.012380583042601	0.01378045029288977	0.01306185147471056	0.011677593849132884	0.014319614216155836	0.012596166506143973	0.013023815756810024	0.014216486168962497	0.013925404210738259	0.01294315971233094
puma	0.012969503188159547	0.013485247057045156	0.013594234061868741	0.012697981158005514	0.013668396816884807	0.014682410675902653	0.01228663192065859	0.013434850008543333	0.013603769961582919	0.014378239593172273	0.012149431787700511	0.013966119262828142	0.013795882067642977	0.014041358038660441	0.014145998116840879	0.013012150198177601	0.012924902752239105	0.014400162060872992	0.013188446888166023	0.013368814380990744	0.01353162788185118	0.014255216532226049	0.013234947628478117	0.013243895814104284	0.01382711901516643	0.014314907758165785	0.015413237759382794	0.013251692584044602	0.014222306606636998	0.012491909384679518	0.01345346442474418	0.013927638657331477	0.01490177928081731	0.012989011580006357	0.013240824075308948	0.013807880990401067	0.014100192488767737	0.013129335319821881	0.013994595777680583	0.014157976483296671	0.013151227441482996	0.013890605629395918	0.01387658368529149	0.014434961188363587	0.013623441303521269	0.014281530692772248	0.013861606828739879	0.014009763747224185	0.01398031606011018	0.013023367223382298	0.013856161873205024	0.012019817424884166	0.014511760384868781	0.014144079434935584	0.014406793335028917	0.012901896882836028	0.013518225611098646	0.014112435488739366	0.01272367969124324	0.013305561095006975	0.012507867415810281	0.013628335503771823	0.013820610769076074	0.013021539060162584	0.013811800174884759	0.012769578881447531	0.014331065789947646	0.01418497626425847	0.013202301505684428	0.013899216905357155	0.013883051071602847	0.01259882681357688	0.014360656655240884	0.014106381931138641	0.012439186017416457	0.013704105204632422	0.013532210910194273	0.014242359297713766	0.013185015129942848	0.014766401487616038	0.014929791981406156	0.011333758711135759	0.012636742632790254	0.014091865741331365	0.014937622211412822	0.01263884835406767	0.013229563953728107	0.014040630338328182	0.013973055938557369	0.012436296520720955	0.012196851105752044	0.012694696382611377	0.013169138059226428	0.014121806039629673	0.014525229693671069	0.014473399080071907	0.013411866093837661	0.014465195550802869	0.014340928036890457	0.012432696387887831	0.013548046844785451	0.014034207509397443	0.013050625919199074	0.01324164839992555	0.013727761767664395	0.010974105530797052	0.013924241564834848	0.013735665998453566	0.013540826112638122	0.013009146703846985	0.013552466506825017	0.012485081635658502	0.012344983024282446	0.013912708412092604	0.013602144339872486	0.014251650803841468	0.011480947379057976	0.01265090894793784	0.012821971945745908	0.012438728114147764	0.014030947447363116	0.013948844651813402	0.011547597463077692	0.01377479835345075	0.014612670132144004	0.014257773840587766	0.013579677195561291	0.014385808413993577	0.01382293895173794	0.013884986446388659	0.014144122453970313	0.012701625876044904	0.012934331677519357	0.013866460048856144	0.014277141434049609	0.013116186626352057	0.014086076873409327	0.014449425181128081	0.015120085294796068	0.014582858680744201	0.014321617087144205	0.013858436750726937	0.013068767106816688	0.013271150860207222	0.013511582302951236	0.013598869065551931	0.014781216930796632	0.012156963744581622	0.012569463953221963	0.013937132666780726	0.013181118334225004	0.013420314900756571	0.01371568689303761	0.01351674495737883	0.01394984911614528	0.014294602457163628	0.013736645778717456	0.01352176588594349	0.013684802182373761	0.015206261045961988	0.012317304657893786	0.014205269285248465	0.013427465617317167	0.01275150897328978	0.013165570046895305	0.013467251394461578	0.013233746530575493	0.014056149695767399	0.014463692957553788	0.013614621708986939	0.0	0.013575907422683157	0.01339424479238282	0.013292780503864947	0.013174698087591563	0.014317375580298174	0.013172670249540733	0.014339090998131418	0.014360550426149423	0.013301591128308745	0.013952118830368041	0.013292215157262897	0.014637406902580512	0.014092818830861331	0.014776035294986813	0.013498338482860216	0.013984824990882397	0.014289671925812198	0.014193985005546592	0.014175508609436454	0.011949402849337662	0.014254777446001113	0.013108945789501057	0.014254169427463916	0.0141643428527291	0.012670932107936796	0.014025486820887745	0.014242843152696845	0.014025700654522353	0.012778291257416287	0.013956231204924879	0.01286351276587707	0.013646069527690464	0.01316919570200003	0.014153356172091309	0.013852681467203887	0.013688913955591775	0.01407469723036109	0.01333485038463254	0.014004298024577942	0.013004749527863426	0.013461556009419118	0.012814892148188636	0.013301102398934396	0.01424222092843987	0.01374947608393477	0.013897734588381512	0.013882575844826417	0.012086520901350473	0.015019897246152079	0.013021031311366027	0.01149589857361592	0.014561498430843898	0.013765995040497157	0.01358766136916066	0.012864740875385593	0.014327886994306059	0.014048866081488484	0.013430466885608274	0.012836500081914181	0.013257583218778957	0.01331377846621275	0.013092404830898992	0.013692456857851072	0.01325328611909127	0.01398246663716303	0.01407064636524433	0.014313026043687034	0.013140230178527213	0.012753569529486562
python	0.013687128869567166	0.013606186645355893	0.012588187441613696	0.01321652534362612	0.013602185370145604	0.014007815673280043	0.012429930857988629	0.012898926144213431	0.013696733173659366	0.01372173981093164	0.01338490657070906	0.01320610403464783	0.014244152695590736	0.014171694464614217	0.013668259859658265	0.01330502701062627	0.013094151385465692	0.014178263238834065	0.013609018189147622	0.014197386787608589	0.013844765181026673	0.01312759413025042	0.012852838437734753	0.013183351467997019	0.012932810069111858	0.01457834287465843	0.015101729492977842	0.013434913631207466	0.013291684210475767	0.01348753511562839	0.013405251499037773	0.014284780041883622	0.013711937597146203	0.013185347636882552	0.013508286983441475	0.013298649993424203	0.012996061438856163	0.012734803669355574	0.013185602249558155	0.013042864666260421	0.013773708139209782	0.013212858330116675	0.013248558357490926	0.014170162338369287	0.013180381436063466	0.013848021653143352	0.012987731234713567	0.013183535770721509	0.013523254215496678	0.013111690082404965	0.012841123076469254	0.012190189498968676	0.01394811351875619	0.013483204406248263	0.01275018569277508	0.013489508830371373	0.013709339836593209	0.013051820138774787	0.01281276451658545	0.01318599961997624	0.012990678806247682	0.013756630136676273	0.013900201302801072	0.01248804978066275	0.013249389395064141	0.013913020270751109	0.012664983025526126	0.01285096977692993	0.012603776980030434	0.014367901549051742	0.013162889431794736	0.013965606882086722	0.01448446796122421	0.013830307469826733	0.01358475534975056	0.014143940867476987	0.013783704108329922	0.014042595950047834	0.012279136005268637	0.013698631278355971	0.013885942978870641	0.013190336454997236	0.012081272964290927	0.01341274126985735	0.014150371150062508	0.012529943136823067	0.01303508926555732	0.012723348382458213	0.013944753490864412	0.013602388170875827	0.013359755104199096	0.013880332483226055	0.01320608735721878	0.013910206849653314	0.013519375532590387	0.013943912146351465	0.013254231452657281	0.013605851346323028	0.012718294793552732	0.013878824389328075	0.01360587953767172	0.014440790799379887	0.013000868559184696	0.013125915445522593	0.01352336557548979	0.013300873478267493	0.014499127228583462	0.01244910387485144	0.012889397088641301	0.013128094332632411	0.013441929620501739	0.013365832229648773	0.012844733158265757	0.014296806784430644	0.013144679585904597	0.013769478853586356	0.012476695433774814	0.013283398009357636	0.012068752969693728	0.013475341836833476	0.012756429996313885	0.013372791103050468	0.013615087640192194	0.014566524224876427	0.014047801570211875	0.013901717499946998	0.014263774218765962	0.013734490355081388	0.012461102772195873	0.014153917665617674	0.013144831971665312	0.012382001746620186	0.012438072013031432	0.014028041210525454	0.014205081896417416	0.01297146599330126	0.013689084319046472	0.0137980298762523	0.013981677882742634	0.014031952991274545	0.01343413812809522	0.013319457651156566	0.013050507753599101	0.013048897025229454	0.013680778337968632	0.013163117873561427	0.013995212399591995	0.01317625634248766	0.01361061305630858	0.013358965899576398	0.012469040559677154	0.01335904755130888	0.014411275723248433	0.01369547798339869	0.013541941586538155	0.013610925817597597	0.013094570361811896	0.012942404490379042	0.013671367912980554	0.014307283168387174	0.012915576355771237	0.013397699950099526	0.012164399738900943	0.013455051991889502	0.013584469018602455	0.01418338644177256	0.013259996277719177	0.01343254991023414	0.013864272194005845	0.012633576294998112	0.013575907422683157	0.0	0.01331085332496846	0.013712446570436432	0.012878060970420982	0.013156540660561086	0.013343253886487582	0.014093258710230974	0.01396851014915632	0.012598395680479355	0.013908677582312847	0.012863063367463115	0.014349239370718483	0.013807090996532594	0.013775500172010048	0.01306663331802641	0.014342013430421057	0.013237540312077236	0.012983430845604898	0.013154876968780226	0.012488452682413873	0.013575711135487245	0.01295948929428074	0.012698063081103807	0.013986245978044154	0.012462812103903608	0.014326433577086876	0.013188505935082018	0.012996815392591026	0.013073471168713144	0.013797016493821286	0.013573383931359612	0.013071020591860119	0.013281923273461352	0.01350991786725207	0.012193456125486701	0.013829103572074017	0.013541208264099375	0.013090491632443324	0.01285592197809119	0.01263089376717115	0.012888367613411684	0.012965903031499018	0.013798368346879102	0.013770586521187005	0.013418735549962481	0.01420461814720533	0.013902385531545746	0.013240347361356685	0.013429869578272644	0.013305691512803535	0.012807744803622033	0.014055433809703153	0.01308573583105161	0.012483151942322157	0.013721773351976538	0.013365240164663544	0.014464624977864162	0.012349136398534896	0.0133115726680205	0.013509917140266033	0.013479637191930594	0.013567605126318777	0.013786718553450235	0.014157018485505294	0.01248111176511327	0.013948926396842809	0.01417400557857882	0.01402841982230891	0.012761679222105613
rabbit	0.012495843513473801	0.011917170227120468	0.01216006382856098	0.012419873084311304	0.012948959961370417	0.01345172604814067	0.012578676289535098	0.011663260711981142	0.01103260462803471	0.014057003786272964	0.013721334841570208	0.0130364546719222	0.011819671595555265	0.01213006434403409	0.012501868029981177	0.011941058357955461	0.012585933797962287	0.01307976733742264	0.013122483207956701	0.012497678100529186	0.012808420991901824	0.013797890141822273	0.012598353388505033	0.01377774093994663	0.013116405356638296	0.013987835607150502	0.013816434561936297	0.012426998979959896	0.012646603371161119	0.013806396488500657	0.012647391923286441	0.013744782873943782	0.013562473766461731	0.009295283990946882	0.011944932725390085	0.012696344724532665	0.012461034748365487	0.01179343660540437	0.011391462072483727	0.012767871447644968	0.01213785072574164	0.013648459132455326	0.011435184953336501	0.014644061986018635	0.013686200441810372	0.012953053114809985	0.0134549676410659	0.01301525175838555	0.011109992400064083	0.010671583195350514	0.012213497866336354	0.011459978511116806	0.012097358450608005	0.012092562469282087	0.01302696952213922	0.010829702342701197	0.01199008218278149	0.013846171235267714	0.0115900390845714	0.01024749100941837	0.012730981122711814	0.011417405900454253	0.012934737204298538	0.012698657136408558	0.010715814072556874	0.01278035753006116	0.012358253677799403	0.012736443095263741	0.01067073872496499	0.012808507829807112	0.01341164445235336	0.013222383548051688	0.013408362148405874	0.013945041929060313	0.012747304153226491	0.011871197827971657	0.013397462505957717	0.0126824637556174	0.011093780847042333	0.013617900074074308	0.013616208942543865	0.013000835891165283	0.012662269747381296	0.012648258911921643	0.014103403015423883	0.011723333363371996	0.010423271606335337	0.011574667272839602	0.011348069313244112	0.011789691550001351	0.012126634817679333	0.011638452905466723	0.010774564814639308	0.013324729813598533	0.013167479692421208	0.013808537341818451	0.010921032444259177	0.01138641491753379	0.013599201912827229	0.01261795935088002	0.011610034556221139	0.012134873710655027	0.01192061531128636	0.0126047014111175	0.012089981700554985	0.01309486703847889	0.013351863454101878	0.012681698959894194	0.011720617071200659	0.013417305938135482	0.013046509967110624	0.013052048649466066	0.011141244723017635	0.01133647549687375	0.013192967622601647	0.012507186378209387	0.012241060828058209	0.011668664567146748	0.012326904773470277	0.011832066652673954	0.012098688003491058	0.01185510158419181	0.01342652015167213	0.014494872273350595	0.012860946284677337	0.01257358350653618	0.012701116433757853	0.012855706281732635	0.012728896288277145	0.01111096353385836	0.012537300517831265	0.012229001771952684	0.010605908886384179	0.012690959412833517	0.013395743645165128	0.00987244802796654	0.01216202271317323	0.013466659294609813	0.013488535769297481	0.013948400774948569	0.01289220187408411	0.012272084571356862	0.013676036225728322	0.011637588832330435	0.012184132878846628	0.01139745389747375	0.013375554337797968	0.011380096051063762	0.012665341981179192	0.013765886687681316	0.0118883193650301	0.012786662759176835	0.012457054318072798	0.012852570566688733	0.012870594206093586	0.013076865634332035	0.01249032383551377	0.010002119710869804	0.01173014895765112	0.013574591603913787	0.012659581034605074	0.013317359017663115	0.012257185762421326	0.011683156545697636	0.011331483281376793	0.011610722287555284	0.011028058240714884	0.012538699915845702	0.012445968572681128	0.012771877412438926	0.01339424479238282	0.01331085332496846	0.0	0.012323823762220656	0.010604524080547389	0.011842540339117419	0.012389262197476707	0.01389803168966718	0.013871889434956621	0.011931982806516717	0.011832918128296946	0.012197497606217715	0.013480599128045717	0.011664145631171265	0.013577234589763953	0.012731096593150826	0.013412398970607699	0.013172220476856157	0.013507496053280088	0.013606482273280665	0.012851868559073278	0.013400612474220001	0.01298386650354321	0.013469843673794826	0.013840211803754316	0.012211523579966313	0.011621514261808115	0.013625885898607087	0.01299625039868753	0.013298423042540277	0.013113696623164394	0.011544753670174157	0.012452764523320725	0.012336873650998614	0.012761868440304476	0.011347417228466604	0.012582351719811454	0.013483968569164013	0.01271515281586507	0.013433937520481134	0.010816144392523397	0.01273303828627912	0.013287692232408155	0.012645658994276021	0.012635319023630288	0.013554248697093296	0.012532144416268827	0.01361672072950706	0.012581083189896964	0.013125125347539169	0.01234269808775865	0.011424217200418932	0.012886469383501528	0.010752901600017255	0.011145653947397655	0.01259055548800277	0.013082772973839005	0.014650105246593366	0.011304626809374892	0.012546557874301829	0.012159415392932407	0.013091582806794781	0.010612053462692983	0.012428436811733234	0.011148904198518115	0.011406814216342239	0.012249849006463769	0.013655606835698055	0.013578541939857983	0.012089308700188556
racoon	0.012335523178218238	0.012711311932877212	0.012931973071893688	0.01318898606009129	0.012561242483652339	0.014264557544560304	0.012572249200217343	0.012741575561407084	0.011790523792643115	0.014129345067791161	0.012473441045965534	0.013722067557032954	0.012705042512715294	0.012916785579524548	0.014188620925735435	0.013867320376069359	0.013123123544389808	0.014030378628360169	0.013169144773828925	0.012470797050028994	0.013823215203871848	0.014101724992152852	0.013156692796359185	0.014037023346147514	0.013646182935018675	0.013531111118136601	0.01396873246441713	0.012586918646091093	0.0144038278023141	0.012835097678588987	0.012815762523555825	0.014111314314590397	0.014988780733930928	0.012581980186824165	0.013460712977632152	0.013862380061344555	0.013506319211702512	0.013138606152359884	0.014071280332270245	0.013792858366874517	0.013429908167743998	0.013943977969190358	0.013657397090890276	0.014377446185397984	0.01383217609209877	0.012967019946161515	0.013673849868837492	0.012758649126330037	0.013109437648186029	0.012576128552998176	0.01297575130402826	0.012602354657121409	0.013489404584040077	0.013842329728690808	0.013888347977780807	0.012330866062881873	0.012908619822742726	0.013791284023804706	0.01232817623427077	0.012319960465283768	0.012598339251467361	0.01400975187736795	0.013128942249129529	0.013716775776691064	0.013241105293509343	0.01312025670131198	0.014433333485084378	0.013787238275858735	0.012760918990568203	0.013078020186626538	0.013938512942190584	0.013172303975571665	0.01433315225891009	0.013308428145405957	0.013360900348849798	0.01387711258531265	0.013400924376550159	0.013534153861394194	0.013540986840415907	0.014478511263837583	0.014068165163435559	0.012351605686939477	0.01350053526340296	0.013941792802223347	0.014235501353748856	0.012571062130516128	0.012551781445608999	0.013677379305840218	0.013271792318749955	0.013144927657475339	0.013622067891310465	0.011608348231885104	0.01314215042890639	0.013994667435139541	0.012924409233329498	0.013119902919710425	0.013400826137370586	0.013314187128622765	0.014061701943437352	0.012778702401457146	0.013391181307873493	0.013226484412877229	0.012370791010907725	0.01334314944162682	0.011910498090757582	0.012844614256060682	0.014017096942693857	0.013069467601049307	0.012844979882762836	0.0129314460002537	0.012643414897499912	0.013882460816631968	0.013608275593458084	0.013334630516438087	0.013965434171832474	0.013992507677778954	0.01236131619273261	0.012537929808329282	0.01309066075150228	0.013465197867520137	0.013370083076773702	0.01331027980472744	0.012603567860459025	0.014103294692523347	0.01387065153238662	0.013752979539628996	0.013273317487068831	0.014357654929197931	0.01401512991209221	0.013309717818772741	0.013450566708033695	0.013058435723245245	0.01300529217088505	0.013461970145028394	0.014679213587247513	0.013142427277336442	0.013079060387175916	0.0142913842287422	0.014033755593779416	0.013920229503171339	0.013108855198863638	0.013309740910774777	0.013274983070522994	0.013532861801891973	0.012746165439735413	0.013224264238031738	0.01371961520347037	0.01345177979523661	0.013200859958180171	0.014244789022882025	0.013773823258459399	0.013944742706013402	0.013371805222804862	0.013388335090668778	0.0142271851563104	0.014054959904338643	0.01299255664547694	0.013077805527245155	0.013121178810221977	0.013347227396805243	0.0133731849671961	0.01365255431473273	0.012904344574152246	0.01237789094732495	0.012942051887973892	0.012990869427558616	0.012614078991498945	0.012374402772260379	0.01322020420640126	0.013945120035317898	0.013292780503864947	0.013712446570436432	0.012323823762220656	0.0	0.012919394314946299	0.012069620029207756	0.013188847745483947	0.014284486240378053	0.013645234761818588	0.012522280163862278	0.012902510008211472	0.013205491426632791	0.013860246924573646	0.013279278401224441	0.014487323988710069	0.013263655091016714	0.014439593457280558	0.013344683953023032	0.013238331225514067	0.01364641752837664	0.012342416977466651	0.012961455154757226	0.012812593857891526	0.0134303784283492	0.013743527147115407	0.012954203360105302	0.013845214245373988	0.013735699977147669	0.014298872639695967	0.013077277063955943	0.014102739637825852	0.012596372290899325	0.013710283701938546	0.013756922811946085	0.014022943054374681	0.012923838343252525	0.012970564397178218	0.013058227335546489	0.012912798526088388	0.014129322292147709	0.012548436837062233	0.013166150599359008	0.012826453204640013	0.013306839932807863	0.012663860344732925	0.013730169120102614	0.013107760053453371	0.013699394187300902	0.012626634262912368	0.014010143702370446	0.01283070779573691	0.012313169147862298	0.01434494390729856	0.012686968528851419	0.012783677167816379	0.01309996960859603	0.01400298009451086	0.014873547456016956	0.012464732513019076	0.012995060982011697	0.012216877705525145	0.012747723578997651	0.012318727947553745	0.013101364585820108	0.011986227880294213	0.013458199224553864	0.01373975571951027	0.013928788199949929	0.013922879146109188	0.012819024402811373
rat	0.013191939467818102	0.011884963360648064	0.012503223820123368	0.01188056607635305	0.013387084261755656	0.013889300603444206	0.01214001038503047	0.01166849764523361	0.012219567236634922	0.013567859355241147	0.013848118497150452	0.012060335725543577	0.012795974799623222	0.013082626655311584	0.013398435782530454	0.012260366932381755	0.013134440069107753	0.013658982812220395	0.01334965379176153	0.013233031047349719	0.012842847122727962	0.013446096336879244	0.012319582444806314	0.013716338363528601	0.012988632469276302	0.01404949812532712	0.014187674428170762	0.012526340516782076	0.013394818046082096	0.013096589451385128	0.013074245084882467	0.013368259326542214	0.013792861739156514	0.010957144628975533	0.012953624841499804	0.012788674955641172	0.012050782373290521	0.01199177547142227	0.012515824637514739	0.012523665713637737	0.012761153132355436	0.013568145537457263	0.010914949241338803	0.013978222807303238	0.013392548085163738	0.012951210195962156	0.01310254285341328	0.012627598882664683	0.012106942204262887	0.011323985914138612	0.011928746637913013	0.011638060732321633	0.013052735174741559	0.012798393456602709	0.013149182714378324	0.011933697677956899	0.012008935702830903	0.013124161097626699	0.012049898962597297	0.01125882224580028	0.012798063745677362	0.012642843099731977	0.01382633272609514	0.013172412768959056	0.011863906669141853	0.01331645081439164	0.012680948810105046	0.012384700996779723	0.011652762100658855	0.01328699896297486	0.013816912051637775	0.013463289638329122	0.013689405269643835	0.013280667311484784	0.01322648774641529	0.012068405852296635	0.013669328042295559	0.013488608681170295	0.010991129961797987	0.014036020883583505	0.014173016606614675	0.013074533109377728	0.011599205032005353	0.011398802104087162	0.01382937559829444	0.012762226819708932	0.011450944131829534	0.01286872522698143	0.012717597133080067	0.011706483621333048	0.012375839687710775	0.012156379742948052	0.010817527243890075	0.013202930237611925	0.013654430964175132	0.013836714420740139	0.01087537747212785	0.012862215269618163	0.012869005637747087	0.012892847286887648	0.011768625177887631	0.013415590622695343	0.011417908332486485	0.012752893539161834	0.012984087478990516	0.013290014286424788	0.01396569366289941	0.012891324011815131	0.012081470221341819	0.013705096324344322	0.013053494128556704	0.013946285550279412	0.012465029972616526	0.013512223829211354	0.012083712013238247	0.012245078596147043	0.012060184901400433	0.012505580998800711	0.011344588771038172	0.012579958783765171	0.011986189541656356	0.011525136707130252	0.013710423429884528	0.014470376588821214	0.013856020167495814	0.01270765035773765	0.012413517918078616	0.01352544669068184	0.012412329066085722	0.012782322199709966	0.011036746233444299	0.01185070955620183	0.010271922647945086	0.012743935204091943	0.013870444427391094	0.009933723318461903	0.013010420065572093	0.012961553774417878	0.013855742227420649	0.013891419624766518	0.013156775569688594	0.012682772839664966	0.01370508373988367	0.013208441581331982	0.01271457751546298	0.01183726138918978	0.013993935519450152	0.012223802510867087	0.012837001708037	0.014082988135667758	0.012155106612057986	0.013893977518926697	0.013239795794118731	0.01331562324905601	0.01344218899552431	0.013603678228271986	0.013237254045603752	0.010604770323436314	0.01189726793684145	0.014531149545144029	0.012756609798911188	0.013877260650791494	0.012150578088883162	0.012106860326963599	0.011520798240101392	0.013234509306997131	0.012407593505286519	0.012665136373351857	0.012081689129547692	0.012432715630327402	0.013174698087591563	0.012878060970420982	0.010604524080547389	0.012919394314946299	0.0	0.012219652997828269	0.012745409193822645	0.013687094289881473	0.014878372871029949	0.011860233199017294	0.012988363213774218	0.012195545790743051	0.01437901976528784	0.012526561432791438	0.01307068927842188	0.012533785623154008	0.013447166845742849	0.01286383111729652	0.013469381697150671	0.014304817575061286	0.01184481984641983	0.013665420707149241	0.012830642640920717	0.011961259269112144	0.01420832158820856	0.011965082835648662	0.013057702154762785	0.014518805140442195	0.013325908648668876	0.013708066209993921	0.013862217155026073	0.011785965238484472	0.012410256454118005	0.012203226357232233	0.013176849635110089	0.010520112987706212	0.01250314616279881	0.012750705172548787	0.012313034490982087	0.012896153852787527	0.010390271408506598	0.01323280211142809	0.012838203552868141	0.01294423653149571	0.012927037021090349	0.014327485765555217	0.013667409548635576	0.013950665187556771	0.01237705621602474	0.012831986920302456	0.012079844917977683	0.01174501648310849	0.012682470769265104	0.010795049785517773	0.012397304541246072	0.012739348524426715	0.013495243858289969	0.015375884588645394	0.011904063886470856	0.012803050949832615	0.012554001662272137	0.013402592563345559	0.011422179633512285	0.01245449379532652	0.011419965018559847	0.012081707568896548	0.01303662514267575	0.013990630264250497	0.013921439115400272	0.012504438124928009
rattlesnake	0.012699863177242145	0.01103021861936748	0.013109645176176767	0.012360344500905413	0.011709794260836182	0.013746392496186142	0.012423331537893566	0.012357941717646214	0.012006613472504077	0.013601404825013904	0.013362107483154894	0.012973468343340204	0.012771116086195028	0.01230520917584082	0.013333916161429801	0.01291860995594315	0.013345153554482889	0.013851352816984781	0.01256455915706291	0.012089497131402904	0.013113204581495596	0.013323114141558987	0.013053369635318406	0.012911672943217857	0.01376199915330999	0.01295911987155002	0.013854471162552751	0.013142465538398105	0.013403692904491863	0.012460455481979875	0.012957699518425863	0.013887437931612751	0.013940083092234158	0.012734635011190027	0.012792160019420526	0.012785628091012637	0.012414268953451785	0.012613834331784188	0.013238348348144927	0.013539876819620886	0.01251426919783539	0.013424134799666873	0.01243353342660203	0.01357469707479432	0.013282661056953218	0.010982488304033467	0.01088058811385766	0.0107330875338427	0.012816294345749985	0.011197723640338162	0.012011578441122989	0.012203796012114443	0.012170114902576974	0.01316156345698707	0.013278417513967444	0.013081480772618012	0.012059168714811875	0.01122375909942616	0.012676770700522361	0.012436483719889167	0.012386144034051189	0.013462156501464047	0.012678539984314239	0.013256970792725024	0.012798711361915958	0.012070484280470386	0.013598011959410477	0.012393234529324408	0.01255568422749066	0.01180191828584988	0.013444961066630186	0.013813515300087119	0.013130040294838212	0.01291821248337897	0.012668866342350338	0.012847355336069398	0.01374443298472096	0.013778297880198803	0.0117208067283901	0.01415609893611185	0.013718187582519564	0.013993432847424124	0.012812570620330047	0.013185972377482848	0.014168137987620984	0.012744278379666548	0.012103080653207674	0.013477588484974488	0.01271171471618393	0.013118571224450816	0.01276601923957728	0.01171536986470515	0.013257754374200443	0.013054589545105286	0.013967970691160075	0.013050569153533587	0.013563300126752473	0.013209560108962778	0.01273024000119636	0.012331786963009047	0.013231355575686311	0.012936887963948056	0.012719564286172132	0.01230639513980274	0.012579631712269399	0.013642942902948367	0.01416343958129011	0.012932424403477027	0.012212870482025155	0.013457804584330647	0.013336986007340138	0.013563046458945162	0.012954853759800749	0.01413914260414084	0.01341068274067578	0.013509599476985663	0.013182775050170426	0.012692162134570759	0.011143230202239333	0.013443282634458318	0.01226304052941217	0.01255218787408927	0.013422404502078435	0.014627652296985216	0.012895810216664132	0.012593246130153777	0.012778483093691142	0.01440508301692567	0.012492804400983057	0.013082722109312892	0.013425387783705637	0.012905025593025435	0.012063335633655255	0.012759127614855998	0.01392929984839847	0.012925083040522523	0.012496070144021638	0.013514316917703858	0.013860088175173426	0.012919209761087815	0.013351379145606562	0.013124764301150426	0.013665721015966819	0.013120786494321133	0.012318313772199963	0.012694265808559606	0.0127075973548922	0.013471562896895037	0.013048426052159225	0.013009242799356868	0.012755446470507671	0.013235630270533351	0.013734232001915054	0.012258720345141255	0.014505785184829043	0.012769998813621236	0.012398284048781889	0.0122151420953333	0.012481629045822196	0.012704563003408614	0.013424228767491173	0.013431703328474282	0.012514009992910677	0.0126697345257014	0.011923539015129764	0.012864524734117309	0.012931633166455299	0.012100704049291667	0.011765243669818806	0.013166493064348474	0.014317375580298174	0.013156540660561086	0.011842540339117419	0.012069620029207756	0.012219652997828269	0.0	0.012468651836806878	0.014197683707530807	0.013488858191579743	0.012796070504564978	0.013168114331792189	0.012640299617133895	0.014704707290876817	0.012474296190924338	0.013456502325856998	0.01242998341604329	0.013184395695721546	0.012944073244899998	0.012735799176473724	0.01312419518684329	0.011804614434431229	0.012867008633679811	0.012858260304583709	0.011965916855798196	0.013282395839407535	0.012733929572907216	0.012833594746040644	0.013361118070583308	0.013207596794166694	0.01215402559940933	0.01428457073438535	0.012374053315799811	0.012833682656845433	0.01278883794069379	0.013097481211953066	0.009350789232952239	0.012710046454139397	0.013247648401598857	0.012927842706744108	0.013699227966680773	0.011860206821302703	0.01301714930424435	0.01236555133169521	0.013271399047071973	0.01205107232921377	0.01325819631183608	0.013233027640288492	0.013463501506025105	0.012711693975258563	0.012717970449403114	0.011527073264999856	0.012151678432132641	0.013480924005724053	0.011597759067261251	0.012126687942675986	0.012335402108811865	0.01284715037944809	0.014898642784889914	0.01072174376788941	0.012887334733777019	0.012518967748172101	0.012750757957500034	0.012650581932613788	0.012848450287104123	0.01256214457206061	0.01265542880701692	0.013165592469973826	0.013200209216597763	0.014219333640418412	0.013027720051681006
raven	0.01260972648631753	0.013390439402958965	0.013004955764841007	0.013294134115562692	0.01423821390718056	0.014578132312813342	0.013335013088294777	0.013274576158674048	0.011982499154178287	0.014439431619656178	0.013387111104917608	0.013151086805918328	0.013278706649156806	0.012891691733648465	0.01303619372715453	0.013596459878388227	0.013582582572739928	0.01315055405443237	0.013382524835088895	0.014068572867859709	0.011662300600820026	0.014201115887055393	0.014030282590366365	0.01367605559451916	0.01361690489684158	0.01420001560022051	0.013874302821071612	0.012588211784881304	0.012780328703715831	0.01390256904134068	0.0142966303602411	0.01404757781405349	0.01480119549078911	0.012097306351611823	0.013401919915466	0.014427566617284901	0.013066669966046187	0.012177768801476798	0.013392986885408178	0.013872227718331154	0.012598662012654525	0.014006240339601217	0.012893363556135377	0.014735292704717993	0.01380374335466603	0.013011922323227959	0.013456402716680034	0.012648281331096165	0.013424485777943031	0.012077293483766474	0.012890847326258979	0.012304717997032843	0.011139651345780002	0.012331781232989785	0.014117803665469697	0.013751824358529157	0.012849721576993956	0.01354364199882877	0.012605634552450371	0.012435018622021385	0.012269394288327429	0.01330384250122026	0.01197115410424945	0.012170781142587468	0.013087246341409264	0.012083072520716536	0.013674479663769543	0.013782056358809601	0.012798846614633526	0.013146074132251898	0.01417884397537798	0.01264468377786065	0.012331429344169526	0.01414440051657009	0.01265209412854344	0.01359423535752893	0.012847303720175639	0.012421040666180251	0.012757592177937278	0.014008131196405036	0.013628237002692035	0.013724490896829467	0.013384490368911121	0.014183196951920768	0.01398964639784738	0.013051282535254354	0.012302202586024935	0.013329701999193911	0.01301900711174311	0.012958000490550401	0.012320125399447497	0.012548400971854633	0.013273462841497455	0.012874042360692254	0.013841160341255078	0.014457119829876464	0.01315104246341719	0.013165211567309477	0.013378385605786464	0.01134612473504757	0.013214068657540094	0.01381218522631003	0.012730320730487289	0.013052868814922815	0.011571175730099059	0.013656459462698485	0.01290511747007766	0.013102563137480141	0.013357043954838664	0.012512854487008366	0.013398899513847986	0.01324878278832997	0.012695487795778311	0.01338808710239128	0.013722912629532104	0.013230549204415278	0.013384950361340645	0.012431006811550018	0.012595122776310277	0.014014988290768152	0.012848216872556101	0.013294977619885781	0.01327978710068344	0.013654443723628045	0.012953955738371471	0.013382206332974139	0.013284630081617088	0.013447977144465204	0.013605087440590928	0.012922785556847267	0.0138255511928686	0.012930196203407423	0.011887848169743462	0.012992064848608358	0.013989995376926911	0.012997987058618897	0.014234910782103306	0.014051725031209033	0.01259519534111405	0.013703870167082627	0.012930964914440946	0.01299921382623399	0.014802245678442943	0.01336810302630183	0.013332614635237378	0.011903480716934057	0.014484740665139141	0.013222276668813832	0.012949488333780625	0.01360538599116354	0.012600817424551238	0.012335203869481542	0.013782113655542166	0.012598612473769186	0.012514126259888314	0.013860440111406669	0.013513635415559	0.013083682877923926	0.012719561234087368	0.013251286157251258	0.013118869127416896	0.013806278249427257	0.012909343730393357	0.012941547913718677	0.013461305936750632	0.0132444791139046	0.013125016692623061	0.012801670366249147	0.013720978332345434	0.014154735941387603	0.013172670249540733	0.013343253886487582	0.012389262197476707	0.013188847745483947	0.012745409193822645	0.012468651836806878	0.0	0.013165279427469563	0.01339539235590294	0.013044924415515979	0.01380641149853516	0.013760153675485333	0.012861372742985962	0.012360088176625525	0.014401146297014968	0.013277842052475276	0.013930078128969318	0.013127170283204837	0.014278372867472331	0.01440334886751996	0.01141873071937597	0.014205601603636207	0.013655612274800633	0.0137390407626253	0.013952065126253677	0.012719912756824141	0.013952382378395911	0.014540041813911117	0.014739400477654657	0.012898832055583398	0.013923993099049656	0.013184733157093915	0.013437030079593203	0.013216357316090728	0.013416032536480596	0.012036549244323107	0.011646666498160372	0.0142994106560826	0.012262961579763376	0.013476921273720582	0.012383531804358219	0.013020735815181341	0.013430660094582008	0.013029365486005078	0.01159740460610249	0.01368003664722527	0.012322237964622666	0.013090176435032462	0.01396782736519415	0.013879700661876522	0.012213019401744164	0.011809306516028135	0.014003245556779363	0.013096994489316949	0.013396666080196372	0.013525904641703444	0.014321383296027612	0.015881156453381052	0.012625233791606651	0.012149714266720586	0.012988907325103898	0.01297963383553402	0.012282204770094472	0.013182028603759555	0.01125324195925489	0.01264960228660721	0.013790889242578635	0.012498330246450466	0.014119294970396632	0.012572032659584453
ray	0.014393592338182173	0.013776606631033772	0.013339053657280872	0.014074888491040292	0.014772711261249872	0.014663669942310125	0.013873268460134305	0.014440790920996514	0.013702717205516244	0.014391353993724851	0.013514981416486169	0.014020820961846519	0.014174969968703216	0.013992658528620552	0.013606751332322232	0.014138017241017336	0.01427822018104821	0.013343000922485256	0.014728960943211316	0.014972352865067762	0.01341855764072444	0.014279950820177268	0.01425029885608788	0.014556784198598112	0.014364607877208009	0.013923954954863493	0.013378483735037363	0.013534736192807534	0.013504408975503366	0.014983682933907443	0.014970394558396655	0.014807546913553906	0.014953553010025092	0.013519846277720769	0.014047790592115481	0.014072055506404255	0.013894000597213137	0.013405109774363613	0.01422221498799046	0.014620710931555727	0.013767640811681468	0.01388949726114828	0.014115197765265364	0.015014028079227231	0.015084295492513966	0.013520799475285152	0.014812178167578828	0.013830785285144524	0.013993339895871188	0.013339336924160982	0.01343968958066749	0.01419236280227043	0.013457551183322758	0.014259599767501822	0.014381416950215005	0.014260965537929356	0.014408237336998676	0.01439579857504911	0.014076737238659319	0.01402453771006273	0.013866615226502408	0.0142110331685397	0.014055962081183546	0.014073354590910678	0.01427285239091662	0.014056741724883302	0.01401050276654135	0.014064983211324116	0.014005455834861838	0.014853773929156591	0.014127870928664682	0.014124479184806209	0.013434815112204703	0.014567921719534313	0.014212215776405164	0.0138074930965638	0.013997789634133168	0.01351042345213402	0.013939771561279108	0.014873904999375201	0.014936303054168631	0.014934331073804088	0.01377244639988347	0.014387162393149324	0.014034119192497028	0.014327610000037612	0.014333340499199694	0.014031122800766736	0.014724579457950655	0.013537726031004447	0.014360335316972868	0.01431402577510185	0.013885138686491019	0.014957222943289225	0.013435133646024573	0.014819421801066126	0.013862662182691688	0.013964954745908262	0.014216512077835199	0.01374509753823521	0.013796281578634575	0.014797418058937245	0.014584742845763865	0.01404728380728729	0.01467939987759071	0.013677746430437822	0.01143419691919626	0.013700252761141068	0.014393193992384557	0.014742429533848972	0.014693227925482603	0.013842737664892676	0.013866940952264262	0.013946057750295815	0.014307378206142347	0.013814367062599966	0.014318902555106658	0.014403804906273878	0.014049535963965923	0.014637599008415	0.013889760118364658	0.01421963853269657	0.01403045943606031	0.01344068936738412	0.014366013866002794	0.014497793145412843	0.015093933033272644	0.013000479011610187	0.014253316048226123	0.013646832933373853	0.013944682328252895	0.014425178354822401	0.013290742755880814	0.013384659092863831	0.01418221207204591	0.013215510847227822	0.013824218420523544	0.01395557901329957	0.01399016915652568	0.015270536682055575	0.014564366384424564	0.013544873906395374	0.014642521659426484	0.014893836070694286	0.014401505338247259	0.013529948236028027	0.014163448952185593	0.013533549403064653	0.013645330592596226	0.014717877365065335	0.014644006453043605	0.013457128179085554	0.014713794878901837	0.014496485611199534	0.014008026043352703	0.014841335279403046	0.01454190549179822	0.01392421408596455	0.014355737458046554	0.013807898873056713	0.014221701827391561	0.014165036161779136	0.014099312516408806	0.014587971432656893	0.014621989922818057	0.01418382521801691	0.014086445018495377	0.014254373307872237	0.014672878953917673	0.014175907599971	0.014339090998131418	0.014093258710230974	0.01389803168966718	0.014284486240378053	0.013687094289881473	0.014197683707530807	0.013165279427469563	0.0	0.014609991401025707	0.014413269335369183	0.01519980193737279	0.014175542634914766	0.012478566572512869	0.013468541673773381	0.014454262600245375	0.014595259272670039	0.014659427997513996	0.014458565853384382	0.014003763719850236	0.014622667634052192	0.013695825857310877	0.014849932944363563	0.015128505975679685	0.014282464751306683	0.015309969201704729	0.013374397191020536	0.015310271074664	0.01421513679000034	0.014277255184036594	0.013338558676453883	0.014662302037799715	0.01390517017119624	0.013990116683383654	0.013800892962357212	0.014374588968673187	0.013771623453210877	0.013898596971965193	0.014613899718296986	0.013564584399541559	0.013878391971557116	0.014316824635175385	0.01381020340125031	0.012603087314629226	0.014508110071637931	0.014268749590760507	0.014535947769799148	0.014264944982705528	0.013536795592956025	0.014998514110780372	0.01468962037551192	0.014328847118040415	0.013026841216412576	0.014800533140678593	0.0142729194712676	0.014480482248163113	0.014091392418313102	0.014365833725687298	0.016013476500323448	0.01415198687520608	0.014131669283428083	0.014210012423177178	0.013905351587818719	0.013774708670504456	0.014348682019265827	0.013322725509851887	0.014237538850360358	0.014376667060908737	0.014647760843568215	0.014885533479079577	0.013354904482190764
red_admiral	0.0130627224159267	0.01368243253138768	0.01354833299867223	0.01326720253858326	0.01335350722751945	0.01222636882497896	0.013995773445876993	0.013277830309579242	0.013428812561741532	0.012780133630250885	0.01364253637791281	0.014399351006871185	0.01422517499570795	0.014445435019930983	0.012920070040867095	0.012872319034633699	0.012592208960421111	0.014031891783622026	0.014269441126505236	0.013362850314022663	0.013098188377955811	0.01322811995670695	0.012851750469958281	0.013765647791165214	0.013582999183822482	0.014669730434855173	0.014754677653108082	0.01321648295631364	0.011349645355853788	0.013043121955361883	0.014163109363417586	0.013722903534705013	0.013238399579750742	0.013657958137314912	0.012408631484679147	0.013624618717793538	0.014352039832876456	0.013388802659267255	0.014223315024197486	0.014295400605605656	0.014034926613195648	0.012612725113365243	0.012925697515747318	0.014207044223069374	0.013733209899517578	0.013602532483695844	0.011631722128536243	0.012779260064017455	0.01418948854651469	0.014438961062666913	0.01289547229398746	0.013655902752232092	0.01373392781441914	0.012345060008031605	0.012592847418053173	0.014076861702423078	0.013385242639463888	0.013088348589768211	0.014319567255725167	0.014535933693695905	0.012467739957502097	0.014547626781467076	0.013135455044369491	0.012046719528784111	0.014047486692029272	0.013659393920097735	0.013691049123614088	0.013303273104163578	0.01330865204179651	0.014301415932706469	0.014300442929771529	0.015054945802453916	0.013473960531101175	0.012585575632792107	0.013211774159160989	0.013797045686914025	0.013472716679801164	0.014032551012336388	0.013224909060158925	0.012848255525265502	0.01412548692907069	0.013550824147645883	0.013533858622094705	0.013552761584763	0.014287678263380453	0.013534309685571016	0.014297823679648262	0.013144899757885907	0.01386943104264151	0.014090248907589501	0.01276298882141909	0.01353652036182441	0.013800457047850025	0.013195602903251906	0.013848851939827022	0.012736325945858287	0.013987001076137538	0.01437661047798854	0.012518455939769042	0.013432122691442077	0.014157458427023468	0.014317830021311368	0.012951952334165955	0.013207795491091554	0.012835300398980476	0.013970080871291651	0.014275902982554262	0.012346738849312713	0.01396421828025349	0.01286194777508848	0.012680986638662507	0.013689616052496176	0.013951052674781918	0.013232167637192973	0.013868917449392506	0.013835364944351369	0.012306212835192915	0.013280616472914111	0.013424151802148074	0.014453957693689977	0.013234820530346095	0.013531134066872112	0.012940418184645773	0.013940420399250905	0.013120304085746555	0.01470846227061418	0.013178393938680345	0.013763090407268414	0.012534750372179652	0.013459291291562678	0.013797469496748243	0.012616264005110102	0.014003397099727446	0.014783802651775972	0.012477926913104504	0.014068356133558536	0.01481069827974987	0.013635971956186205	0.012949174282496301	0.012601002331748587	0.012805552036423166	0.013192784755984194	0.013744273308950474	0.013040031360762417	0.013983922870145495	0.01294888566457679	0.013661307383854933	0.013285794835673232	0.013976077806677917	0.012446430306282745	0.012904999323849885	0.012645301096723039	0.01393075433870636	0.013390186812264789	0.013727355908634655	0.012863542506515587	0.012347432734857465	0.014109513726023237	0.013199391336987507	0.014247132586195114	0.014196905747271782	0.012608174930638132	0.013318466395486324	0.0138662166832272	0.01251079888482009	0.014206408976856995	0.013981713838327999	0.013276808405645046	0.013956250408117505	0.01284183656828046	0.014360550426149423	0.01396851014915632	0.013871889434956621	0.013645234761818588	0.014878372871029949	0.013488858191579743	0.01339539235590294	0.014609991401025707	0.0	0.012748956817279094	0.013642803429023062	0.012783071386171099	0.01427747113176983	0.014381186516810902	0.01379151357020443	0.013521151214471727	0.013554525585370956	0.01416998353312979	0.01224706653968467	0.012793899372421874	0.013307280639812567	0.01254359384615462	0.012568079369642556	0.012140243400484085	0.013083634844029343	0.013230028193182168	0.014132857172932153	0.014213962545724742	0.013047995435904654	0.014260219832780854	0.012498530250126184	0.01327774955945189	0.013291451899621881	0.0137502243302928	0.013075388753746104	0.013313468577311902	0.013290155482977848	0.01382011461800019	0.013385759719452764	0.013683679107489572	0.013206112139793313	0.012996131380873048	0.013283836752042946	0.013235602791288697	0.01316461050683287	0.010325422784284064	0.013864982137754105	0.013851530292056524	0.0131661410787804	0.01333377267724843	0.012778902138990739	0.013196159109365734	0.01352721164998965	0.013312230541178211	0.013109215871510564	0.013464575033271323	0.01385973162573998	0.01398017751800049	0.013122665690058734	0.013316684113715864	0.01359144706440552	0.012291917701808305	0.014055058786110929	0.013472570877124184	0.014328834738230998	0.013936517102542812	0.013386668310317896	0.013345151382910765	0.01480787469237229	0.012973537202835592
red_panda	0.012932567133030476	0.012135613667043198	0.012633172611116102	0.011022066018147434	0.011846216195917357	0.013168713756317611	0.011284023695201319	0.010741648750090996	0.011985439775441704	0.013171726540446594	0.013660024616919317	0.013031820981494198	0.012151990150754593	0.013141036295321862	0.013505522511286836	0.01253157087787214	0.010380745218791136	0.01376220871093491	0.01208082609978443	0.010952380487900745	0.01397040410806244	0.013538234916191503	0.011134439526237947	0.013997400461620351	0.012194746021229457	0.014146695720555132	0.014566784209143284	0.011827824424105848	0.013466714654363665	0.011635144712444354	0.012936345773929879	0.013965794961592073	0.013410574511562016	0.012081562455353058	0.013056846082317906	0.012758600271025173	0.012994974238239978	0.011928666166693294	0.013486216835289984	0.011448309390641618	0.012474408912975837	0.012381511960823446	0.011919502266063753	0.014707523395870371	0.013373241685004192	0.012960249707470853	0.012412502247946211	0.012460411841742992	0.012820792291021448	0.01228974092353885	0.012704755918463666	0.011565976803271715	0.013215854588718162	0.012911514237703557	0.012791694208083695	0.012067238361834907	0.012195224585808594	0.01224023879763621	0.012140706371972034	0.011914370252140746	0.012042459621759538	0.012855364377770281	0.014261519874312267	0.012818332486461305	0.012809199140857938	0.013280325301222558	0.01255502327483015	0.013003970788232838	0.0114241299073207	0.013016702289885385	0.01363080920170462	0.014307964033084515	0.013631392880016897	0.01251651810725711	0.013258796563444966	0.012990343466916346	0.013918812684913623	0.013471797218231212	0.012083345355082167	0.013750252626612815	0.013764843365929784	0.012350332044317222	0.01249189773293169	0.011519678283659296	0.013496305566881455	0.010926666506013068	0.012132640128074365	0.012569241852218742	0.013138017460632727	0.011251015368386763	0.0130684774278198	0.011128004165366256	0.01173221688460367	0.013993198090397037	0.01336093703081544	0.013026776577237801	0.011363545231181344	0.013542123090330826	0.011917671215085846	0.013299465794909846	0.012234984040373239	0.013380339822337595	0.01060158680754751	0.012173572657490903	0.011732679360042608	0.0136799061849306	0.014859733998796558	0.012274085675233842	0.01269101199608418	0.013003504013586284	0.011243385522085324	0.013126501932780674	0.011544201790909543	0.012526895524722286	0.011392592123502306	0.012653081033576312	0.011179161931356768	0.012055622240522632	0.012266052145777407	0.012080212988437127	0.012998479398245881	0.01205796396138696	0.012448033664932086	0.01513819743010149	0.013477751359627794	0.012403215414631462	0.011610926630951918	0.013957109545283054	0.011991482819327506	0.012971319305376398	0.01243461303779442	0.011209109006358462	0.011559908266617172	0.01262244158743611	0.01419533560528525	0.012200680871285317	0.013463841005605215	0.01276167443357052	0.01404829985948477	0.012370083626942615	0.013397040137699106	0.012622183194772523	0.011968907511261555	0.011992152486159806	0.012274786362706003	0.012121829410460066	0.014760351048567672	0.010802946967020948	0.013252045170776848	0.011982164084349252	0.011841460462368433	0.013930417043311556	0.012070458075164612	0.013503108315833526	0.0130273945718867	0.013400574925926506	0.012285165114810336	0.012324414433650179	0.013038820953257481	0.014565522161881485	0.01355462732882731	0.013474654843916446	0.01097936476605829	0.010488512725586804	0.01097216415173334	0.012798326902104473	0.01238717939549501	0.012336129871049303	0.011932786386358587	0.01314043371220057	0.013301591128308745	0.012598395680479355	0.011931982806516717	0.012522280163862278	0.011860233199017294	0.012796070504564978	0.013044924415515979	0.014413269335369183	0.012748956817279094	0.0	0.011848071588029575	0.010879402997416363	0.014382308299420856	0.012949775698337149	0.013927897919006858	0.012239802847720138	0.014031413253099858	0.011690819614140575	0.011786258300465001	0.01403640389445862	0.012201274966645264	0.011958431827186908	0.012119473489814491	0.012060218980351145	0.013633880508305845	0.012351348492675074	0.013382343376150517	0.014147231073995944	0.013220790793453086	0.01392671206798871	0.01319835009529211	0.012054018348462682	0.011296624824340257	0.012869344338052209	0.013017369407358143	0.012059566061544996	0.01316547140590537	0.01240802193431147	0.012807203858173981	0.012799020869956967	0.010632796992880375	0.012897403910134539	0.012708616903853337	0.012604688087941523	0.013521027222669336	0.01240875111404255	0.01450545078311118	0.013743376844595187	0.01059586628884353	0.01301383453721256	0.012206958231394137	0.011699364873461435	0.013098885933009152	0.011527865934464598	0.01128989206278285	0.011459347972616803	0.013183135277539795	0.014270544321392728	0.011653892389945414	0.011680110494521103	0.012073439532811734	0.013154156117803606	0.011413307445350246	0.012793232545938768	0.012862891703890458	0.011407165594391271	0.01241630844827543	0.01404343529809617	0.01359247196722042	0.011694680606340413
reindeer	0.013302987783844988	0.012615229374485955	0.01328890043851601	0.012977599264843018	0.01199843861863201	0.013837345552177926	0.013361918588225576	0.012011323626244725	0.012588431279566426	0.013714838922005151	0.014485402624891097	0.014382884811599774	0.01288528664730732	0.012618180915953417	0.013738272857701517	0.013403910269870582	0.01292327882079938	0.014266023784935432	0.011509445598649352	0.01191273246999653	0.014129376234326689	0.014516029949034157	0.011788242855475396	0.014172466781525863	0.013055305588891768	0.013672581911024596	0.014032521159793284	0.01310151168982656	0.014134848043258699	0.012884261062059688	0.012359171732525103	0.013917366508762541	0.014023559323328993	0.012435045175291036	0.012885156488977574	0.013151918252996641	0.014340555122777578	0.013993374787103411	0.012901375334536568	0.012810591916282478	0.012359225311870553	0.01396263920611525	0.013749755448690913	0.013771617118898294	0.01372498908098214	0.01464741395429775	0.014112199333971587	0.014172975522320512	0.01154738288771446	0.012454505010038378	0.013392856716315564	0.012682102946343376	0.013450382645379056	0.014004358919479392	0.01339183164959267	0.01216607994476546	0.010631889282495286	0.014021598520791677	0.012006793101181216	0.01151535129606456	0.01274251007136696	0.012827848371780708	0.013732533630075351	0.013740802687299191	0.012355149242198682	0.013830583024269361	0.01329946546783152	0.013831558681150182	0.012315335325563097	0.0122193507686512	0.013589279280848536	0.014245233878342384	0.014361215553155084	0.01216200407580551	0.01374242204746492	0.013769766633724494	0.013881654934057162	0.01340700489992614	0.012943365640894287	0.01428120564648508	0.014012614204041937	0.012359657983787081	0.014248993728313836	0.01355538659040942	0.014596858454697199	0.011866694786440295	0.01127711182873511	0.012866693410534216	0.012339614310985974	0.013191146181634104	0.013572782179273523	0.011256618187731516	0.01239064995211971	0.013459491915411561	0.013761365062473701	0.012070227072954347	0.01290944220824459	0.013322586072845755	0.013739544811833967	0.013713205412763767	0.013517159335013084	0.012075808035655191	0.011820323341134137	0.013712446846941213	0.0132254062594739	0.013776801437117216	0.014558344709973841	0.013163280710519707	0.012880956146155897	0.013799869214608563	0.011905576890122031	0.01326989794954956	0.012870349282720728	0.01419848315270324	0.013064428943042473	0.011803354552535983	0.012184179366538634	0.0127234697099592	0.013667498236254539	0.011982410121089438	0.01296932697505118	0.013271055342172872	0.012857265954030752	0.014951302858711742	0.012754014805732348	0.012355667835009645	0.011948209197531819	0.013636293428418307	0.014097036672053516	0.012253844301016533	0.0133226506046393	0.013384658717183022	0.012889685737799042	0.012273861679422635	0.014289488600201596	0.01298556621712537	0.012519106948516037	0.014031209205878194	0.01375467416100972	0.013692330496652385	0.01391788623714721	0.013663050343266979	0.013041860899622731	0.012071175362872428	0.012046647979943054	0.012916547549742433	0.013941181554143152	0.012978274896384345	0.01385435001226569	0.013969302106608229	0.01337275591894731	0.014136076536426227	0.012979826391386489	0.013568390911078946	0.013868742810883534	0.0133465439171896	0.012193162985825325	0.011579761122491022	0.012871193993302086	0.01425074797120928	0.013871882128952302	0.013326332540436756	0.012846736594760462	0.010744458217849206	0.01201389223145527	0.01224958235970609	0.013034762748661952	0.01272470546186225	0.012525784133503857	0.01312252047956417	0.013952118830368041	0.013908677582312847	0.011832918128296946	0.012902510008211472	0.012988363213774218	0.013168114331792189	0.01380641149853516	0.01519980193737279	0.013642803429023062	0.011848071588029575	0.0	0.012254815114530313	0.014051581675173128	0.012954415517697614	0.014019805356688085	0.014098540186145002	0.012627671417122597	0.013396955036798415	0.013264859962063407	0.013361299483432409	0.013605009355402655	0.012207910069297905	0.012397036949691534	0.013836191242110383	0.013450559389526863	0.013328102843610648	0.010370143127217154	0.014254280508514653	0.013080185987053718	0.014075414619745463	0.013756156448591945	0.013296958388725421	0.012946767692284596	0.013782963137118045	0.013499088326609317	0.013587409785150521	0.013949147725824984	0.012816599560982876	0.013952783926914158	0.013284047172743976	0.012198765434509502	0.013322374491023865	0.013506309431287772	0.013755689118750573	0.01410485482001432	0.013712518059481444	0.013658505948745141	0.014336190427011	0.011941255617810252	0.014219346161884153	0.013687980685576875	0.012864085070117756	0.01377957317458919	0.012825849264630403	0.012790043486879182	0.013302466523850627	0.01280858764666057	0.013989465647142475	0.012907394437516595	0.013353173820408593	0.011120162691700006	0.014064543454038472	0.012216099484162754	0.01133640653829106	0.012579697257704312	0.01265513881181458	0.012932656366381792	0.013830873060075542	0.013084792630654684	0.012964877313996563
rhinoceros	0.012636041176724889	0.012104271192151185	0.013270674004434744	0.01170179643289081	0.011185244798554723	0.013210129309130259	0.012086626874553452	0.010352290599418043	0.012953467987806763	0.012814590369543712	0.01415659427304523	0.013162434262163313	0.012302129541491715	0.013800206209633159	0.013893368880456152	0.012446302236164376	0.010898408023305219	0.013882289953546033	0.011053495302544744	0.011552638667656902	0.013808624706026807	0.012760353232994692	0.011707839765567768	0.013240553386097581	0.01208362485357185	0.01305369628607419	0.014208045344552339	0.013064657640419475	0.013371488470429222	0.011244886519271802	0.012459582381434938	0.013777175014116166	0.012745328580583639	0.012646707280567297	0.012823809561354194	0.012946429171455213	0.012555424033495775	0.012055424875188863	0.013231307800255691	0.01174075906636841	0.013593989619240056	0.013173463175735542	0.012603221664116338	0.014162908781088937	0.012976178624121624	0.013212699992223702	0.012174565618196666	0.013047708446179156	0.011518118617296623	0.012995325746949137	0.012901352584988972	0.011240161565308658	0.012943435629655758	0.012952025522008335	0.011870594040162658	0.012656655594662445	0.011120362811300912	0.01214582805151303	0.012557191432550702	0.012087849423487835	0.012052150707201705	0.012708381162649295	0.013159269362426576	0.013067758246194128	0.012851799265304149	0.012993185414808959	0.012654285448678592	0.0131346149829328	0.009615891473345	0.012290315924004556	0.013565842805160887	0.013978259327700457	0.01396252175267537	0.012029430094616439	0.013150747504299185	0.013116011499757054	0.014565854628137231	0.014291041798277006	0.012280601993093568	0.01380156037781955	0.013954174876704206	0.011905085723966913	0.012569505864374934	0.01197814147205981	0.013053929851481376	0.010170522498631889	0.011835849169030344	0.01279538597512889	0.013242465281277694	0.011962817122786313	0.013300755579687707	0.011576448098359672	0.012263841914943856	0.013700989297223708	0.01407586205173496	0.013194099176608465	0.01224907294127378	0.01299260510956839	0.012202667316274634	0.013129045798066417	0.01271730331848081	0.012205175693383051	0.0110427497666194	0.01246139567926625	0.0123282090677365	0.013431604657325782	0.01413991136316905	0.012821649520716818	0.012984085597677698	0.013388100244760155	0.011914346724734202	0.013558664394603475	0.012454549820984992	0.01380703062919336	0.011819757606005088	0.013203905154865504	0.010720766268875566	0.01145285101540032	0.012543673295743124	0.012561562022040635	0.012862381269427394	0.012316921707553819	0.013119326153993603	0.0148639157331544	0.013688204015049143	0.011898829154107593	0.012485238094121857	0.013590605592885609	0.011761153914058449	0.012956706639971434	0.013349955646111385	0.011775096782132944	0.011953470237711568	0.012990199011624641	0.014108483449223063	0.012679142453815285	0.013090369731070521	0.012925344603372	0.014160598792821041	0.012855283512226735	0.013018968454912357	0.01285860215215998	0.011142483772066452	0.011287854765491299	0.01300472061458202	0.012499041287146281	0.014356073776947713	0.012364638250773486	0.012146945382968899	0.013042776499088377	0.012304914759826611	0.013148277804016832	0.012988563453610696	0.012991735381410503	0.01381407282523971	0.01338554009179108	0.011828754405787062	0.011945177001849258	0.012706823301799348	0.014033661557061636	0.01380062306026591	0.013465232401202142	0.01160498731807319	0.011959868541135588	0.011819865169361655	0.013191652424776292	0.01274695646975662	0.012120862420607835	0.012612935111026579	0.012732293957853713	0.013292215157262897	0.012863063367463115	0.012197497606217715	0.013205491426632791	0.012195545790743051	0.012640299617133895	0.013760153675485333	0.014175542634914766	0.012783071386171099	0.010879402997416363	0.012254815114530313	0.0	0.014637561419131655	0.012365914558368019	0.013887632393473591	0.012696877322286112	0.013516143066465836	0.012202390673045672	0.012234039155491263	0.013399063199383957	0.012398971896097006	0.012111198130153608	0.01237841322890399	0.012085026821974931	0.013147534515644165	0.011868878785922434	0.012228217912752195	0.013346650742351068	0.013228771878014318	0.013702900425037391	0.013109254329842559	0.012518676111113718	0.011734928347692537	0.01365685096682127	0.013292867957605108	0.011697321999515654	0.013278729965441181	0.01154287124961977	0.013463820067380915	0.012635344691051414	0.011809022972066131	0.01285570775380628	0.012771719727534124	0.011797133767124317	0.013365235931642605	0.012558376124208482	0.013404987317505238	0.013823406953563416	0.01047127895023705	0.013002918733019982	0.012440165123369113	0.011602075751879628	0.013128717517648996	0.012468219058705113	0.0110780862305859	0.012871592130714527	0.013288842423558551	0.014001838386797074	0.012031165011730467	0.01194449714838121	0.01240106639031027	0.013379983984882321	0.012684653485263367	0.012150719526059481	0.012470328629342522	0.012708187939382358	0.012701753814935659	0.014573148241302156	0.013043972718966713	0.011660577967567903
robin	0.014239913573001523	0.014965626898179532	0.014066446800714238	0.014277438168410674	0.01512492092859911	0.015136902716125842	0.014112423616998018	0.014559819997047883	0.013682893766749714	0.014510934663948965	0.013849214450471697	0.014732967837422718	0.014746800188673869	0.014387708815371247	0.013841215973911929	0.015012020304341733	0.014486962963536241	0.012796305940542001	0.014688748877024226	0.015034517307374588	0.013765496082387632	0.014590376148822923	0.014301477435751943	0.014461786466985607	0.014273911817582603	0.015036446774286116	0.013779051889249437	0.013960595570214031	0.013974606857590013	0.014870160880642866	0.015001854362694689	0.014086254860718257	0.015305361614156741	0.013467159069926946	0.014583206815996319	0.014581849424389292	0.014404004368380532	0.013708743494539592	0.014470020164268372	0.014935435809609982	0.013661012486490813	0.014394860082928642	0.015029912093552705	0.015011045267775767	0.014965569205790055	0.014077966218013643	0.014766880010889615	0.01431132996491518	0.014329072829200035	0.014231804711017627	0.014523888688523636	0.014077079913357415	0.01352904723827834	0.013371837317158018	0.015359814547408111	0.01395520470753813	0.014098387804835768	0.014585418209893335	0.013981150976175914	0.013915916354923006	0.014223177029626548	0.014375639253078798	0.013689540226740161	0.01445993955206115	0.013417147905219674	0.014269670708203328	0.014557191297396204	0.014689348065090497	0.014438071561802643	0.014767233334337071	0.014320819329680712	0.01409112109232449	0.013578661664458879	0.014772135021835855	0.014277755306487056	0.014914941754680743	0.01435798108913184	0.013657016991098534	0.014100782256032484	0.01490926273091444	0.014083790683848178	0.014497756516056582	0.014238480493041978	0.014227966660941595	0.01406944830012641	0.014507315179186192	0.014498442605518781	0.014380735981422912	0.01388599542360777	0.014341703783345523	0.013819854756140226	0.01439165868738165	0.013959959131392556	0.013895121030809093	0.01332124175463565	0.015033395927274661	0.01450430597778082	0.013636163017107404	0.014520560540477434	0.013691210165199773	0.014193472455306883	0.01517030526201442	0.014231845244010348	0.01455674501209439	0.01338066897065373	0.014174553371074103	0.011582403559963518	0.014309690641113522	0.014233463589000262	0.01420567257949272	0.014548684866731729	0.013716006579185697	0.014328008601545181	0.014096712021803176	0.01454789481916277	0.013709663241274088	0.014685796620081468	0.013961786049524581	0.014752579828972498	0.014657176213721186	0.01391478221186853	0.014707823352422633	0.014159113003123251	0.014006420175465073	0.013493605934224343	0.014599169856529625	0.014076026702406359	0.013457506161692218	0.015050581789480598	0.014093870058161286	0.014166866676552703	0.014412299981091621	0.013518963376390431	0.013945580728692715	0.01520186777588036	0.01373798601328494	0.014831656077280195	0.01387438567317881	0.013245399341550824	0.014656354944680355	0.014265359441589902	0.01383209623812386	0.014512768166251572	0.014435137331023576	0.014386743054785944	0.013858533380874831	0.014647096137836902	0.013946031955468008	0.01391480183279025	0.014913429272038887	0.013882373148155366	0.013651197175234579	0.014213056544832594	0.014514251684627033	0.012679287067165756	0.014874017374215082	0.014124121036926998	0.014136151618626445	0.014175330130481827	0.014344157447590773	0.014473695044182736	0.014214624798209459	0.013929188301538786	0.01429746800658059	0.014396285377727878	0.013975457418267674	0.014140862354075823	0.014421818773270464	0.014756304088389502	0.014476530122304434	0.014637406902580512	0.014349239370718483	0.013480599128045717	0.013860246924573646	0.01437901976528784	0.014704707290876817	0.012861372742985962	0.012478566572512869	0.01427747113176983	0.014382308299420856	0.014051581675173128	0.014637561419131655	0.0	0.013527739424839102	0.014558633014532417	0.014642916315948391	0.01446326339410125	0.014691215678840172	0.014937680040094879	0.015267407384552678	0.01378067272529461	0.014904116932858296	0.014581351195327363	0.014524499060171862	0.015312650005873747	0.01448248371538214	0.014833756850120665	0.015214612813196176	0.015078227917744953	0.014352766613498255	0.015355171101093124	0.014447049747706562	0.014483864439823461	0.014502342169907976	0.014650377922628924	0.01443280249329748	0.013487007524546964	0.015224998883863604	0.013889070601775879	0.015096624626428962	0.013977423716666692	0.014880137086430052	0.013898515031657937	0.014144714908683994	0.014025139241666498	0.014763046520703118	0.013002827352789017	0.013473996969107099	0.015044249219595513	0.015334299076784776	0.01460273209706038	0.01363756568231549	0.01438048033964001	0.013743325207630783	0.014839340084393115	0.014461926697513068	0.014609255230429581	0.015444551364369688	0.01461873726415469	0.014012790903089165	0.01406546907531035	0.014475347541703128	0.01391314258878012	0.014614434311941102	0.0135357041187288	0.0137747259446514	0.014522605837549014	0.012943788391533007	0.01516468664503059	0.014033552697528236
rooster	0.013431240050402273	0.01250100750871389	0.013081622619702214	0.01301493587508628	0.013735428585505834	0.01453526969476235	0.012453216237200932	0.01253955431281343	0.012614914284681825	0.013648482629922647	0.01399410061625231	0.013584317584401142	0.012624199209182294	0.013273146218063095	0.013080287821596526	0.01349284906471883	0.013284269851070387	0.013139227263105053	0.013527706440800435	0.013655757865021293	0.012607560424930015	0.014043138524805886	0.0135019594404107	0.013679430111772242	0.013438758281183476	0.013225558853688464	0.013942549787393104	0.012834093243350697	0.013466950407582818	0.013218627818897549	0.012839580136356492	0.013898176608081729	0.013950818702198654	0.012097983697315027	0.012518301465187752	0.01328184136018683	0.013196609156444343	0.013222835633100505	0.011646454510486992	0.013793859162755764	0.012708205812673875	0.013721426436274851	0.013131025283846388	0.01496183335164375	0.014874964876790766	0.01337113341485518	0.01407431738159137	0.013795159492725122	0.011140475906584506	0.012271159647349065	0.012455168287061549	0.01220437124881104	0.011717069955534112	0.012441680644119076	0.013393539839017025	0.012484495014624309	0.012697781312392593	0.013624157225313785	0.012845714081298785	0.011305965789024819	0.013003855210373387	0.011907404160771486	0.012261367416972866	0.012949934305437274	0.01250464678172307	0.01188873995578383	0.013458256408005726	0.013363218796335619	0.012068807172538115	0.013327228214458342	0.013513366280848533	0.013111738197322037	0.013666689964024079	0.014000673792924608	0.013167394896490915	0.012620082091796398	0.013647515252568338	0.012993228706189505	0.012629045123401262	0.014058545923600823	0.01368909640601149	0.014061734099761245	0.013456870029731012	0.013704235800432991	0.013841033250927783	0.012745444759346358	0.011715964901077758	0.012878935879246982	0.012167836788541202	0.012837034777769478	0.012607527118084999	0.01294238943234909	0.0131140285447387	0.014179248316735544	0.014052821687046892	0.014552901196920265	0.012731658656282752	0.013062643372918334	0.013679575950739988	0.012628495036811802	0.012912675802876212	0.012616474953614586	0.01238469212850649	0.01355168872429066	0.012299675564813062	0.013528603580624878	0.013520909034987101	0.013437606662076806	0.012586393768295451	0.01385605795387345	0.013825374274906549	0.013134477088770014	0.012401042539406222	0.012835096254122505	0.013501809290648186	0.013711572294782313	0.013645914803527046	0.011385866744690352	0.012424296977991722	0.012777680763664865	0.012214837374998858	0.012500678798766778	0.014259388803261672	0.014351991646105976	0.013491420929229767	0.013487585715905146	0.013602143901758169	0.013286324665279016	0.013767464995020738	0.013780696628079719	0.013206118000220002	0.013348076048359742	0.011782038810566366	0.01291531216156237	0.014624093557871632	0.012909898588914202	0.012539477870986472	0.01323972419780682	0.013459002807681775	0.013843000261358323	0.01352858165085372	0.013049932904348766	0.013378082902322636	0.01201436001283958	0.013976214782713872	0.012344256979292806	0.013202294383090493	0.012653164321444596	0.01339648920173222	0.013772522900776893	0.012545524970527579	0.012286119560046334	0.013069842244388364	0.013089963479212683	0.013159402775093292	0.013126505103021612	0.012285195171286114	0.010620149446565284	0.012021764127497113	0.013845107262997047	0.013707464003112433	0.014352701243571395	0.012450070709221425	0.013365875137841807	0.013272801976885162	0.012751512233159736	0.012382904604108194	0.013041094958244228	0.012620458417080618	0.013069137739792758	0.014092818830861331	0.013807090996532594	0.011664145631171265	0.013279278401224441	0.012526561432791438	0.012474296190924338	0.012360088176625525	0.013468541673773381	0.014381186516810902	0.012949775698337149	0.012954415517697614	0.012365914558368019	0.013527739424839102	0.0	0.01480710299456845	0.013981839786408797	0.014205092347903549	0.013598171320056982	0.013456796506277617	0.013562255885796239	0.012894332959527603	0.013992828708141024	0.013914165492142378	0.013856588017767936	0.014126600340143475	0.013010071659859526	0.013465161765710987	0.013943318189728236	0.013845321501984014	0.013617115424953734	0.01393959766517509	0.012689192463857621	0.013063932285019321	0.013442243569996636	0.01401390877876918	0.012351446093000186	0.012233886762261335	0.013440483613179116	0.013578261389105476	0.013636147974973313	0.012282915241216264	0.013243913032391143	0.013168308173922907	0.012949752092089763	0.012363079227759012	0.013857241692828403	0.013442747235318098	0.013778175335344185	0.013403669326502474	0.013765495937497969	0.013072429602004842	0.012241928986891084	0.013564465267554388	0.012760377606845744	0.012415805580800097	0.012315068456807894	0.013938555663200857	0.014759016375690161	0.0124081597149536	0.01272510207256722	0.013040409836626458	0.013885513754000246	0.012188660652538175	0.013040544417206448	0.01221202386719242	0.012484745451509325	0.012995114554164511	0.013805583527436806	0.014212434483985974	0.013288706893321322
round_worm	0.014284879437800397	0.01365481725092165	0.013788174584460244	0.013699188806302916	0.013505676502881878	0.013310096769701492	0.013898930592652136	0.013842380596441585	0.013795347450749307	0.013563773225351218	0.014573486439582384	0.014638402844052333	0.014956828717485231	0.013577687600732677	0.013509374742212192	0.014134772776339994	0.013882163192713433	0.01407407555967998	0.01378241699288538	0.01396907769457741	0.013872032430340171	0.011986962206613239	0.013406431880020848	0.014682278273341115	0.01354821906491699	0.014245892157060968	0.014131822855521671	0.013821991031937576	0.01438077579064322	0.01376154271730531	0.014472330504075854	0.014699525976611035	0.013807023001739353	0.014206870109082259	0.014033090965986048	0.01357288750463502	0.013675938727462122	0.013861581436423409	0.014241751718822937	0.013744345030866629	0.014529503720152794	0.01307502112013324	0.013437433795584543	0.01390071179876174	0.013927754929744726	0.013396874086845856	0.01310959088631045	0.013705943452639369	0.01406850963237568	0.01344223248488951	0.013527944291328793	0.013871131703334726	0.01385756000004272	0.013851191577047195	0.014112171775080493	0.014280230360056363	0.013518595740058773	0.013812559116932306	0.013927144263653215	0.01454484622618043	0.014002252779148107	0.01440252201925959	0.014486252882596412	0.014355603879543922	0.014663768756155224	0.01458580966755053	0.01322235247754262	0.013523534802608723	0.014225724742939443	0.013972382362463103	0.013764265328564541	0.014488454378623618	0.013488960281408661	0.013485887853050478	0.014274166043223195	0.01339559748172469	0.014906123000409263	0.014057619621260176	0.013584383744872417	0.013461709912526926	0.014010382055801135	0.014309232409666276	0.014351600034362966	0.013261758498642265	0.014547088604000526	0.01445276971600181	0.014027199463346789	0.014064835813643574	0.014269772453974504	0.014220496600757204	0.013964526864719485	0.014201173350028778	0.012560221918642523	0.013498610344015404	0.014233124912129452	0.013531189477913395	0.013878953758228816	0.013930703571567839	0.012705926582131835	0.014144852417237216	0.014194722977641844	0.014930987080875925	0.0133187831216658	0.014126097194892129	0.014062517403014537	0.014151584035630074	0.013655788208285042	0.013870249200251532	0.01419931617251512	0.013868170989800586	0.01395358952461319	0.015133105990937788	0.014711756210899384	0.014396881829485684	0.013899450379036804	0.013230276765261608	0.013693438744893649	0.014415875344445534	0.013783722870296288	0.014073637033824976	0.013789175485667177	0.012233039361021703	0.014519857516149363	0.0140859864236008	0.013976904779779592	0.013970098904586408	0.013933895800588226	0.01407463780359534	0.013177161855579989	0.01292811286199	0.013673852177454524	0.013652349658216479	0.014071505128297081	0.01390000002002514	0.014399655034003716	0.012897067714771022	0.013843795160858475	0.013806386408508398	0.014004244972230266	0.014067488226446226	0.014359698767529117	0.014418965317278511	0.013496085117720798	0.014014425152054939	0.013471221299876593	0.013774706248152564	0.013928556355243317	0.014160098583403675	0.014574946572223335	0.01403700934394433	0.014164475272141592	0.014494661473295653	0.014386882518652078	0.014823285271941362	0.014679432695576988	0.014351310596882137	0.013804703648214027	0.014104797495381143	0.01397932806077884	0.014441707628512861	0.0137483451690229	0.013297930875114732	0.013816688654442308	0.014342267660141223	0.013042934361808518	0.014365814379468102	0.014502652698703261	0.014142849270751741	0.012957863185022827	0.01354418347536921	0.014776035294986813	0.013775500172010048	0.013577234589763953	0.014487323988710069	0.01307068927842188	0.013456502325856998	0.014401146297014968	0.014454262600245375	0.01379151357020443	0.013927897919006858	0.014019805356688085	0.013887632393473591	0.014558633014532417	0.01480710299456845	0.0	0.013158329290872003	0.013745992471910256	0.013804431103442684	0.013916753801537292	0.014055462579579148	0.01418216529884786	0.013598137667747187	0.01370985178954334	0.013043268062430611	0.014423235427645517	0.0144276789957768	0.01363244505312304	0.01527762168131212	0.013527529095645974	0.01466334010523968	0.013210864988678617	0.01413204866292622	0.01382738365002336	0.014392986497199445	0.014081158547214192	0.013797788051692827	0.014154180960943927	0.014166980207731139	0.014141546922317396	0.01405525412759242	0.013646280435594491	0.014080389349679881	0.0142076783557622	0.014385288686122094	0.014104629960073736	0.014398631927042558	0.014663623460093238	0.014659689772003857	0.013287474037996865	0.013573168675640776	0.013931136697845714	0.014204741844580695	0.01413954250593761	0.013147236832835167	0.01458177184901147	0.014106314009896212	0.01296265280451002	0.014579122772825004	0.013668580934381492	0.014144345725049863	0.014148299734434721	0.013926565008510566	0.013563022098413122	0.01427221479875218	0.01412670810043586	0.014374061521917834	0.014044221020402951	0.014171089753619335	0.015071745150580263	0.012954888564878825
salamander	0.013467697543966628	0.012397008237904648	0.01351712199630148	0.011575217085912266	0.012865044530652493	0.013815174411325449	0.012149258324476114	0.012973280974122134	0.012702701518073269	0.012160625043540174	0.014031838286098348	0.013040774116498989	0.013033007107197257	0.013423721624222227	0.013730748247289934	0.01274073975162774	0.013661139854085302	0.013982545715892549	0.013186324210619826	0.012667380269309669	0.013899289031442375	0.01207306609382853	0.01267488922535872	0.013867989101375235	0.014109786073674897	0.01473280537319517	0.014903157763355535	0.013335909464456954	0.013078934304473037	0.012497541302592475	0.014294031412618521	0.014652926820517134	0.012999496947079836	0.013162017087283413	0.012727813139708399	0.012391926988520166	0.012623872489533115	0.012507505200806058	0.01421287862115715	0.013866172002787195	0.013394505206223716	0.013688859428822232	0.01279813423712325	0.014621380358115136	0.013088096509491305	0.012674606559942472	0.011396205115064976	0.013025510584051056	0.013907835350994007	0.013088000689127582	0.012564995881502485	0.012366270083988233	0.014229850846947827	0.013309337967186667	0.013542029305185475	0.013695693046231822	0.01258689897797838	0.012030326764948354	0.013607369287455793	0.01343382909863688	0.01278428083777162	0.014232808830427988	0.014134331460990725	0.01216497577466273	0.013385164482656125	0.013096381104879302	0.012796534605268256	0.012270314502279587	0.013046947494136145	0.013515573545380258	0.014176429811820448	0.013928063415312265	0.01414258283766056	0.013364347148196766	0.013838741187404408	0.013953698628917915	0.014472096030059589	0.014417179644619053	0.010444539261391841	0.014014540649549932	0.014253715296312953	0.012846724344028925	0.011642601660869847	0.012955398088690544	0.013782345314036201	0.013335807563808678	0.012892891033471814	0.01328293502190792	0.013335232223164453	0.013094708926536289	0.012865534454739558	0.012329821813014528	0.013454601892893206	0.01351117624868627	0.014298517457467434	0.013482232031122388	0.01305777111719682	0.01405434426943931	0.011829279454365309	0.01360273770545759	0.013214491043456823	0.014112668505041233	0.012529880906227291	0.01234560654830219	0.013209390939029704	0.013526278957470252	0.014334178581457484	0.012858057449957242	0.013643733880471987	0.013080420758431289	0.0130365617344925	0.014347523103822929	0.013451707322637469	0.013502007555959589	0.012782345935566956	0.01274088183295617	0.01215426715894976	0.012914149145907073	0.011599237835583564	0.01399097621729812	0.01291857145675903	0.013203562869564095	0.012908886362467549	0.014487267696602506	0.014035316224054947	0.012469905574997182	0.01234761837100504	0.01455245176353227	0.0121570115149064	0.013136094610732039	0.013187942734866292	0.012833745742332679	0.0131958382792829	0.014233022509314037	0.0134608561641489	0.012870096901870423	0.013886792158683816	0.011982325571101335	0.0135946809967753	0.012670534166778644	0.01252510105938697	0.012785373036703494	0.013893864611866697	0.013769284759045746	0.012578645567526971	0.012874118708208085	0.014156403196868908	0.012732459575298059	0.013454765316324087	0.013024989500473823	0.013235011263838102	0.013384247099061592	0.013585211312705925	0.013460090649751663	0.013445058877905964	0.01333440617666517	0.012451814725166467	0.013457839005394948	0.01285474478551021	0.01337265208073189	0.013226149566178791	0.013854571543160445	0.012824943905490542	0.013309180261116015	0.012399914280643045	0.013693463859702834	0.013493064050166446	0.01314218140551102	0.012676318632667532	0.013343314212740143	0.013498338482860216	0.01306663331802641	0.012731096593150826	0.013263655091016714	0.012533785623154008	0.01242998341604329	0.013277842052475276	0.014595259272670039	0.013521151214471727	0.012239802847720138	0.014098540186145002	0.012696877322286112	0.014642916315948391	0.013981839786408797	0.013158329290872003	0.0	0.0140924864261824	0.012939790523113488	0.012609364077754957	0.013428558118966179	0.012596959855547927	0.013198069551462955	0.012740926764446915	0.011947489387617733	0.013717096869810621	0.012836888370636002	0.01423664425507506	0.013983042337751009	0.013164248585671653	0.013806539160448097	0.013633934177896195	0.013057891697678991	0.012814799679360691	0.013309130010553016	0.012829825932665781	0.01147793079538335	0.013417444932012261	0.013151244122830726	0.013564956597596855	0.01302500446818199	0.012105594091992548	0.012957022854761692	0.012999068152213635	0.013289675300363122	0.013196902416209138	0.011970676727870918	0.014623914221704606	0.013802199251436246	0.012063160415750826	0.013816120736620929	0.012900377733718176	0.012389914904835304	0.014099153109599917	0.01062708326672269	0.012651919066645992	0.013078382894949843	0.012357307158810577	0.014903792835447056	0.011670024077483685	0.013623039801136277	0.013488632788863466	0.013471460926929999	0.013078495088418669	0.013456714780176425	0.012754400399858368	0.01317489925351306	0.012741128630319338	0.013349912305989602	0.014125470298054783	0.013170277776724486
salmon	0.0133558680196553	0.013068223770620366	0.013958170240901903	0.013822149422618895	0.013222039119265476	0.013752002159295356	0.014344933671474595	0.014187022925614452	0.01300463298116506	0.01279077663669949	0.01407010695539395	0.014031206453286354	0.013824141723250534	0.012426509412139509	0.013759230506409845	0.014217644941207449	0.01394449108743699	0.01406004241857993	0.013063286222695668	0.012925748703529118	0.014013609201869694	0.01470919890908245	0.012491172322445374	0.014169628166549698	0.013847299708650816	0.013906905900239939	0.014217034196077404	0.014533078322562605	0.013879783384898495	0.013634257431723694	0.013894861623499009	0.014196130780907663	0.011471786849223542	0.014081439889551975	0.014156656275281778	0.012357606742629241	0.014353384081646086	0.014529928934495362	0.013577591334336727	0.014084211072560788	0.014091237037344722	0.013404511443226954	0.014313394245343315	0.011726995767981661	0.013936606035698329	0.014413650308931774	0.014197607416621138	0.01416326475648366	0.013380047952479886	0.013513098327529147	0.012007362389076888	0.013021606611800523	0.013501337034030314	0.014177209849648596	0.012723757759956938	0.01446560881544415	0.011789366142542189	0.014075542061699848	0.013880092403134165	0.013596442479132933	0.012182695501796865	0.014186303985038805	0.013785912618351236	0.013659442280840565	0.012730859106852444	0.013451790812880034	0.013778179620605149	0.012155290225567564	0.013437809452983831	0.012561423893974072	0.014132418443747328	0.014259729351167759	0.013651129390769973	0.012176939154244735	0.01320076438234445	0.013873722176626534	0.014354213024993108	0.013604127100703656	0.013502613966722922	0.01320762129598205	0.014585699580161132	0.013924735542662206	0.014538979490099732	0.014329926821311439	0.013336694373448026	0.014299011929941477	0.013653829894212257	0.013050709951312993	0.012799238877652578	0.014169590037982259	0.014060195493704995	0.01256313456604926	0.013898323794441171	0.01245290597470734	0.012914503070937984	0.010407798571562099	0.01401653425601789	0.013599552180420478	0.013672238917837675	0.013492762380931653	0.01436085199136701	0.01372093743205074	0.013449263091527972	0.014336979663910364	0.01422391932329173	0.014067497394438378	0.013883237561765563	0.012979008815885444	0.013413137135829055	0.014208477294122572	0.01314371837433197	0.013161222186897996	0.013447106687230162	0.014823388072865575	0.013825597147512034	0.01332153407612597	0.013852474145477207	0.013733208906254894	0.014436990379884935	0.014236030966216982	0.011936193611932171	0.013038414671740663	0.01345360903429716	0.014523916284317082	0.012532012389527043	0.013235292498024034	0.012665556585103275	0.013696361506947278	0.013528092735944162	0.012482999578608472	0.014243164814738028	0.014266314005672014	0.013748176932657485	0.012654833377169196	0.014428117332746414	0.01385689139370211	0.014246814550135004	0.014100733094396247	0.014800765905620978	0.014728314716313593	0.014018669992585225	0.013492080059718397	0.014080934054305374	0.013219899781999339	0.012150065046262384	0.013581926969007705	0.011656183178901176	0.014294009338430043	0.014225733059345332	0.0138080385585396	0.013653165554729348	0.013185315034786179	0.014665599139583872	0.012885335559737612	0.01392493327060645	0.011778422249472365	0.012846599056140828	0.01325928302959506	0.013355594982163375	0.012823189405438314	0.013684331467331737	0.011307022685455588	0.013461589736673623	0.012738534595261954	0.012975766531167337	0.014470761184491145	0.014469540335505862	0.013712063448731222	0.012950688776700461	0.011682867495363	0.013984824990882397	0.014342013430421057	0.013412398970607699	0.014439593457280558	0.013447166845742849	0.013184395695721546	0.013930078128969318	0.014659427997513996	0.013554525585370956	0.014031413253099858	0.012627671417122597	0.013516143066465836	0.01446326339410125	0.014205092347903549	0.013745992471910256	0.0140924864261824	0.0	0.014432375631514923	0.01283476293499674	0.011758013839616437	0.013893060884745883	0.012906458622426398	0.01292281611885866	0.013314719823464913	0.013421482971248493	0.01291930877476787	0.01212197499485309	0.014143338112423687	0.011892113610816235	0.014749000222618514	0.013357311369787303	0.01383142397395134	0.013977862857121059	0.013629010069180157	0.013938638480247935	0.013269213782909383	0.013928061977558274	0.012992469893603777	0.0144701576897183	0.012491532372901636	0.013350889242313441	0.012907526013626998	0.013306657557656018	0.01386639161195101	0.013959194878945876	0.014045905815805948	0.012878708121611772	0.013434170610299308	0.013665912277061884	0.014009640114212097	0.014241801577694675	0.013438648191761828	0.013966205076610158	0.013881926633281604	0.014438053837604681	0.013860211712305885	0.009754992545738105	0.014754991762108694	0.013165253822954824	0.013839444992818632	0.012557139785587458	0.014048183323696102	0.013921151907585335	0.011421238881773321	0.014021019950288038	0.013941664560511895	0.013828811561656608	0.01355718270166737	0.014026428250450376	0.013648971622668283
saurian	0.013317176345038697	0.012297027386164623	0.012921146826750798	0.011583460458493235	0.013588456139864879	0.013936345202421431	0.012427826980314414	0.012076648942914346	0.013433137321710784	0.013844650658965021	0.013958939548723313	0.013768404208680226	0.013426077546485806	0.014021098285582607	0.014173185157244283	0.01251220654024038	0.013206810597622232	0.014605603256262445	0.01256086900334032	0.013503040340515521	0.014086446942461736	0.0131708725883512	0.011929805057087762	0.014201249523924176	0.012372012914830824	0.014304701258803702	0.014493217042135288	0.012233807115072303	0.014195188140292676	0.012314894866154611	0.013943576838271445	0.013710276847525056	0.014282502370804235	0.013415763224670323	0.01333589565367929	0.013680655300103959	0.011538454696105548	0.01245319603432571	0.014188532255060067	0.012424636124149345	0.013863761336358672	0.012988978433011784	0.012040688048441573	0.014746543268278033	0.013246669463676112	0.013247640017282219	0.013028949937691816	0.012733517215928615	0.013836935909253122	0.012541663275167935	0.013014094670281704	0.012114696620932	0.01339117755324366	0.013954454260333338	0.0123008470321192	0.013605406409955157	0.013235056998761891	0.013338583728791764	0.012772816987011206	0.013211805425883648	0.01319696069710594	0.013148999220458939	0.0140249285953921	0.012698970352539852	0.013316756953071107	0.01378554689922247	0.011715104217817551	0.013212266008080129	0.013142293736774627	0.013777853048035794	0.013723319811137447	0.013943091009094173	0.014061399920030877	0.013007412365627087	0.013873016045009547	0.013378062812390847	0.01430503726337806	0.01460244131778126	0.012802772119183929	0.013519111845919736	0.013315911926690486	0.01387072393276777	0.013613803806970479	0.014132153613034484	0.014148786416692108	0.012529301317827278	0.013222186115462848	0.013176523567298558	0.014106585433808643	0.012722539585980854	0.01335399627488182	0.012676027179032616	0.012444782491591401	0.01358162636112179	0.013823538893444573	0.014321740675959961	0.012930653152197952	0.014195659220757438	0.01084826085265706	0.013635895551650396	0.012965407395592815	0.013889123686469669	0.012196282522644415	0.0130599491330013	0.012696740412172973	0.013331877067136306	0.01443414307628567	0.012128715539150093	0.013364846643676005	0.013181292688003466	0.012115627473083512	0.014323436733697643	0.013165068782790983	0.013420837365451695	0.013312481758070824	0.013274334560231667	0.013498272696922513	0.013635187913074664	0.011489824580013908	0.013228154993235037	0.013325790504446433	0.01225073998840557	0.013837970367126164	0.013970887123810019	0.013607619216831566	0.011996140236574825	0.01321608282507648	0.01396362796166482	0.011083397816070819	0.013773713234240101	0.013256390489785093	0.012850221090035868	0.012532888125904607	0.013214495937093604	0.014537091609259985	0.01330152358462124	0.014240718749805975	0.013451431876762501	0.014376975440444471	0.014123695124473151	0.012992239546330872	0.011920743865208121	0.013160125816621912	0.01266662829559053	0.013585073787942097	0.013022751270814299	0.014148131636095624	0.012571951676080762	0.013457613223199967	0.013916470056710675	0.013306675316395908	0.01427692622883496	0.013930398097689216	0.013842439111018129	0.013402412189748265	0.01414731427384998	0.013608250013022918	0.013312394949260184	0.01374986037299287	0.014456713292909828	0.012720701406672615	0.01435791659544824	0.011531038047075549	0.012566395858124071	0.013644875604672882	0.014146600857322379	0.014335709602925087	0.013433921404293569	0.013868701614898513	0.013749441273850431	0.014289671925812198	0.013237540312077236	0.013172220476856157	0.013344683953023032	0.01286383111729652	0.012944073244899998	0.013127170283204837	0.014458565853384382	0.01416998353312979	0.011690819614140575	0.013396955036798415	0.012202390673045672	0.014691215678840172	0.013598171320056982	0.013804431103442684	0.012939790523113488	0.014432375631514923	0.0	0.012650441655045854	0.013879456229952378	0.011889094866526595	0.011678400060127117	0.012783755528532424	0.012973743338932642	0.013878963663816763	0.012470255804414463	0.014094537979790824	0.014257899421364063	0.013563314497543994	0.013479272957046397	0.01294428447303544	0.013314020950656232	0.011909195197723819	0.013061335095309344	0.013518554665252307	0.012047354498013654	0.013799060936816189	0.01228050988619206	0.01218813738045501	0.012255667168146587	0.013086390815456449	0.012902177502169798	0.012944813432154059	0.013496372976609532	0.014132420214418701	0.013993141115934145	0.014267284729768726	0.014339021556951104	0.01235832150637458	0.012125112214967199	0.012038405545797944	0.013092668076322155	0.01412955625890095	0.0124974387971598	0.012611325321938155	0.013366783361682805	0.01394163463010825	0.014550828586686968	0.012047288196373433	0.012456210847251337	0.012375048014007215	0.012581128628424912	0.01323636012494616	0.01304561998037907	0.012982282090027013	0.012821817535975713	0.013736110232431016	0.01439703322141438	0.013892399448071087	0.013762970345150137
sawfish	0.012856267464972862	0.011808014837889727	0.013733773257672674	0.01210579771644386	0.013050598669102988	0.013326241929788192	0.012680680329979493	0.012597813641785829	0.013550099434039406	0.010710369112423916	0.012717630124917244	0.013644987920134995	0.013324259422976645	0.013942383065234742	0.014293824830882228	0.012922624042359353	0.013538873763961535	0.013943015025440987	0.01362501004518457	0.013020515836910728	0.014137725208419884	0.013374599779246795	0.010879288801254137	0.013463130310789996	0.013302357408096998	0.0146311948992749	0.014281652739218432	0.013374860108480576	0.013568538595539295	0.01078109993060261	0.01374270310154258	0.013928059939351187	0.012708783072196236	0.013426530455253464	0.013134951274768382	0.011055995409242068	0.013178061479946317	0.013062510182616734	0.014348667143471616	0.013353084553491252	0.01430569054220956	0.012251959719802353	0.01273377043737625	0.013281981507748225	0.012730285694464837	0.013607149124919102	0.01120981583657383	0.01268838769271118	0.013704047477364131	0.014169141323950989	0.011456751002840316	0.01154818914405158	0.014454910140109982	0.013610377963947484	0.010251126114674056	0.013128121703951938	0.01288904754719533	0.012319930063779388	0.012658304428862685	0.013433743342152693	0.011053792997904634	0.013673845387751061	0.01377620489129483	0.012617123236762789	0.013354545715237018	0.013665433964179512	0.012679435863020592	0.011126626029554311	0.01329458084726271	0.013836479019319971	0.01335919244063795	0.0143151119877815	0.013889569072028181	0.010709414492590563	0.013339128910292373	0.013673857749783403	0.014176447237665653	0.014228148786751453	0.0124302581713369	0.012860119420581266	0.014195600262113084	0.013182580801538654	0.012902719396285036	0.012578790761221233	0.013651171054629343	0.01213314692572321	0.013633252735728572	0.012134050392345613	0.014225225498714878	0.014207046654475	0.013701527905127306	0.013079416234144109	0.013615861118974828	0.013474702189049816	0.013155593764749136	0.011635754947485444	0.013483495685066007	0.014087024388622566	0.011229538726940437	0.01401257524072526	0.013628575829488225	0.013702900352557975	0.012332956370828943	0.012156386172493342	0.013310387382155208	0.013713970318149369	0.014427554122289186	0.011173628825587659	0.012548547867676863	0.013754418547517902	0.011782447278728436	0.013208750571765682	0.013017901991477654	0.013781999413472492	0.0123156739890897	0.013468973155687722	0.012768456339643625	0.01336463616233203	0.012219234602974393	0.013838566736674322	0.01213897482788652	0.012415074430293327	0.013523693231100795	0.014388599096294917	0.01356974374097536	0.014021189002085106	0.013459593742223941	0.01405719186071235	0.011124738768583962	0.013219868880136168	0.013234133853164583	0.01260650054034575	0.013410010431190146	0.013887038100552179	0.013797058984239411	0.013369650315747246	0.014297749135173583	0.013017135550777974	0.014135050314476125	0.012978605526510666	0.012982246631808294	0.012331528435857915	0.012371572761597081	0.012818116576297339	0.013106118178861077	0.01315729397752675	0.012854223077776466	0.013574691252780251	0.014134294917522843	0.012488258680140963	0.012559031091075215	0.013113083636623987	0.013622827103785727	0.01289328033622538	0.014081385014159526	0.011572380509274744	0.012814192381234858	0.013329598572861	0.013519356090320307	0.014002575682585975	0.013076931769457074	0.01148756713416808	0.011960238004050227	0.012822573766693717	0.011855392483101062	0.013987099514562664	0.01363222438959573	0.013430517179861483	0.01329897352374071	0.01204667327576864	0.014193985005546592	0.012983430845604898	0.013507496053280088	0.013238331225514067	0.013469381697150671	0.012735799176473724	0.014278372867472331	0.014003763719850236	0.01224706653968467	0.011786258300465001	0.013264859962063407	0.012234039155491263	0.014937680040094879	0.013456796506277617	0.013916753801537292	0.012609364077754957	0.01283476293499674	0.012650441655045854	0.0	0.011082459110688211	0.013056493890819199	0.010677899931517219	0.011923364322504015	0.010620820410303931	0.013255424942518983	0.011162236601208362	0.013447447581430709	0.012449390210658877	0.011553496054265899	0.014163342249127929	0.013860126774031247	0.013791296918817659	0.012731140106248316	0.012710162836742027	0.012382457584986638	0.012432782073046513	0.013663732548059962	0.01077943114604148	0.013653069027090561	0.011251165248353744	0.013390450068495294	0.011978769533600409	0.010849572104173621	0.013252134355297304	0.012976938168590033	0.012066616551912945	0.013732475649037632	0.013737138800271028	0.011562323754085604	0.013594573143509849	0.012544119911070626	0.013333224685911802	0.014027891060889976	0.012661912953915264	0.01179777569665529	0.012457186430963331	0.01249122179628106	0.01479633924843858	0.0116296128766263	0.013259672540905458	0.013041227665608309	0.013062345392969035	0.01352524080193816	0.01193658341967527	0.014155858828956229	0.013140495420830664	0.013261714206410273	0.014228512259703388	0.014655498156247797	0.012483392697007782
scallop	0.013378403091141015	0.013242971569422488	0.014587841167264226	0.013398956682795182	0.01361806956544374	0.01340182457263546	0.013562557237935194	0.013931458851255385	0.013937229532168036	0.011772701156656486	0.01351596449681304	0.014247656174916199	0.01322385538067636	0.014307249036712023	0.014161650343460173	0.013541617682012808	0.014433722117334598	0.014202358785886382	0.01442405425009331	0.014242258370781538	0.014527216089504575	0.014010084127066651	0.012285712624685636	0.013841874427175695	0.014294493382984325	0.014745247329267706	0.015574117962600458	0.014236424316393534	0.013799426316159628	0.012963097477186184	0.013758469479649734	0.014132650062268916	0.013297610048990903	0.014111889186328982	0.013502555759621497	0.012809817200956594	0.01427930780550821	0.014211198625552765	0.013700242508022676	0.014797225648486474	0.014694952022580057	0.013013087296723574	0.014024139240954896	0.01227649840293816	0.01351266472011952	0.014966486952920246	0.013209084860085223	0.014489088630414171	0.013552587170738746	0.014580111617167562	0.010896919688991319	0.01278853335649388	0.014547609525015201	0.014424823417609924	0.010628103054775254	0.013930926723037432	0.013640305533488389	0.013910922556560791	0.014256758311351014	0.013682839951819408	0.01201529285426476	0.01446347272023777	0.013095035624083817	0.013403882956109203	0.013951805631124843	0.013602501014869445	0.013935110349886095	0.01229887725136137	0.013393747559759455	0.01434320353245153	0.014253809546288378	0.01440881882099878	0.014698265025546593	0.011631129571927589	0.013697666791162093	0.014007404818523837	0.014106037805821441	0.015093332421407599	0.013303138696061605	0.012314077719823431	0.014827222508235918	0.013786420164815629	0.013368384139333058	0.014301227050075232	0.014594741029082864	0.013589667456954386	0.013552922150139386	0.012743836615423993	0.014177948627138148	0.014974167768518667	0.014084242174411512	0.013242456467498321	0.014080203797731627	0.01321434474074235	0.013003763310880654	0.010879790374288387	0.014096021766785934	0.014317310869525462	0.013196391941221486	0.014448472909670574	0.013950516337958156	0.013792700465485093	0.013743378460873352	0.013656193095635268	0.013612142210707754	0.013862454436825274	0.01486626019246074	0.011590240860450818	0.013279516414997927	0.014225761583128231	0.012733371250330527	0.013330202415439824	0.013873358238451658	0.01405369330311884	0.014331919945136837	0.013696487043127963	0.012971528653094998	0.01321246284497013	0.013118444115163864	0.014469493224282634	0.010957715969721615	0.01245471213671636	0.013948798089442384	0.014398893301753113	0.014379774357058686	0.01432599789279085	0.013895597014707268	0.013764653025887617	0.012708109290302798	0.013751881777682648	0.013863860564020083	0.014207687924525137	0.013901977945043964	0.014605309340576404	0.013986770409389105	0.01388805456966281	0.01512764363091065	0.014311069224935462	0.014641262613091148	0.014242274789533048	0.012850457223286654	0.012458774239822059	0.013564989672401462	0.012864262363969741	0.01329091885772815	0.013999446226826353	0.010636617718394116	0.01394245319472815	0.01486245944683519	0.013234152553092491	0.013346255208916549	0.01414490138530762	0.013951253016590304	0.013041915323672115	0.014059957438975089	0.01267127456248776	0.013439660103735169	0.013452471193414962	0.013288532632141376	0.014110448632545783	0.01375243217600842	0.011566632927008026	0.013463317281048923	0.013292260291011555	0.0134441286618807	0.01415008321630181	0.014063164528266257	0.01380878151865273	0.014181825481821748	0.011220831004517129	0.014175508609436454	0.013154876968780226	0.013606482273280665	0.01364641752837664	0.014304817575061286	0.01312419518684329	0.01440334886751996	0.014622667634052192	0.012793899372421874	0.01403640389445862	0.013361299483432409	0.013399063199383957	0.015267407384552678	0.013562255885796239	0.014055462579579148	0.013428558118966179	0.011758013839616437	0.013879456229952378	0.011082459110688211	0.0	0.01356965671128693	0.012103660062969463	0.012137034685397403	0.011944755253167657	0.011982171719173134	0.012191402602999647	0.013678113326997775	0.011258527451402722	0.011173342890464564	0.014441187476779572	0.013237421596693966	0.01401214632714513	0.013914261590903431	0.01267279349221607	0.011926078246322419	0.013375446519093559	0.01388080717348564	0.011847944907607662	0.014317283160643108	0.011430550329962083	0.013751130909724766	0.011722959266423997	0.012206252445123699	0.014275166586602358	0.013399630366016504	0.012441054495312407	0.014261207674379377	0.014309709174126928	0.0137217993765075	0.01363425343204398	0.013858065229655265	0.013826848282090982	0.01435600452305322	0.013681812686833005	0.012364803656750894	0.013700441151995799	0.012830620588275454	0.014878765779733474	0.011771895191192722	0.01447147489337425	0.01259080239677504	0.013468280288828738	0.014539428545205135	0.011670450467586585	0.014289288705131804	0.014146100246938185	0.013892794787089813	0.013754863710474083	0.014755714165824874	0.013394730192260928
scorpion	0.012862034756621274	0.011894025373961453	0.011424385165098947	0.012187403793445326	0.01296919228701226	0.013881258312954767	0.011960352213266185	0.012205713031691654	0.012872136791542112	0.013274457379818973	0.011524926508535913	0.013017780963719687	0.013148472823894385	0.013810565765671816	0.012514692255090387	0.011778951313273112	0.013086203232703158	0.014045525580716301	0.0125980300024282	0.013153741565118724	0.01275585599544145	0.013545080821363213	0.0129540253798149	0.013258393208121211	0.01346412255009654	0.013911464158165491	0.014573572030227364	0.011336023402727678	0.012248196201621002	0.011527812197990341	0.01305632438395379	0.013141505236476128	0.01390158794270564	0.011951332768330188	0.012549949713010012	0.012643961143111275	0.011226136991986673	0.011593303624018449	0.01346420766182942	0.013845030788863222	0.01314297392206158	0.013124966976141824	0.011942849830272136	0.01385416430233382	0.01238063579516619	0.011632555514301545	0.012023436215145082	0.011112940556034448	0.013234128439485824	0.011813819902090844	0.01150380221317287	0.01145635268495026	0.013166440239735105	0.013062542224048316	0.013002239834981095	0.01329740177041697	0.013138453758161656	0.012797677224972522	0.012656123183002	0.011855225429099597	0.01228540705091413	0.01357937985218443	0.012931831781280777	0.011403912406429543	0.012813665355870777	0.01208471238816597	0.012808598980963521	0.012304623550088448	0.012007486354923063	0.014006482589807766	0.014205497313039803	0.012144118495272329	0.013431892549345913	0.013209985696537077	0.012785646621440242	0.013289170422628312	0.013309500084103549	0.013242190511112674	0.012302238943955459	0.014078830086783895	0.013505647929028877	0.012602333745683193	0.012310423708468592	0.013346190164772065	0.014439013727183352	0.012410107430578306	0.012981553940832408	0.013060467177436386	0.013830668190967019	0.012708262087045069	0.011950791984457108	0.012816851779100252	0.012708426054337167	0.013245930757791782	0.01391134186620007	0.013821149445370527	0.012958337467795638	0.013703398089946235	0.012273350665549868	0.01080167521120641	0.012321253252697143	0.012920146555727137	0.01202481364468005	0.012304605906192211	0.012661232081845393	0.011833474675981216	0.01357695416342354	0.011899009882611826	0.013165971159548286	0.012642383581475758	0.013003189727983002	0.01364199480723455	0.013348661582153112	0.013321378425226332	0.013822241865126992	0.013430130595739075	0.011663592638420728	0.01181950807582472	0.011205242826835613	0.012980434147174725	0.012095463854189015	0.012730504961631863	0.012386491728540226	0.013615756554803784	0.013840865107501467	0.013029306339583385	0.013515927303075279	0.013986079828428857	0.011627239139357513	0.01369234441837538	0.0127447705991739	0.012084280317565392	0.011402320122304774	0.013854319964325918	0.01347828798279161	0.012879489571774028	0.013778585942917315	0.013848740665504376	0.014031878621717446	0.013641741095167139	0.012866127156417596	0.011657286093177297	0.013776911232782013	0.01313741844780003	0.01305443102809816	0.013002905818763318	0.014206280754772805	0.012579913026109004	0.011155293990646237	0.013679872821991108	0.012727230211755702	0.01330403986755252	0.013739140071983728	0.013184091070919814	0.013443442331967047	0.013342919215752485	0.013480551398298006	0.012583547722213278	0.013485654838586422	0.0141802309313432	0.011273056803133293	0.0138608492395002	0.012211535971798203	0.01295605342738784	0.01312087534786922	0.013345935927287444	0.013085055451451215	0.013057013242026223	0.01356881335175445	0.0129847638155597	0.011949402849337662	0.012488452682413873	0.012851868559073278	0.012342416977466651	0.01184481984641983	0.011804614434431229	0.01141873071937597	0.013695825857310877	0.013307280639812567	0.012201274966645264	0.013605009355402655	0.012398971896097006	0.01378067272529461	0.012894332959527603	0.01418216529884786	0.012596959855547927	0.013893060884745883	0.011889094866526595	0.013056493890819199	0.01356965671128693	0.0	0.01326780141900936	0.012489657129992117	0.012639763855814928	0.013354712433784164	0.011185469217695915	0.013484510206495453	0.013672171424650739	0.013166480278675398	0.011662743974233024	0.012843070419800045	0.012851333299476596	0.012820403261320319	0.011757479439605811	0.012991259698332851	0.010565669620795273	0.011854055271749176	0.012939018083181852	0.010863635507435833	0.012555766522491756	0.012622940645567461	0.012101980814503296	0.011006234014097914	0.013100975313013807	0.01256834801864039	0.012783830150853074	0.013274273530814524	0.013330894506804126	0.012933170465623279	0.01336697116198325	0.009761692377415086	0.011068255728068854	0.013412163647097368	0.012150526299839197	0.012479210061002308	0.01278423385143602	0.01417299492421645	0.01454928375851538	0.012466241684510994	0.010809808177852384	0.012704884778524085	0.01087772742834356	0.012455655885348757	0.013193349114120838	0.012191200983453849	0.01322333170007251	0.013935430879011532	0.01399773275184539	0.013232581917430439	0.01221406079800883
sea_cow	0.012792608137975139	0.012501064330295462	0.014148495297827	0.012202849490808666	0.012362721616277647	0.013815810085765916	0.012786807158597193	0.012414818178607267	0.01302794170756248	0.012084341196853652	0.013415318567486366	0.013662602604153827	0.013247829528900705	0.013938129530492347	0.014518571841324575	0.013383262342989392	0.01278805745445176	0.015169174759296805	0.012555549565580616	0.012633853240916036	0.014589196394466472	0.013093009056445132	0.010603084996299804	0.013227119654857558	0.013079426293868778	0.014581884750679196	0.014911349420303534	0.013620727170958588	0.013996654667504493	0.011401526258118829	0.013571276855029795	0.013727758747946508	0.012907447874356286	0.013908185824126111	0.014076677520105774	0.01238151745567381	0.013762085783939877	0.013405916891643738	0.014429283529364395	0.012645722805012924	0.014060923415355149	0.012844675998966019	0.013328296022868447	0.013385205682512915	0.012740634255495008	0.014687983874596817	0.012092235149329403	0.013526914758608611	0.013778817614204875	0.01350255226760847	0.012266379124756026	0.012460565492262987	0.014474658604739518	0.013762119832616443	0.011693601382385484	0.013454879820539405	0.012547404913387183	0.013331186967820048	0.012940210508742674	0.013531622626832331	0.011783077495311534	0.014014189198244414	0.01384759392879365	0.013884720249580026	0.013383156359166638	0.013489378746396012	0.013518867722164042	0.012276259971875146	0.012925393248497613	0.01326864683249824	0.013995951828653071	0.014796798012108845	0.014020080629513511	0.010600243123691662	0.013743592395707686	0.013925308526689379	0.014302175241087014	0.014576933841115676	0.013137203686805455	0.012951448039554088	0.01446616669661303	0.01284040773200041	0.013144947685512845	0.013171266347786353	0.013878188609870492	0.012481703862382072	0.013204698749747756	0.013008049186314914	0.013634373601710693	0.014101975228083092	0.014005307459458816	0.012174505543388694	0.01351037218423967	0.012735385636923693	0.013814501742153571	0.011268904798055075	0.013912207400915795	0.01413641404426162	0.01146099102251877	0.013899179315130194	0.013845788871157769	0.013788954754530978	0.012276429937861565	0.012157371277205944	0.01366029023982817	0.014286397152506987	0.01417833929987232	0.01210978971075087	0.012977044561001355	0.01373084819977286	0.01109975868870209	0.014178290362141473	0.013478804634859454	0.014166956364317196	0.012795273782188294	0.012879355169557414	0.012482604606382553	0.013640474425264169	0.012583305953373182	0.013343711248432257	0.012982558234913124	0.012099544851676726	0.013245786087889143	0.014886479340233648	0.013316192522113824	0.012965924014713037	0.012370055444588217	0.014716052538537285	0.012128504318966817	0.013192610210258526	0.013914829595285403	0.013129299417943836	0.013298067287694752	0.013522759756715292	0.014566939809282588	0.013632199685125553	0.014191172821200628	0.014119676519083635	0.014544294960576265	0.013459843278264064	0.013503829125902174	0.013135784214672899	0.01285292806290361	0.012162320893519367	0.012645665135162456	0.012824764415038064	0.013474815419337753	0.013551468589099386	0.014552729724624508	0.012255039271420007	0.012586516247687238	0.013981002862596117	0.013904770452958763	0.013340996443696001	0.014443867618003042	0.012916199262114536	0.013030278889108824	0.01359002527400234	0.013394167761351874	0.01465132358473673	0.014039117587413961	0.01281694062118947	0.012594860612709454	0.01188391977735501	0.012395731803546943	0.014408344190093444	0.014409587968806188	0.013034869037790456	0.012883815450546286	0.013131583662576794	0.014254777446001113	0.013575711135487245	0.013400612474220001	0.012961455154757226	0.013665420707149241	0.012867008633679811	0.014205601603636207	0.014849932944363563	0.01254359384615462	0.011958431827186908	0.012207910069297905	0.012111198130153608	0.014904116932858296	0.013992828708141024	0.013598137667747187	0.013198069551462955	0.012906458622426398	0.011678400060127117	0.010677899931517219	0.012103660062969463	0.01326780141900936	0.0	0.011127346278541532	0.011037778859466343	0.012922512218165988	0.01231778857729059	0.013662172377387032	0.013742099780216437	0.012428163450305228	0.014184209642111258	0.013606603321201916	0.013790341247323307	0.011914125930239177	0.013476083519342293	0.01308387992928089	0.012935629801812627	0.013815471709511038	0.010803522849543239	0.014088476342842262	0.01210522196640665	0.012910190815961184	0.012588702276015376	0.012299090775493208	0.013746428851252039	0.013948915092724277	0.012781132260772076	0.014576394388490916	0.014406032766530762	0.011281928615784064	0.01335407050139174	0.01304391052178612	0.0133142112663891	0.014183326337385725	0.013088499167711494	0.011988121004342116	0.013141443036433671	0.013250088615459081	0.014856732377813446	0.012127412153584906	0.013446175509710286	0.012262024851866843	0.013618569571624382	0.01349369933951387	0.011841110201903055	0.013564346430366667	0.013552835494952762	0.013241539050015176	0.013878392759311502	0.013963441497022553	0.013128744754442857
sea_lion	0.011959016431191152	0.01223849166153642	0.013629984234889364	0.01139548853059851	0.01222700641366566	0.014081225172805436	0.012501597994461848	0.012388663945066642	0.012539615533580607	0.012494966985012948	0.012328203490185161	0.013458945654789273	0.012930756144829652	0.013219574784467726	0.014016095335296559	0.013457163175558092	0.012632563390928712	0.014212811005748893	0.012701606092031468	0.011859648472083206	0.013981910398943616	0.013363785203037722	0.010855201770958304	0.013756608874567788	0.012945498768050451	0.014346576480840232	0.014756541875029705	0.013533706197016604	0.013403664763267905	0.011806426534757586	0.012952432963485187	0.013929276653323754	0.01358180447098394	0.013573949450914774	0.01292963088132391	0.012642093252839024	0.013248574548943421	0.01341998211543629	0.013879709194721496	0.012754267141399012	0.013253288955550904	0.012140115870644244	0.01296948712765968	0.013412460929212293	0.012823139322000592	0.013788678909751518	0.012545745496952946	0.01347672504182575	0.013615344992271136	0.0131378328027884	0.012241199344764156	0.011468541091757036	0.014296265985557756	0.01337669018861078	0.011804094542417386	0.012598651806140717	0.012512867843613069	0.013309179401686784	0.012064284462440168	0.013019838005034678	0.010910072779416368	0.013700565981467796	0.013761236580253366	0.012653734051809456	0.013123038117711285	0.012724217820034278	0.013286022012825931	0.012096749282384944	0.011872326442630952	0.013384488767380447	0.012933074748820779	0.013273314595911896	0.014422244416443663	0.010844848721146962	0.011962074021402954	0.013623759918238599	0.013152050788740037	0.014185584093898316	0.01249542300087761	0.013265505648763576	0.014451146481344483	0.012247927215144932	0.01284942730476707	0.012749345973142742	0.014074906189754481	0.012015540339528476	0.013119878981854743	0.012570241942862756	0.013487484464547865	0.013506927969503512	0.013535398629853021	0.01169475898278243	0.012758219685801651	0.012412195303720619	0.01380153020916956	0.011738417610244007	0.013032012162448875	0.014013481073084571	0.012508473749438134	0.013314215354394653	0.01299378288823302	0.013081513855232808	0.012576128476391226	0.012031984370771904	0.013296865770476422	0.0135224147190306	0.014298431179918705	0.011818127719818914	0.01178538954450715	0.012320404589555474	0.010276982519092258	0.013257987123385315	0.012014439274553333	0.014183761134034452	0.013401452903171242	0.01309111317297049	0.011783098451765874	0.012667943611546391	0.01251954814388121	0.013460421256590608	0.012140801863675055	0.012608449814702374	0.01297950779421584	0.014596270160413342	0.013115434269869206	0.012387009070568665	0.012257447276922701	0.013989190126988557	0.012460386358719133	0.013135714765887627	0.0129313577560592	0.01213025943370434	0.01326235540981199	0.013928788546233386	0.014382994224855061	0.01315848014073235	0.013868232955746573	0.01316403724512852	0.01377473811717562	0.013659944002408797	0.01361177157729209	0.012448272933773317	0.012845841196373735	0.012461510761935442	0.012016614702901442	0.013023798174663447	0.013278687907049098	0.01247556712634359	0.013769237080205759	0.013467244574515303	0.012669291549921899	0.013353916351587265	0.01294496158600438	0.011630290689837808	0.012989144826829219	0.01268176741858799	0.013182702265116112	0.013010544750721864	0.012755436764791694	0.014434924776698626	0.01259490490993332	0.012292047430395706	0.011529978247165291	0.011259989568022584	0.012616902118240911	0.013079522735686471	0.013293816627529013	0.012985721226266879	0.012783785430944314	0.012531965590738672	0.013108945789501057	0.01295948929428074	0.01298386650354321	0.012812593857891526	0.012830642640920717	0.012858260304583709	0.013655612274800633	0.015128505975679685	0.012568079369642556	0.012119473489814491	0.012397036949691534	0.01237841322890399	0.014581351195327363	0.013914165492142378	0.01370985178954334	0.012740926764446915	0.01292281611885866	0.012783755528532424	0.011923364322504015	0.012137034685397403	0.012489657129992117	0.011127346278541532	0.0	0.012033358550406176	0.012623697133604101	0.011469938378366226	0.012947003006958523	0.013683682182046542	0.012651589236867645	0.013259700019288436	0.013465116962175363	0.013111439891379023	0.01282476545769696	0.013158808019184483	0.013211757462973287	0.012922721299876073	0.013542083857645357	0.011636518899189317	0.0134811483829839	0.012288751567179249	0.012292468938813623	0.011872679393978411	0.0127449741268497	0.013337591071239156	0.013138098297506144	0.013280728841594425	0.013670294282748529	0.013583469093669651	0.01104394088578297	0.013517523690530142	0.01274908596092836	0.012745902261929681	0.013942749597295584	0.012447036592120583	0.012294868114662991	0.012859277795185082	0.012764680359497758	0.014412194244535876	0.01185133676869418	0.012951246396832842	0.011693436278757338	0.012836218469050168	0.013065682143144932	0.011266266408243922	0.013522194160391004	0.012308561705111016	0.012921056321140824	0.013970466461692381	0.01410462382451506	0.012276690691973728
sea_snake	0.012184109834348754	0.012436705839925323	0.013555346390070016	0.011801722156613686	0.013244165815515836	0.01352944247468976	0.01253541083518942	0.012220750847629892	0.013722384079473736	0.011089063418445509	0.013206681601472396	0.012858561339448094	0.01367955266086956	0.014405180477270386	0.01378442349016823	0.013053978771227015	0.013246821679717954	0.013397067191322071	0.013878387765698483	0.01314761341693294	0.013529264237824672	0.012502864564107787	0.011682334367304538	0.013444228788659278	0.013696210123316682	0.01464377518036904	0.014750832181394703	0.013390991096522977	0.013268442095611541	0.01146622388020902	0.013666961533151832	0.013665176612406975	0.012938878525786911	0.013287667953142629	0.013673053504604717	0.011966200171472392	0.012187291359188506	0.012547178165951037	0.013834003782439055	0.013420325952712968	0.01412671293896494	0.012176578833171407	0.011934375629294178	0.013239779219778204	0.012010389325031996	0.01278924553674484	0.009217545147883071	0.011875792627818325	0.01379918557839707	0.014080627101157667	0.01153220365430475	0.0119262268034025	0.014258105403551664	0.01297784818488655	0.01105500748566991	0.013564721523759973	0.01334431795066806	0.011616555402604166	0.013381777837378013	0.013475475263016732	0.012091213972330428	0.014358087258457813	0.01348034890309225	0.012846049137434111	0.013722381516138695	0.013717599191170002	0.013538008948297398	0.0114120086663019	0.012927311579887019	0.014342865004941625	0.013715563961978386	0.014199663854618056	0.013678820744921267	0.01107789971551523	0.01368166823512466	0.013653054607291906	0.013743680437738721	0.014876816940062765	0.011428806152652656	0.013481601128815595	0.01394227350432645	0.012627583292974823	0.010966335757007697	0.011318505661400205	0.013463542246303934	0.012895576215111438	0.013284356466982596	0.013150371090450454	0.013374120599391456	0.013854487113783794	0.01338873542185224	0.013107610392536854	0.012869617093605585	0.012099956591435247	0.013371602686122263	0.01173708831812643	0.013405131969145438	0.014122044190331496	0.011317450447415847	0.013676026434465091	0.0138618403472186	0.013951956690468012	0.012254825572282952	0.012462746240346396	0.013070666994060318	0.013845866485984001	0.014311551560425208	0.01192790823583438	0.01270010395321398	0.013219831187384285	0.012373431296735122	0.013635067683880524	0.013459635556643606	0.013697828383814434	0.012007728407528206	0.012716319870427659	0.012395920446672648	0.01338855341655581	0.011070730200191154	0.014525028595587755	0.011859759140641411	0.011543784882286481	0.013306828691361716	0.014780628335677502	0.013662515406582249	0.013998009040829724	0.013056880808700258	0.013607267023328505	0.011460301796747318	0.01349137045441464	0.013071824420498568	0.012123666459624703	0.012828879884987918	0.014042200424094563	0.013767470832132762	0.013277914594394606	0.014619391863793773	0.012868419461450923	0.014062521109848791	0.011826735113693277	0.012955872932016714	0.012322169534922578	0.012970209190701194	0.013207970553536794	0.01298955293934042	0.012806797353550638	0.013570579596923807	0.013627366142421082	0.014072155272114995	0.011689547435105179	0.011756396855893953	0.013441996076123383	0.013282857025353992	0.012845001966246303	0.013527603925108458	0.012361978772094051	0.012426633990067095	0.012953738909346781	0.01308004754173713	0.014045594955215266	0.013440106211489838	0.011822899299494346	0.01216600217956435	0.013151588048397228	0.012100325327861787	0.014700761725453391	0.01369109846595259	0.012880913739268052	0.012904555160411814	0.011809737218899455	0.014254169427463916	0.012698063081103807	0.013469843673794826	0.0134303784283492	0.011961259269112144	0.011965916855798196	0.0137390407626253	0.014282464751306683	0.012140243400484085	0.012060218980351145	0.013836191242110383	0.012085026821974931	0.014524499060171862	0.013856588017767936	0.013043268062430611	0.011947489387617733	0.013314719823464913	0.012973743338932642	0.010620820410303931	0.011944755253167657	0.012639763855814928	0.011037778859466343	0.012033358550406176	0.0	0.013535994704609923	0.011356714126754536	0.013960173764366392	0.013462766095949647	0.012258635406651676	0.014143609478251272	0.014052936264077515	0.013319589976940176	0.012258956715626818	0.012939218429108943	0.012632924420387487	0.0105587650447688	0.013288709853131337	0.011368497905315925	0.012712647276063136	0.011868686187710612	0.01212862688298964	0.012462580719364997	0.011403653485876335	0.012850280794510624	0.012771839057416062	0.012324150400314527	0.01430287548208477	0.013873651721847435	0.012020350254965511	0.013154940157940663	0.012088277326358022	0.013000002216953199	0.013125335446383059	0.011943967429827501	0.01219377417683065	0.012751740438274158	0.013122525299386918	0.014922459076738961	0.011576796788170939	0.01313873207679578	0.012967714354548894	0.012781404691313137	0.01359838532871603	0.012612517864283244	0.01371825440566513	0.01287905161234995	0.012527553823103641	0.013483355405817986	0.014947488790539617	0.01291426506654094
seal	0.013392027182733926	0.013450455034887128	0.014582215770531738	0.013987750108399383	0.013093295590325753	0.014562337463022983	0.013937194636460558	0.013654539055220065	0.013378647112173134	0.013927707068503083	0.013986911114820519	0.013666903411258409	0.013108291377444216	0.013814181574608342	0.014649866753129659	0.013692795130404035	0.013722152000975596	0.015063661198944582	0.013441577672904428	0.01390231553771965	0.013980457681185752	0.01428016373248557	0.0134168510100339	0.013704873125851936	0.014260770470221172	0.014516267819832085	0.014988844909860808	0.013944222030703342	0.013930065727466454	0.013863347510363942	0.014235735223782287	0.01462297628939805	0.014029242571272247	0.01447078772762264	0.014014682861226447	0.014017018610042993	0.014465432388268463	0.014071870116332617	0.01478232972005388	0.014700988065385515	0.014416811721830071	0.013719338301134547	0.014278014163458346	0.013992717945067876	0.0141072105368172	0.01432786128109831	0.013932580979974947	0.013847842793130472	0.013622112399415874	0.014006557195410578	0.013134911446750622	0.014018786404741983	0.01446016131962839	0.014352561923849962	0.013503433817355462	0.014229948032838802	0.012698750128592276	0.013793475449865405	0.014092379066055824	0.014189735265927084	0.01257517461163256	0.014232852092348093	0.013568054001128774	0.013922025941663651	0.013452116132265319	0.012772840017594078	0.01449530072269024	0.013975036932132501	0.012821192864344627	0.01378313754289393	0.014053546057557145	0.014200662240811903	0.01407353665596369	0.013027770419695496	0.014088693730174049	0.014644976611734646	0.013975562155985687	0.01455505953587202	0.013891200630446137	0.014654569846553752	0.014831317831442838	0.01388458811525684	0.013951135693663342	0.01412272073603062	0.014628704502644833	0.013910833690615425	0.01394704295003242	0.014111734431479004	0.014229997639169243	0.014340012118827876	0.014447896800011385	0.013327377802442395	0.014530536199566535	0.01334340044028139	0.014799616899651731	0.013200588677692405	0.014218238726242114	0.01457008842843496	0.013842207773448018	0.013857745932079833	0.014194477523858818	0.014047831128218906	0.013647529582896462	0.014102176203543733	0.014231979847412639	0.014418914768115111	0.014912789645672275	0.013393645169877339	0.013427516697501155	0.013821069636003823	0.013032469720332422	0.014202467684765045	0.013891540798388904	0.014348058615320543	0.014495351105044052	0.014241819751237323	0.013038250657496163	0.01269330950393328	0.014283210852983569	0.014584390915868328	0.013527472667069818	0.014007438504091672	0.013682815246834588	0.014455320273923399	0.013874591334068575	0.013663344951280488	0.013774537317065254	0.014805412178830595	0.013774902689294514	0.013708260653494463	0.013628786411712406	0.014090069218734411	0.013843733665601068	0.014418919751993138	0.014702640567104382	0.01403164675269702	0.014334372241920489	0.014128944000138068	0.014019140797440908	0.014587491234342189	0.014004884249525808	0.013762695187875542	0.014189991413831959	0.013267636670634277	0.013650568377315592	0.013491110105636828	0.013635801326679678	0.013859313326227678	0.013736578473775646	0.013717199207203545	0.013872839604840476	0.014072339890460724	0.013819555746636	0.013160546223363313	0.014409297753806243	0.014050380082278841	0.013184053710120696	0.013788620747647496	0.013416265704410131	0.014279824741918327	0.014349065506017434	0.013749446622440526	0.013983120688339637	0.013403820783946852	0.01394787253119915	0.014245613931728412	0.014563640893821976	0.014099473951065325	0.013836841809060745	0.014118982672403963	0.0141643428527291	0.013986245978044154	0.013840211803754316	0.013743527147115407	0.01420832158820856	0.013282395839407535	0.013952065126253677	0.015309969201704729	0.013083634844029343	0.013633880508305845	0.013450559389526863	0.013147534515644165	0.015312650005873747	0.014126600340143475	0.014423235427645517	0.013717096869810621	0.013421482971248493	0.013878963663816763	0.013255424942518983	0.011982171719173134	0.013354712433784164	0.012922512218165988	0.012623697133604101	0.013535994704609923	0.0	0.013285201299601847	0.013801205139401638	0.012818991566515945	0.013636304015916983	0.014209527673610224	0.013804076613055724	0.014306835964204916	0.013699596335493246	0.013777079105902432	0.013689380664835183	0.013607984782175923	0.014063768318343496	0.012813858468735196	0.013890362836582707	0.013851121740539289	0.013544758887549215	0.013638263184985676	0.013658277666924684	0.014384547213660375	0.013938245194450815	0.013331939056714854	0.014260192851005195	0.013952892786650177	0.013670206223641781	0.014642882568276672	0.013828940441803904	0.01373706919236223	0.014447829228389674	0.013838005859363416	0.013303286195907128	0.014236774803002948	0.01393392254798753	0.01415274046077938	0.012701277128288144	0.014332213697599966	0.01316333192036929	0.013795489686570413	0.014443974653265476	0.012946573954857014	0.013800904670231501	0.014107183946925131	0.01388749553678802	0.014046736501088165	0.014434909402634043	0.013514092375050645
shark	0.012095928405246488	0.010969242983638796	0.01279578056403396	0.011891674197727591	0.013315460901327451	0.014113842237668171	0.01243299436111017	0.012126577467157224	0.013033201633112789	0.01276970596692562	0.010964914065415481	0.012855062308887782	0.012626363805101641	0.013800365674059558	0.013768299657476337	0.012230483959118436	0.012563039660335746	0.013561503025366593	0.013146662000851194	0.013012360753646241	0.013363040055310754	0.013865952223650923	0.01084230207825168	0.01324595094105448	0.013177914585616932	0.013910515821561924	0.014921257566862429	0.012785928739630782	0.012706740878932926	0.011792971560613352	0.013671989714163512	0.01383905254087098	0.013172697908609442	0.012054615328096407	0.012793707826559666	0.011468322601817777	0.012268286448300223	0.012101182432498603	0.012812962824748168	0.013005671448655436	0.013549453685960748	0.011963082637715585	0.012323406416172704	0.013484742531253455	0.012760478877446848	0.013305522855436694	0.012708231423341822	0.012273209596894166	0.01251800056591853	0.012552110395869549	0.011220490372841833	0.01030036037216954	0.013937236532327014	0.013025976037926984	0.011155596281696394	0.012926662447898873	0.012871676505191004	0.013460122166883925	0.012026944593298504	0.011744347453772253	0.0100605700496206	0.01316415546284966	0.01346233567365875	0.01225121431745909	0.012341466501036139	0.013447052642322281	0.012953768190265	0.010953792565663393	0.011714759722505604	0.01373900406720332	0.013648740962595154	0.012999284852097243	0.014034861882087791	0.011381540539203188	0.01236805356096732	0.013077293015474762	0.013157385782640583	0.013480470637332646	0.012046582664015043	0.013508484739783042	0.014134898067553804	0.013121231095265173	0.012484009901111101	0.01262624457224726	0.014329666642046266	0.012356710371121878	0.012580274649562623	0.011798693902143347	0.01343822141262742	0.011799369038750904	0.013060917855134895	0.012163762034149182	0.012452357253102384	0.012845642783238768	0.012877950383936737	0.011738250414861455	0.012527909279072859	0.014563848493915779	0.012789817775062995	0.013131912974227831	0.013250391207018541	0.013463728320593888	0.011900080744362917	0.011554921775096405	0.012721871200911545	0.012496883785489772	0.013493016385688228	0.01127175226977704	0.01198757939997741	0.0137473228027022	0.010817714825470675	0.012539515008052062	0.012154891670857107	0.013148306096555764	0.013169858777319887	0.013306287759981873	0.011631345607961195	0.012451962111282133	0.011704789107262404	0.013248899511749344	0.011319956904278394	0.011906897530743308	0.013182751596516972	0.014241224015870569	0.01336641144069845	0.012914934613477681	0.01378670071500421	0.014112858178499079	0.012420068189827486	0.012996270335287673	0.012915626750232372	0.012537712359095015	0.011894168002091471	0.013020848708142813	0.01384906707465264	0.012740185282725115	0.014080010316374125	0.012975937282984275	0.01451028659063084	0.014077257198485724	0.013276244920860604	0.010782848832739882	0.013367266900862252	0.012864036985545526	0.013056129511877066	0.012914945997267915	0.012746122602223084	0.012026158119742131	0.012104939985392043	0.013774479489921419	0.012372443504065127	0.013475260111478466	0.013705121260923082	0.012392440985270916	0.013262689863835437	0.01271761705858183	0.013455543881401773	0.01205150183783903	0.013179532499706192	0.013922347225233635	0.011570661238384912	0.012166797244634297	0.011311218920954151	0.01144259798607073	0.012841697241051463	0.013382749410430272	0.013030597544122852	0.013926980924728903	0.013735561633194109	0.011290597828718012	0.012670932107936796	0.012462812103903608	0.012211523579966313	0.012954203360105302	0.011965082835648662	0.012733929572907216	0.012719912756824141	0.013374397191020536	0.013230028193182168	0.012351348492675074	0.013328102843610648	0.011868878785922434	0.01448248371538214	0.013010071659859526	0.0144276789957768	0.012836888370636002	0.01291930877476787	0.012470255804414463	0.011162236601208362	0.012191402602999647	0.011185469217695915	0.01231778857729059	0.011469938378366226	0.011356714126754536	0.013285201299601847	0.0	0.013557078438693701	0.013202797415518774	0.011344175973884698	0.012765655782022711	0.013568699861751028	0.012741965284529031	0.012607264800093044	0.012483339448815214	0.012537630641525395	0.011313738874434194	0.013228185054143447	0.010996968912497018	0.01215411418856895	0.010519281408947711	0.01241665285711218	0.011781194463586712	0.010375668327622354	0.01229968332466737	0.01285016880302444	0.01311366501896579	0.013268771926129727	0.013829456388708401	0.012699034826947935	0.013189714943866697	0.011998805090103436	0.010672621989271708	0.01381570823802638	0.012174432222761393	0.012205215617791643	0.013012950937651098	0.01301528951245164	0.01495322292195536	0.011046467890169746	0.012013859991433465	0.011711621605849164	0.012916996597506131	0.012717636581027487	0.010263709760869464	0.012513350247304126	0.01260045780705474	0.013327790535695019	0.014407998758225446	0.013844217347356297	0.012014953805023184
sheep	0.013588878690400112	0.01333566176952289	0.013166033896061816	0.01388475384026018	0.011771206225181529	0.013198075630150345	0.013883763089230868	0.01261229682034646	0.012777247021114279	0.014143273505600778	0.014798959459493269	0.014023846664213767	0.013314825983970855	0.013569141133291128	0.013745540821482915	0.013061409922025417	0.013434473374821433	0.013564796437031791	0.011637602920381344	0.012943747434252306	0.014303864476393273	0.014371462589971786	0.013721755836758212	0.014829124152708612	0.014058161583126807	0.014023070059501548	0.013851195756991239	0.013744140413521627	0.014201057602584914	0.013379332382202045	0.011931090738029225	0.013414721771565765	0.013605920207301543	0.012432481893356384	0.012967751851221286	0.013440807876139532	0.01411929136494085	0.014129723582551365	0.01207549653901838	0.013594544859153212	0.01372797172324358	0.014367654968774315	0.01347288756295651	0.013434304127604319	0.013275360527421304	0.014179738686006471	0.013730411699379266	0.014027614486121942	0.010318107722981036	0.012838121886698813	0.013058782557413861	0.012620769805300662	0.013251193586241066	0.013480935978180113	0.013566248089707245	0.01273939341862192	0.011295528037530636	0.013983542861038738	0.011727491410167143	0.011297322491489382	0.013751139789435218	0.012013790637608606	0.013663413258003205	0.014112391310514142	0.012573363291798034	0.013868240553282927	0.013446675453018489	0.013223018464277378	0.012155144628986947	0.012255559652156847	0.013357421682524694	0.013996597919856643	0.013971520619394013	0.013400713478280797	0.013851905059700312	0.013010473057161858	0.014185950845119874	0.013970958016788104	0.01335571814823877	0.014172292137863396	0.014097298481873046	0.012957906964830089	0.014079570287485054	0.013058558927248096	0.014294318509816238	0.012329767790768487	0.009700125958934415	0.012906283431828959	0.012645735635291271	0.013508979870879756	0.013307853320504543	0.012673921848791453	0.012280980568243066	0.01332373907397446	0.014024901602631666	0.013023545665903807	0.012637317566712745	0.013274853137259424	0.013694651215718816	0.013385227760175896	0.013287407693572768	0.011469581103187123	0.012131222280538412	0.013661414490533057	0.012968168297640302	0.013864115838548925	0.014801067592844375	0.01369572848531748	0.012256979791522814	0.014062379270127767	0.013485106448560517	0.01296727342111561	0.01285200600899149	0.014034623786788042	0.014029929299135636	0.013700635087037404	0.01268039302725944	0.012814827809207703	0.013039665362264901	0.011919507083458165	0.01283384873046333	0.012111063281070027	0.013945316355824921	0.014477994974194462	0.013267396980544141	0.01301601947110737	0.012728858377444427	0.013303266486029837	0.013382348468381943	0.01201849247414662	0.013355932401909028	0.013609037211246466	0.013225360528011494	0.013468251189687601	0.01393868614304373	0.013248666926855335	0.012272155199675006	0.014587543654038684	0.0138620887220559	0.014020422719897348	0.014130243925849963	0.014025263601106074	0.013377157750008018	0.011416926893476358	0.012990093098478565	0.013253052274889245	0.013256711309479263	0.013768922503826617	0.014023580913518501	0.01380676113938307	0.01273968899555896	0.01383178074244237	0.012408363228388732	0.013691625293062067	0.014338187808168519	0.012893936161807729	0.011966041434287318	0.010552850871862453	0.012877805099995674	0.014062409401021183	0.01439158097304696	0.013410006491725907	0.012924057484658292	0.013035407983740602	0.0118325833922263	0.01256950986068152	0.012809770748068805	0.013501310398352184	0.012297435342664134	0.012848321702858654	0.014025486820887745	0.014326433577086876	0.011621514261808115	0.013845214245373988	0.013057702154762785	0.012833594746040644	0.013952382378395911	0.015310271074664	0.014132857172932153	0.013382343376150517	0.010370143127217154	0.012228217912752195	0.014833756850120665	0.013465161765710987	0.01363244505312304	0.01423664425507506	0.01212197499485309	0.014094537979790824	0.013447447581430709	0.013678113326997775	0.013484510206495453	0.013662172377387032	0.012947003006958523	0.013960173764366392	0.013801205139401638	0.013557078438693701	0.0	0.014443358920819781	0.012698153844688058	0.01447021973680989	0.012448052686017225	0.013660704931801467	0.013423393692047023	0.01362270652796232	0.013504485384085874	0.01293937732594108	0.01408111100336257	0.013213594850948574	0.013872844662938413	0.013813926459798948	0.013095027893979466	0.013993305850120385	0.014391944843514828	0.013164523042978335	0.013868272310703538	0.013910994757326885	0.013354477428544316	0.014595607552028498	0.012663022595735143	0.013762540978491748	0.013210285353956736	0.013591135218087485	0.013608942992383015	0.012905082864153667	0.01303604589296387	0.01388809590354427	0.01245285689337456	0.013526966365660332	0.013297870867677595	0.012828162062850075	0.012638720214057566	0.014030859053856298	0.012549459425849199	0.012486672394266202	0.013199909509363443	0.01292355451321517	0.013492121622148663	0.014381575470011612	0.01324824142320225	0.012596154455595641
shell	0.01367188361704069	0.014219196454872402	0.013835554345858377	0.013914468097363153	0.013818894254767176	0.013787227121391339	0.013179873944820158	0.01367560398929641	0.01434373003980833	0.013765612265678642	0.013802031223212803	0.013649057693653252	0.014095780994922018	0.014535746246297445	0.01467043631788197	0.01345501009059774	0.014043706083234596	0.014921716318806809	0.014644763969120102	0.014792224327410073	0.014599805902164708	0.014480625671927726	0.01346136931293548	0.014221025003585235	0.014675352497137483	0.014629838789153516	0.015269523028929222	0.014081951540598431	0.014189827522801639	0.013694761531448368	0.013772926101953964	0.015252091013247792	0.01439954464960417	0.014098535012119615	0.012700183071111147	0.014192135258037999	0.013736435775292538	0.013837044077340644	0.01393114084161534	0.014624128578568475	0.014384396188275828	0.013925513064316043	0.013819917169623625	0.013633330272078375	0.013914205631787071	0.014456373718437488	0.013383264400536181	0.014342609410702992	0.013630003876638978	0.01418334637907014	0.01246720020690338	0.013425003128619878	0.01460132179938083	0.014618156764106027	0.012360846821773545	0.014146794574046469	0.013944932791836107	0.014187826766083983	0.013973510032794755	0.014298743688893665	0.013447425208321382	0.01430162100012512	0.013434850192583723	0.013858114117060259	0.013791516387182037	0.013415092944503009	0.013842951430130286	0.013408947099500877	0.013403114237347344	0.014340991359884911	0.013706365590412163	0.014149255957334912	0.014823746763636235	0.013523807576274496	0.013915545157935218	0.014362865692178362	0.014317943391376136	0.015225028199988135	0.01327250078276329	0.013883582898898563	0.015253482268896716	0.013922997237888169	0.013804531768548673	0.014264001608288208	0.015287789374892623	0.013279954622276784	0.013877473356615296	0.013414263272633044	0.01420192508085944	0.014798931592683999	0.014301450764382441	0.014207366674477506	0.01417045738026926	0.01371827679246188	0.014023847267202903	0.013546541915059867	0.013977807600384756	0.014442402567554392	0.013493918769397819	0.014471165643972918	0.013485226285609601	0.013573309198260896	0.014112333864809224	0.014063865182164254	0.014260012837856752	0.01405187004486366	0.015065082133754222	0.01246367629792193	0.014046379460927549	0.014165142663469639	0.01412581277491679	0.013604798654527088	0.013742204438639587	0.014883054091264754	0.014257777138007854	0.014593332422500263	0.013435662447089854	0.014055254283844222	0.013732881863932862	0.014330412568787677	0.01343692777856562	0.014098103078304842	0.01398852768861755	0.014466103359256532	0.014369514430811163	0.013769154443865063	0.014403937250199143	0.015024434235948078	0.01257803139637463	0.014193916306765064	0.013569306733330315	0.014133040964260837	0.013913486108978568	0.0150315297781182	0.013833429593609805	0.013670746856422018	0.014435531567783901	0.014524379987678339	0.015048977567700366	0.015008374940370741	0.014093084481954525	0.01320909823014687	0.013746245304224329	0.013044011340953034	0.013731272726909842	0.013803181507790188	0.012777388812319844	0.01415760878831816	0.014426462786256717	0.013865055544476012	0.014069962680919122	0.014683326103164284	0.014734217554889573	0.013366156420369259	0.014353030851343138	0.01412538092188666	0.014025900565548345	0.013776697397074133	0.013371275126825354	0.01437501486519089	0.01413950780111786	0.013671325252988644	0.01387986179565899	0.014291409704690167	0.014323546525649789	0.01351494746314369	0.014339307695011344	0.013894843588461301	0.014294432508256495	0.013571481994937622	0.014242843152696845	0.013188505935082018	0.013625885898607087	0.013735699977147669	0.014518805140442195	0.013361118070583308	0.014540041813911117	0.01421513679000034	0.014213962545724742	0.014147231073995944	0.014254280508514653	0.013346650742351068	0.015214612813196176	0.013943318189728236	0.01527762168131212	0.013983042337751009	0.014143338112423687	0.014257899421364063	0.012449390210658877	0.011258527451402722	0.013672171424650739	0.013742099780216437	0.013683682182046542	0.013462766095949647	0.012818991566515945	0.013202797415518774	0.014443358920819781	0.0	0.012753533017211702	0.014009489100396153	0.014058890036858215	0.014016114994932912	0.014058538914494847	0.011699471838645054	0.011187979550952307	0.013205712959803021	0.014435745339378974	0.012652085425727974	0.01416948463869345	0.013093934903186038	0.014481388337909224	0.012072868793397123	0.012670710543174455	0.014298058568592412	0.013509106554064487	0.01367237333074768	0.014952958024294714	0.014003141680595584	0.014236558536406168	0.01314280933240653	0.013814516930624781	0.0138935698349528	0.01486640058281273	0.013464019688698245	0.011996815640458527	0.014230593301463805	0.014290610631225789	0.01475573338394698	0.012326624823435167	0.014654922605622516	0.013335007360658324	0.013315642401999917	0.014616397314725043	0.01331662297318402	0.014658716267219212	0.014172305009478829	0.013909872002030697	0.014688806443901288	0.014865607346907535	0.013740799281906102
shrimp	0.013156579228906298	0.011829298205609025	0.012960643900955653	0.01264284293426087	0.013440284310480643	0.013128274186971482	0.012868456739589076	0.013775084830390106	0.0138423863104147	0.011906646718968412	0.012962418310843112	0.013534588541616885	0.013855947932159733	0.014135653163108476	0.013328800280618702	0.012675693213018185	0.013661767719021016	0.013908183835213845	0.013883710031101847	0.013394590403764532	0.014242747931510076	0.013674081208990939	0.011555244160584167	0.013917552780514786	0.013379103591062093	0.014446943711229416	0.015267557706497917	0.013432102251064388	0.013058659479036868	0.012493602438532427	0.01344925512862176	0.014395940514572216	0.01197609202350511	0.013262536130087684	0.01294236644601642	0.010770065706262795	0.013248415982328994	0.013197279798090529	0.010974020745063198	0.013840826166865055	0.013852771588542671	0.012330545451958753	0.012327640605116843	0.011724824372156313	0.013024034541387983	0.014415366108659398	0.012396241219145628	0.013171951328583032	0.012349766334124535	0.013553209540763968	0.009990629192322954	0.011970741309057308	0.014410163657174629	0.014003291074815993	0.010350566471025734	0.01381359961529036	0.013156703767424756	0.013527876685580333	0.014153061902102271	0.01321830225979695	0.012376935347311095	0.01324146337997272	0.014556870848514081	0.012652047593986599	0.012341605719433036	0.014379331483608683	0.012887745602188671	0.010943771327082122	0.012798472864485324	0.01444376169402125	0.014173431944636185	0.01473967064837399	0.01507540955736785	0.011656095476606652	0.013558075080850544	0.012630351587256844	0.013750219235638995	0.015078957237008618	0.012634370925798841	0.012300550670325015	0.01452921423262328	0.01354095465747708	0.013428753088704592	0.0137571860090597	0.014699468524222565	0.013247992963346151	0.012853897936011832	0.011487107583735237	0.013652105573597008	0.013820549479560731	0.013332087094980374	0.013313076945881058	0.013029837942598323	0.013065408220389117	0.012956367194612477	0.010113590478539823	0.013313776835364515	0.014548119121586095	0.012621789038217575	0.013759038075873016	0.013970016301989609	0.013774617010494112	0.013091021062787226	0.013020721071795695	0.013442431069384433	0.01403671162843714	0.014288562669928387	0.011210427028394135	0.013763537242958986	0.014180037472400818	0.012587127945877751	0.013280595158679555	0.013406972879439238	0.013147406870114257	0.013764340814221596	0.013798910294909959	0.012969141783463986	0.014132986206254044	0.013162989947618515	0.013615541718775073	0.009633288799976695	0.012094585716218685	0.01384555848818568	0.01501703388270914	0.013773183337315193	0.013749866582640703	0.013932020846290399	0.014124723313896899	0.012063626353356187	0.01301797206979979	0.013409544219536574	0.013429880899741078	0.013091882712810648	0.013787419243141766	0.013690060147163957	0.013021198974803456	0.013911154234977264	0.013296460877100982	0.015121822912486649	0.014040101057781241	0.013446676144724905	0.011759129100768899	0.013651852025581812	0.01221026796661423	0.01310940840074519	0.013318045984803345	0.011317984727337587	0.012657789599142813	0.0144523200493509	0.013434540675108818	0.012822527242139498	0.013998123608851321	0.013675223089638493	0.013436784918070023	0.014430116693104466	0.012008047192046963	0.013128390294727009	0.012118782636353229	0.013216196327865457	0.01456543181162838	0.012553423489901934	0.010854415539213706	0.012862603490671533	0.013215997292672999	0.012942944395168077	0.014271507117185072	0.013539333442135402	0.013865743114096503	0.01361671170403219	0.008834294577019895	0.014025700654522353	0.012996815392591026	0.01299625039868753	0.014298872639695967	0.013325908648668876	0.013207596794166694	0.014739400477654657	0.014277255184036594	0.013047995435904654	0.013220790793453086	0.013080185987053718	0.013228771878014318	0.015078227917744953	0.013845321501984014	0.013527529095645974	0.013164248585671653	0.011892113610816235	0.013563314497543994	0.011553496054265899	0.011173342890464564	0.013166480278675398	0.012428163450305228	0.012651589236867645	0.012258635406651676	0.013636304015916983	0.011344175973884698	0.012698153844688058	0.012753533017211702	0.0	0.014045146347120063	0.012684220626007024	0.013103424486219815	0.013686999953426128	0.013029369131030857	0.012476086676437187	0.012590160970607465	0.01402126595052691	0.011765565539004635	0.013472127438431809	0.010038088569077291	0.013128675869048962	0.012006739509233677	0.011575987632545533	0.013320620736622307	0.0133566516175402	0.01268718547577548	0.014561515620797987	0.01426820997411061	0.012775799123311442	0.012998792738813426	0.012795484310129031	0.01284888297883	0.014175412265504646	0.012775868318770665	0.012881193031001388	0.013569564151724474	0.011794670662365305	0.014031569092589513	0.011890168904012906	0.01391652766748781	0.012374261381607658	0.013370870861472595	0.01351430054396186	0.011907797656654638	0.014659126469764059	0.013839758602972662	0.013195903177366426	0.014611327769826994	0.013573390418883481	0.012715416083662882
sidewinder	0.01286707509161245	0.013031112414550525	0.013171346200550821	0.013607040933285993	0.013808661414897656	0.013954555252237894	0.01267885682030636	0.014186154547496726	0.01324382877013901	0.014253071135293442	0.01171966716057912	0.013856736012716387	0.014094232873647368	0.014480535390056313	0.013886283115630131	0.012857406298821865	0.01406088599722251	0.014542390305481634	0.01354049200492284	0.013486926494605516	0.012576239112300786	0.01348287120343889	0.013828942743493262	0.013658850465638323	0.013524799367870589	0.014428406200875859	0.014483313842038764	0.012298391544928238	0.01335131966956425	0.013225149943352672	0.013902434677693674	0.014728012196139768	0.014798699008935282	0.013273073135804527	0.012570066868985324	0.014007679209643376	0.012812779041049334	0.01281778810824368	0.013840867911279411	0.014638912376837336	0.012651440931104213	0.013306957919079678	0.013732310612247079	0.014440431721093635	0.01389103365825181	0.011789471905399687	0.013344478901303856	0.012432185100771922	0.014196586335021038	0.012485500146675354	0.013888926839798192	0.01363265200508385	0.013671213071361005	0.013319313855402653	0.013680474182463426	0.013568690851789758	0.01388354448594752	0.013622071832375331	0.01300829158809537	0.01365005270668913	0.012864628773434323	0.014022277433826775	0.013472053930483013	0.012335677015020521	0.01318282502687287	0.01281035083372505	0.013484407009942639	0.013834172059261652	0.013737869966701774	0.013892717369679442	0.013850629324185213	0.012264902352670175	0.014206446196786206	0.01413516044378944	0.012931120706605001	0.013595008174838573	0.0131065698973924	0.013922274570487305	0.013561106651418554	0.014669304982972378	0.013775188080399164	0.01322709969495233	0.013403754729413755	0.014281452529041885	0.015632466747217057	0.013385844591102878	0.014056421296543758	0.01331067696192902	0.014262826414094576	0.013920319804534398	0.012295405629784902	0.013006780194001278	0.014088538711660043	0.013873026691566514	0.014092707260032134	0.013933700247029548	0.013451970296848366	0.014213418911858199	0.013809897031751853	0.011696753211735425	0.013107608112589892	0.014064190619839514	0.013613746869995376	0.013237942575217146	0.01320650590167363	0.012770388172999043	0.013586090123028617	0.013282817478391764	0.013648251436586626	0.012936772813309913	0.013750009501128235	0.013794519757163408	0.013551886118743273	0.01413528616768295	0.014422509296597769	0.014066094893615426	0.013531265033889685	0.013730669316115161	0.01293767026347007	0.013087101288535331	0.013688493808315796	0.014210491068004392	0.012702298076547595	0.013547246085814264	0.013460781184455515	0.013532563760940303	0.013776090805021696	0.014172794500234483	0.012614421337326234	0.01420377476405108	0.014014900130760056	0.013263399120274863	0.01320201325962338	0.01416971442095576	0.01394058071146126	0.013112543808196432	0.013305805944585563	0.013885755582887814	0.014170927111897602	0.014575786833540699	0.014122849473600974	0.013268030573640274	0.013732374716322705	0.013756467924876075	0.013858538453277176	0.01343434391581205	0.014148943853272785	0.013334876391045185	0.013191581167724337	0.014699011049585285	0.014495868798169158	0.013817454239300126	0.014700941620657475	0.013526527269723011	0.014435986457360613	0.014186004500971225	0.013946678526632313	0.013988369484778556	0.013581293040420179	0.013840630520728288	0.012436689022762454	0.014127653464248475	0.013523488441238964	0.013602534607074501	0.013653134198100055	0.013061668538679279	0.013644557569091213	0.01374911966019792	0.013708068448995952	0.01394422734231374	0.012778291257416287	0.013073471168713144	0.013298423042540277	0.013077277063955943	0.013708066209993921	0.01215402559940933	0.012898832055583398	0.013338558676453883	0.014260219832780854	0.01392671206798871	0.014075414619745463	0.013702900425037391	0.014352766613498255	0.013617115424953734	0.01466334010523968	0.013806539160448097	0.014749000222618514	0.013479272957046397	0.014163342249127929	0.014441187476779572	0.011662743974233024	0.014184209642111258	0.013259700019288436	0.014143609478251272	0.014209527673610224	0.012765655782022711	0.01447021973680989	0.014009489100396153	0.014045146347120063	0.0	0.013450169324236419	0.013014399431214763	0.01357372782976345	0.012415437499330996	0.01365968077566079	0.012858423288448925	0.01241232714337982	0.014326872758210749	0.01357121564509848	0.013260942917997724	0.013278089634835916	0.013128169721939158	0.012347402085788772	0.013938207196909486	0.013262799504247733	0.014061545868028935	0.013974637128296299	0.01313754442752481	0.014236306303531732	0.014134848088900474	0.012427733770685366	0.013115834118178264	0.014047916335799717	0.013277115273027424	0.013410090461694602	0.013652638982477656	0.014298715924120686	0.015137697667929812	0.01334944944978074	0.012931496619668604	0.01339594505380049	0.012873524518860407	0.012434014556968423	0.014049648246062535	0.013648677592016536	0.013241303840448844	0.014453279414789822	0.013812211471039424	0.013500043303111546	0.013738910760817576
silkworm	0.013237484422348518	0.013222497163107196	0.012617282435140152	0.014261320497187419	0.01396385515455559	0.011505882278837653	0.01382047833091805	0.013392845766748835	0.01391622943915202	0.013698851688080998	0.01401789172089283	0.01427538288854142	0.014533647831536127	0.01493405169598679	0.013143873282183631	0.012836847359924497	0.013348223077755772	0.013967767205550206	0.013520410860807141	0.013847031834827939	0.013105474711719132	0.013984101628458749	0.013802009577718662	0.014692884425125037	0.013161356378396594	0.01465666613123951	0.015024914533442244	0.01312338968192808	0.013278118984397493	0.01399735851704183	0.013353252240442997	0.013671894812160959	0.01303116584459323	0.013195332547131995	0.011796451037607554	0.014107077263001467	0.013371870089255831	0.013525782044465456	0.01264397096797898	0.013361539161366408	0.014732116976296325	0.013486636599446291	0.012156088483919048	0.014038756832664706	0.014233149468235229	0.013758968934236638	0.013936930934533374	0.013499658293719588	0.013080099573763226	0.013919625724475334	0.012905826448886762	0.01297103898265573	0.014073589384371019	0.013242896800179845	0.013098545368024858	0.014160223573747702	0.013580462497930703	0.013610219799023887	0.014030116813982528	0.01375258076479384	0.013262950995778924	0.013585509879705786	0.013755350459490582	0.012640328332984339	0.01366854850243145	0.01428278866716272	0.013241571298459699	0.01384597110998704	0.013037551738242231	0.01471484716163006	0.01413747522264723	0.01414763677921927	0.01426042784818365	0.013614513295984131	0.013597855377971141	0.012941598541584925	0.01382951430887497	0.014818498913143567	0.01399216039101312	0.012310989674909375	0.013339139839289632	0.01361359603382186	0.01381120978480931	0.013923250523117497	0.014590161913870928	0.013463622877224442	0.0128632834826751	0.012738612713996521	0.013652002485591796	0.014146350752036161	0.012385070157771304	0.014409333101095873	0.01298579220100425	0.013788939945090244	0.014335923005289216	0.013361382742636879	0.012503132310235683	0.014314206406228287	0.013105391704069817	0.013600192249263812	0.013332602567634253	0.013567299609333014	0.013171605345088514	0.014225243172344052	0.013505379582673071	0.013672487766263439	0.015030224474277192	0.01284173164177065	0.014041799195113527	0.013091953208533944	0.013198178403368021	0.01425659010767584	0.01394225279828534	0.012607821555304464	0.013914888004130193	0.014558656562090759	0.012832849755170277	0.014141539625965214	0.013505464372346015	0.012701994336843268	0.013505886607214933	0.012465760444856734	0.013532354050036688	0.014111383856538757	0.014335236569383888	0.01382294252469633	0.014473977871608004	0.013574533917918796	0.012425987450756426	0.01367297674848056	0.014104869586937886	0.013210738971153687	0.013287502238862617	0.015059848050018879	0.013219132859244887	0.013372819227451984	0.013876192748265667	0.013823293245977197	0.013916921361620245	0.014072328165221254	0.013120333282039938	0.013256927612428282	0.013335145218059053	0.01246420226710329	0.014434799625699025	0.014184975857680058	0.012948030783302353	0.01355445679948868	0.014295978647742274	0.013822415954307657	0.013789755178483914	0.01338842679191451	0.013962658412433772	0.013802315228883312	0.013646635084655363	0.013994362137052019	0.01257424207758578	0.012454101478340916	0.013105276196939138	0.014962140673593251	0.013518447269412079	0.013488221667938331	0.013747872673206213	0.014436731625781905	0.013290065670546507	0.014189336739675602	0.014181416186962907	0.013865925852711979	0.014180291698003077	0.012534508685403019	0.013956231204924879	0.013797016493821286	0.013113696623164394	0.014102739637825852	0.013862217155026073	0.01428457073438535	0.013923993099049656	0.014662302037799715	0.012498530250126184	0.01319835009529211	0.013756156448591945	0.013109254329842559	0.015355171101093124	0.01393959766517509	0.013210864988678617	0.013633934177896195	0.013357311369787303	0.01294428447303544	0.013860126774031247	0.013237421596693966	0.012843070419800045	0.013606603321201916	0.013465116962175363	0.014052936264077515	0.013804076613055724	0.013568699861751028	0.012448052686017225	0.014058890036858215	0.012684220626007024	0.013450169324236419	0.0	0.013306306497054866	0.013964879396019519	0.01339881185846227	0.013520325451136135	0.013272857903324766	0.013487131750226372	0.013708191074845257	0.013132202937766308	0.013374354988146639	0.013784977305658848	0.01292435055029279	0.013732283753719496	0.013769136528877459	0.013389980540032188	0.012562829446475562	0.01475547001840616	0.014533773980451031	0.013718406822483717	0.012776399002405759	0.013617345009006783	0.013110175721431971	0.013179175094275155	0.01343607290763734	0.013247969324108246	0.013908690740540844	0.013790045313495649	0.01335181378759524	0.012925379027395222	0.013165988642203379	0.01346680746268887	0.012890692817476002	0.013430097203094434	0.013271176265043497	0.01412493445720096	0.01402658993095307	0.014213989453640325	0.013930423615647234	0.01295265641266801	0.013052068526891168
skunk	0.012578593083465473	0.011659159652946399	0.012536583224667892	0.0119011387382043	0.012991736354347054	0.013383663867632935	0.011852553069970724	0.012039051697609778	0.011920524984887118	0.01402174888643049	0.0132502134663251	0.013274105388883224	0.012540579544325603	0.012872895269686385	0.012552923550560851	0.012442914194420111	0.01353192055732372	0.013411010276907163	0.013294363038669241	0.01287423986677801	0.012780572389315611	0.013535559279896588	0.013192047345786941	0.013819496873488712	0.01282105260773467	0.01384912921718901	0.014743399895708493	0.012688924847366206	0.013580993477131004	0.013100277487441008	0.013235869939820793	0.013990457969262442	0.013542630960171166	0.011605684287606359	0.012420113044392776	0.013402213760985038	0.012787907832802087	0.012328782733260829	0.012422628955531478	0.012875641023934131	0.012173097835415267	0.012759193878955941	0.011751648131304207	0.014660508477769308	0.013567891661675047	0.013198722883043659	0.013159548490875188	0.012473579943014417	0.012537892298564612	0.011469106417189017	0.012839046960250457	0.01244269384112083	0.013011453183196641	0.012989579781709695	0.013845807213203287	0.011614595435103393	0.01345570708374877	0.012212029359644836	0.012411053685309066	0.011540419117042858	0.012954709792709558	0.012783489699134063	0.013425144362352138	0.01349363137578661	0.012249282777157467	0.013277022435195414	0.012969180637574771	0.012636339288900377	0.012688091103956085	0.013224028035468939	0.014183621382903314	0.013716547254345925	0.013759955314797668	0.01392994187693698	0.013053637316892885	0.012460909339874324	0.01338418332981908	0.013749009879768091	0.012321810408454347	0.013602722473832547	0.014245159965795638	0.01314734265292085	0.012772181937235377	0.013192127905529474	0.013928233524226986	0.01259194895602781	0.012196621097998305	0.012503009314804477	0.012881528747443608	0.012013558584024189	0.011988525481434737	0.012154368136600108	0.011842924560437666	0.013883696720500433	0.013889594386794045	0.013891571822939833	0.012407395645612435	0.013730252440947562	0.01318669938547517	0.012629355555710695	0.012125976715244092	0.013885755114853092	0.011668911092402727	0.012434102720143376	0.012318690740257463	0.013567751490646797	0.013653302771638816	0.012819109392745347	0.012933941306461303	0.01311736062567407	0.013315697194445215	0.013146931461555503	0.012024901159894694	0.012379230087967446	0.013678357263780014	0.013085704960065399	0.012898440680786709	0.013396753393887875	0.012407496939450115	0.013111865333508914	0.012665364772205591	0.012562450683080224	0.013173014861370009	0.014424594305032776	0.013200243031939134	0.013288098239292142	0.01301907252189104	0.013536493592318033	0.012717478390013064	0.012778261071527418	0.012687304360806149	0.012815290176335021	0.011764444136546348	0.013411159621964465	0.01399431979271935	0.01237990518312453	0.01318570620065269	0.012865080238713808	0.013807596465720313	0.014255147769994387	0.013699912453005945	0.012622217150236094	0.013527850165585007	0.01318897293844726	0.01297610878571938	0.012923772678754187	0.013462249005323399	0.01197720199956934	0.012855132351191824	0.013727267791376436	0.012520012158178766	0.013639700230803263	0.012601095850424801	0.013301434031814809	0.0137891742866658	0.013806306612423063	0.013267917472809447	0.011614020282104875	0.01273108225319513	0.013812759545207947	0.012965853771377666	0.013555836774695051	0.01185176691456759	0.012285206553135997	0.012174356571319487	0.012928091905849775	0.012264431785741716	0.012320833824230765	0.012961035135199068	0.012717736469123497	0.01286351276587707	0.013573383931359612	0.011544753670174157	0.012596372290899325	0.011785965238484472	0.012374053315799811	0.013184733157093915	0.01390517017119624	0.01327774955945189	0.012054018348462682	0.013296958388725421	0.012518676111113718	0.014447049747706562	0.012689192463857621	0.01413204866292622	0.013057891697678991	0.01383142397395134	0.013314020950656232	0.013791296918817659	0.01401214632714513	0.012851333299476596	0.013790341247323307	0.013111439891379023	0.013319589976940176	0.014306835964204916	0.012741965284529031	0.013660704931801467	0.014016114994932912	0.013103424486219815	0.013014399431214763	0.013306306497054866	0.0	0.01248122673873227	0.012581016389687465	0.013205583949666574	0.011923651186234688	0.012705038894980886	0.013674542765644464	0.013439839053705518	0.013120360381566125	0.01129510788506152	0.012778022779828322	0.013058186795968372	0.012855525924097035	0.0130331269272165	0.013726186452389934	0.014195535999548354	0.013532451720047512	0.012860282154147211	0.013156134827191008	0.012451912106387866	0.011970600858346387	0.013414603719936444	0.011806947445983717	0.012803248418213205	0.013201473258129806	0.013253539051877667	0.014652534985805815	0.011859072856563317	0.012843931602808657	0.01255911697395707	0.013267993962850872	0.011573817711137262	0.01352687855250111	0.012876289457396637	0.012368972180494025	0.012560792165777832	0.013854230732501402	0.013611699152828935	0.012606634774065411
sloth	0.013407291951839387	0.012888021441370481	0.012910503284759843	0.011207044162974682	0.012160471880380452	0.013804882533305285	0.011706081760646598	0.011723765813554056	0.012557826502203004	0.01393906527003668	0.014236264690309135	0.01319228942350925	0.012436938026315996	0.013407629039953302	0.013585518273872657	0.013006443945838785	0.011953722919279451	0.014376900940448458	0.012738900280066625	0.012489350698394686	0.01418329078132613	0.01315249801303495	0.011995295739159188	0.013203548053300066	0.012752878606875444	0.014455857514903888	0.014166081690912822	0.013010388573584643	0.013664713336780397	0.012232268899091056	0.013719736069636645	0.01481739805062439	0.013768651387890131	0.012856188365153065	0.013029142060917195	0.012846501149212255	0.012724359769698206	0.012661328303455293	0.013414388836291615	0.01226386961584693	0.013259488909695645	0.013183842192507058	0.012173173826615138	0.014992720296594033	0.012516263107951196	0.013477657695687364	0.012806734278519867	0.013191142421004916	0.013472942409945678	0.012648512124093464	0.013318850526443486	0.012456415715027369	0.013053396661476164	0.012620703646047058	0.012696693108027955	0.012430611776550988	0.013063998868037269	0.013273264068109226	0.012347890689289367	0.012040382444140386	0.012795106446362852	0.013284480983271861	0.013383132300837326	0.013412490591593102	0.013037687622090566	0.013863545448494807	0.012513586443170615	0.012895381226855612	0.012148339584751186	0.013447935036523348	0.014052056064672365	0.014353316866527794	0.013204452957110584	0.01296345786737594	0.013741236934516414	0.01283090885123994	0.014088620572130443	0.013963898880034274	0.012559906856562733	0.013736885167723357	0.013577698051743794	0.013232290267407654	0.01244880585417147	0.012193900135531227	0.013608200999520155	0.012431744170147146	0.012882497538248182	0.013104562442438052	0.01376351831651658	0.012431498484867127	0.013126680283364243	0.011775815857932335	0.012551423178351557	0.013483977161948124	0.014161125997819449	0.013703634233039004	0.012709056038558273	0.013889766820283384	0.011861053768820786	0.013226497242986681	0.01298994870454722	0.013757314900774364	0.010714948446697575	0.011859482311398916	0.012663831926315863	0.013560777236820122	0.013025628381955898	0.0128984060687201	0.012942782053146848	0.013365932044534134	0.012438355307294306	0.013521200254441297	0.011869023432431368	0.01371602642761939	0.01192161973438276	0.012309358803465651	0.012330389553815258	0.012548814076375371	0.012378412091907447	0.012630268708964845	0.013520691666837933	0.012286094212897619	0.013956108620643783	0.014209749880416593	0.013894890265229864	0.012672800010773762	0.012924827686043137	0.014195261318043613	0.011863588116208322	0.013680474124389672	0.013260775440581105	0.012683690243962145	0.012428984273771378	0.013262582891426818	0.014146016105276278	0.012881443404491814	0.01340207954731862	0.013277387536848323	0.01371281066984361	0.013572194057836346	0.013281057863276269	0.013365124426777902	0.012673969733564947	0.012487305860303973	0.012936544673156629	0.012293674091495798	0.014806477113530052	0.011771881776411317	0.013383766229337589	0.013070608033861146	0.012371252033394573	0.01294076358530245	0.013362623362551802	0.013411126139827504	0.013597044214432428	0.0133245645760939	0.01341937950606512	0.012605356679826082	0.013195065224242096	0.014109960533571868	0.013479751680342203	0.014004168449056366	0.012217866222908571	0.011971694451058721	0.012002058284443735	0.01395004890158931	0.013532164373963134	0.012859504621588962	0.012784505544329113	0.013661919260142074	0.013646069527690464	0.013071020591860119	0.012452764523320725	0.013710283701938546	0.012410256454118005	0.012833682656845433	0.013437030079593203	0.013990116683383654	0.013291451899621881	0.011296624824340257	0.012946767692284596	0.011734928347692537	0.014483864439823461	0.013063932285019321	0.01382738365002336	0.012814799679360691	0.013977862857121059	0.011909195197723819	0.012731140106248316	0.013914261590903431	0.012820403261320319	0.011914125930239177	0.01282476545769696	0.012258956715626818	0.013699596335493246	0.012607264800093044	0.013423393692047023	0.014058538914494847	0.013686999953426128	0.01357372782976345	0.013964879396019519	0.01248122673873227	0.0	0.012906528761704728	0.013134820951722087	0.012026314064298186	0.013085759048332242	0.012289442546961153	0.013571526982746463	0.013060671714675119	0.010671501659121476	0.012870580121651739	0.01339769390568136	0.013108344620573736	0.013146496063562824	0.01337677464646498	0.014431516709656882	0.013865885883885449	0.0117488094446143	0.012352659241028985	0.012146092468583652	0.012765109249861784	0.01319335565482609	0.011935240062456855	0.011835606981287798	0.01318768821937765	0.013482115036717328	0.014843135990755839	0.012567132455726096	0.012535079831027227	0.012650579560050466	0.013427974821186739	0.012528231064063509	0.012944495675157295	0.013014406376368021	0.01232017164747186	0.012562463880441794	0.014040396003052503	0.01406739996843613	0.01282567526413283
slug	0.013226034883840625	0.012864328029662713	0.011957611365957877	0.012305232373514328	0.014289033013546192	0.012631932922942653	0.012472231966748777	0.013332507521279777	0.0130774970542758	0.013767617443277726	0.0132283723569801	0.013257490503837267	0.013000139589806321	0.014806862572706397	0.013139749086503212	0.011568371053008404	0.013918946104389644	0.013805201445979989	0.014032749822221089	0.014048452438010924	0.013730289369521245	0.013611919167097773	0.013323131207264161	0.013534283070235107	0.014217182466350868	0.014823623127332188	0.014970662495605667	0.012353833879156647	0.012871205098238327	0.013227106147854521	0.01391580999084283	0.014243565754494618	0.013845179679619011	0.012594233531928711	0.012298307132703395	0.01311044125550933	0.011988975656752996	0.012734235424804364	0.013231285891489855	0.014217416972639466	0.01331206848887599	0.012935059006114627	0.01172786418425643	0.013684541364649958	0.013135826854764776	0.013052331193706126	0.01320368949116511	0.012622249524320547	0.013623064387422699	0.013247915679676031	0.011865103848626995	0.012790970743511312	0.014211270425802898	0.013608242183311421	0.012406483053064276	0.012939523331513708	0.013886112364645058	0.01351926369172645	0.013463695449614224	0.012407353147397594	0.013040323161122556	0.012762156140403307	0.014107302370462116	0.012543390198509941	0.012759911663002775	0.013434615608210512	0.012056728714114505	0.012364346723141476	0.013286670928234802	0.014614559731155637	0.014159843853379029	0.013912235446874522	0.014257061203790587	0.013818924606436158	0.013390364994980374	0.012347274474090026	0.01359855765417955	0.014518067821407916	0.012222524898310978	0.012624649426071981	0.01404313739813549	0.014329739745454026	0.013157836242079559	0.013319639249482238	0.015043766676110362	0.013195794669896883	0.01297786009036975	0.012583243586053623	0.013556601279883874	0.012806227757795875	0.012870733599795878	0.01323875253926237	0.012733823060298279	0.013552628290759917	0.013823537054333918	0.013655441273611721	0.012149347502507742	0.013750333084765287	0.012910118738878717	0.013010973396593437	0.012188691496852467	0.013595412332273911	0.012947313554036213	0.012691211101051309	0.013434671306055478	0.013370398196363658	0.014284342252651145	0.01138444253335484	0.013589161922786865	0.013679902812523743	0.013660335422690484	0.013598412099695215	0.013277006029175288	0.013300276547046791	0.013633828456292687	0.013386987152406065	0.013104616548915973	0.013442512953700936	0.012214649490968175	0.013401139640231562	0.012255658291161986	0.012578760738438105	0.013720470592756995	0.013672702733098348	0.01428546126881479	0.013492390695808303	0.013880277172586658	0.01337666127274885	0.011548339374952315	0.013365126642962586	0.013112790957920945	0.012970903261535731	0.012107531666683147	0.014051367233342134	0.012681871487859259	0.012152182386166882	0.014015444599962422	0.0137322002457625	0.01446949907965044	0.01464699631976492	0.013277154046824138	0.01208766184481028	0.014188717354068743	0.013586704611432599	0.0131499282266474	0.013071576088141851	0.013638059462392303	0.012658555108444465	0.01325629801713612	0.014283500689634776	0.01341196198838969	0.014534554202165005	0.013911529634375133	0.013674148276507059	0.013826764254174874	0.0137901411806803	0.014003330137776816	0.012143773849491099	0.01342401697231173	0.014478867226114625	0.012065598788941567	0.013234514983651196	0.012960117806014908	0.012457467378709565	0.013137226429064747	0.012981047916622962	0.013508621926830208	0.013787853192113534	0.013387898392917935	0.012936360161250129	0.01316919570200003	0.013281923273461352	0.012336873650998614	0.013756922811946085	0.012203226357232233	0.01278883794069379	0.013216357316090728	0.013800892962357212	0.0137502243302928	0.012869344338052209	0.013782963137118045	0.01365685096682127	0.014502342169907976	0.013442243569996636	0.014392986497199445	0.013309130010553016	0.013629010069180157	0.013061335095309344	0.012710162836742027	0.01267279349221607	0.011757479439605811	0.013476083519342293	0.013158808019184483	0.012939218429108943	0.013777079105902432	0.012483339448815214	0.01362270652796232	0.011699471838645054	0.013029369131030857	0.012415437499330996	0.01339881185846227	0.012581016389687465	0.012906528761704728	0.0	0.01014934572038918	0.01194793993174983	0.013429256950976846	0.013394790770693141	0.01254056709016981	0.01189701851522776	0.013456715415706623	0.011382464940982136	0.012380774360932606	0.013898959902187685	0.013266652958730972	0.013460971657196612	0.014712010621098144	0.01343962465604194	0.013492608305849923	0.013201585868658135	0.011998205247999548	0.01272719993795176	0.013699800324243743	0.011995953207541123	0.012378018161317198	0.013915052436022757	0.013437668602808782	0.015000102166811214	0.012303958623571228	0.013079367008692382	0.012599181756679796	0.012636264828134474	0.011955729002106634	0.013257928287131989	0.013615863956715584	0.012704271023255666	0.013997124400739445	0.014349748487062356	0.014093146132313905	0.013223002007605273
snail	0.013639336969604392	0.012779665867529438	0.012565372894212319	0.012649693543831948	0.013275566900918198	0.012672568368840129	0.013041254125442239	0.013133757572543661	0.01322240232444535	0.013356867895487807	0.013636155031894817	0.01372917377761051	0.013191255905032413	0.014239212314387836	0.013369205698297866	0.011818898220533204	0.01351195655858516	0.013799899028857981	0.01435866788928152	0.013847333441720996	0.013153249958927521	0.013629800028484195	0.013284181522098175	0.013534426983298837	0.014088562145617314	0.014840107273317043	0.014854728301032698	0.01355096976794543	0.012625495751825675	0.012967651068271297	0.013705282156814713	0.014781489483477067	0.013462753673083923	0.013265465399854848	0.012409039657931654	0.012539527288473764	0.013534706554954631	0.013456137728285949	0.01334313653804174	0.013947963265793175	0.014061457540186012	0.012812943498679862	0.012607568954015014	0.014201520094493105	0.01293658639653525	0.014029152246930021	0.013087785857704221	0.013824288439335437	0.013161730739036252	0.013486525229558025	0.011420830614462252	0.012645546489280832	0.013886857837107072	0.012917877599745392	0.01234754288930595	0.013711062052888374	0.013573630071418765	0.013730605506349594	0.013456803336476742	0.012818726071067058	0.012760996303772653	0.013560449685419283	0.013092688816554501	0.011958077285761887	0.013315890748027408	0.013526306410773401	0.01252526708294377	0.012153966942782389	0.012611519187279265	0.014107930807892237	0.014162871211622683	0.014367280067453612	0.01411232030284557	0.013433443985845044	0.013114432878205472	0.012908605525445154	0.014217268431817262	0.01443997266627784	0.01172401202031854	0.012576778437717715	0.014128337899363554	0.013833417107265163	0.013098914464255507	0.013136715386552795	0.014962855619885142	0.012531156289711874	0.012782908655149184	0.012767761497548243	0.013682261096486454	0.013593698478164941	0.013266302952087736	0.013306996299147273	0.013278013149994074	0.013186624447754522	0.013760066584301005	0.01357183219340537	0.013163330895782371	0.013908915002577304	0.012357049412579505	0.013605893299565847	0.012872762262289054	0.013535633493174397	0.0131603543409736	0.012479844447889776	0.013549594923101847	0.013847751996885432	0.014258240491124117	0.011161380368576694	0.013534393650725405	0.013826488093980271	0.013575360334266064	0.013640981682635445	0.013540264268703344	0.013265870409041553	0.013642860056353363	0.01364809512591093	0.013111254541772288	0.013456905092763115	0.012506564321942706	0.013345279897228408	0.01244882641155196	0.012385748696258627	0.013688976798460708	0.014124160348212886	0.013990575342117539	0.013636217301094093	0.013855100631910944	0.013489070452150163	0.012097397250418753	0.013331154607450523	0.013357804688524749	0.013109933252318594	0.012906457210827274	0.014400697662068078	0.0118945039119544	0.01280416978554869	0.014211617555787622	0.01376839313569811	0.013816908106630603	0.013790267254204742	0.012251751173302445	0.0124687222015942	0.013638814593957233	0.012793036093154861	0.013054632472577979	0.013151543183303305	0.0127602333395546	0.01329612178797912	0.014753930805510804	0.01352795049559032	0.013177372111886331	0.01405148222538879	0.014037707548213447	0.013675147941575674	0.013742272135203046	0.013432891763339536	0.013293157622230434	0.012656018643122829	0.012517409173221004	0.014223456687836297	0.013713589773147706	0.013337152495428748	0.013398722999023593	0.013396951054640688	0.01331512354461756	0.01333784043684929	0.013362448732740777	0.013867491817443688	0.013654283647851744	0.012687925275171652	0.014153356172091309	0.01350991786725207	0.012761868440304476	0.014022943054374681	0.013176849635110089	0.013097481211953066	0.013416032536480596	0.014374588968673187	0.013075388753746104	0.013017369407358143	0.013499088326609317	0.013292867957605108	0.014650377922628924	0.01401390877876918	0.014081158547214192	0.012829825932665781	0.013938638480247935	0.013518554665252307	0.012382457584986638	0.011926078246322419	0.012991259698332851	0.01308387992928089	0.013211757462973287	0.012632924420387487	0.013689380664835183	0.012537630641525395	0.013504485384085874	0.011187979550952307	0.012476086676437187	0.01365968077566079	0.013520325451136135	0.013205583949666574	0.013134820951722087	0.01014934572038918	0.0	0.01244513244905758	0.01339386580045213	0.013432850879897797	0.01342820248131437	0.01248263072054178	0.013176520613514053	0.01205599469836634	0.012878282599940583	0.013636397957852214	0.013115991289722538	0.012842378895774862	0.01451506733338324	0.01385933252042298	0.013322635944778222	0.013181477309808693	0.012689023549734082	0.01314484854615969	0.01377254641224744	0.012186895261838901	0.011550534631274178	0.013623265600977734	0.013365305227103774	0.014410523260463708	0.011200201005842127	0.013900302523528626	0.012858496333535651	0.012691251450154808	0.013366662391026423	0.01313657877885379	0.013615789115104629	0.013060513124669581	0.0130877249157729	0.01455650459112799	0.01427853851036104	0.013178180702668066
snake	0.013151409296762735	0.010909112690168083	0.012013713795795999	0.011664905815285493	0.012518155321153752	0.013802914370573516	0.0120621028130272	0.011317411050424428	0.012589386442407162	0.013043733189247375	0.013543317798493404	0.012323286743465688	0.012265384532278753	0.013153458764383508	0.012912092239655977	0.012538906029349216	0.012971792776822897	0.01371534402935361	0.012768627680657564	0.01283929854600687	0.012674959495987901	0.012464008054308385	0.013100543391097626	0.012792832284161471	0.013578020483798492	0.013772983205981994	0.013878793767291746	0.01278286717631662	0.012091495504185958	0.012175673644956418	0.012536234017153133	0.01386908954808936	0.013011015851479403	0.011368875410014358	0.012296880466054707	0.012014237502323964	0.011084660334081991	0.0108348487751156	0.012346307773402083	0.013340074277517176	0.013143640817805653	0.013062185525300196	0.011150741290246555	0.013822907319761171	0.012204880455458294	0.011247632934117471	0.010203431942921734	0.010774743694808592	0.011884087337749615	0.011402184242801004	0.010851815576506234	0.010663461303658583	0.01245887962992722	0.012581956105021348	0.012331287206731463	0.012832903307076	0.012381329315928393	0.01096254409087517	0.012600160329656315	0.011483291772271038	0.012156701290165082	0.012701007153302628	0.012839049938447488	0.012056377948902346	0.012101868410943057	0.012464391089373382	0.012905384649542733	0.010826675532157817	0.011209752377336717	0.012993644156607665	0.013842801242950575	0.013709360694230153	0.013737753684104797	0.013220074323836562	0.012976995625562173	0.012594007724451987	0.013265697491137578	0.013726534699630335	0.009961020426003157	0.013712548372629951	0.013978184345841574	0.013493146963470572	0.011184788126621603	0.012407694693504915	0.014341083576279895	0.01223149309690786	0.010906130607909445	0.012163255143595859	0.012412191846892424	0.012377078185911787	0.01205850733960272	0.012130365595369874	0.012500434814333274	0.013179987847869121	0.014060184252774605	0.013601301301094723	0.012351371552609808	0.013025975178374645	0.012336696381900523	0.0123289414947032	0.013056835230325739	0.012806960533740246	0.011422560271018768	0.012011544899764698	0.012590463405798245	0.013277735425966847	0.01384834437957598	0.011947488247272892	0.012373837434396483	0.013439871660277568	0.0130908718109066	0.013191272629813035	0.012644670632024338	0.013083003184726182	0.012632821004932222	0.012547586491075999	0.012050143769069637	0.011853401577344538	0.009828429896533163	0.013282118987879558	0.011841066380762202	0.011741364648083967	0.013442547926036106	0.014213191481263434	0.01374579383228704	0.012895332477530648	0.013347586329840162	0.014092884049017968	0.011647035123495386	0.01327341257842986	0.012227806404688098	0.012084268241957394	0.010858967552939641	0.013135693126081649	0.013476345017227902	0.012172936555113019	0.012959522856587804	0.01300604527547518	0.014013525657029555	0.013148778954370523	0.012082863044314142	0.011653745077255674	0.013440398507395129	0.012506398650968462	0.012652399384757375	0.011723433628302254	0.01330872786341057	0.012650129087713353	0.012718472794506542	0.012856377537812068	0.011826461543520728	0.012383726365225866	0.013133619293223556	0.013007785284504764	0.013417041149099727	0.012925043496432712	0.012365189947687647	0.011163520518072362	0.012177355391637654	0.013013396498223959	0.012745997442476429	0.01357159367726853	0.011827586476244179	0.012895124987588252	0.012423282271712889	0.013222166085311689	0.012586555657636117	0.012246609271571259	0.012925484718798376	0.011974150421469836	0.013852681467203887	0.012193456125486701	0.011347417228466604	0.012923838343252525	0.010520112987706212	0.009350789232952239	0.012036549244323107	0.013771623453210877	0.013313468577311902	0.012059566061544996	0.013587409785150521	0.011697321999515654	0.01443280249329748	0.012351446093000186	0.013797788051692827	0.01147793079538335	0.013269213782909383	0.012047354498013654	0.012432782073046513	0.013375446519093559	0.010565669620795273	0.012935629801812627	0.012922721299876073	0.0105587650447688	0.013607984782175923	0.011313738874434194	0.01293937732594108	0.013205712959803021	0.012590160970607465	0.012858423288448925	0.013272857903324766	0.011923651186234688	0.012026314064298186	0.01194793993174983	0.01244513244905758	0.0	0.012470721720489275	0.012729007772440539	0.012063075128873663	0.012429976193691019	0.01150319055895802	0.012731414540224046	0.01239691660392392	0.012967407815501422	0.01213644307258824	0.012752835469974445	0.012988505134767488	0.013827430562312924	0.01239172544501929	0.012839172048079448	0.010684319496537113	0.011092854053112855	0.012943043613766579	0.010248400778004685	0.011278232690978001	0.013199655859456809	0.012804815088188934	0.014905645546166597	0.01018410351261576	0.011910603788774083	0.012509465445966815	0.012915356384913408	0.01252040194683253	0.012659200654972926	0.011860510159308184	0.012338640379675884	0.013271835835646397	0.013904031975002172	0.01407476996133459	0.01259393329764287
sparrow	0.011933476523157207	0.012888587402163688	0.012852981821545597	0.012888067674754072	0.013180386969187472	0.014363499750380392	0.013026852319614876	0.012848500309975848	0.012551688777612188	0.013279857074983666	0.012990196565103744	0.013228026418830632	0.013388835930488537	0.013783452302796094	0.012863937078361955	0.013187642686964561	0.013592880006899122	0.013469582502679149	0.013521831643052514	0.013436652907252994	0.011330576755119734	0.013653754911204283	0.013206414530037926	0.013401745633569334	0.01313140637715979	0.014301570223646034	0.014001981072643041	0.012969778392669069	0.012311756502351197	0.012854487296364674	0.014036977590103902	0.013214158621194192	0.0141967958386087	0.011930367459541931	0.013398586463517359	0.013806340978895073	0.013212094662677644	0.013004995152627983	0.013121874929532661	0.014045561134510179	0.01281758137545369	0.013816299866998151	0.0127591121305395	0.014213769206769202	0.013953604982545147	0.013480218989014177	0.01303977335942035	0.013007441055804116	0.014207865283139165	0.01241245703927247	0.01264079372844722	0.012926158358142571	0.011678480490680133	0.011206881298149528	0.013531289234282025	0.013337299673052517	0.01309864112603701	0.013428702041697103	0.013610862914924965	0.012622757852906001	0.012437565035502213	0.013908525451939588	0.011428083702469423	0.011833324977304327	0.012277218535662292	0.011675695334214786	0.013624326812328703	0.013565472755599774	0.012347765181929765	0.013461433397148755	0.013844649328852694	0.012238908600560561	0.011355999335995372	0.013442310805105759	0.012569990929043586	0.013302624741913563	0.013335441110833148	0.012717572580173957	0.012347305603211017	0.013813863183194735	0.013714491335424451	0.013330638812786315	0.012650467266308873	0.012835652201537618	0.01326854126995858	0.012371558720704574	0.013094759638430238	0.013477842514077578	0.012200930681609982	0.013479954269579033	0.01238574710217678	0.012677907690947217	0.013466741636465067	0.01265713827846217	0.013767411353118493	0.014080983312063082	0.01327025002600547	0.01253956423169942	0.013294855858936971	0.01069940370687648	0.012862040933543498	0.01345728439300852	0.012530400101072203	0.012647547748346168	0.01190557357829968	0.013769940391787512	0.013038281631332693	0.01401691524504347	0.013066716106437065	0.011493882028158639	0.013576837926733656	0.013556640492073793	0.013003019670309425	0.01354742191432183	0.013337481242063944	0.012969897542246317	0.013148456215005195	0.012346599815526242	0.01216294745732186	0.013042408306138252	0.013171844350651907	0.012842208833185778	0.01292275748774175	0.014167755099846992	0.013034577875603385	0.013993757103180156	0.013122666787622613	0.014221884975563285	0.013477386783858857	0.013502317402132638	0.012997399433264825	0.012616028790639793	0.011998614734414942	0.013964519316575776	0.013540175383091617	0.01267359866111998	0.01342172207266382	0.013086614226952812	0.011998013751194319	0.012516041280884922	0.013121922150862934	0.013068173344096254	0.013520534503686406	0.012539243311602433	0.012940750459458996	0.011163284611021652	0.013618071766109392	0.013065981721349257	0.013063782513317737	0.01295593852077931	0.011051414801213957	0.012356279698016013	0.013702747938079329	0.012211350433394625	0.012688179634075663	0.013124682788726201	0.012538742573701802	0.013250640701061946	0.011868571293968283	0.013383415088352415	0.01334773609163733	0.013421220683637514	0.013434812309559667	0.01339831752105922	0.01261089646705349	0.013485104546413702	0.013518789338500125	0.012276419554433897	0.013221504008824823	0.013345364387898483	0.013688913955591775	0.013829103572074017	0.012582351719811454	0.012970564397178218	0.01250314616279881	0.012710046454139397	0.011646666498160372	0.013898596971965193	0.013290155482977848	0.01316547140590537	0.013949147725824984	0.013278729965441181	0.013487007524546964	0.012233886762261335	0.014154180960943927	0.013417444932012261	0.013928061977558274	0.013799060936816189	0.013663732548059962	0.01388080717348564	0.011854055271749176	0.013815471709511038	0.013542083857645357	0.013288709853131337	0.014063768318343496	0.013228185054143447	0.01408111100336257	0.014435745339378974	0.01402126595052691	0.01241232714337982	0.013487131750226372	0.012705038894980886	0.013085759048332242	0.013429256950976846	0.01339386580045213	0.012470721720489275	0.0	0.013909508624635034	0.013221791941780884	0.01398723386044016	0.011728517651988925	0.01331679646897901	0.01305796563757383	0.011717239837972961	0.0115008452511116	0.013178972861191452	0.012330794314517729	0.013055748523089312	0.013199202563264081	0.013395838479781543	0.012234213818738564	0.012678120785081277	0.012744629702847454	0.012374367661112336	0.012459627108640091	0.012402612190261819	0.01397622325030604	0.014768123269372112	0.012130019486891696	0.011869390349669969	0.013072059649414476	0.012872326387816335	0.012151712621865762	0.013071657843238467	0.012275464768967754	0.013138848793868965	0.012226689453689472	0.011464859358203286	0.014448809980284914	0.012447803567279916
sperm_whale	0.012217065340868638	0.0124858742043762	0.014151078230679728	0.011896080281980725	0.012600189410687293	0.013728390289068478	0.012849898057044734	0.011955911991488917	0.013425919616050785	0.01198251656335469	0.013260855820603358	0.013244108728224657	0.013593156629968817	0.01473108110751435	0.014207494185033715	0.013515183702511624	0.013236135913264849	0.014505444089049935	0.012942404441452457	0.01347600527929889	0.014547360306458743	0.013903272062564054	0.008883533504762495	0.014173018814165732	0.013202799373874563	0.01452073205395249	0.014875835374456392	0.01327894620624843	0.014649481159205615	0.012265247233885722	0.013239911165699893	0.014336076298533743	0.013516011473535363	0.013148594853552494	0.01375546260902069	0.012390405129953753	0.01283050252287451	0.013373459457821502	0.013967462174510368	0.01217926285705707	0.014039590474442818	0.013110639608697364	0.012843375249229447	0.013158648576371099	0.01265070948931098	0.0144794230679099	0.012758835471580052	0.013529001179119402	0.012962064072726164	0.01416774009033102	0.011630422892309944	0.011775111131256722	0.01451065038716329	0.014550722046955305	0.01059331388004545	0.013274196381399888	0.013022179642593836	0.013155453768382468	0.01300674409826259	0.01306324073194785	0.011270344497622169	0.013519860566082327	0.014131917046333925	0.013481494134180703	0.013242232668906062	0.01405500096067037	0.013143310830549489	0.01221042380216248	0.012477563171606207	0.013974103025722197	0.013758328982842207	0.014262939664117276	0.014331383463025017	0.008758120862075704	0.014252273295826947	0.014049011383060549	0.01416750439356504	0.015071123252549189	0.013260783445619555	0.013510484892355462	0.014383201194433017	0.012988229008631422	0.013315527486309962	0.012604809618245854	0.01376593744424279	0.012245073432300581	0.012721603543447764	0.012855894232168591	0.013973416736184836	0.013145999811998368	0.014221785512363659	0.012122467918188384	0.012485123876693687	0.013053071810524761	0.01331918343729107	0.010967067980850566	0.012787557172037157	0.014647816062147115	0.01177979361700607	0.01426432018436699	0.013672618945859692	0.013686801195344407	0.011810874991508978	0.013187886278521905	0.012731015098429959	0.014387881499078598	0.01518931257766629	0.011800576915339889	0.012982470522461445	0.014016067175627643	0.010116320298071963	0.013543534652877163	0.013492713503360171	0.014238688424340817	0.012565760676407746	0.013447420743159773	0.012232764559532235	0.013124960639126479	0.012493787716219291	0.013476632855021103	0.011842992739620431	0.011731095874797785	0.013556431923608234	0.014808718132345194	0.013362739262153563	0.012628772814779287	0.013273598307648097	0.014475161430767497	0.01223106822219249	0.013709979370752655	0.012934113288502514	0.01304931790729626	0.013325075235320116	0.014162331337245563	0.01433568007078799	0.013069912532227073	0.013935704111957346	0.013443065040099907	0.01486186548513965	0.013679463106638241	0.013786884580283407	0.011956434160359393	0.01263036375505436	0.01253379775737308	0.012823353576320978	0.013102498583916471	0.013539370560085561	0.01333814680286679	0.014683419816036668	0.013343574473374573	0.013052031373641136	0.013717686966354241	0.013166625377864167	0.013232666280552504	0.014110330034979269	0.012949563823547759	0.013718653214916793	0.012515915477661486	0.013414067603645986	0.014472399376983313	0.013895439151196532	0.012234816428181168	0.011898358777024592	0.011754241775723323	0.012707872113822983	0.014322406436099491	0.013654912511648569	0.013770932144889057	0.01339368850496955	0.01230505163977473	0.01407469723036109	0.013541208264099375	0.013483968569164013	0.013058227335546489	0.012750705172548787	0.013247648401598857	0.0142994106560826	0.014613899718296986	0.01382011461800019	0.01240802193431147	0.012816599560982876	0.01154287124961977	0.015224998883863604	0.013440483613179116	0.014166980207731139	0.013151244122830726	0.012992469893603777	0.01228050988619206	0.01077943114604148	0.011847944907607662	0.012939018083181852	0.010803522849543239	0.011636518899189317	0.011368497905315925	0.012813858468735196	0.010996968912497018	0.013213594850948574	0.012652085425727974	0.011765565539004635	0.014326872758210749	0.013708191074845257	0.013674542765644464	0.012289442546961153	0.013394790770693141	0.013432850879897797	0.012729007772440539	0.013909508624635034	0.0	0.013752464779074245	0.010613097200790962	0.013442314390664917	0.012006563348783828	0.011925203506564222	0.013199641100387603	0.013346161846025686	0.013619258620257148	0.014661959235950199	0.014226657285813118	0.012210098686283335	0.013543978530975468	0.012867685410332716	0.013332066185724878	0.014245516423317924	0.013222276652590674	0.012557520030655675	0.01345797032274205	0.013482299931526234	0.01452160561826432	0.01281987135348397	0.012923812273136966	0.011460349109501616	0.012700098695626572	0.013445272662768858	0.009730668375193258	0.013700347005843837	0.013914087803962123	0.013467081392043343	0.014672420526315238	0.01367853915226896	0.013125054477223707
spider	0.013469135816713784	0.01285659797158892	0.010683916950133494	0.012396309894093197	0.014360354441404505	0.013856295874725526	0.012091142456195976	0.012660175703594807	0.013627077545422115	0.01408906122276794	0.013332934190119944	0.012631077131827977	0.013771350875567103	0.014258914807857188	0.012853797015202147	0.01175565749932463	0.013503540863745746	0.013690315761091516	0.013591565371112623	0.013942214692750596	0.013046957151742717	0.01431117741061394	0.013389211536238572	0.013540856778269774	0.01320038905135895	0.01439573624806176	0.014564585175919147	0.011338874042588211	0.012728761433065	0.01337669929121425	0.013918299428761058	0.012984573458191498	0.014451676091835874	0.012237100633416452	0.012443806658901246	0.013821573969225223	0.011346256853905091	0.011436319690906577	0.013451291371714929	0.013709016531677715	0.013800502663892609	0.01314512649223755	0.011363651288206506	0.014093352666245366	0.013118088629216514	0.012823936133309212	0.012968548461192955	0.011904746717388937	0.013513892902511817	0.012599243829151487	0.012295108734305435	0.01247681232796864	0.01338866979887858	0.013213657364740814	0.012799012031855019	0.013713054117160506	0.013748295026469914	0.013589595769841645	0.01330203219313196	0.013022904076149568	0.013256184791778867	0.013499190714703894	0.014145442479421247	0.012610245158774274	0.01309636698641104	0.013956018919183126	0.012781932044858946	0.013053985380178617	0.012872643216739794	0.014681281788146996	0.014269027176201383	0.013383061683132573	0.01387730133234172	0.01372049949006478	0.013534694237592437	0.013238282922050837	0.012906588428408954	0.013669597174053482	0.012459446267568975	0.013866617040357463	0.014011091174476124	0.0140832201250731	0.012637376845612584	0.013500321969888983	0.014605072796331917	0.013566185921838551	0.01301490743402616	0.013568714677646984	0.01361211531025765	0.012179190918800513	0.012255538219605084	0.013308491562079671	0.012847255267725129	0.014177375376636193	0.014305890465518516	0.014630425552395309	0.012938787157043925	0.014243726214450842	0.012328409806370351	0.013048688467007493	0.012512176172446834	0.013895607701324215	0.01252718766248691	0.013261478442852088	0.013173367263558918	0.012896300074426674	0.013772621704332206	0.012262682120361556	0.01316330377831995	0.013407726944676521	0.013545321492243394	0.013756079904652673	0.01309750905272171	0.011924980196128173	0.013358955200909555	0.013966806722571506	0.012723093310002981	0.013428303429986896	0.011810755558926432	0.013524938255941093	0.012169844117636597	0.012573525454524115	0.013162027610937535	0.013654074444578564	0.014105752110793046	0.013331895571594733	0.014479562928263185	0.013218893350787908	0.012012266747636547	0.013744608361533517	0.012816766193119424	0.012856506502028898	0.01188354710334454	0.014063706993987292	0.01376684927166758	0.012559142860355537	0.014127402183932193	0.013723307127643658	0.014023790334549303	0.013906151644168705	0.0134428556969083	0.010854901337902003	0.013960538132060218	0.013310018680840157	0.014501353173402938	0.01328497229137217	0.014552582304285865	0.012960686108155256	0.012629513881485468	0.013894522631875083	0.013291143019880405	0.013891210856971304	0.014006330034732443	0.014107025763308507	0.013259389391073689	0.013795142943302896	0.014058522776276667	0.012944689978802826	0.01404116865026496	0.014396192089148212	0.012457630820298715	0.01404732920294114	0.012184129145062197	0.013715830472589018	0.013770570109170939	0.014113952042030071	0.01368514421683519	0.013208967331708071	0.014045910583657064	0.013580738589594046	0.01333485038463254	0.013090491632443324	0.01271515281586507	0.012912798526088388	0.012313034490982087	0.012927842706744108	0.012262961579763376	0.013564584399541559	0.013385759719452764	0.012807203858173981	0.013952783926914158	0.013463820067380915	0.013889070601775879	0.013578261389105476	0.014141546922317396	0.013564956597596855	0.0144701576897183	0.01218813738045501	0.013653069027090561	0.014317283160643108	0.010863635507435833	0.014088476342842262	0.0134811483829839	0.012712647276063136	0.013890362836582707	0.01215411418856895	0.013872844662938413	0.01416948463869345	0.013472127438431809	0.01357121564509848	0.013132202937766308	0.013439839053705518	0.013571526982746463	0.01254056709016981	0.01342820248131437	0.012063075128873663	0.013221791941780884	0.013752464779074245	0.0	0.012728466730114211	0.012865686696126612	0.012399097548920377	0.011916611907937642	0.014034831074384014	0.013227990399604445	0.013555084892683408	0.014182816913282454	0.014191479708556064	0.013386224675449601	0.013289640849897982	0.010750456875413157	0.012309046061108539	0.014165785616414395	0.012592369568482498	0.013224265613437846	0.013518681243595072	0.014167483613335504	0.014798190395905221	0.012930496478900523	0.012176115491454937	0.013067666838063182	0.011415014054526142	0.01291182753561395	0.013543383993586544	0.012595411064045896	0.013315876909706275	0.014048284389431858	0.014292951327865414	0.014387139992659455	0.01266700375154134
squid	0.01277870182202186	0.012071815993695945	0.013442668048215988	0.011793509316492139	0.014065059651957897	0.013633959213879759	0.012197312118688696	0.01326270807877365	0.013923888582524566	0.012300175622800951	0.012481898572318842	0.013127915475946585	0.013687117148691894	0.014729866368605847	0.01399551944161353	0.012918286708932171	0.014058436500212218	0.014108133651118992	0.01362868904283756	0.013908465123175244	0.014088653742779426	0.01403024951688059	0.010701741528736534	0.013636869576217393	0.013127158804586942	0.014941424265360801	0.015144278060162037	0.012967915060915967	0.0140381578690146	0.01245615701160898	0.014547649079131695	0.01450536746558751	0.012758471131924982	0.013109858619301487	0.013533472841191616	0.011900303013653801	0.012330580867312584	0.012145882876560564	0.012571146011329653	0.013407229921234338	0.013912195132402575	0.012534976018148968	0.012286444095426166	0.012737922344063377	0.012652482843281068	0.014087712894673244	0.012870229709807765	0.013045630240424034	0.013123088361256694	0.013830771134161295	0.010896876859697724	0.012204856151945631	0.014598495552528831	0.013876850387169041	0.009299896003828202	0.013523391518197451	0.013585247906176864	0.013416395905533871	0.014005400332727241	0.013066368219645637	0.011702358794845071	0.013762550806461946	0.01434354812573961	0.012242629580429931	0.013019967924252824	0.014658214330229019	0.012453318014380634	0.011300037409850123	0.013216804518442453	0.015079431027029036	0.01447975131447377	0.01468008944231716	0.014879849660689228	0.011252172801396036	0.013837394431930949	0.013480409660914976	0.013369305556129831	0.01474463332517352	0.012518002123366657	0.013391860327009057	0.013632479935343347	0.013740557873761328	0.013070746839749575	0.013539155646882843	0.014717827499844653	0.013047577713136645	0.012993169245268825	0.011804706591089884	0.014131509253781	0.012658855729273192	0.013396966847445999	0.012764179153801005	0.012197176953291606	0.013421996318647338	0.013169761634935462	0.011049202040217617	0.012771706615921386	0.01487017669658988	0.0124506577440889	0.013982915435620606	0.013107325527302783	0.014281952299402236	0.01259429915810513	0.012844164484649862	0.013325450404708793	0.01456943757036664	0.014628253765778502	0.010116616836166614	0.013908919846698004	0.014162018894041516	0.011422087684230005	0.013443408080366492	0.013288794673476927	0.013001046052942934	0.013432484323093664	0.013641893592114816	0.012930076879585499	0.013872436070411408	0.012219426480797284	0.014076315399350748	0.010469658401473009	0.012816059871180653	0.013993169172313677	0.014397726908775802	0.01375715213359232	0.013195851145440746	0.01438764621801974	0.014369729138500202	0.0118930530524213	0.01356394043171348	0.013194921207603117	0.013638285345340048	0.012605146958437763	0.013626107641793197	0.013714192986644043	0.012944758326642578	0.014601699840235986	0.013560488373121779	0.014887645743667443	0.014338772571209895	0.013224959150739301	0.010305306316445342	0.013674969167666301	0.013334129816390395	0.013706851135507337	0.013360783343098995	0.013095617120497753	0.012607068841821271	0.014272227845074058	0.013556327970520747	0.012877755358210561	0.01411364805565757	0.014132992667856076	0.013375526153256908	0.013987277827719611	0.012824913562109637	0.013911612831706242	0.012504958002641365	0.014139356277063314	0.014299338995070134	0.012421799840273855	0.011720314889840615	0.012446773410046939	0.01262093484540434	0.01354625228693865	0.014163541360215836	0.014141586392824472	0.01385476899959049	0.014293358709306956	0.011025532515765192	0.014004298024577942	0.01285592197809119	0.013433937520481134	0.014129322292147709	0.012896153852787527	0.013699227966680773	0.013476921273720582	0.013878391971557116	0.013683679107489572	0.012799020869956967	0.013284047172743976	0.012635344691051414	0.015096624626428962	0.013636147974973313	0.01405525412759242	0.01302500446818199	0.012491532372901636	0.012255667168146587	0.011251165248353744	0.011430550329962083	0.012555766522491756	0.01210522196640665	0.012288751567179249	0.011868686187710612	0.013851121740539289	0.010519281408947711	0.013813926459798948	0.013093934903186038	0.010038088569077291	0.013260942917997724	0.013374354988146639	0.013120360381566125	0.013060671714675119	0.01189701851522776	0.01248263072054178	0.012429976193691019	0.01398723386044016	0.010613097200790962	0.012728466730114211	0.0	0.013065270012059713	0.01087118641825746	0.011353891211555903	0.013872749366123842	0.013399054872825692	0.013373816245249144	0.014835389486009497	0.013959585527423784	0.012992416014060638	0.013768736127964998	0.01221103926172259	0.013250119880408036	0.014990016652147218	0.013162890587511532	0.012838832104346842	0.013717664074336096	0.012245631858769004	0.014869572446301087	0.012472804758080696	0.012965647769612645	0.01164021676631412	0.01265233071096303	0.013006410486365803	0.010993379574622833	0.014060439956905486	0.013616390190211866	0.013669040900588212	0.014451993879142467	0.013937177920127074	0.013254488044825754
squirrel	0.012511953188771857	0.011468964755046716	0.012390475841113326	0.011148120749177022	0.011905670119068519	0.013349229430662475	0.010977150447529232	0.011124778187356623	0.011319891699770301	0.013180694247598719	0.013909580128829304	0.012389985938430522	0.012277163003929045	0.011488953679594327	0.012745032734820829	0.011944267997812438	0.012359281428236536	0.013281698262637292	0.012268566558928287	0.011398446867201904	0.012547688459308124	0.013621283480606943	0.012300595455994047	0.012949533617628366	0.012579982635372926	0.013872625854010785	0.014408151903912892	0.012180424102880526	0.01331740112396535	0.012498651820751588	0.012899809690538238	0.013867302056503363	0.013635929629412812	0.011312490994260082	0.013065965007816765	0.0123656682141083	0.012683179076160353	0.01203557935126941	0.0119589930125127	0.012083349236886356	0.011241403213620944	0.013406136969520609	0.011579747573734695	0.014115606577129996	0.012802987344637988	0.01276720385568977	0.012253512123076049	0.012336400906446342	0.012658486961152	0.011493035820084447	0.012453892385486151	0.012069896177251502	0.012675823542671015	0.011657053926555057	0.013101837687451148	0.011779469749234621	0.011354077117271872	0.012465918448780733	0.011977881877790045	0.011101158612764273	0.01210328755361117	0.01296705790621158	0.012712629990764814	0.012100115405157024	0.011588382565232059	0.012115038705100636	0.013112669116276803	0.012651264265717714	0.011103535221327406	0.012324162030538646	0.012973948279598486	0.013199521608364097	0.01282643013494466	0.013314711500893934	0.012620099949303949	0.01251506791173267	0.013278988511428488	0.012397086617081427	0.011119153128253954	0.013793640481261575	0.014029008708186472	0.011959567524539005	0.011598508659657662	0.011491661071568533	0.013297643191755066	0.012312760797548013	0.011785871106419368	0.012700884090446308	0.01196992751124465	0.01161760694863836	0.012035783803599574	0.01134092901815968	0.011741174549772386	0.012525671447317081	0.013378414505366764	0.013324944027297782	0.011125987627048998	0.012877180770513062	0.012452679658165771	0.011851412586267	0.012085644655489745	0.013313435504339945	0.010897765555600998	0.011990782869996806	0.01176514795931163	0.0134218751456307	0.013811697148050948	0.013128991824024225	0.011177234142813207	0.012348444260885012	0.012802960761987994	0.013288034793623258	0.011045880747019326	0.01306165817664091	0.01143031683607723	0.011564132683569064	0.012018787889725723	0.011769617683449397	0.011612455644141128	0.012777814168080373	0.012097005540819161	0.012220971475780542	0.012724415332992477	0.014831372486793564	0.013172126653760448	0.012661233495600303	0.011489949858333553	0.013175497555743133	0.012375414928984734	0.012409236971866385	0.01205280215348101	0.011676231545586179	0.01083588128400933	0.012573988809019337	0.013735048836410342	0.011240841318708429	0.013320831592483455	0.01288156177133364	0.013616159697878345	0.01232444420312537	0.012851490061266138	0.01295567141917276	0.013157370937478352	0.011904992175686437	0.011832031870559203	0.010875871176902257	0.013765298764941779	0.01139034206763166	0.012656869588069684	0.012354100789212993	0.010834762045007478	0.012974245147303554	0.012603807058392019	0.012193762518212243	0.01349109747919739	0.012519767842678118	0.011860646685679292	0.011360848244509923	0.01155785193357242	0.01317502748040039	0.013169500688079405	0.013483012895322912	0.012198016347739838	0.011498092162066159	0.011146644420542052	0.012271656442873886	0.012072379999914212	0.010921015857411308	0.011407100909405467	0.012774544114461378	0.013004749527863426	0.01263089376717115	0.010816144392523397	0.012548436837062233	0.010390271408506598	0.011860206821302703	0.012383531804358219	0.014316824635175385	0.013206112139793313	0.010632796992880375	0.012198765434509502	0.011809022972066131	0.013977423716666692	0.012282915241216264	0.013646280435594491	0.012105594091992548	0.013350889242313441	0.013086390815456449	0.013390450068495294	0.013751130909724766	0.012622940645567461	0.012910190815961184	0.012292468938813623	0.01212862688298964	0.013544758887549215	0.01241665285711218	0.013095027893979466	0.014481388337909224	0.013128675869048962	0.013278089634835916	0.013784977305658848	0.01129510788506152	0.010671501659121476	0.013456715415706623	0.013176520613514053	0.01150319055895802	0.011728517651988925	0.013442314390664917	0.012865686696126612	0.013065270012059713	0.0	0.013027631433001214	0.013277339326725654	0.012564223360328888	0.012838447118715964	0.012994583087773064	0.013401826686439291	0.01335433419345364	0.011202964290913529	0.012383244422034692	0.012509572633786143	0.011360621494002594	0.01233060711817361	0.010841957043288698	0.011579443701937229	0.012043033167353752	0.012739087713415887	0.01402651743333011	0.0109219904290487	0.011733943607257276	0.012092945322770865	0.012842749337571535	0.01144400016515448	0.012724912305968046	0.01198608739615187	0.011037024332241003	0.01130991569961047	0.013001628463239401	0.013810851703311932	0.01226630403418868
starfish	0.012029795908771956	0.012646982383735107	0.012290981756524735	0.012275025859964676	0.01310854313307288	0.012506214067055973	0.012031878477305696	0.012954735525910229	0.013225191164462106	0.013249585875972494	0.01259678800933621	0.013930942826073161	0.013100561816839086	0.013863377721022495	0.013374091665275718	0.012469150782855709	0.013638745425520328	0.014283545301160279	0.013879964987653126	0.013649177833711067	0.01373568696168573	0.013562234551654421	0.011726562749484436	0.013349858811141157	0.012599131541242986	0.014674596893474874	0.015519187430926529	0.012254737305327168	0.01304700464979913	0.012683732441539353	0.014353208887617255	0.01396668842532696	0.013662454926551278	0.012700271839985573	0.01238050616770499	0.01269669524358061	0.011664053076829242	0.012466161733002213	0.013250963692516207	0.013424438332323561	0.013955037770131457	0.012151855153037095	0.012294842456740375	0.013402424577156409	0.01303187503778821	0.013926766507287677	0.013206623236078893	0.013415454574916266	0.013580514343217873	0.013145962758283785	0.011420179996795711	0.012184457364705215	0.013685579175581492	0.013278880404797643	0.011045626285695482	0.013524222832818367	0.013142732887568336	0.013793670753950016	0.013346728212912433	0.012895803911528505	0.01177765408248969	0.013936087787251557	0.01342875629986776	0.01143442719328484	0.012828898035851013	0.013366048734936208	0.012863921753450882	0.012174660817598397	0.012650533443536364	0.014029364697508253	0.013944597091149993	0.013865682848101754	0.014308669476652557	0.012121373694520089	0.012866319563252918	0.013341164794802502	0.013189718856477108	0.014311196723705837	0.012758467046143404	0.011934555533075996	0.013606821024996645	0.013279562891674661	0.012948803285474646	0.013528481371582033	0.0147587198052081	0.011898715121819413	0.013545031402300038	0.011950935445584615	0.013998047573810936	0.013332100442398463	0.01297644548888538	0.012648385911843222	0.013161775981801627	0.01322411205940185	0.014114061697913889	0.01216915981320277	0.012852127094048524	0.014213511699590141	0.01246908690264945	0.013203697629494707	0.012646713538630488	0.014014801599694073	0.013174909391740361	0.012335652759202571	0.013370045809312878	0.013825228066780016	0.014550844540165728	0.009719848134769274	0.01326816621890217	0.013426999587418442	0.01204723394671884	0.012765135047849452	0.01265452063630383	0.012661523447763157	0.013798841571847189	0.013684467201500366	0.012837784613080279	0.013437194851932257	0.012354062397232659	0.013729732236163963	0.01154181498596733	0.012160894778095835	0.01344621508606999	0.01432517922745333	0.013583901641403755	0.013385710982026622	0.013915854410635859	0.01379096991018469	0.011044604548560455	0.013363858228092624	0.013708025688806837	0.012795091187931784	0.012701901465835254	0.013778116828802263	0.013196528354880034	0.01319137537524964	0.01402367949289479	0.013453101662245327	0.014148614576024449	0.014276747830107567	0.01287375569086516	0.011729284587838493	0.013155703948304096	0.012669814820352034	0.013228763088648302	0.013470073066275234	0.013079679287737725	0.013245408349513139	0.013544326594185458	0.013311089803718024	0.013260185478756943	0.013691358011351695	0.014076850354555416	0.012564729362871362	0.013071903536616913	0.012698440158151756	0.013375534629596722	0.013136722009826471	0.01354886666993536	0.014275313946385603	0.012236681084223308	0.012183790098643487	0.012095442368202475	0.012338126257358781	0.013233479178617353	0.013639071821115154	0.013133337422271994	0.01285608875298133	0.01357457196621926	0.012384315029854799	0.013461556009419118	0.012888367613411684	0.01273303828627912	0.013166150599359008	0.01323280211142809	0.01301714930424435	0.013020735815181341	0.01381020340125031	0.012996131380873048	0.012897403910134539	0.013322374491023865	0.01285570775380628	0.014880137086430052	0.013243913032391143	0.014080389349679881	0.012957022854761692	0.012907526013626998	0.012902177502169798	0.011978769533600409	0.011722959266423997	0.012101980814503296	0.012588702276015376	0.011872679393978411	0.012462580719364997	0.013638263184985676	0.011781194463586712	0.013993305850120385	0.012072868793397123	0.012006739509233677	0.013128169721939158	0.01292435055029279	0.012778022779828322	0.012870580121651739	0.011382464940982136	0.01205599469836634	0.012731414540224046	0.01331679646897901	0.012006563348783828	0.012399097548920377	0.01087118641825746	0.013027631433001214	0.0	0.011437993476895735	0.013647778835776812	0.012723569732790296	0.012926684148681485	0.014057245837048076	0.013813810114111173	0.013174033952738034	0.01265574197511892	0.01213665512927876	0.01288301979158989	0.01420188234992746	0.012880582179660776	0.012783456011546332	0.013210225595040516	0.013209939705889802	0.014732477818721723	0.012261515301750608	0.01320149140704297	0.01250907879810637	0.011563342835270489	0.01335216790347134	0.012173336865989363	0.013527692094557986	0.013011800632980939	0.013662849150664236	0.014184601281226695	0.014743838468965542	0.012456746712950786
stingray	0.012127982829235835	0.011736668188776856	0.012941588105304429	0.011834132897880736	0.013666378299007173	0.014169119627867249	0.012113476092567776	0.012832174198203549	0.013625901228206467	0.011971131746637043	0.010747576142671324	0.013126674940170543	0.013257272457306617	0.014021501676572177	0.013671167500420373	0.012475691464439378	0.013677419252304526	0.013952197659474358	0.013958381473999243	0.013077799507399011	0.012692804271677391	0.013721310551740928	0.011627765822632722	0.013254284807388472	0.013054051074105616	0.01415345947819193	0.015129089083215358	0.01203753129910761	0.012776803900191168	0.011447079114216217	0.013792189953507039	0.013602364742728251	0.01302398633480779	0.012694836681373691	0.013058271309128646	0.011712334057427371	0.012463999765317748	0.01173034273681365	0.013517275014117525	0.01372058801033831	0.01319581166940285	0.012091026949981425	0.012555731355174928	0.012926212135465824	0.012604872015337004	0.012826916408380174	0.01197547651926239	0.012268006961778632	0.01363620141588706	0.012970105923920887	0.01167363904894438	0.011943009209541031	0.013684516952191172	0.013904195617891352	0.01104130287431385	0.012920883335827865	0.013621038787033244	0.012709569125269741	0.01264411882395256	0.012875384244306131	0.011304984068123983	0.014228763658507029	0.013881931374342842	0.011995716158289836	0.012927214526081664	0.01330641642185481	0.012898168626961765	0.01166550364977107	0.013209510721894817	0.014305724266183937	0.0137124152537392	0.012817257661968342	0.013667415183581923	0.011714352261842476	0.012624779884355558	0.01335654932596634	0.013650161306260289	0.013481928557042838	0.012264196504742192	0.013998733400290356	0.01386619368372201	0.013090162083682988	0.012437410059502859	0.013211230386318279	0.014219562979553253	0.012695897957797193	0.0138999046070082	0.012603045667995487	0.01358982625088802	0.012853419569071298	0.01339599717613303	0.012871843626238109	0.013297037590942598	0.013348181932518027	0.013431274540602757	0.012074372294656672	0.013555107190131432	0.014631971391333114	0.012206213918036475	0.01264380140495066	0.012640189301314402	0.014263912355136174	0.012843771338400468	0.012522793145836215	0.012932464089863515	0.012512334679588042	0.01370976970484318	0.011582567390526453	0.013173060752203244	0.013575954537064693	0.011911431183928395	0.012658755853907069	0.012860793351410927	0.013105669026894655	0.012960020525640305	0.013601433782745804	0.012192164638702324	0.01336804608650944	0.012099208097600561	0.013984391702013675	0.012016838341630247	0.013017861879431667	0.012671150761457875	0.013798558444613916	0.013338826191012504	0.013320513492781062	0.013629007146516279	0.014237688517740795	0.012079243909077391	0.01330386596711519	0.01314634936944371	0.01272916491148731	0.012820879416402529	0.013505950087171193	0.013565673697066943	0.013104614419539895	0.01424168857673878	0.013498365616796093	0.014172718601010173	0.013840218884928496	0.013308343469789265	0.01124501068214911	0.012868303043805304	0.013314818173115498	0.01285677328136235	0.01309708716671729	0.012895019118374668	0.012498238256984436	0.0132007322634492	0.013168395934312606	0.012985493496643605	0.013635933884479283	0.01338716716602706	0.012738741804992253	0.013411152578060642	0.01291722515937407	0.013628127242552952	0.013469358250899479	0.013681354736289134	0.01418444595062638	0.011841916005227868	0.012476928762235839	0.011893069521917446	0.012844792138737147	0.012673708572638453	0.013917767213333385	0.012904199188092396	0.013059754526722017	0.013753857151802244	0.012160186040710166	0.012814892148188636	0.012965903031499018	0.013287692232408155	0.012826453204640013	0.012838203552868141	0.01236555133169521	0.013430660094582008	0.012603087314629226	0.013283836752042946	0.012708616903853337	0.013506309431287772	0.012771719727534124	0.013898515031657937	0.013168308173922907	0.0142076783557622	0.012999068152213635	0.013306657557656018	0.012944813432154059	0.010849572104173621	0.012206252445123699	0.011006234014097914	0.012299090775493208	0.0127449741268497	0.011403653485876335	0.013658277666924684	0.010375668327622354	0.014391944843514828	0.012670710543174455	0.011575987632545533	0.012347402085788772	0.013732283753719496	0.013058186795968372	0.01339769390568136	0.012380774360932606	0.012878282599940583	0.01239691660392392	0.01305796563757383	0.011925203506564222	0.011916611907937642	0.011353891211555903	0.013277339326725654	0.011437993476895735	0.0	0.01342091162738617	0.013007211776232385	0.01267846832983491	0.013618819687469723	0.012986639565334239	0.012968749776831092	0.014041461719000772	0.011576360459942656	0.012073692542632276	0.013712336116229414	0.012649425006474509	0.01291651500827494	0.011571137931117947	0.013113714165076968	0.014449976622393381	0.012031591621066677	0.012633103072976612	0.012286387807745673	0.012100253238484692	0.013127409697695103	0.012206145048456319	0.013254916111939857	0.013153328356113811	0.013364905979281949	0.013879558161304569	0.013683237560997598	0.011893411602824913
stork	0.011840797780173875	0.013061674745726455	0.013474727308563741	0.012373289723582736	0.013154349002807271	0.01353836730740045	0.012979155995654135	0.012804559926720084	0.012898991541537303	0.013308776433610232	0.01400261940346847	0.013118238019215482	0.012991766474604347	0.01393295353844155	0.013543552496367343	0.013191753912459818	0.013059314494429555	0.013611414413928779	0.013273037836485752	0.012699145312051437	0.013009585745042941	0.013573638571425062	0.013031239327148834	0.014036986407321846	0.01360170262339885	0.013296187505450887	0.014281264516359965	0.01367518149435891	0.013013486092586773	0.012871148039935014	0.012972992589430883	0.013487889917594933	0.013142529797188732	0.012459254069842204	0.013240110956068932	0.013276939794890679	0.014142689882182844	0.01336457734398068	0.012496205478285581	0.013416267291446002	0.013500793078063296	0.013422215539142655	0.012998415516832227	0.014287962930936949	0.014062253869208221	0.014188105914220593	0.013531076596302639	0.013789242509541779	0.012890335137287226	0.013504466636952237	0.013162127589062999	0.012021494707003972	0.012482243712062786	0.011466107450355733	0.013519501912430096	0.012628807512536049	0.012950108930576697	0.013885611524278824	0.013401872806189756	0.012566836833037023	0.012344749547658693	0.013428006372059844	0.012544986380568725	0.01256496628777671	0.011558554284606717	0.012313405054056092	0.013697615987504758	0.013114397940531533	0.011952262963696794	0.013307714151574128	0.014057725980315103	0.012687850190606365	0.013278339966500857	0.01318816412121957	0.011841158002077246	0.013383005422455392	0.013455672280418331	0.0137211482070935	0.013022955661241571	0.013947981904459275	0.01402028198181026	0.013162543732322687	0.013538327133926198	0.01324419337482747	0.013702961459365212	0.011775321083145192	0.012663465720979216	0.012637495680918742	0.011834311588058855	0.013034735198229088	0.01241642883523813	0.01285439530180997	0.012837385409620873	0.012566180712821048	0.01372011650650391	0.013958541514651437	0.012915543143112995	0.013701606622793319	0.01363441337841794	0.012469252207198278	0.013320059473974088	0.013105160324463792	0.012690000550589317	0.013377370026322217	0.011979532289934829	0.013910351860229151	0.013774888469437762	0.013532562778751554	0.013590314368467547	0.012381966859677011	0.013254634398371913	0.01357869398505821	0.012587526485977716	0.013547118332746686	0.012841715681891767	0.013186199693561617	0.012903722514758636	0.012207618914500371	0.01307205721296252	0.013308375813364146	0.01331906617278723	0.012757821065628585	0.01381789196455712	0.014531739110196416	0.012390384011077426	0.01400786020780773	0.012674558684810424	0.014227757989233243	0.013601006148601926	0.013624283249528777	0.014394836192465406	0.012988376237031522	0.01292254360719764	0.013873170952391847	0.013884820985506516	0.012961971567218447	0.01365106818605239	0.013167976557804141	0.013346307144538716	0.012612835604796209	0.013276589280872188	0.013673383970497843	0.012824089204214842	0.012138034267957502	0.01276274744266223	0.012237319800557691	0.014117930180240188	0.013019048294470403	0.013321207840675501	0.01311442727856208	0.011561101644311013	0.012877408101589119	0.013207806633547719	0.011871991367233098	0.013518129069643945	0.012873682209179066	0.012172928693384665	0.012469469610939136	0.01146729440319218	0.014248986750239884	0.013528607682180059	0.013587491445614698	0.012136479852529193	0.01236264708654576	0.012694650339827888	0.013523103782953898	0.013049938180951362	0.01402878140730518	0.012757710778040115	0.013304594339571008	0.013301102398934396	0.013798368346879102	0.012645658994276021	0.013306839932807863	0.01294423653149571	0.013271399047071973	0.013029365486005078	0.014508110071637931	0.013235602791288697	0.012604688087941523	0.013755689118750573	0.011797133767124317	0.014144714908683994	0.012949752092089763	0.014385288686122094	0.013289675300363122	0.01386639161195101	0.013496372976609532	0.013252134355297304	0.014275166586602358	0.013100975313013807	0.013746428851252039	0.013337591071239156	0.012850280794510624	0.014384547213660375	0.01229968332466737	0.013164523042978335	0.014298058568592412	0.013320620736622307	0.013938207196909486	0.013769136528877459	0.012855525924097035	0.013108344620573736	0.013898959902187685	0.013636397957852214	0.012967407815501422	0.011717239837972961	0.013199641100387603	0.014034831074384014	0.013872749366123842	0.012564223360328888	0.013647778835776812	0.01342091162738617	0.0	0.012182721518960979	0.013552513858517934	0.012682715568705	0.014126432242282761	0.012626142544212167	0.01307536068034606	0.013206287486278561	0.012759133785601992	0.013032986862511317	0.012844258307440744	0.012608856524365664	0.011935508496436575	0.013763215009256213	0.014308344629852351	0.012280186477737256	0.011546955183678913	0.012493659276901416	0.013262577273265607	0.012738588590433973	0.012982523530738022	0.013128024843595576	0.012700034423816042	0.01185206724449029	0.012996310474301024	0.01329263069788089	0.012555054096029281
swallow	0.012249844587937814	0.013011265415706711	0.012881470442705281	0.012809785378815861	0.013361154583214201	0.013866087219005676	0.013149027804753076	0.01363820446761242	0.012337436282147856	0.013547735172493258	0.0134455311920948	0.012716685294142596	0.01251032344899066	0.013371331725225652	0.013136910182058807	0.013436508166517884	0.013830318158445855	0.013497719933201448	0.013868497577664163	0.013779380024171553	0.011434794114865733	0.013391127074265114	0.013323223859541553	0.013621858174567453	0.01358454790595322	0.013980013651865433	0.01415186249205014	0.012712296661913265	0.012988935510689794	0.013309832236782315	0.013410968009077331	0.013887540674705115	0.01409105212546467	0.013042915691449357	0.013470653345282257	0.01331871313763901	0.013229463388486655	0.013286328527977911	0.013041839242337474	0.014277366516053276	0.01323549733354519	0.013467130301506489	0.012796791080723522	0.013862656635146908	0.013585327851463882	0.013173778413510149	0.013138925633541514	0.013151951987742489	0.013367193268415747	0.013186926483698118	0.012226276100077847	0.0125885325620737	0.011743565694843859	0.01155146980966296	0.012997138100558607	0.013735878656806257	0.013278286494767158	0.013202391457978328	0.013672077569444696	0.012879590028178617	0.012601918793385852	0.014029016892144596	0.012159402619597526	0.012379823108732455	0.013084350372394544	0.01272834684878911	0.013157033291694304	0.013409464955183843	0.013002585803611046	0.013579964675578406	0.013769539872806422	0.012906788149312232	0.012317398884363083	0.013549110463143929	0.012497395569368599	0.013419109214395535	0.011622563312097623	0.01364445328351687	0.012895899583734643	0.012988135656494013	0.01299021140073538	0.01345244921733876	0.013388895768609292	0.013301230897173937	0.013848218295004606	0.01261749332893834	0.012869275928479373	0.01293344143774978	0.01255429587212744	0.01395163541384242	0.012885250883225565	0.013087876146249254	0.013050099282740667	0.012727578006169167	0.013555422342313826	0.013708139079015686	0.013269565968039989	0.013011307098522426	0.01341136718777565	0.012685705625551581	0.013376774558618161	0.013974126781779459	0.012795781213916103	0.013302177966220819	0.01168563642205567	0.013654095126013996	0.013727977913200816	0.012928616771209584	0.013374530745334106	0.012674115503422356	0.013652489979492055	0.01320442064480491	0.01368471519030313	0.013837668211387015	0.013560965604489156	0.013169628469413093	0.013711743355330772	0.013067617892338002	0.012853973757061009	0.013421313104795642	0.012792203748525879	0.012409368813400936	0.013687307506164748	0.014206962808515642	0.013181694726075631	0.014227435604193255	0.014122879259561879	0.013541270071137366	0.013153616067684937	0.01319292907472835	0.013104257241047164	0.013022877419758976	0.0127172078702552	0.01395688063468165	0.013746375127795234	0.013376777342219672	0.013571122494305808	0.013463558110693497	0.012946506114860763	0.012575509447710029	0.01298427244858278	0.013115561911182896	0.013728148393225902	0.012497957455793518	0.012654696178280477	0.012462451744615877	0.013384728671351112	0.01339329948203684	0.014187891254853112	0.013349301576445276	0.012418036367762963	0.012104731560058661	0.014023851400886822	0.012284298145967026	0.012997587664014574	0.012506225761756388	0.01282609485593397	0.013094610670271392	0.012004064492778852	0.013216985218724591	0.01364714187520014	0.013153746147405901	0.012922576870494919	0.013466276262373114	0.012561758834781452	0.01342820558081072	0.01336237522551792	0.012683339942770037	0.013272876167128782	0.013039730875953594	0.01424222092843987	0.013770586521187005	0.012635319023630288	0.012663860344732925	0.012927037021090349	0.01205107232921377	0.01159740460610249	0.014268749590760507	0.01316461050683287	0.013521027222669336	0.01410485482001432	0.013365235931642605	0.014025139241666498	0.012363079227759012	0.014104629960073736	0.013196902416209138	0.013959194878945876	0.014132420214418701	0.012976938168590033	0.013399630366016504	0.01256834801864039	0.013948915092724277	0.013138098297506144	0.012771839057416062	0.013938245194450815	0.01285016880302444	0.013868272310703538	0.013509106554064487	0.0133566516175402	0.013262799504247733	0.013389980540032188	0.0130331269272165	0.013146496063562824	0.013266652958730972	0.013115991289722538	0.01213644307258824	0.0115008452511116	0.013346161846025686	0.013227990399604445	0.013399054872825692	0.012838447118715964	0.012723569732790296	0.013007211776232385	0.012182721518960979	0.0	0.012959777931754752	0.013326467733987723	0.01280188358511992	0.013185082808909607	0.012766223255023025	0.012572261344884516	0.01268451018719727	0.013304945699730026	0.012946972611220027	0.013097642498428753	0.012240866094167682	0.013761244455122256	0.014904383983235674	0.012248389067483158	0.01291566335303625	0.013274179599655383	0.012908131974169939	0.012706539530092913	0.012955684630533799	0.013208126882200744	0.013297301196269326	0.013095300658211908	0.012875364193635741	0.014044772762793378	0.012817227221128444
swallowtail	0.012874538690794612	0.013186690586507987	0.013257029959304438	0.012856961332089144	0.013590588426970586	0.012365583395609607	0.013263155492892626	0.013008808456700681	0.013945596552715909	0.012386669052743852	0.013853002176439371	0.013837789624911731	0.013584364535706423	0.014111398669522345	0.013247682924035203	0.012171815936436068	0.013227127465465734	0.013890469973976352	0.014095447304191584	0.01290005333586023	0.012980558985126242	0.013629442099326948	0.013231067208011095	0.013391541488226166	0.013555306804590099	0.01459412380185363	0.015628487531503036	0.013047867363071872	0.010268243080277033	0.012443651223901998	0.01403217483720517	0.01371704475754947	0.013486533385110739	0.013387087821291306	0.011308161070012444	0.013042152108734186	0.014001513276688781	0.01330695497553562	0.013751602129435827	0.014455806621628925	0.013487419648081023	0.013547888101897852	0.01270275569126248	0.014484295166900312	0.013590730414721966	0.013185087137803135	0.01129782553343487	0.01271007650079719	0.013876315800936725	0.013879094565126765	0.01242652703247241	0.013048521353285776	0.013257380561788991	0.012282936130255379	0.012271933739175886	0.014215078424904302	0.01336600324350604	0.01211101940822554	0.014010806848289956	0.013489144151873212	0.013073498169767368	0.014084302525930348	0.013287679036251509	0.011538169446106052	0.01410948604630544	0.0134490839921073	0.013851751877170504	0.013124021156220493	0.012979252196065952	0.014205825520667953	0.014052834503636688	0.01448509013017093	0.013988250927115097	0.012880025072424655	0.013568981412677171	0.013752198594785787	0.013730062765599946	0.014631642761043746	0.012541965554743637	0.0134613769068443	0.014599277472555103	0.013252047097139098	0.012871214254483008	0.0136166521609159	0.014616422262308061	0.012824688881048336	0.01345476910218061	0.013006535705063832	0.013450515420783566	0.013839877400449294	0.012197878900638427	0.013093661650255323	0.014078936332238274	0.012994135645120886	0.0141365318698025	0.013045401840818366	0.014007194217544315	0.014311116612864536	0.012410500301511262	0.013185623510380124	0.013767194650976766	0.013882325055280214	0.012869660850608875	0.01310205890991867	0.012738478681253931	0.014062289403589936	0.0148665447834282	0.012483956683420474	0.013981932380155947	0.013121261980798483	0.013478970537193586	0.01383152177304106	0.01364753992899661	0.013163683590199482	0.013703000843648186	0.013705981404676701	0.012570183595449475	0.01275923509906927	0.012373178224072474	0.014282349472327417	0.013282376701406789	0.013070685584339593	0.013036322726264798	0.014330863215599406	0.014290914091094998	0.014005926836325712	0.013173747206936539	0.013625885408693606	0.012318869797163292	0.013777423449570433	0.014323569446151835	0.013189273839065175	0.013493870085381826	0.01486092071433954	0.010875839531808627	0.01364986554433124	0.014484688367333545	0.013932749330358905	0.01368190759492121	0.012227488275009236	0.01247113186280218	0.013435446171984049	0.013412358739119145	0.012415452641344447	0.014069730824784436	0.012556553732350826	0.013893539430838667	0.013528419255168461	0.013722636787400776	0.012199710953662148	0.012220815328401802	0.013026395192440239	0.013688218210883707	0.013169244825379092	0.013690711250836535	0.012850043262501765	0.012175127055948096	0.013951624143107159	0.012961768290760631	0.014255685087361475	0.013864723345424157	0.013099440825561666	0.013380817888107634	0.013428538388717201	0.012691524052122795	0.01358689310122216	0.01378851066636041	0.013400005658515988	0.013354920902344601	0.012754541400507285	0.01374947608393477	0.013418735549962481	0.013554248697093296	0.013730169120102614	0.014327485765555217	0.01325819631183608	0.01368003664722527	0.014535947769799148	0.010325422784284064	0.01240875111404255	0.013712518059481444	0.012558376124208482	0.014763046520703118	0.013857241692828403	0.014398631927042558	0.011970676727870918	0.014045905815805948	0.013993141115934145	0.012066616551912945	0.012441054495312407	0.012783830150853074	0.012781132260772076	0.013280728841594425	0.012324150400314527	0.013331939056714854	0.01311366501896579	0.013910994757326885	0.01367237333074768	0.01268718547577548	0.014061545868028935	0.012562829446475562	0.013726186452389934	0.01337677464646498	0.013460971657196612	0.012842378895774862	0.012752835469974445	0.013178972861191452	0.013619258620257148	0.013555084892683408	0.013373816245249144	0.012994583087773064	0.012926684148681485	0.01267846832983491	0.013552513858517934	0.012959777931754752	0.0	0.014284891890350997	0.014464146358083211	0.012840681320974833	0.013206543625389781	0.01258170158193298	0.012602995330985276	0.013674610631916873	0.013001481469368088	0.012270432276691034	0.012790993876963816	0.013650320093202528	0.013951452332922528	0.012555517538089271	0.013438290026890677	0.01360590043945967	0.012226432889667896	0.013980808393588624	0.013954837562046381	0.0140053835641648	0.013795303536018202	0.012995037761309858	0.013958455693057576	0.01449998459633679	0.012487672740848993
swan	0.012745611374196443	0.013693045776790322	0.013708802789969712	0.014047314770091544	0.013608165210574253	0.014761278088836111	0.014316276017360923	0.014030681207089953	0.012711503132363666	0.014151328109178997	0.01356744365314337	0.014464321934030728	0.01346539302915222	0.012672767747960174	0.013843049823188005	0.014529257370017413	0.014155677012597503	0.013137181863258005	0.014072464500967653	0.014669477913255713	0.0126494433379274	0.014745323634370262	0.01406552187011637	0.014164779803004504	0.014145636976162567	0.013643576552913872	0.013410908133849153	0.013990483500104853	0.0127555060491685	0.013784210845101438	0.013970331640326898	0.013318961002026957	0.014439884623996226	0.012684574796248104	0.01390404202377493	0.014022738642905423	0.013961257596830598	0.01346400881037181	0.014464317005593363	0.014859471324620071	0.014218036989881444	0.014382749295572572	0.014394059733938518	0.014505597125337395	0.014779377025830528	0.014183263039276073	0.014664229755694418	0.01427876951068402	0.01368993456906527	0.013514167113817142	0.013720104442735115	0.01267260001790031	0.012399711966082248	0.013188014707050926	0.014159684276325309	0.014011308597558956	0.01270028359228068	0.014523216575825212	0.013239741173960992	0.013161704996857442	0.012655895367768294	0.014753067113548348	0.012811277823507357	0.013018094221916722	0.012249913785320848	0.012815230998804373	0.014042968119692668	0.0134433565439121	0.01276125553576307	0.012851606900466394	0.012698422188428558	0.013249530513957062	0.012830044411443692	0.014206513029766103	0.012780425360413366	0.013815798639342165	0.014493510888134806	0.012989494202676992	0.013140449251773743	0.01449383159483751	0.013928297090544417	0.013854800727017723	0.014496193464553924	0.014817235415724444	0.014061420410370002	0.013800841379100997	0.013034148414385507	0.013521616270101379	0.011923988756586323	0.014144455520706254	0.013592981134515039	0.01371546928619846	0.013883873941525111	0.012572420454501094	0.01383029578012894	0.014566613268107494	0.013804650805841196	0.013416449387576888	0.014409046841791591	0.012472888375411016	0.014348177371353108	0.013473228590076582	0.014037021839931874	0.01450951058150342	0.013337769953086429	0.013617581018363724	0.013374428556907996	0.013596009020819075	0.012454721925696688	0.013547319044778714	0.014095822254250783	0.01318939289067848	0.013022008993300783	0.014255297214526324	0.014116504490777755	0.01337560889144793	0.013862857004046169	0.012628790521524484	0.013568176994331332	0.014161524468223434	0.013907082951070687	0.013944031000777814	0.013896168959257214	0.014744568127467845	0.01251094385927549	0.01375255917556193	0.013493558884551527	0.013422945949105713	0.014143725237037994	0.01347346752718479	0.014237947249582944	0.014103910070044053	0.013182553175483815	0.01325610721372848	0.01458254468051758	0.01403312887398455	0.0144305305962619	0.014598191927942573	0.012625650797108477	0.014510474875119797	0.0132625179437307	0.013889898945233736	0.014431530549111282	0.013387441258198551	0.013059960886828103	0.0134325339278745	0.012959183504950445	0.013773974353624367	0.012731595889982256	0.014556567597046719	0.013135146336796268	0.01146446223673464	0.01437287486237434	0.011766689510104577	0.013230995193553578	0.01359277320518562	0.012952793012422463	0.013335728759646283	0.013039068415977717	0.012923736528686369	0.01390682847934423	0.013620424918989793	0.013181876280986406	0.013579431913522955	0.013534557726134539	0.013597856728931436	0.013212399380966591	0.013576753428748353	0.013662598471097966	0.012949194943144868	0.013897734588381512	0.01420461814720533	0.012532144416268827	0.013107760053453371	0.013667409548635576	0.013233027640288492	0.012322237964622666	0.014264944982705528	0.013864982137754105	0.01450545078311118	0.013658505948745141	0.013404987317505238	0.013002827352789017	0.013442747235318098	0.014663623460093238	0.014623914221704606	0.012878708121611772	0.014267284729768726	0.013732475649037632	0.014261207674379377	0.013274273530814524	0.014576394388490916	0.013670294282748529	0.01430287548208477	0.014260192851005195	0.013268771926129727	0.013354477428544316	0.014952958024294714	0.014561515620797987	0.013974637128296299	0.01475547001840616	0.014195535999548354	0.014431516709656882	0.014712010621098144	0.01451506733338324	0.012988505134767488	0.012330794314517729	0.014661959235950199	0.014182816913282454	0.014835389486009497	0.013401826686439291	0.014057245837048076	0.013618819687469723	0.012682715568705	0.013326467733987723	0.014284891890350997	0.0	0.013652423227246547	0.014207398659524757	0.014472789711274943	0.013898473950346895	0.01286139125510043	0.014511503865291592	0.01406891021835329	0.013915471335691274	0.013862401130499327	0.013722011858950906	0.01532719470355771	0.012990291569219442	0.012770938689011871	0.013221886197756246	0.013860534168574891	0.01371910095879968	0.01329516918731696	0.012969394664740088	0.013164846822003022	0.013802089328378071	0.01238407716383639	0.01461627615810968	0.013331847514550643
swift	0.01325840007022328	0.01370337527104887	0.013865584674022545	0.013830058091889752	0.014221961205071102	0.01463838842437173	0.01370660004992188	0.014172307670534885	0.012581389986377057	0.014258792415434046	0.01296825639646039	0.014027709488488204	0.01429016535381056	0.013689951638951696	0.013863302758321776	0.013530904136949922	0.014520727229647735	0.01389511167242834	0.014095969230334389	0.014271070188920933	0.013466439819712626	0.013942833786076327	0.013950741784177727	0.01431098046847936	0.013728866490879517	0.013961641585261446	0.013427017229886264	0.013968512365972116	0.013871454460110188	0.014163266058153576	0.014295624701739512	0.014466737660810212	0.014283189548714216	0.013623629155153744	0.013284143011188784	0.013559597222624096	0.01430086432411283	0.013720245727116543	0.01422181938237503	0.014099476325594773	0.01317315207461487	0.014305263063622344	0.014151845565940456	0.014092525341413278	0.0141828846617329	0.013314119132498546	0.013881329521706115	0.013241319281972372	0.01389747916175898	0.013330322103725444	0.013824725717077893	0.013948413120233049	0.013221376590911707	0.013954373156395177	0.014129496354846928	0.014119689054061134	0.013651897535305652	0.014281634036600696	0.013683711644735856	0.013546689697236897	0.013022634937660725	0.01416583941659766	0.012832823389103827	0.013098614915686924	0.013642755481644786	0.01324975141831723	0.013785024429011724	0.013560925774230608	0.013753605834618305	0.01398505188255502	0.013814599067759122	0.013465172916654517	0.013308961771276799	0.014287407497338691	0.013829808438224272	0.014138966323947995	0.013855484767736905	0.013380992530721274	0.013322920652621743	0.01417622437648233	0.013798636895328427	0.012985750360481264	0.014155498768056713	0.014462572973943422	0.013361069357875595	0.01353942750498216	0.014234582468517049	0.013894914051508564	0.013818038558671307	0.014253379795238616	0.013418847501073411	0.013318820383348175	0.01424052186362187	0.013745343670714038	0.012684088295014774	0.014096989272869032	0.014349531595107544	0.01345763356688187	0.013809191478287665	0.0129450476040157	0.01368172766986659	0.013845205668214162	0.013518182913569224	0.014039894654856498	0.014075026718422978	0.01322816162331111	0.013122199192456155	0.013837561837105921	0.01412086692320276	0.013159048893840062	0.014213453526259611	0.013493994508495638	0.013873706913616723	0.014759082474849356	0.013739016595112499	0.013307404079228966	0.01348714272405856	0.013433469262085905	0.014695714580447194	0.013806060429890363	0.013907008249526367	0.014196576786576234	0.013173375989251288	0.013888502564555925	0.012618848984141378	0.013340437306821913	0.013460518050884916	0.013750577614358012	0.013923112603047986	0.013100403400609036	0.014330932760720954	0.013531632673129115	0.013761379190861239	0.013155024149311342	0.014243518346822095	0.013405315502004538	0.013756924162871857	0.013155707629453943	0.013236059907225168	0.01412240414426859	0.013709792629847983	0.014147166618288654	0.013725620956020123	0.013936431382625349	0.01325143004635158	0.013220073004826334	0.013788739938307178	0.013350595808019415	0.013757929279180499	0.01425806573056778	0.013796897530976612	0.013122713978944968	0.014944838968176357	0.013434390243541589	0.01308837960817895	0.013898601119184053	0.01389811700201891	0.013851609250525579	0.013688749912037721	0.01296653700249606	0.013809659464285291	0.013802623913997593	0.014053796410499706	0.0137477484370006	0.013343586747758865	0.013429059187793883	0.014016475814118827	0.013275383002020446	0.014073736938121513	0.013767591614667118	0.013882575844826417	0.013902385531545746	0.01361672072950706	0.013699394187300902	0.013950665187556771	0.013463501506025105	0.013090176435032462	0.013536795592956025	0.013851530292056524	0.013743376844595187	0.014336190427011	0.013823406953563416	0.013473996969107099	0.013778175335344185	0.014659689772003857	0.013802199251436246	0.013434170610299308	0.014339021556951104	0.013737138800271028	0.014309709174126928	0.013330894506804126	0.014406032766530762	0.013583469093669651	0.013873651721847435	0.013952892786650177	0.013829456388708401	0.014595607552028498	0.014003141680595584	0.01426820997411061	0.01313754442752481	0.014533773980451031	0.013532451720047512	0.013865885883885449	0.01343962465604194	0.01385933252042298	0.013827430562312924	0.013055748523089312	0.014226657285813118	0.014191479708556064	0.013959585527423784	0.01335433419345364	0.013813810114111173	0.012986639565334239	0.014126432242282761	0.01280188358511992	0.014464146358083211	0.013652423227246547	0.0	0.014303609458717675	0.014376116890790163	0.013885173756842064	0.013357456431138266	0.013789770517056852	0.013616200479982141	0.013623965512177861	0.013748761005593961	0.013749465517021506	0.014465981647487858	0.013501591330961887	0.013932416404293152	0.013579258398336735	0.013690654337568305	0.012781809986095245	0.013576506930152993	0.013943984411316628	0.014111073415680502	0.014238501414236089	0.013049623829020257	0.014488520086492283	0.013323959918381631
tapir	0.01291522013205081	0.01179110353913738	0.012929760729051306	0.011305975948707907	0.01129843698861515	0.014064870553763214	0.011096765546352631	0.011057906806991192	0.012627343344791053	0.012462225609629103	0.013804323246888234	0.013547565587298492	0.012628183799631936	0.013665975742177204	0.014089368428463684	0.013267899176994098	0.011344740519438545	0.014163355181204191	0.011394728248845907	0.01046528706514973	0.013871720065148484	0.012748941604840835	0.011313389562079	0.012580352473678842	0.012233172108051502	0.013838760437172897	0.01433562909513995	0.013237270461059073	0.01427039385918194	0.010387083872403148	0.012127229403009188	0.014159346053948838	0.013536221465473619	0.013060651700365824	0.013457547491624056	0.012342571676822935	0.013170870225456236	0.012909095105805807	0.013442896939408235	0.012259435159053646	0.01348563746134139	0.012671029269783063	0.012412356135740632	0.014461600255910567	0.012635653982081179	0.01370213539862198	0.011700230451412903	0.013321359065351444	0.013180013983437959	0.012776528116650789	0.012659029957259139	0.011072216330766306	0.013762922086179248	0.013357678287188837	0.01234445712273218	0.01224251064778702	0.011609660971360404	0.012771115497839082	0.011841157161413833	0.012262662206877035	0.01220593196452185	0.012564076232820482	0.013913442202607443	0.013357474207355873	0.01318251797543539	0.012919377683097285	0.012795301906914216	0.012318510107608928	0.01143718130181788	0.012402338607958958	0.013152656691808906	0.013908112630372466	0.013894537171859758	0.01206357332615954	0.012754691844753065	0.013670872785552792	0.014276878805757193	0.014569718973758094	0.01191695257626884	0.013549856803723418	0.014356355295239556	0.011173654530150132	0.012525399864730963	0.012105500404984613	0.013569029539179552	0.010942308157418952	0.012157443503359244	0.012795714673790662	0.013162109487877431	0.011980045175018146	0.013597023043268614	0.011413910804572752	0.011678657133404283	0.013358132509359634	0.014448289276329511	0.013030059758813996	0.012059509071392137	0.013645468278004691	0.011767318238478697	0.013261581959773412	0.012896690711445825	0.01302996731164449	0.011491523362510605	0.011884774534760405	0.012735902854956791	0.012981528936409843	0.014501995665580074	0.013112958447065224	0.01297622580575274	0.012726140751533492	0.011725481096866401	0.013558152417707314	0.012214935942174775	0.01419798944994817	0.012175607233994435	0.012636919085738394	0.011303616448621772	0.012253885788755215	0.012107051774740673	0.011749707026913388	0.013214492104772024	0.012264059572585006	0.012923419114146772	0.01487333168298656	0.013789379356816477	0.012527382057146746	0.011878042158842717	0.014149841902804917	0.01165446722664948	0.012913913527757314	0.013198794881315002	0.010965966777934903	0.012217878568215802	0.012650070511529252	0.014432620699985242	0.012498776378697729	0.013071084087700094	0.013316946158220221	0.014293668398551791	0.012583968615315348	0.013798942401742344	0.012691594987849709	0.011951953866891548	0.011852590328638848	0.01272361106403366	0.01236281014543777	0.014382554232457243	0.012121416277869876	0.013565193382838878	0.012172530854813804	0.012145070016876416	0.013665699970171849	0.012293395264333463	0.012666092778132436	0.01411264848661891	0.013219453659517195	0.011944381951044818	0.0128010033897281	0.013127251230815156	0.014316474177446694	0.013342245342849827	0.01328004719089654	0.011629386657701359	0.011668875070156057	0.011188258449696023	0.013314450522826616	0.013019245580108862	0.011923329880725298	0.012066797187350837	0.012940262163623198	0.012086520901350473	0.013240347361356685	0.012581083189896964	0.012626634262912368	0.01237705621602474	0.012711693975258563	0.01396782736519415	0.014998514110780372	0.0131661410787804	0.01059586628884353	0.011941255617810252	0.01047127895023705	0.015044249219595513	0.013403669326502474	0.013287474037996865	0.012063160415750826	0.013665912277061884	0.01235832150637458	0.011562323754085604	0.0137217993765075	0.012933170465623279	0.011281928615784064	0.01104394088578297	0.012020350254965511	0.013670206223641781	0.012699034826947935	0.012663022595735143	0.014236558536406168	0.012775799123311442	0.014236306303531732	0.013718406822483717	0.012860282154147211	0.0117488094446143	0.013492608305849923	0.013322635944778222	0.01239172544501929	0.013199202563264081	0.012210098686283335	0.013386224675449601	0.012992416014060638	0.011202964290913529	0.013174033952738034	0.012968749776831092	0.012626142544212167	0.013185082808909607	0.012840681320974833	0.014207398659524757	0.014303609458717675	0.0	0.013287074014472242	0.012081121114659003	0.012040037298040334	0.01387306941445791	0.012087311962905722	0.011059996717592018	0.011509531049101572	0.013123963048068342	0.013779184675471845	0.011068428008541426	0.012737812914559356	0.01242161786983432	0.013592853284871743	0.012433158297224307	0.012785883361318404	0.013128849110527736	0.01256914378111222	0.012329753963871957	0.014310614521370717	0.013474475437223401	0.011644381613923267
termite	0.0139590564685916	0.01291677970283011	0.011324871492812461	0.01267790473111229	0.013346842356272474	0.011360875347559647	0.012891184419548113	0.012566235161265003	0.013700224718639228	0.014717402375653927	0.014562982479088328	0.01327561090885892	0.013937727515882355	0.013631965226094295	0.012546328099258612	0.012057136435969755	0.013646817189159088	0.01432104385976794	0.013607376858574678	0.013749368765365345	0.013708036072593523	0.013690246845488465	0.013173830422613018	0.01441509943191113	0.012983560337982284	0.014405741359993755	0.01476430883407804	0.013031745797574044	0.01352526805864527	0.013608506631963037	0.01432364084679355	0.014252601168019347	0.014476593128458691	0.013957640073722436	0.012414365211355815	0.013716908175887195	0.012352795365215772	0.01345802177031616	0.012991798567965125	0.01313704834617035	0.014339944360087448	0.013957769746828308	0.011419710373476001	0.014537217422279702	0.013655351209323145	0.013756281121177412	0.012791935707759307	0.013588765221722142	0.013712345461568989	0.01322514203618948	0.012964474715357449	0.012754350815273001	0.013248403798602022	0.012913607514382797	0.012600235253949574	0.014271027993762082	0.013362140968298795	0.013371878203200604	0.012856952691090606	0.013486678385444621	0.01423458249480098	0.014603424158190121	0.014367168537613703	0.013056392055535453	0.013934431118707903	0.014100749082892303	0.012577317689133507	0.01309231150404627	0.013218035120682698	0.013686940744576184	0.01376062238647554	0.014597445220823603	0.013923797892597565	0.01373914057444605	0.01387587488982834	0.013147047002400887	0.01388746251968267	0.014446873614741187	0.013318277648588943	0.012485842967758946	0.014294292778354192	0.014284134404294024	0.013259498577340871	0.013457763901295914	0.0146977750530015	0.013525874589403922	0.013698356668157694	0.01343981627321905	0.013979834450642086	0.013694935176153588	0.012850584236410587	0.013340909868312543	0.012878627920312405	0.014295784577266865	0.014800087945885615	0.01461846842417238	0.012999663873594778	0.014305143400183797	0.011575021422312487	0.013955206113605512	0.013540755321416529	0.014155017273599522	0.012905686420676516	0.01302886099277925	0.013167418748521483	0.014405897639217685	0.014727706373365306	0.012636028607629484	0.013016717051576561	0.01362279993918611	0.01374859039844564	0.014218008416799812	0.013234681532983295	0.014236898466534783	0.013122206965422805	0.013374291372175605	0.014105446515016735	0.014306943901266944	0.012855956714628749	0.014006500056673438	0.013642736231948551	0.011486007091460092	0.014800363218606056	0.014909314687069252	0.014177252342295985	0.013462620082992493	0.013503168258750082	0.01352795464594412	0.011134468318946968	0.013764351020992216	0.013362358581939399	0.013560240265866887	0.013189679571659682	0.013972065499638985	0.013322236948669488	0.013085069102262186	0.014879711857515038	0.014228547458840566	0.014653464995267783	0.01376583168684599	0.013472645783945223	0.013567237442646278	0.013681241963326353	0.012705861130804295	0.014309423549428733	0.013489409019841263	0.013173858132561585	0.01343040207426132	0.014847379856744534	0.01394369492390023	0.01323075863596533	0.014286003930350042	0.014942162664114807	0.01395330669905171	0.01413136780273509	0.0128171933489353	0.013611349270939684	0.013288150163192194	0.01304228292015181	0.014499870367794251	0.013854574611306727	0.013811391072790885	0.012864909654064068	0.01367655758427807	0.012894072953337778	0.014286582073787892	0.014493324619610748	0.013338276739513828	0.01235280369738154	0.013487529508922201	0.015019897246152079	0.013429869578272644	0.013125125347539169	0.014010143702370446	0.012831986920302456	0.012717970449403114	0.013879700661876522	0.01468962037551192	0.01333377267724843	0.01301383453721256	0.014219346161884153	0.013002918733019982	0.015334299076784776	0.013765495937497969	0.013573168675640776	0.013816120736620929	0.014009640114212097	0.012125112214967199	0.013594573143509849	0.01363425343204398	0.01336697116198325	0.01335407050139174	0.013517523690530142	0.013154940157940663	0.014642882568276672	0.013189714943866697	0.013762540978491748	0.01314280933240653	0.012998792738813426	0.014134848088900474	0.012776399002405759	0.013156134827191008	0.012352659241028985	0.013201585868658135	0.013181477309808693	0.012839172048079448	0.013395838479781543	0.013543978530975468	0.013289640849897982	0.013768736127964998	0.012383244422034692	0.01265574197511892	0.014041461719000772	0.01307536068034606	0.012766223255023025	0.013206543625389781	0.014472789711274943	0.014376116890790163	0.013287074014472242	0.0	0.012716184225713169	0.013701074559594002	0.013821709226708088	0.013011122833110686	0.013021191366090104	0.013679864482335359	0.01458314984250153	0.014703556103941896	0.01247969876380271	0.013421759363018848	0.013575021093695926	0.012069653721266742	0.01399000293880499	0.013993395527377944	0.014720977441659695	0.013107312204870589	0.013384763926979473	0.01397433499336643	0.015353042644391387	0.013521903814550358
tarantula	0.012885585335951643	0.012013783236428863	0.011320501279948568	0.01162048876417703	0.013468763898162468	0.012962654543594172	0.011360022425829485	0.011519002789370167	0.013327141896558996	0.013716847910110979	0.01278690912912861	0.01259647058899568	0.013318133397871634	0.014252796897171327	0.012856726572611159	0.012040188040795787	0.012888528214418897	0.01380129362348018	0.013444470803484723	0.013357153855915672	0.012540952151330659	0.013301378783026776	0.01294598586419979	0.012916609359372626	0.012406663557081253	0.014603268723871736	0.01465273899524858	0.011312208951687452	0.012284634013510137	0.011116498349759306	0.013331634052433778	0.013436847733183089	0.0141841705156776	0.011855646842981822	0.01254292487955096	0.012744897461047297	0.01162072726440141	0.011022928550020185	0.013099398713693852	0.01327221574889538	0.013761838041891976	0.012992804765024126	0.010794509356755784	0.01433596237176106	0.01240483983869157	0.012104495845106734	0.011027414161972797	0.011150314531216964	0.013382571209360367	0.012248244314239307	0.012032133083106765	0.012020293364013534	0.012590205203727547	0.013109710252576717	0.011914873685945985	0.012540267105519212	0.013409895092324159	0.012659142642995494	0.012648706285924181	0.011634738308327784	0.012778091938771807	0.013230673964233507	0.013322683405341129	0.011954007393399364	0.013240967047615647	0.013357791509026688	0.012601522278128609	0.012714376452023429	0.012093660588852218	0.013794883722044926	0.014827591027498659	0.013407026909792383	0.01316790532510832	0.013061433876945113	0.012404327685491682	0.012126808185566369	0.012910805057175003	0.014014936198544992	0.011878710083719178	0.013225490398672655	0.01380680560497373	0.013795580546374784	0.012644083849602172	0.012520233204675626	0.014854537118323841	0.012372710460146765	0.012731430514497879	0.012644217692821029	0.013714361181402892	0.011937454849891935	0.012500968478609034	0.01223399722397639	0.012051572336239798	0.013602425358729013	0.014205147806984062	0.01417716860694723	0.013130641139819205	0.0143041281917113	0.011231951737361544	0.012123775531449934	0.013182899965649413	0.01307437021597795	0.011913168064050104	0.011599921321661034	0.012469423542984547	0.013028798765507303	0.014017025711139322	0.011878070028097525	0.013324640576727644	0.01317276512905962	0.012948163623519117	0.013350043204257858	0.012793396617364458	0.012281011599752905	0.013478117324401979	0.01390883730933597	0.01279625969907474	0.012727297225740031	0.011298425740641611	0.01253182865324817	0.012544305036457313	0.01207756551697397	0.013159262756445625	0.013376260830336413	0.014213929152369124	0.013112477854613476	0.01389934428484956	0.013769491520523728	0.01090815817925272	0.013172741331671439	0.012401086996880546	0.012221860183298603	0.011729732737364672	0.013779359280881974	0.013109413115892955	0.012974027758194735	0.013398275884552375	0.01409008217178924	0.013895316276384122	0.01327451783355068	0.013598635423545745	0.01163205675063699	0.013562978918220952	0.0129043385714876	0.013861968138897712	0.012439482917485298	0.014719215507183915	0.01241442472025863	0.012553216151282054	0.012921606257149594	0.011987700566058359	0.0137597231887552	0.01338479539963773	0.013622561445788897	0.013930551221961875	0.013223589223496155	0.013793510406186009	0.012398020316766255	0.013034870833635793	0.013937167816282238	0.012100054185819793	0.013798776418943875	0.012382260894931947	0.012852256410102837	0.01248799990870321	0.01364844747745656	0.012762247323375473	0.012844658884535422	0.01299848734097681	0.01320802715555511	0.013021031311366027	0.013305691512803535	0.01234269808775865	0.01283070779573691	0.012079844917977683	0.011527073264999856	0.012213019401744164	0.014328847118040415	0.012778902138990739	0.012206958231394137	0.013687980685576875	0.012440165123369113	0.01460273209706038	0.013072429602004842	0.013931136697845714	0.012900377733718176	0.014241801577694675	0.012038405545797944	0.012544119911070626	0.013858065229655265	0.009761692377415086	0.01304391052178612	0.01274908596092836	0.012088277326358022	0.013828940441803904	0.011998805090103436	0.013210285353956736	0.013814516930624781	0.012795484310129031	0.012427733770685366	0.013617345009006783	0.012451912106387866	0.012146092468583652	0.011998205247999548	0.012689023549734082	0.010684319496537113	0.012234213818738564	0.012867685410332716	0.010750456875413157	0.01221103926172259	0.012509572633786143	0.01213665512927876	0.011576360459942656	0.013206287486278561	0.012572261344884516	0.01258170158193298	0.013898473950346895	0.013885173756842064	0.012081121114659003	0.012716184225713169	0.0	0.012240475519936938	0.013828661306490957	0.011798092231509745	0.012452906540078022	0.012500989292127722	0.013965667805257112	0.014513197345937685	0.012728116976318551	0.011658646032242346	0.013262819023176848	0.011601486461216655	0.012351353422347984	0.01329036496425654	0.012636531093900637	0.013148238026692434	0.013158777633435467	0.014300653236544319	0.014422819842778139	0.012468801950202795
tiger	0.012576326239483106	0.011493061301934115	0.012546751643659204	0.012357908465098441	0.012923038255874939	0.014270907622522644	0.01268023455065111	0.012009969227732693	0.011615466401543055	0.01388557959630217	0.012694126387691131	0.012735839580869577	0.012340366730458328	0.012968205190852929	0.012904639123493157	0.012675458908761343	0.010944381691343773	0.013229388304874008	0.011958817876907146	0.011879217312477177	0.012793973946747616	0.013874039483908428	0.01252656286154046	0.01348767727301196	0.012566090884265205	0.012534241162731552	0.014622886484853437	0.012515022629053438	0.012067820522869907	0.013273808158665327	0.012391801915845374	0.014439902317136355	0.013392478539085	0.01116436658984866	0.012356633835563433	0.012311419249470148	0.012337552312427833	0.011735420718986572	0.01294723928672434	0.012982461833031044	0.012717501278472711	0.012592944318329994	0.012626584360698747	0.014170953647350664	0.013033118009554279	0.012816416557063968	0.013317651285102476	0.012084935145623596	0.012542873194337277	0.01172502775396612	0.012224710265980949	0.010840006188050106	0.012920145610970666	0.012824733616858416	0.013800759583665646	0.012749779791106476	0.011977757174622516	0.013153854679868704	0.01208532870347958	0.011642801891256951	0.010915453112692096	0.01244316356917752	0.013212502648651106	0.011966193082114676	0.012056333295656608	0.011722360324385563	0.012967568407134575	0.013172199254764195	0.010753824985479127	0.013296923140655342	0.013224968145142488	0.012763156680335905	0.013775268109260205	0.013266502470112329	0.012635597564148428	0.012957641200828762	0.01344025147154255	0.013093213675115723	0.01197482157141064	0.014030133557250158	0.01398769567524854	0.01239826153072359	0.012553983583490946	0.013538465321960083	0.01368745123337356	0.01214081882991761	0.011583979313091058	0.01235398792272111	0.012765249447382852	0.011173752095068852	0.012569411105460533	0.01159899385180439	0.012671078146439096	0.013234552587463864	0.013519118974861428	0.01342022270396156	0.012041039940922933	0.012683691709945275	0.013280541516989344	0.010913491003845446	0.013008319477801969	0.012713682101706265	0.011641325967243923	0.012500495580816342	0.012785035746427205	0.010962774888214786	0.01342302805704608	0.012638229552951156	0.012529936909548161	0.013435605469462429	0.012833750292703111	0.012547048714911161	0.011886045262202456	0.01311478570996172	0.012634940689416816	0.01278172557348899	0.010272822319498123	0.010751086634763072	0.012436794724557028	0.013002214327401498	0.01273319987743823	0.013003419434038578	0.01193234047564642	0.013872776101668725	0.013548251172118083	0.012481793309511833	0.013205954898802236	0.01391960252715236	0.012759271996259916	0.013134709241906158	0.013199632504148552	0.012184363669005207	0.010853331800237918	0.012061300046491702	0.013306152927935544	0.01250778157801963	0.013406845798818378	0.013363652780754735	0.014190204658830245	0.013707985998395194	0.012850756740641312	0.012547740760561041	0.012722501277503429	0.012827512114918425	0.012512182992382546	0.012737864364081615	0.014008713732090039	0.011369546548317304	0.010750319733091991	0.01396555958689199	0.012772476610886202	0.012305144644096606	0.012860151885252295	0.013035431887197007	0.013111700085040834	0.013560250928936712	0.012221893844805827	0.011735500694570937	0.012698043437508957	0.013961073882020954	0.012118956384385432	0.013908764021976154	0.012050263122586754	0.011177507853904638	0.01252122907811503	0.012821710622683611	0.012836652471110403	0.012403790710721294	0.013847344712820488	0.0124949327291044	0.01149589857361592	0.012807744803622033	0.011424217200418932	0.012313169147862298	0.01174501648310849	0.012151678432132641	0.011809306516028135	0.013026841216412576	0.013196159109365734	0.011699364873461435	0.012864085070117756	0.011602075751879628	0.01363756568231549	0.012241928986891084	0.014204741844580695	0.012389914904835304	0.013438648191761828	0.013092668076322155	0.013333224685911802	0.013826848282090982	0.011068255728068854	0.0133142112663891	0.012745902261929681	0.013000002216953199	0.01373706919236223	0.010672621989271708	0.013591135218087485	0.0138935698349528	0.01284888297883	0.013115834118178264	0.013110175721431971	0.011970600858346387	0.012765109249861784	0.01272719993795176	0.01314484854615969	0.011092854053112855	0.012678120785081277	0.013332066185724878	0.012309046061108539	0.013250119880408036	0.011360621494002594	0.01288301979158989	0.012073692542632276	0.012759133785601992	0.01268451018719727	0.012602995330985276	0.01286139125510043	0.013357456431138266	0.012040037298040334	0.013701074559594002	0.012240475519936938	0.0	0.01346965646049369	0.012075584926916391	0.01210690584635374	0.012844468958042483	0.013409212162850155	0.014810249675525022	0.011257547567990325	0.01225082344188855	0.011867900366102661	0.01280681898549892	0.011761859752814524	0.012198663659951118	0.011375252716267954	0.01248739677181305	0.013486988851102938	0.014155850363491545	0.013146623595922311	0.0117736719442208
tit	0.013189665651580583	0.013803362909794739	0.013579530882725647	0.01394029844685182	0.013886595281980343	0.013755366113189713	0.01385994903605012	0.012875704350619304	0.01322510005955086	0.013435201098880857	0.01439363547154914	0.013618660251105325	0.013644892281258224	0.01452161047154901	0.013765250830876218	0.013047435527147442	0.01386269646428087	0.013689263849139353	0.01398095437337193	0.013677645729151025	0.013193851599567834	0.01317522688013995	0.014045712800104273	0.014020795114266026	0.013651596702571323	0.014923119787403601	0.015212209050362246	0.013753900638549312	0.013352167317749688	0.014133400050772113	0.014200157069957966	0.013805698712347065	0.013569648877492312	0.013137026757803347	0.013916201265112315	0.01419639231381648	0.013886003061313521	0.014236571521058443	0.013574338733042146	0.013709093355327837	0.013455018367414645	0.014090898097087365	0.013442778413037204	0.013995826264600966	0.013755295596535511	0.013766270685376548	0.013734075755735084	0.013677042647446666	0.013471618305111186	0.013538236798870252	0.013471612514663594	0.013949698287754235	0.013523533063721555	0.011880016449954374	0.013849238619400935	0.013755301236382654	0.013326772505663971	0.013844433535475107	0.013843838708531621	0.013472672636449166	0.01391199442823483	0.013457304948972966	0.01314097720367652	0.013778668790755219	0.013321662716092168	0.01408483395953562	0.01432519592656719	0.013706865685609481	0.013273900595522541	0.014552505247491195	0.013918599328540428	0.014139827098972803	0.013347944705276673	0.013852998883286633	0.01368527268033544	0.014173463913247917	0.014313812735306703	0.014523436892513796	0.013253079271972	0.014509334996449937	0.013370688491784586	0.013638469325043845	0.013679750636652466	0.01322073833022443	0.013437714668340877	0.013837045816326292	0.013640153926398254	0.01398482891662057	0.013172696373096466	0.01439004201407513	0.013135170795939018	0.013983261957412714	0.013715184190004727	0.012892743802710183	0.013586644951850059	0.014121979727318974	0.01334153594684834	0.013758687621088984	0.013927758235201183	0.013510955960868945	0.013524241985846343	0.013932946333879837	0.012863991841377296	0.014141198533225341	0.012615601783164182	0.01453740965229574	0.014455275574040787	0.014521957669690024	0.013371478167526613	0.013253085851492128	0.014605596682052276	0.014299238473668619	0.013760189933218106	0.014076423046027216	0.013355366069664405	0.012935243813434527	0.013734822223107486	0.013431612482038481	0.013492705530845776	0.013463203102311609	0.013832341505729007	0.012829689519290326	0.01383796729043446	0.014679206232542808	0.014044663048590127	0.014683835315934592	0.013262606269518402	0.013973792079350685	0.01369722722258998	0.014224470592179315	0.013772334756661992	0.013373467668632684	0.012948566573396693	0.014642993578799023	0.013837894170436937	0.013001435439831613	0.013973393212415001	0.013877940047966981	0.013559679648924038	0.011560962816236125	0.01341923418680341	0.013947361663370197	0.013579485513177786	0.012943816819827743	0.013794676238204852	0.012826432393059955	0.0141803066093005	0.01364056255199694	0.014319427412118908	0.01285132033725343	0.012291431214745073	0.013720057156333627	0.013718844883328364	0.01389199618050647	0.013786420297989677	0.01337609985092767	0.012479098143164148	0.013357303091017913	0.012572109250195555	0.014773147226882142	0.014013204274590928	0.013721636834115408	0.013654396850915676	0.014088766733634718	0.012272304252022135	0.013760676729559565	0.013432368033384531	0.014193663195292366	0.013685495287648087	0.013512870131826232	0.014561498430843898	0.014055433809703153	0.012886469383501528	0.01434494390729856	0.012682470769265104	0.013480924005724053	0.014003245556779363	0.014800533140678593	0.01352721164998965	0.013098885933009152	0.01377957317458919	0.013128717517648996	0.01438048033964001	0.013564465267554388	0.01413954250593761	0.014099153109599917	0.013966205076610158	0.01412955625890095	0.014027891060889976	0.01435600452305322	0.013412163647097368	0.014183326337385725	0.013942749597295584	0.013125335446383059	0.014447829228389674	0.01381570823802638	0.013608942992383015	0.01486640058281273	0.014175412265504646	0.014047916335799717	0.013179175094275155	0.013414603719936444	0.01319335565482609	0.013699800324243743	0.01377254641224744	0.012943043613766579	0.012744629702847454	0.014245516423317924	0.014165785616414395	0.014990016652147218	0.01233060711817361	0.01420188234992746	0.013712336116229414	0.013032986862511317	0.013304945699730026	0.013674610631916873	0.014511503865291592	0.013789770517056852	0.01387306941445791	0.013821709226708088	0.013828661306490957	0.01346965646049369	0.0	0.01326846743690911	0.013453595845982469	0.01265871577688567	0.014052528798893153	0.013440693345456866	0.013293952080412653	0.013097246454094063	0.013857834288802011	0.013683501094038191	0.01312351514191601	0.014016832738291995	0.013797285242837631	0.013644107135832766	0.01232218900337001	0.013200740802200326	0.013880621231888247	0.01368174054462296
toad	0.013582697537052624	0.011481822643696389	0.01269209412962549	0.011658198299183955	0.012858786943939294	0.013399470861260396	0.011925269000799934	0.01176034963544857	0.011489462126187193	0.012841739925277769	0.013509354895722225	0.013023899855673902	0.012950789477996612	0.012548026157666554	0.012880734246432832	0.012061742667057533	0.012625743743260635	0.013348561230508326	0.013125290138836903	0.012133276627824496	0.012851809223092711	0.012685681084091134	0.012478270075744027	0.01349580942620355	0.013004802105769393	0.014493888152553949	0.013840786712138554	0.012247104841144931	0.012320588178873684	0.012059251194131933	0.013180247786438257	0.013693944498731726	0.01321020916652132	0.012006448714618943	0.012379181173709675	0.012721113874661325	0.012125993883763836	0.01132527323008696	0.01252889346899257	0.012814961165123257	0.012296845303296217	0.013037715189232848	0.01140074171813003	0.014383978648098676	0.012644590169261222	0.012258564310819233	0.011483293567447518	0.011819190502632687	0.012578816896439433	0.011756577023831993	0.011759844991488966	0.011091117363384837	0.013344594999969326	0.01216268233981624	0.012657613033086062	0.012488188599258064	0.01241475034471911	0.012265366973012044	0.012566134798994074	0.011866011400852812	0.012807739022289641	0.012184532199257874	0.013036028408884239	0.012417437396743338	0.011671032075210176	0.013266555451718919	0.01223386850770835	0.011822565525178156	0.011477198063594223	0.01350735458482009	0.013977496571750164	0.01361751165264875	0.013165670196595487	0.01347189090793354	0.012917872606003846	0.01263820225157223	0.014014820714883247	0.013869070208155981	0.00858417710495411	0.01321880442294164	0.01419562675861884	0.013146128413894335	0.010994827132376548	0.011775753456544042	0.01413588794065695	0.012361747034444408	0.011767159294394374	0.012308247585753582	0.012582793806127337	0.012344395058541282	0.012042388183099075	0.012220325746064804	0.011964156069539107	0.01342804999966081	0.013062800962623683	0.013926464104612776	0.011678862647645045	0.013080278647688974	0.012296934126023428	0.01303549866176839	0.01211662869774924	0.013220565334340328	0.011212583947391315	0.011772212602768974	0.012399508263345215	0.013771540445041417	0.013984607898047246	0.012738602403987477	0.012366732879628986	0.013129871459335123	0.013255154193021612	0.013547320888137523	0.012324076201636074	0.012267229537265549	0.012570934800634724	0.012568751128961476	0.01231095595194516	0.012486942061180784	0.010713992794460421	0.012771447617767395	0.011844352149491763	0.012267652345839895	0.013550434652211648	0.014135336372504076	0.013209883074992214	0.012528870758083475	0.012506544928098965	0.013957325338495858	0.012063113125881056	0.01285324171562837	0.012075026575256982	0.012204962931174655	0.011658849970177711	0.01319836317487088	0.013466648337991428	0.011634330916938877	0.013078037017894204	0.01199589729260564	0.01329016991824241	0.013058592891299174	0.012770422461301192	0.012276317457750985	0.01286013641050882	0.012313572001944415	0.012308370391439574	0.011721097136521101	0.013887404093263172	0.01201671774011293	0.013220350965594034	0.013266239629695413	0.012056310379534472	0.013309749509687547	0.012891898066696534	0.013093488968614422	0.012974140422394176	0.012742216276461264	0.012865446677291002	0.011337322022570526	0.01178139142050431	0.013629325899821347	0.01282606940062058	0.013485576145671505	0.011603863592066683	0.012251278538160708	0.011276810260006128	0.012583982533962881	0.01278656677093418	0.011840246091381224	0.012264544946332667	0.01206889056957762	0.013765995040497157	0.01308573583105161	0.010752901600017255	0.012686968528851419	0.010795049785517773	0.011597759067261251	0.013096994489316949	0.0142729194712676	0.013312230541178211	0.011527865934464598	0.012825849264630403	0.012468219058705113	0.013743325207630783	0.012760377606845744	0.013147236832835167	0.01062708326672269	0.013881926633281604	0.0124974387971598	0.012661912953915264	0.013681812686833005	0.012150526299839197	0.013088499167711494	0.012447036592120583	0.011943967429827501	0.013838005859363416	0.012174432222761393	0.012905082864153667	0.013464019688698245	0.012775868318770665	0.013277115273027424	0.01343607290763734	0.011806947445983717	0.011935240062456855	0.011995953207541123	0.012186895261838901	0.010248400778004685	0.012374367661112336	0.013222276652590674	0.012592369568482498	0.013162890587511532	0.010841957043288698	0.012880582179660776	0.012649425006474509	0.012844258307440744	0.012946972611220027	0.013001481469368088	0.01406891021835329	0.013616200479982141	0.012087311962905722	0.013011122833110686	0.011798092231509745	0.012075584926916391	0.01326846743690911	0.0	0.011590878341439148	0.0129057011365738	0.012605494811895072	0.014296057843813922	0.010714675207401428	0.012694284999323631	0.012563412665393686	0.013318003938426486	0.011340352984426311	0.013093836011095164	0.012576224683593016	0.011354658823135659	0.012161214427084528	0.013497398053109323	0.014335148344611788	0.012228604040810512
tortoise	0.01261084458418384	0.012302891324173986	0.012794864355599844	0.011954927512083689	0.012586332747086171	0.01405487700352742	0.012112146700476143	0.01150780453885635	0.012446511256671204	0.013366568894776342	0.01371538157892805	0.013446178205431127	0.012811100350292138	0.013875987072287065	0.01352885803563882	0.012493469360603476	0.012224813283131398	0.0144294015445245	0.012992707628990331	0.012571085336255523	0.01368661036581474	0.013087580299517912	0.01230964211533038	0.013391645779429638	0.012475797340659695	0.014388502590158746	0.014274161493309283	0.013486781747098574	0.013375723051245951	0.011757410035915218	0.01229491548137802	0.013670798370299891	0.013903342093071556	0.011479134998522218	0.012649204574749311	0.01279960837470154	0.012886748002552344	0.01213093649988989	0.012880429753560421	0.012491243784070537	0.01351468060189129	0.01337253015518717	0.01246083489471746	0.01452522699158181	0.012771755457638347	0.013593111278289095	0.012314966131994301	0.012920482978297072	0.012578128588090185	0.01249943033343609	0.011932949360053634	0.0112437434145433	0.013601596469643573	0.012139127378477324	0.011629327501392001	0.012564804497205272	0.012961607896689029	0.013108834224243	0.012413261055838792	0.011875523388170474	0.012130823760261285	0.01274992045078127	0.012796286572255976	0.013105544551234874	0.012524871422427704	0.013134807108986384	0.012944154910069072	0.012602108477435797	0.01095208302183196	0.013356507562264466	0.01341109327497963	0.013681116916274995	0.014030984601130328	0.013005208000250741	0.012738866316750337	0.013269415000890288	0.01415276585113374	0.01431935916999501	0.011179071076944604	0.013464697786636604	0.01459837179273486	0.012345853741384112	0.011382528287215912	0.012298373371041105	0.01408595211860476	0.010894830309703436	0.011600422951817404	0.012403335619597673	0.01299498149297764	0.012726084434383667	0.012727572689221235	0.011821746731689987	0.012783447829130599	0.013472571300166658	0.013750077179089522	0.013588669141488586	0.011802326855189114	0.012543051778060062	0.012720513366606392	0.013148787902321515	0.0120876224085843	0.013124470456559652	0.01198478221561569	0.011726507327872136	0.012481905833510842	0.013011158889330368	0.014503346009169837	0.012614681228621178	0.012881612438871563	0.01284470267976482	0.01259163531578644	0.013207956925750663	0.012006487858017117	0.01350383981796228	0.01259671232825413	0.012969266326996805	0.011852556442574418	0.011941802148319995	0.011343616359586577	0.012440390649286896	0.012395966167090664	0.012779722912218128	0.013233071015589066	0.014621881805936003	0.013591149906196172	0.013031880854795078	0.012817927753940861	0.014540786949144275	0.011922375383827146	0.013195844561268773	0.013350951187642528	0.011899760969593231	0.011954361732446538	0.014238964765217544	0.013949234521839923	0.012294355918886456	0.013279011863306975	0.013069605713818211	0.013709709803608007	0.013295859261191116	0.012253418616394262	0.012253880904626343	0.011817775878785648	0.011113368708859175	0.013005630913158914	0.011975923272097155	0.013494120237777376	0.011762595292480171	0.013868765982296312	0.012506415081325646	0.01154227416707559	0.013054352932922715	0.013223205897692308	0.013258222031323666	0.013584989759965686	0.01339656500873831	0.012568694289850307	0.012161673374708457	0.012304170708578746	0.014604700848423784	0.0134650598925501	0.013412755433663484	0.012574656092945285	0.012334490516548502	0.011832793039538053	0.013405557697445624	0.012685050253654774	0.012242480003599182	0.013036676427967965	0.01269423366412264	0.01358766136916066	0.012483151942322157	0.011145653947397655	0.012783677167816379	0.012397304541246072	0.012126687942675986	0.013396666080196372	0.014480482248163113	0.013109215871510564	0.01128989206278285	0.012790043486879182	0.0110780862305859	0.014839340084393115	0.012415805580800097	0.01458177184901147	0.012651919066645992	0.014438053837604681	0.012611325321938155	0.01179777569665529	0.012364803656750894	0.012479210061002308	0.011988121004342116	0.012294868114662991	0.01219377417683065	0.013303286195907128	0.012205215617791643	0.01303604589296387	0.011996815640458527	0.012881193031001388	0.013410090461694602	0.013247969324108246	0.012803248418213205	0.011835606981287798	0.012378018161317198	0.011550534631274178	0.011278232690978001	0.012459627108640091	0.012557520030655675	0.013224265613437846	0.012838832104346842	0.011579443701937229	0.012783456011546332	0.01291651500827494	0.012608856524365664	0.013097642498428753	0.012270432276691034	0.013915471335691274	0.013623965512177861	0.011059996717592018	0.013021191366090104	0.012452906540078022	0.01210690584635374	0.013453595845982469	0.011590878341439148	0.0	0.012773407592070947	0.013881910142646019	0.014168103997330716	0.009533789605083333	0.012138923517631456	0.012363961466004854	0.013488152063095482	0.01214449320556923	0.01282280538592159	0.012550648220976407	0.01270886786192449	0.012365368616167416	0.01392279256926835	0.013854461016350376	0.012129631176631985
toucan	0.012262053310579397	0.011936140533788837	0.013329565801548442	0.011802694401717327	0.01338194529179179	0.014558797202602319	0.011949848475253875	0.011963694986774116	0.013377695473976183	0.012839370937475779	0.012940473616930038	0.013477207618766997	0.012964122808515508	0.013375590903077076	0.01322253259836603	0.012957228669432242	0.012989994887603227	0.014185002723870235	0.013654162808992249	0.012510001954701635	0.012831264981063467	0.013731478805751676	0.01263684761829134	0.013135846078205188	0.012599263695632973	0.014129111249260282	0.014650188892132827	0.012387695069550715	0.013448700983991788	0.011684430886018464	0.013309009475948515	0.012813348134133122	0.013915686496760078	0.012317157762645197	0.01289111237741083	0.01204743845460019	0.013898269833818769	0.012971310952475222	0.012978006013514749	0.013168373063596304	0.012565857777844091	0.01283066292150174	0.01273294490168034	0.014382809324549946	0.013627979538726926	0.013342519941484342	0.012758455311135404	0.013205941848194756	0.01332979233023588	0.012397972433393181	0.01298496034618827	0.01246161735754726	0.012753132471541813	0.012161693293531128	0.012940546505706274	0.012252170873424222	0.013441849072789655	0.01352672096902501	0.012773649811440031	0.01250760291954967	0.012232940470920228	0.012827934832052947	0.012764834477894074	0.012351388967701445	0.012008637677743145	0.0124409257538571	0.013169082959036973	0.013344911853819266	0.012789400359222382	0.013648432441915617	0.013640169573655117	0.013560210086908333	0.01281493401949971	0.013371953598222299	0.011900978298694884	0.013574816833747718	0.013514754794275368	0.013366491576297913	0.01262054427086781	0.013931936406923608	0.013683392183935893	0.012790092740590373	0.013007048335235045	0.012968275490363107	0.014161270593152057	0.01212062992971429	0.013020829266509661	0.012758045178012727	0.01231639995827639	0.012692198656768763	0.013171464314352415	0.012789420176213233	0.012493134941455422	0.013357217396051573	0.0138235179408156	0.013563057376931446	0.013289212234378771	0.013827309058378891	0.012882263340980088	0.012776310030082932	0.012875039867744157	0.013601651508359984	0.01298640942316706	0.012354686295404045	0.012160190234107334	0.01334722497564072	0.014210838109920791	0.012962934757125979	0.012965407354903303	0.012681392689533525	0.0132921611403797	0.012831883060622065	0.01181376302202092	0.013077648263140222	0.01286670066488937	0.013406230370294557	0.0135993510420807	0.012675931077216982	0.01229408118518054	0.012346881496380437	0.01266725356592309	0.012488323425797237	0.013066766329223403	0.014599719935615697	0.012644484881642215	0.013370800358881916	0.012998533444835364	0.014434494257352921	0.013290972924482516	0.013280815704422577	0.01358717316935905	0.013151799677990697	0.011901553887962815	0.013673855374851513	0.013926389592760137	0.01284050721199205	0.013337380236532987	0.013930542419921	0.013830207570442097	0.012424004704499463	0.013531244968209854	0.013041097273150434	0.012415925556270559	0.012182678807069282	0.013311366600331902	0.013044466648042327	0.013507787260860613	0.012305192724717256	0.013505908335902666	0.012189720733913074	0.011364330654659673	0.01292437783221696	0.01331825652532259	0.01222368452248493	0.013077960790063816	0.013296053272390331	0.012928564931402093	0.012730571170027174	0.012352245585631152	0.014334211100662157	0.01311382922378045	0.013447560473463904	0.011546823627909333	0.012913110569731148	0.012592852605993639	0.013157080398185118	0.012755713777742728	0.013231058086411849	0.012814704281168023	0.01314787628967298	0.012864740875385593	0.013721773351976538	0.01259055548800277	0.01309996960859603	0.012739348524426715	0.012335402108811865	0.013525904641703444	0.014091392418313102	0.013464575033271323	0.011459347972616803	0.013302466523850627	0.012871592130714527	0.014461926697513068	0.012315068456807894	0.014106314009896212	0.013078382894949843	0.013860211712305885	0.013366783361682805	0.012457186430963331	0.013700441151995799	0.01278423385143602	0.013141443036433671	0.012859277795185082	0.012751740438274158	0.014236774803002948	0.013012950937651098	0.01388809590354427	0.014230593301463805	0.013569564151724474	0.013652638982477656	0.013908690740540844	0.013201473258129806	0.01318768821937765	0.013915052436022757	0.013623265600977734	0.013199655859456809	0.012402612190261819	0.01345797032274205	0.013518681243595072	0.013717664074336096	0.012043033167353752	0.013210225595040516	0.011571137931117947	0.011935508496436575	0.012240866094167682	0.012790993876963816	0.013862401130499327	0.013748761005593961	0.011509531049101572	0.013679864482335359	0.012500989292127722	0.012844468958042483	0.01265871577688567	0.0129057011365738	0.012773407592070947	0.0	0.01386496380019072	0.014432908838338818	0.011826572972392455	0.01243547909583981	0.012660228609595996	0.012921950089341484	0.012589491615659714	0.013288426678129737	0.01399371786698166	0.012062804496961932	0.012288525352136998	0.013528834258142828	0.013895973658466072	0.012062678780792969
trout	0.013583274214557595	0.012574978354109393	0.01395812361451549	0.013249630780337055	0.012787463150610854	0.013395952145428231	0.013450859786422195	0.013872517673937495	0.012738479558832238	0.011801305499258515	0.013831262706656411	0.013615908667678001	0.013147800279908427	0.012108396986301652	0.01380470429129046	0.01338916353172601	0.01392066859202592	0.014070100013481463	0.012087496848295331	0.011985181773905926	0.013348371310563935	0.013958317509998786	0.012425467068989136	0.014037675130166684	0.013541802443704485	0.01328453635354551	0.014723799020672607	0.01388430957077383	0.013530960729746678	0.01309512986016812	0.014049198996892625	0.014591897966238084	0.010543770340550556	0.013947173507089666	0.013727534364732142	0.010633043113932759	0.013966033161682654	0.013700389732080922	0.013348292647242807	0.013734891753536073	0.013104969097598172	0.012845711461279713	0.013776733187514318	0.0120589569685563	0.013053014158282932	0.013823519088016954	0.013312665974769291	0.013007076402457097	0.013400303925403893	0.012779108959921485	0.01243690178730699	0.012943209195358513	0.013638578033817723	0.013646290508870016	0.012734066148543827	0.01365202759148489	0.011921536787674674	0.013218357788684907	0.013541402840351267	0.013595303842427336	0.013096019186968766	0.014435726517895186	0.013836227900136609	0.013316742271980729	0.013097073279117868	0.013417592915573045	0.013191463888766021	0.011883789831533162	0.013849544468483799	0.012486987128637892	0.013732138265538589	0.014200452473305513	0.013871452550502334	0.01276987288842508	0.013008132856321956	0.013252042232012666	0.01392635076950633	0.014169908915432496	0.012563464656113394	0.013760734488959727	0.014574835152659425	0.013769153401659278	0.013995334636474677	0.013398791047055611	0.01377286339673364	0.013481845403191892	0.013170006160967213	0.012417988104753405	0.013149143608509812	0.013964616938528563	0.013715720560445802	0.012266460482304986	0.013802993523336814	0.01244251130523148	0.013150695058084536	0.010862459251882537	0.013820888216063197	0.014187210894777995	0.013358802290453116	0.013725542419728337	0.013967773335333451	0.013901713067622012	0.012635252188173287	0.013583124972936624	0.013968990958634171	0.014003817370197978	0.013532877423742214	0.012815124485209217	0.01371546417614779	0.013906524284150219	0.013415488823300998	0.013562364426756146	0.013439021598309557	0.014094115357919417	0.013287036780444626	0.013170616152807724	0.01314113366903643	0.014267397165422201	0.013613608951072689	0.013961523519345929	0.012234191112004139	0.01311663599054726	0.013440482769721753	0.014249306476652276	0.013174684845041175	0.012829778291826606	0.012642342608923688	0.013624024112059716	0.01350216681745756	0.012219099187313412	0.01399833450569751	0.01349629250526021	0.014532088993873229	0.012538159458555086	0.013928812559317454	0.01383865738780889	0.01375320319382315	0.012681302630892422	0.014743549245826583	0.013427552818878221	0.013565745903921742	0.013426865620717923	0.013345946278329121	0.013248228495056582	0.011394607899296196	0.013014177793743373	0.012652817582174127	0.013963588463879479	0.014218391659878	0.013297860096056928	0.01359095146136934	0.013932838723116599	0.014212178225616951	0.013339879023370018	0.014295038140450262	0.010921150387686717	0.012432878473331218	0.013330341888765742	0.013369195611502342	0.012711113541374563	0.013698840188818152	0.011819582507322048	0.013106426457796588	0.012735321546452696	0.01247878365796576	0.013974979300417386	0.013944761610750816	0.014140766847615189	0.012657715096325376	0.012279317339918779	0.014327886994306059	0.013365240164663544	0.013082772973839005	0.01400298009451086	0.013495243858289969	0.01284715037944809	0.014321383296027612	0.014365833725687298	0.01385973162573998	0.013183135277539795	0.01280858764666057	0.013288842423558551	0.014609255230429581	0.013938555663200857	0.01296265280451002	0.012357307158810577	0.009754992545738105	0.01394163463010825	0.01249122179628106	0.012830620588275454	0.01417299492421645	0.013250088615459081	0.012764680359497758	0.013122525299386918	0.01393392254798753	0.01301528951245164	0.01245285689337456	0.014290610631225789	0.011794670662365305	0.014298715924120686	0.013790045313495649	0.013253539051877667	0.013482115036717328	0.013437668602808782	0.013365305227103774	0.012804815088188934	0.01397622325030604	0.013482299931526234	0.014167483613335504	0.012245631858769004	0.012739087713415887	0.013209939705889802	0.013113714165076968	0.013763215009256213	0.013761244455122256	0.013650320093202528	0.013722011858950906	0.013749465517021506	0.013123963048068342	0.01458314984250153	0.013965667805257112	0.013409212162850155	0.014052528798893153	0.012605494811895072	0.013881910142646019	0.01386496380019072	0.0	0.013959477963977769	0.012308591571836967	0.01367630205256939	0.012768797650810166	0.013684880325893661	0.013340278314366951	0.012858683360010581	0.013602325754445376	0.013860718470656166	0.013176425402839706	0.013858815881479138	0.013924980175634599	0.013266082872118804
turkey	0.014560414924462283	0.01462931540735789	0.014397271981446625	0.014955137500657292	0.013623773446076523	0.013745236965820853	0.014868517239742701	0.01413343734079469	0.014782903833868398	0.014001236585648821	0.014788188828912656	0.01484060839391	0.015210415485849414	0.014104999746613023	0.014963096935570961	0.013885530692824544	0.01438335369066363	0.015145415117469361	0.013961024695775839	0.013812142494952093	0.014771814048686844	0.014305714411463794	0.014393484862797125	0.014673186195668248	0.014264172225052192	0.014522347581449484	0.015328796749808905	0.01445356478588676	0.014777701515723973	0.014225813074450262	0.014337483190059275	0.013491612833739612	0.014184767366073193	0.015107319393542958	0.014334760208841753	0.014389749202510904	0.015347215450539502	0.01519756116525876	0.013812725075679657	0.015042850701312784	0.014392871392727944	0.014594630638390036	0.014550216166359575	0.014026481477336808	0.014827944652610782	0.01496646526170101	0.014527869602163977	0.014582112756580062	0.014497248595879364	0.014425682282145039	0.014531284533457976	0.014345064932140444	0.015141134965675183	0.014507810996973654	0.01440589276774408	0.014615086390503377	0.013717451414904542	0.014084897414221958	0.014281246869780488	0.01469130047263847	0.014925678763202128	0.014298011573770775	0.014877764236875384	0.014813267886024006	0.014471513148058305	0.014473886321707556	0.014889504046631495	0.01449090938052839	0.014427148660889767	0.014413578265611827	0.014089710317699749	0.01495150244482523	0.015192630148998127	0.014472665795895099	0.014411344340855345	0.01465277096208468	0.01488538692693659	0.015319171935812606	0.014787283427594255	0.014361788503099139	0.014814687365072663	0.013197109585455127	0.014069406659792697	0.014419734451785318	0.015267204663213492	0.014018166710233924	0.014325648016862567	0.01477640927257052	0.014266219265370273	0.01471456158831967	0.01453352954901936	0.014209736464329586	0.014853035321360078	0.01421318943188613	0.014958979642191556	0.014584584497919814	0.014681205501306673	0.015140476359159143	0.013899960136638639	0.014381521863334346	0.014740937697110738	0.014522925465647783	0.013899113744578745	0.014697341545913054	0.014369123155022345	0.015229902429409452	0.0158814870387564	0.014757987899028132	0.014290747568291502	0.014220803345478164	0.014973373171691338	0.014636354040262603	0.014485646327736985	0.014702454462266121	0.01521125899082807	0.014384913528102186	0.01369594903156745	0.014433629087436273	0.014017088038197591	0.014675293322546714	0.01443666301231995	0.014283584637924973	0.014054752330129787	0.014546734217638337	0.014533684674031494	0.01439668946335696	0.013663230077557723	0.014765960651397134	0.014412504503498135	0.014194176951305884	0.014170858988289965	0.014602569583930027	0.015360044968481692	0.014861445496875158	0.01403256507055267	0.014870776359824076	0.014428708335224322	0.014358762356836871	0.015019824525634207	0.013791397536170213	0.014790124375954847	0.015291898068789984	0.013432423581615534	0.01366761898098089	0.014293471504740423	0.014601380697563391	0.014594203762477822	0.014443813612820744	0.015115842611690527	0.014841620997736133	0.014701558984439084	0.015299867338605375	0.014832992237790346	0.014499101489424014	0.0148684005090812	0.014333411882927942	0.013179110124229005	0.014408267958091818	0.014201993124353192	0.015175042485015286	0.01495434278323917	0.014132834034525997	0.014268048845233779	0.014841902058571608	0.01311612432233297	0.014340805636355768	0.014764029966365201	0.014701240779430958	0.014435996054338483	0.01435526958922343	0.014048866081488484	0.014464624977864162	0.014650105246593366	0.014873547456016956	0.015375884588645394	0.014898642784889914	0.015881156453381052	0.016013476500323448	0.01398017751800049	0.014270544321392728	0.013989465647142475	0.014001838386797074	0.015444551364369688	0.014759016375690161	0.014579122772825004	0.014903792835447056	0.014754991762108694	0.014550828586686968	0.01479633924843858	0.014878765779733474	0.01454928375851538	0.014856732377813446	0.014412194244535876	0.014922459076738961	0.01415274046077938	0.01495322292195536	0.013526966365660332	0.01475573338394698	0.014031569092589513	0.015137697667929812	0.01335181378759524	0.014652534985805815	0.014843135990755839	0.015000102166811214	0.014410523260463708	0.014905645546166597	0.014768123269372112	0.01452160561826432	0.014798190395905221	0.014869572446301087	0.01402651743333011	0.014732477818721723	0.014449976622393381	0.014308344629852351	0.014904383983235674	0.013951452332922528	0.01532719470355771	0.014465981647487858	0.013779184675471845	0.014703556103941896	0.014513197345937685	0.014810249675525022	0.013440693345456866	0.014296057843813922	0.014168103997330716	0.014432908838338818	0.013959477963977769	0.0	0.013850852420039353	0.013393369901616613	0.014733995484923301	0.014405570457304428	0.014219888894856494	0.015025286142637833	0.015279301708388	0.014881810410379384	0.014082670263322425	0.015311673600588114	0.014310873380993162	0.014356854464797834
turtle	0.01250002305756398	0.01052443576918137	0.012498772588956824	0.01174673228661753	0.012316309257471512	0.01409101923227726	0.012082838490581914	0.011267893223723163	0.01200337809231312	0.012851637771786072	0.013086800676767017	0.012559524516676926	0.011792940745322162	0.011765347383485164	0.012524986454194727	0.012384972650012094	0.012579343535426812	0.013659384973425252	0.012658660560049564	0.01207030815640716	0.01260668307812751	0.013408253553810583	0.012137395701894094	0.013280311554438373	0.012862528546625847	0.013267230287825154	0.0141199282255407	0.012791537880061403	0.012612583239691354	0.01199404613608739	0.012488434871768896	0.013519338316298033	0.012866677761407423	0.011704715987806027	0.012298197186623776	0.011727945492259395	0.012571572369125759	0.011988313271709558	0.011687499662206748	0.012721352938999802	0.013330611069286149	0.012683156367981256	0.011913955650325157	0.013675010927131295	0.013194540404086914	0.012882915834857718	0.012154189686404025	0.01206894167873151	0.012440345381342565	0.01167983472908795	0.010268149235716475	0.010396755496703047	0.012343254856428988	0.012009769794497084	0.012071677543475958	0.012460379319573976	0.011928259757241343	0.012463407456181378	0.01246924818930228	0.01174172621687026	0.01048270501166193	0.012511259434725126	0.012128488266440448	0.012384085976544994	0.011209478386091013	0.011947822306501009	0.01266221873789887	0.011547675957897597	0.011255942039460412	0.01223401423047398	0.0127368986651475	0.01288962232910375	0.013611032579395872	0.012898392986335832	0.012337590115342351	0.013052791335879572	0.013674620345415913	0.013155860586604022	0.010122589532411614	0.01292870099483351	0.014108405815252129	0.012926722393150937	0.011726351313379893	0.012645878266582875	0.01395180282832044	0.011315323650736706	0.011571004588154516	0.011812053387768124	0.011814618790095583	0.012205604972058016	0.012694314652790452	0.01164968285301655	0.012640977876749353	0.012676659349301067	0.013835804589947953	0.013077297261600711	0.012049823571806124	0.013102155452498411	0.012521849313265204	0.012361937008672599	0.01263370772144621	0.013156028091059613	0.011994549004254763	0.011298402813553252	0.012753981067879743	0.013191267460056196	0.013839720371031379	0.011240314319078182	0.011866444705211804	0.012846130327850655	0.012265789971595283	0.013013511915699183	0.011818316227839909	0.012783548559467395	0.012481123129224265	0.012952892134583269	0.011954925618484168	0.012306353843541593	0.010944198317761366	0.012991910692298254	0.011228642576283573	0.012085288548516926	0.013011966377161647	0.01440377615195899	0.012803370519743064	0.012892012243444724	0.012434109079624412	0.014177205996130983	0.012215101919217985	0.012430647870550345	0.012478277468928012	0.012057831213221243	0.01117794299035208	0.012775055682072444	0.01402944835620402	0.011993229382581	0.013199689370992833	0.01248396278171942	0.013839864670650869	0.012558975515569604	0.012149929291983273	0.01185694935274241	0.012776855335031012	0.011396843259006296	0.01141578746770137	0.011487814885697157	0.011748111237884445	0.01177058114745228	0.013106646924773833	0.012197210233592276	0.011244394022150413	0.012768342729835389	0.013314417508212478	0.01173286128260691	0.013054607515060566	0.012701532899896421	0.011511376455448348	0.011762342427930735	0.01127922879726931	0.0130628288953019	0.01328279378963181	0.013193814708641288	0.011294127546509037	0.01179814606191112	0.011951591497095291	0.01234992695829206	0.012554844919474218	0.012279914410583742	0.012420951436957714	0.011845201003204252	0.013430466885608274	0.012349136398534896	0.011304626809374892	0.012464732513019076	0.011904063886470856	0.01072174376788941	0.012625233791606651	0.01415198687520608	0.013122665690058734	0.011653892389945414	0.012907394437516595	0.012031165011730467	0.01461873726415469	0.0124081597149536	0.013668580934381492	0.011670024077483685	0.013165253822954824	0.012047288196373433	0.0116296128766263	0.011771895191192722	0.012466241684510994	0.012127412153584906	0.01185133676869418	0.011576796788170939	0.012701277128288144	0.011046467890169746	0.013297870867677595	0.012326624823435167	0.011890168904012906	0.01334944944978074	0.012925379027395222	0.011859072856563317	0.012567132455726096	0.012303958623571228	0.011200201005842127	0.01018410351261576	0.012130019486891696	0.01281987135348397	0.012930496478900523	0.012472804758080696	0.0109219904290487	0.012261515301750608	0.012031591621066677	0.012280186477737256	0.012248389067483158	0.012555517538089271	0.012990291569219442	0.013501591330961887	0.011068428008541426	0.01247969876380271	0.012728116976318551	0.011257547567990325	0.013293952080412653	0.010714675207401428	0.009533789605083333	0.011826572972392455	0.012308591571836967	0.013850852420039353	0.0	0.012343513656042892	0.012059500700362404	0.013153032504675657	0.012316144271637665	0.01200790639057644	0.012289620211931513	0.0120168622266296	0.012225156760258806	0.013121926947155436	0.014136310479684253	0.011791875808039169
vulture	0.01215702726958761	0.012567282080241026	0.012237294821321597	0.012001872939987182	0.012877344040192407	0.013993711923710983	0.012269765760453572	0.011794698089194457	0.012802518514219924	0.013349459231372169	0.013049482323954122	0.01292503773512597	0.013134128955897318	0.013242330551463457	0.012936745048371591	0.012749605399318274	0.012434293806209563	0.013729597152467035	0.012561236748622306	0.012695841922558604	0.012015833181367548	0.013747641169584903	0.012894001607277612	0.014218372320985573	0.012952250688531126	0.013776783902673973	0.014255923696497575	0.011904843984271591	0.012977115403625528	0.012474845956373222	0.01295158923386179	0.013030366272238138	0.013795351399497858	0.012282399072010688	0.013266935961362464	0.013244655648072258	0.012492274634970144	0.011639044281712287	0.012620006390664202	0.01334287215521671	0.01297969663641751	0.013702828573715025	0.012542909452872501	0.013821077317466146	0.013608164702525025	0.012924895201066957	0.013204164724642703	0.012503789419219695	0.012928733744725574	0.011984704285550261	0.012924379128893318	0.011671057729576242	0.012250147930014565	0.012444588339970766	0.013055871916758601	0.01304339117388769	0.012570381597959144	0.013537147522398795	0.012978038968748409	0.012286905805882587	0.012274832042730867	0.013120918011062048	0.012707583839263348	0.011976628827158876	0.011876439354068308	0.011807819913775506	0.01284060626390392	0.013069831859067993	0.011913381397328133	0.013094579377807291	0.0137752708166393	0.012319803190620149	0.012666313420477275	0.012973374672556968	0.012130444080297991	0.012489086509613126	0.01340220401614058	0.013124547330942688	0.012701086809070066	0.014186907059733583	0.013467125489571186	0.012769701566855021	0.01253071662810115	0.012657209484888346	0.013897619895059658	0.012281679994624865	0.012159537962575184	0.013464506912984406	0.012727159822562279	0.01202168121696412	0.01240344346919059	0.011752604262853824	0.012686926453622467	0.0129300856575968	0.013446588158384364	0.013707954348772373	0.012765386010328634	0.013672762192484464	0.01332319137616838	0.011379998186613163	0.012626810751209892	0.01356328522679759	0.011323923789040728	0.012657029084514805	0.011818621084766012	0.012846071560883313	0.013864896147625403	0.013109844037485519	0.013328611428617874	0.01217179992475493	0.012976869788850591	0.013385315335295689	0.012562935208795908	0.013502315674066923	0.013296269292497546	0.012980054142690782	0.012197544893966761	0.011616059697031732	0.011384574681008432	0.012663071158221094	0.012505528386953735	0.012846076745914047	0.01311139855904879	0.014130728241442013	0.012830112827341504	0.012821365072981266	0.012869016563684528	0.013997664293134206	0.013192076643667791	0.01398266959932958	0.013262449298813272	0.01276795505298713	0.012109271226606972	0.013338784452774123	0.01365460211351431	0.013427936124104868	0.013808527336944043	0.013597093252289623	0.013799161207324455	0.012823986459527446	0.013489937383771649	0.0122119346511241	0.013374296054952422	0.01196707815330621	0.013511934287612574	0.011957752200370809	0.014778103903898231	0.012428090131328052	0.012771211466222464	0.01284203899474335	0.01132704286348585	0.012805430658199161	0.013882411524618936	0.01257264937540136	0.012985691914964707	0.01268701811271821	0.012543459483230324	0.012182420934361718	0.012677030971922848	0.013743551924535772	0.013026813219069516	0.01338374649423354	0.012161818479846877	0.012645161383077723	0.012550034194842958	0.013613088376410721	0.012916839390846606	0.012630848327466825	0.01291899314013802	0.013406438282950803	0.012836500081914181	0.0133115726680205	0.012546557874301829	0.012995060982011697	0.012803050949832615	0.012887334733777019	0.012149714266720586	0.014131669283428083	0.013316684113715864	0.011680110494521103	0.013353173820408593	0.01194449714838121	0.014012790903089165	0.01272510207256722	0.014144345725049863	0.013623039801136277	0.013839444992818632	0.012456210847251337	0.013259672540905458	0.01447147489337425	0.010809808177852384	0.013446175509710286	0.012951246396832842	0.01313873207679578	0.014332213697599966	0.012013859991433465	0.012828162062850075	0.014654922605622516	0.01391652766748781	0.012931496619668604	0.013165988642203379	0.012843931602808657	0.012535079831027227	0.013079367008692382	0.013900302523528626	0.011910603788774083	0.011869390349669969	0.012923812273136966	0.012176115491454937	0.012965647769612645	0.011733943607257276	0.01320149140704297	0.012633103072976612	0.011546955183678913	0.01291566335303625	0.013438290026890677	0.012770938689011871	0.013932416404293152	0.012737812914559356	0.013421759363018848	0.011658646032242346	0.01225082344188855	0.013097246454094063	0.012694284999323631	0.012138923517631456	0.01243547909583981	0.01367630205256939	0.013393369901616613	0.012343513656042892	0.0	0.011959032467585815	0.01272995638949776	0.012018050983929772	0.012620329541771159	0.012706404031574952	0.012476142510107233	0.012148019050545224	0.013474074705777907	0.013611953881246284	0.012512393974639373
walrus	0.011661315848043974	0.012137402381788669	0.012930416961655491	0.012023993977681445	0.012913666800293782	0.014269374712511926	0.012747768623764744	0.0122870061905826	0.011914242158529386	0.0127954295374734	0.013028207951754547	0.012980490526399584	0.012489013203442614	0.012937216756118449	0.013210230144860183	0.013004033205674176	0.01294839554346612	0.013813201862484343	0.012653782109827656	0.012501303085006769	0.01277808055912493	0.014045298545670224	0.011379554166996908	0.014350618218375655	0.013269286816645586	0.013929352893889585	0.014971435803612508	0.012890645151978053	0.013274660752408757	0.013187728887057127	0.012580165133994719	0.013611187448208252	0.013463621884141812	0.011867979846150543	0.013162648951907803	0.012711950307543669	0.013104434064674849	0.01301303146444609	0.012959016897453345	0.012654701438894793	0.011967344908518822	0.013163869723420984	0.01250614448243638	0.012796389438651462	0.013707612198664492	0.013947093437384256	0.013757557430919215	0.013801368300059062	0.012421473597172375	0.012446401051376834	0.011862720091471636	0.011713332162789202	0.013291226470214695	0.013248645591836727	0.012006580876939394	0.012174415064468154	0.01241563026398966	0.013644486672486357	0.012667250735569955	0.011640230167644604	0.011484190098561227	0.01286935042695312	0.013203434867391313	0.012133878757734315	0.011687568884783313	0.013065505487622005	0.013247011114895083	0.0128092319602391	0.011693842123361003	0.013686451483130389	0.014119978860061666	0.01333546478367159	0.013863698846927928	0.012136111202806459	0.012862709459938908	0.01245175507685002	0.013360655994919209	0.013678632459361762	0.012578717535091955	0.013732814441903232	0.012903625650110575	0.012534915969346805	0.01317278525811068	0.013239637776151971	0.013856254392189153	0.012293483466861693	0.01207740560433221	0.012229099401446224	0.011912227349626952	0.012281347530016386	0.012933865632076033	0.011443606674509985	0.01233008456854427	0.012451819796703052	0.012796035463518419	0.011289354036211497	0.012497355605093843	0.013656393564860694	0.013429797639977765	0.012869520475054021	0.012293354271856625	0.013220077160708056	0.012202854371364355	0.013336139978802574	0.012076093531221608	0.013430486192952095	0.01398667354136674	0.012470648592243738	0.012839011552429318	0.012896940361171661	0.011760025243614967	0.01306469199175308	0.012520446742040782	0.013221039103311006	0.013264603117421357	0.012368510576618794	0.011980239008538904	0.012300705513550371	0.01266345436291033	0.012770043780907332	0.011525004257587736	0.012690844648172805	0.012654332427805153	0.014660419960772103	0.012349087993559396	0.012192551240185952	0.012851077144738772	0.013301429321435127	0.013515813469358874	0.012626791092432824	0.013250745508918969	0.012943945704558701	0.01154094050159505	0.012328721785599213	0.013851953621372664	0.012457723122113995	0.013530722251750971	0.013798621175882809	0.01364284746171545	0.014174837819060912	0.013224734434458924	0.011891038409502624	0.013255888899443645	0.012276887863128303	0.012105236051568255	0.012302661928148391	0.013145983010859673	0.012422999705094069	0.01348663963497826	0.013931478627511849	0.011990355293984038	0.013099945924103563	0.012645496101626066	0.012548334063832987	0.012697580337063762	0.013129384723535675	0.01264558224428574	0.011519776498730806	0.012452469922298313	0.014034230330303883	0.012777788638430133	0.012562620042840249	0.012044498365649185	0.010854378428304043	0.012423291682749851	0.012960978047997633	0.012805524284690884	0.012631810108269274	0.013419420103418307	0.012380583042601	0.013257583218778957	0.013509917140266033	0.012159415392932407	0.012216877705525145	0.012554001662272137	0.012518967748172101	0.012988907325103898	0.014210012423177178	0.01359144706440552	0.012073439532811734	0.011120162691700006	0.01240106639031027	0.01406546907531035	0.013040409836626458	0.014148299734434721	0.013488632788863466	0.012557139785587458	0.012375048014007215	0.013041227665608309	0.01259080239677504	0.012704884778524085	0.012262024851866843	0.011693436278757338	0.012967714354548894	0.01316333192036929	0.011711621605849164	0.012638720214057566	0.013335007360658324	0.012374261381607658	0.01339594505380049	0.01346680746268887	0.01255911697395707	0.012650579560050466	0.012599181756679796	0.012858496333535651	0.012509465445966815	0.013072059649414476	0.011460349109501616	0.013067666838063182	0.01164021676631412	0.012092945322770865	0.01250907879810637	0.012286387807745673	0.012493659276901416	0.013274179599655383	0.01360590043945967	0.013221886197756246	0.013579258398336735	0.01242161786983432	0.013575021093695926	0.013262819023176848	0.011867900366102661	0.013857834288802011	0.012563412665393686	0.012363961466004854	0.012660228609595996	0.012768797650810166	0.014733995484923301	0.012059500700362404	0.011959032467585815	0.0	0.01269859442902071	0.011354365399998134	0.010491717912883464	0.012333343668891725	0.01242968268604798	0.012472894121915505	0.01344664489733265	0.012674256152663245	0.01282629426393845
wasp	0.012082606362246388	0.01300207937339938	0.011406969061919136	0.012521873740620535	0.01332970694831709	0.011532295797220609	0.012566641601954136	0.01278872664539152	0.012491657087554122	0.013549519090387395	0.012923963265169378	0.013449777614504374	0.013714400893660819	0.013545782641188013	0.01136544079244996	0.011056180823252791	0.014172379145480809	0.014023987902191776	0.013461295620740298	0.013603810977368385	0.012372093262971324	0.013733430873341916	0.013002917374578166	0.014288582481345949	0.013372429979359984	0.014248661226542609	0.014816238748179257	0.011527493226503382	0.012522891268763756	0.0131621010567905	0.013917618046670544	0.01407773705566891	0.01391757781849695	0.013014702675927803	0.01150934851296753	0.013468736368777537	0.012209525221195117	0.013056873615303267	0.013879260151032588	0.013546376762028373	0.013142625088584903	0.013993068350949838	0.011362712951449907	0.013990850989237413	0.01293044070297975	0.013027703720816939	0.012392922897549778	0.012336724413522475	0.013987658523732372	0.01311802132185471	0.012075720118635738	0.013091981064476382	0.0133288682218852	0.012083570365207009	0.012563281047853916	0.01347616238694453	0.01358769863155589	0.013452137377005957	0.013322417160164149	0.013558215214381022	0.013324393613642247	0.014104210280306397	0.013653576755249097	0.011253249067620512	0.013305550637897194	0.012295782396079038	0.012971543854017881	0.012950306392349915	0.013600481725992286	0.014020820171787407	0.013697898388839098	0.013532197262174117	0.013813635957026593	0.01284223098260853	0.013417049498255715	0.013399985686609666	0.01285147966925481	0.014025135849361915	0.013300311406827671	0.01326598641494251	0.01302196342747153	0.01296797050782297	0.013618049759277821	0.013976865621277913	0.014654829982165203	0.01317495020807639	0.01388843104575492	0.013693081122480619	0.013558097673855057	0.013734258388940799	0.011938067337679673	0.013427361209429046	0.012977214688967264	0.01304988224063179	0.013881762050251746	0.013747063805315232	0.013146484931752378	0.014046757688567271	0.011902601641900198	0.011772137295010168	0.013036529941438448	0.01395921828711024	0.012908170597400813	0.013797951690993427	0.012361231760551988	0.013067569083039124	0.014622172550616463	0.011859194321134471	0.013294367131083402	0.012301333858527335	0.013324832898313684	0.013497230147825974	0.013507065933035878	0.01226546824440515	0.013622963081521866	0.013829209113002939	0.012921669235453272	0.013439195888184798	0.012872084183584438	0.013990382094659496	0.013470508045157365	0.012060658336784841	0.012553173723611732	0.013332528201451678	0.013190672898959721	0.013843061857812644	0.013966217380897478	0.012869973234789299	0.01150152888928309	0.013429443550330331	0.013333571320983388	0.013019084950519335	0.01355257711708811	0.014006979097755147	0.012225482375168984	0.013216114844539686	0.014407838187668155	0.013835838409423566	0.013791620824597088	0.013346472781664096	0.012533878966548357	0.012579304824945858	0.013653438778736387	0.012730570422372238	0.013186771470813928	0.013234471921465284	0.013843896727777964	0.013555458910965322	0.013343572404368523	0.013375689871232324	0.01325964895247202	0.013760726218669653	0.014203184614045634	0.013150145839008167	0.014320506938370264	0.012793039927125912	0.01350943674265552	0.013264470457103751	0.013565471688122645	0.014348237770146613	0.012977897831119372	0.013008676616939543	0.012486996208525144	0.013631918964150043	0.01272178407417044	0.014409244421297667	0.013529791850682234	0.01388310089039438	0.013030856053254974	0.01378045029288977	0.01331377846621275	0.013479637191930594	0.013091582806794781	0.012747723578997651	0.013402592563345559	0.012750757957500034	0.01297963383553402	0.013905351587818719	0.012291917701808305	0.013154156117803606	0.014064543454038472	0.013379983984882321	0.014475347541703128	0.013885513754000246	0.013926565008510566	0.013471460926929999	0.014048183323696102	0.012581128628424912	0.013062345392969035	0.013468280288828738	0.01087772742834356	0.013618569571624382	0.012836218469050168	0.012781404691313137	0.013795489686570413	0.012916996597506131	0.014030859053856298	0.013315642401999917	0.013370870861472595	0.012873524518860407	0.012890692817476002	0.013267993962850872	0.013427974821186739	0.012636264828134474	0.012691251450154808	0.012915356384913408	0.012872326387816335	0.012700098695626572	0.011415014054526142	0.01265233071096303	0.012842749337571535	0.011563342835270489	0.012100253238484692	0.013262577273265607	0.012908131974169939	0.012226432889667896	0.013860534168574891	0.013690654337568305	0.013592853284871743	0.012069653721266742	0.011601486461216655	0.01280681898549892	0.013683501094038191	0.013318003938426486	0.013488152063095482	0.012921950089341484	0.013684880325893661	0.014405570457304428	0.013153032504675657	0.01272995638949776	0.01269859442902071	0.0	0.012922759679908209	0.013312228215784727	0.01369077216329278	0.013659125354292317	0.013672973368924025	0.013853465674120113	0.013951868722767222	0.013003131418982765
weasel	0.012361346240365839	0.012098281899964125	0.012257392243021388	0.012262656347614358	0.01339811838397318	0.013720772888159333	0.012431702440858885	0.01180759360350897	0.010998661160292982	0.01337929190687104	0.013401349141347663	0.013066771809026106	0.012468441229188418	0.012603779309871145	0.013008646425893887	0.012556587634279533	0.012931091670034279	0.013427013000870538	0.012835368613346339	0.012407074191384627	0.012756935688974043	0.013502309676083077	0.012919581154989939	0.014370410138741565	0.011970679011788742	0.013994353808165449	0.013475911893713782	0.012215743740599774	0.013514604956911178	0.013275540125188693	0.0128902627025199	0.01392609145044015	0.013632267594610909	0.010887160364206902	0.01246930010075998	0.012654044664096926	0.012964265776052674	0.012058962564639524	0.01237487454083564	0.01227907866765285	0.01106361373712312	0.013538559848537055	0.011990061443021206	0.014221038984755565	0.013542815023915838	0.012831113118540263	0.013476968694479665	0.012811753233788359	0.012381583697544257	0.011201673575509467	0.013165246476572473	0.012270317055760618	0.012393096052386603	0.012741483689920102	0.013408336212766422	0.01175061442263644	0.012817184217016291	0.013536903125112174	0.011353638607540774	0.011125100664438533	0.012953573144435631	0.012251079833281529	0.013247224431338689	0.012656748999581096	0.011522592773761714	0.01288517411478448	0.01251628071081804	0.012951865096734308	0.012032517320306921	0.01320019743130922	0.01356147136311471	0.013194782009868115	0.01293389173161339	0.013799410283610465	0.013318214053936255	0.0124930376430353	0.01334073957655219	0.012968461675801386	0.012171520012360423	0.013824494170421824	0.013422463855429721	0.01265456968707927	0.012656791128342322	0.01255936743476426	0.013669756678474644	0.011960574308275223	0.011665446413833522	0.01254643231113893	0.012116555327503269	0.011642079911427952	0.012674560653341587	0.011243709085375506	0.01176856423365582	0.013153820948953742	0.012648517544990676	0.01342134724019094	0.012102768781214855	0.012261295150180953	0.01297342272171774	0.011995021062246536	0.011557261009963167	0.013222318330079079	0.011203556999830902	0.012870534614896725	0.01216340530889008	0.013285904177308057	0.01344133306626682	0.013476012709868024	0.012705253554047492	0.012932105537163499	0.012518789446298336	0.012977786710440333	0.011889867308339479	0.012414646039562285	0.01246677778236819	0.012403920908053413	0.012496426264110795	0.012398171753907797	0.012436196362669414	0.012440328570835602	0.012485496563962306	0.012234827552235041	0.012600214333986483	0.013757250492576716	0.01260003511847331	0.013275587535601015	0.012495716882963975	0.013081504184915882	0.013166781180756391	0.01184595436069978	0.012485539453304694	0.012212111932657215	0.011649083984145148	0.012560447440158797	0.013832240692443416	0.011811248422079623	0.01257116613734305	0.012911958159508734	0.013420745772804936	0.013569269256995255	0.013402850341354215	0.012763040892725865	0.012445409307666862	0.012522598196402173	0.012138395011778482	0.011867236472124785	0.014503881453057253	0.01175876557720381	0.012936825593096701	0.014417423873887092	0.012526420659926122	0.013614513862739286	0.013093540995524025	0.013314958442494942	0.013739079463449655	0.01305734077579101	0.013321835196922956	0.011186933151399183	0.012642943963586388	0.01403264364662238	0.012667469785761307	0.013331180503834483	0.012176803775484317	0.0117946956532495	0.010712500327948064	0.013125592152489067	0.012346292534843236	0.01193481491814072	0.012626702666470497	0.01306185147471056	0.013092404830898992	0.013567605126318777	0.010612053462692983	0.012318727947553745	0.011422179633512285	0.012650581932613788	0.012282204770094472	0.013774708670504456	0.014055058786110929	0.011413307445350246	0.012216099484162754	0.012684653485263367	0.01391314258878012	0.012188660652538175	0.013563022098413122	0.013078495088418669	0.013921151907585335	0.01323636012494616	0.01352524080193816	0.014539428545205135	0.012455655885348757	0.01349369933951387	0.013065682143144932	0.01359838532871603	0.014443974653265476	0.012717636581027487	0.012549459425849199	0.014616397314725043	0.01351430054396186	0.012434014556968423	0.013430097203094434	0.011573817711137262	0.012528231064063509	0.011955729002106634	0.013366662391026423	0.01252040194683253	0.012151712621865762	0.013445272662768858	0.01291182753561395	0.013006410486365803	0.01144400016515448	0.01335216790347134	0.013127409697695103	0.012738588590433973	0.012706539530092913	0.013980808393588624	0.01371910095879968	0.012781809986095245	0.012433158297224307	0.01399000293880499	0.012351353422347984	0.011761859752814524	0.01312351514191601	0.011340352984426311	0.01214449320556923	0.012589491615659714	0.013340278314366951	0.014219888894856494	0.012316144271637665	0.012018050983929772	0.011354365399998134	0.012922759679908209	0.0	0.012724942252254855	0.011333453347556106	0.011815828659430877	0.01284495203648621	0.013354394442689156	0.012342456526192315	0.012231233058410331
whale	0.011269940218276217	0.012121656516360128	0.01401565820502495	0.013001885032865952	0.012999519203351342	0.01420877299768931	0.013109899288392686	0.012683081762517097	0.012893185045176605	0.013150993002257368	0.013011415239903942	0.013540762265193991	0.013146690294526153	0.013688248927579466	0.013769922921090938	0.013899925148973268	0.013084392678724723	0.01359001222003003	0.01252589885991177	0.013317441774578529	0.013461224380291216	0.014361289498771206	0.009769620913927331	0.013924104551261602	0.012759730861661774	0.013893870151204735	0.014511643207045859	0.013320697365434129	0.013838457631970856	0.013024668823574927	0.013043139066266694	0.014081777367642904	0.013392609531073199	0.012412629341460438	0.013201668826478758	0.012350419677385736	0.013355926850654343	0.013624442426325599	0.01323725612667958	0.01281032000263592	0.013390693705511197	0.013202083927493327	0.013454849856463766	0.0125011520294849	0.013444619323206987	0.014180277607879328	0.013844311503866778	0.01389841106520518	0.012312492931629282	0.013292142275099353	0.011543682619593619	0.01137690361855843	0.013614891524463164	0.013638661230356086	0.011806381042841738	0.01351576571300689	0.012213167311183725	0.013948294581155962	0.012696904899095689	0.012264770484405172	0.009553731475655827	0.012731868670017467	0.013151503097630959	0.013066983270173265	0.012320427491760308	0.01364026730969224	0.013213108639307157	0.012453308587295129	0.011659547001482815	0.013787132908694733	0.01390425028573882	0.013750381979694965	0.014015817747285829	0.009783871984668173	0.012550443163469508	0.013393285431236461	0.013238712718828996	0.013383911806081204	0.013020029722734514	0.01347074780573761	0.013861231814734832	0.012898093232377238	0.013619417643348213	0.01348933849545836	0.013510623912114564	0.012674550560226561	0.012382146661969084	0.012435925674088124	0.012934997542278172	0.01263370672765021	0.013781984006304102	0.01168682956028214	0.012639157961471699	0.012425723967213554	0.01272522123654249	0.010934018702771662	0.013202499192640502	0.014156935032881473	0.013304909001093625	0.013417150942690876	0.01368646447273317	0.012990781953168398	0.012241920174137643	0.013019999076824712	0.012773207758080425	0.013717939238990706	0.014483807466867959	0.011591775573447064	0.012806499530685094	0.013558548527655952	0.010185788518037107	0.013071737262140014	0.012793606494427973	0.013865327634116282	0.012965240147552405	0.012826996836613688	0.012503908922056217	0.012748872045385854	0.01301554579477398	0.013266039502699086	0.011434243881482661	0.0123937049045248	0.013322663914432254	0.014563541424195142	0.012647946437234336	0.012380224397444817	0.013064682843332372	0.01440468993890106	0.01359373270317673	0.01308908849176026	0.013402630841048617	0.013340151437607015	0.012441223369691137	0.012970999239645847	0.014368291688179958	0.013055847774608354	0.013860082693228035	0.01328451740144946	0.013704052792458017	0.014190707880671288	0.013598177392660987	0.011979286774995504	0.01360844127757448	0.012759523063399204	0.012440585187683881	0.012908581120180635	0.01251299441921969	0.012738314979873879	0.013460068322511964	0.013689862080163668	0.013166382934335395	0.013170535679981244	0.013969709544911623	0.012191638525781381	0.012838084144726526	0.012922926357439614	0.013059810888053483	0.011687455123131503	0.012503318909596358	0.013781310309957193	0.013004707712208718	0.011813508888710151	0.01253327608742393	0.010961538376503783	0.012933447505166491	0.013193777717464963	0.013567998359555071	0.013505639429015582	0.013358944420480549	0.011677593849132884	0.013692456857851072	0.013786718553450235	0.012428436811733234	0.013101364585820108	0.01245449379532652	0.012848450287104123	0.013182028603759555	0.014348682019265827	0.013472570877124184	0.012793232545938768	0.01133640653829106	0.012150719526059481	0.014614434311941102	0.013040544417206448	0.01427221479875218	0.013456714780176425	0.011421238881773321	0.01304561998037907	0.01193658341967527	0.011670450467586585	0.013193349114120838	0.011841110201903055	0.011266266408243922	0.012612517864283244	0.012946573954857014	0.010263709760869464	0.012486672394266202	0.01331662297318402	0.011907797656654638	0.014049648246062535	0.013271176265043497	0.01352687855250111	0.012944495675157295	0.013257928287131989	0.01313657877885379	0.012659200654972926	0.013071657843238467	0.009730668375193258	0.013543383993586544	0.010993379574622833	0.012724912305968046	0.012173336865989363	0.012206145048456319	0.012982523530738022	0.012955684630533799	0.013954837562046381	0.01329516918731696	0.013576506930152993	0.012785883361318404	0.013993395527377944	0.01329036496425654	0.012198663659951118	0.014016832738291995	0.013093836011095164	0.01282280538592159	0.013288426678129737	0.012858683360010581	0.015025286142637833	0.01200790639057644	0.012620329541771159	0.010491717912883464	0.013312228215784727	0.012724942252254855	0.0	0.01227108049910452	0.013251742355320763	0.013438493183892144	0.013920026836943237	0.013735357132455725	0.01273472305478615
wolf	0.013350978712519916	0.012749416444174997	0.013462070631142138	0.012864559063978593	0.012958307502577673	0.015003262389341075	0.012845183962131159	0.012589050982237535	0.011320271544839545	0.014039293572201022	0.013586342454163071	0.013832981181081299	0.011595627149842396	0.012299139530771113	0.01365528375534581	0.013518522409589215	0.01298325352915888	0.014021474231600724	0.012254241250050323	0.012311943977362984	0.01234067160389162	0.014249739249252163	0.013195697676189692	0.014043801993292117	0.012952094380526828	0.013122395562700064	0.013607229702457212	0.01300288966467415	0.01355984413813059	0.013819764566717662	0.013426884106911586	0.014369099847178936	0.014540261874183075	0.01152278231182078	0.013473868270064677	0.013802152225994372	0.012594103752004395	0.012297918508892636	0.01390495591880459	0.0135122196596957	0.013094659066090404	0.014161771041632241	0.013033056144634706	0.014895560895943388	0.014412469122814757	0.013038852985150841	0.013737513395722352	0.013252916164727235	0.012797271881585599	0.010922895926403076	0.013421903115697282	0.012598669324843296	0.012242501103612137	0.013057284088103284	0.014188369181414702	0.012731352422846908	0.01191208413671486	0.01377601473484837	0.011934570372582925	0.011596131377116783	0.012945935429334707	0.013257227639602697	0.012597099489742889	0.01321739144108538	0.013029772107698154	0.012008014354755913	0.013758570659007383	0.013680445751137176	0.01179508403380923	0.012392692132289614	0.01434546631880438	0.012784029608107437	0.013661575935467081	0.013716337560768364	0.013376420838756935	0.013436094375294598	0.013871445885337176	0.01206393869952287	0.012867416038476756	0.014568419346433461	0.014257733276345712	0.01291747371062017	0.013298564658047756	0.013742069485038649	0.013383430001782114	0.012291486145134095	0.011558374042961497	0.01362666203057843	0.012466512863202363	0.012233598627193285	0.013157096695292986	0.010636215771758932	0.013298192828045341	0.013328904271507657	0.013560807722380164	0.01388539696665828	0.01279957299612998	0.01225402703226406	0.013844977835563347	0.012212532924482888	0.012342014322593384	0.013300039395470706	0.01111367465206243	0.013154099301888173	0.013036887092077613	0.013001156676407267	0.01280616193664901	0.013916955901628695	0.012657863768173622	0.013388862446564023	0.012842155614991968	0.013943827161124894	0.012479065072699405	0.012885277956361376	0.013088383162771637	0.012480392887477732	0.011780367637956344	0.011338335802570132	0.012811342040385445	0.012857669501199088	0.01318050957145249	0.013007857337450109	0.012789810694532684	0.014064055594268952	0.013377209930156382	0.012913770525999837	0.012492715987480316	0.014103049447265044	0.013751522423009498	0.012531676144516916	0.013144472657147386	0.012486583763783192	0.012082777597095185	0.012659724062049692	0.01421103684321087	0.012553986129591696	0.012872989112123171	0.01348577551275322	0.01359209096915828	0.014123300281099854	0.012951940830485538	0.013180868712775335	0.014089411222862336	0.013458612307921931	0.012215227031341926	0.011322561725720603	0.014284921828842641	0.01189234157558273	0.012233126754902157	0.0145742174712687	0.013586345452683753	0.013157495310175063	0.013447279422459277	0.013257695629453236	0.013082968089545045	0.014156130220192527	0.012821793962427814	0.01233020017888121	0.012892934381529665	0.01363303491432509	0.01302703929179157	0.01392779408292689	0.01322506560967375	0.011754370798245477	0.012028934755627102	0.012560886817574429	0.01254020772542364	0.012851783076870031	0.013069317091245907	0.014319614216155836	0.01325328611909127	0.014157018485505294	0.011148904198518115	0.011986227880294213	0.011419965018559847	0.01256214457206061	0.01125324195925489	0.013322725509851887	0.014328834738230998	0.012862891703890458	0.012579697257704312	0.012470328629342522	0.0135357041187288	0.01221202386719242	0.01412670810043586	0.012754400399858368	0.014021019950288038	0.012982282090027013	0.014155858828956229	0.014289288705131804	0.012191200983453849	0.013564346430366667	0.013522194160391004	0.01371825440566513	0.013800904670231501	0.012513350247304126	0.013199909509363443	0.014658716267219212	0.014659126469764059	0.013648677592016536	0.01412493445720096	0.012876289457396637	0.013014406376368021	0.013615863956715584	0.013615789115104629	0.011860510159308184	0.012275464768967754	0.013700347005843837	0.012595411064045896	0.014060439956905486	0.01198608739615187	0.013527692094557986	0.013254916111939857	0.013128024843595576	0.013208126882200744	0.0140053835641648	0.012969394664740088	0.013943984411316628	0.013128849110527736	0.014720977441659695	0.012636531093900637	0.011375252716267954	0.013797285242837631	0.012576224683593016	0.012550648220976407	0.01399371786698166	0.013602325754445376	0.015279301708388	0.012289620211931513	0.012706404031574952	0.012333343668891725	0.01369077216329278	0.011333453347556106	0.01227108049910452	0.0	0.013200106028327581	0.013690427963870268	0.01371518584019433	0.014114784298322055	0.012163642672063355
wombat	0.01257022447693203	0.012309790439605419	0.01298138391150215	0.011923553097142475	0.013070676100078059	0.014312923811316866	0.011894451245289704	0.011447822872416604	0.011304689167248125	0.014060253829942066	0.014240624753197227	0.013116281138979677	0.012496991148014256	0.012829976550427896	0.013097012609481522	0.013031580676350187	0.012703260119639992	0.013177080437737663	0.01330473848148222	0.013145937717743823	0.012675358403012817	0.013476456551450956	0.013051695667806952	0.013752022086947906	0.01300583462867795	0.013491616293117854	0.013323880041660454	0.01325013257038264	0.013675847184483104	0.013507783611761932	0.013087551099423585	0.014533970272246727	0.014371013570534868	0.012709217406849008	0.012796892681909033	0.013436266786708206	0.012510666996330274	0.012464652254940718	0.012731335159493096	0.012198646891611068	0.012416050980336076	0.01355490291831434	0.012841227201557863	0.014893228973840917	0.01367268078463202	0.012882807221598503	0.0133807015866112	0.013006069138348442	0.012555978611692957	0.01209217281982211	0.01371956846475849	0.0117816888439299	0.01252583567351971	0.012402295423062143	0.013053787724465802	0.012183026857301976	0.013053831809754274	0.012926169478303252	0.010148389945131904	0.011799966736401536	0.012646777977666262	0.012284397208801128	0.013356363398154651	0.012303732695273309	0.011446083986633966	0.012918326768168691	0.012398844959016114	0.013474881817339197	0.011453007556753936	0.013725752194468152	0.012235163129988725	0.013515782057880161	0.01243758046954022	0.013958626232273237	0.013003862802495965	0.013049462417507023	0.013800167473188968	0.013024872785639678	0.011895205925513533	0.01383515604169566	0.01358042868404576	0.013379988390565032	0.01254014304942748	0.012238264209691123	0.013918909742154317	0.012037634882808042	0.012244789765468523	0.01282968927659318	0.012428159754748947	0.011918220653928615	0.013127807500052985	0.012547604123549338	0.011872131934715282	0.013470076876232489	0.013966363002493494	0.014220273729286376	0.011966910712404084	0.013053858228432335	0.013275783933552611	0.012754744185384224	0.012418024217892405	0.013325989863677255	0.01216259011942473	0.012998388738276774	0.011951533924583818	0.013711879942101277	0.014218519422039621	0.013040901713258305	0.010632730597245777	0.013150362265136382	0.01283472457627694	0.012122687585458052	0.009601775743313803	0.013282664716839046	0.012790500868126008	0.013024625907879495	0.01298742632601838	0.012673470863735293	0.01207247503210808	0.012925405962129252	0.012709676845901715	0.012381137228815538	0.014028185138156051	0.014859743693946109	0.01267446775575586	0.01249199818873822	0.012403980364943036	0.013032657630888948	0.012701166812091786	0.01370505157256964	0.0125568824620997	0.012589248784605402	0.011814451074334235	0.013169656793897899	0.013995507235854989	0.012205305468650228	0.012844568419594244	0.01382594813272093	0.013217322916420336	0.014125960014850556	0.013425243245402636	0.012791667230469692	0.012818779289693294	0.011975743053109498	0.013173290119207813	0.012055531806316886	0.01365362795621701	0.012364516811909188	0.013816981382378635	0.01354482660534283	0.011956366689227206	0.013053157477284643	0.012943731904407056	0.01228875063859737	0.01263670147185727	0.013674414613465804	0.01298356676708407	0.011598976458847977	0.012310091003054278	0.013870414227236576	0.012958766198214892	0.01387783545381465	0.010426488760035319	0.011982734924478544	0.012451199873206618	0.012818424553627021	0.012712152878344792	0.01283321181407743	0.012214074522026407	0.012596166506143973	0.01398246663716303	0.01248111176511327	0.011406814216342239	0.013458199224553864	0.012081707568896548	0.01265542880701692	0.01264960228660721	0.014237538850360358	0.013936517102542812	0.011407165594391271	0.01265513881181458	0.012708187939382358	0.0137747259446514	0.012484745451509325	0.014374061521917834	0.01317489925351306	0.013941664560511895	0.012821817535975713	0.013140495420830664	0.014146100246938185	0.01322333170007251	0.013552835494952762	0.012308561705111016	0.01287905161234995	0.014107183946925131	0.01260045780705474	0.01292355451321517	0.014172305009478829	0.013839758602972662	0.013241303840448844	0.01402658993095307	0.012368972180494025	0.01232017164747186	0.012704271023255666	0.013060513124669581	0.012338640379675884	0.013138848793868965	0.013914087803962123	0.013315876909706275	0.013616390190211866	0.011037024332241003	0.013011800632980939	0.013153328356113811	0.012700034423816042	0.013297301196269326	0.013795303536018202	0.013164846822003022	0.014111073415680502	0.01256914378111222	0.013107312204870589	0.013148238026692434	0.01248739677181305	0.013644107135832766	0.011354658823135659	0.01270886786192449	0.012062804496961932	0.013860718470656166	0.014881810410379384	0.0120168622266296	0.012476142510107233	0.01242968268604798	0.013659125354292317	0.011815828659430877	0.013251742355320763	0.013200106028327581	0.0	0.013211780644533891	0.012774912527419004	0.013672878335483564	0.01249147195615932
woodpecker	0.01208245074217174	0.013043310203713592	0.013352572766385642	0.012409583145481929	0.01359085058326075	0.0132751139747352	0.012834068335082709	0.012970594257843845	0.01312110249642975	0.013016995224544305	0.01381916360897625	0.01314762203280765	0.0133603603373625	0.01337214240080926	0.013667828083963109	0.012968287382094448	0.013227489429992528	0.013596653800760507	0.013622528707017129	0.012741417908170292	0.013027291646654149	0.013669776738075578	0.013196397008896979	0.014091200226892663	0.01379432490410473	0.014616392598962628	0.014447443869784056	0.013372181193742689	0.013781229813219515	0.012854600670813754	0.013463891327472102	0.013508015471343044	0.013471631050441501	0.012677901848666856	0.013389615859001568	0.013402000053406074	0.013906264403030959	0.013898626190280714	0.012881272684684171	0.013758191453464725	0.012559944015824007	0.01340767164105593	0.013173007804909613	0.014400805802918687	0.014458531238931769	0.014038152268256632	0.013186973253891216	0.013883159507534833	0.013540319613015956	0.012959547998483388	0.012814073437439365	0.01325407917586509	0.012964402107773896	0.011753677867860728	0.013266946781063414	0.012771934886848696	0.01300435080569976	0.01370952030339799	0.013885547044773032	0.012464686349654506	0.013021773530761139	0.01329434480726661	0.012909448948882456	0.013394614096919095	0.012149930795229065	0.013319979803957261	0.013318806591510643	0.013200361049535737	0.012572368060840881	0.013961212376521748	0.013474825803046615	0.013731820047731063	0.012841119510984333	0.013595451936256768	0.013014138417111777	0.013201027924016452	0.014297560109797016	0.013906471930714027	0.012014032030572814	0.013977724193228984	0.013774652897606727	0.013107257705557786	0.012452929903421082	0.012171114085391135	0.013976248854288999	0.013045067613200047	0.012818986660266221	0.013065836983458989	0.012404455672599304	0.013425840473261714	0.01330784054935496	0.012748618556598326	0.012910280953907005	0.012665858109932777	0.013329419598756472	0.013598582797949088	0.01268764252313915	0.013796011482352724	0.01372818669796941	0.012957289384683643	0.012823284444189858	0.013550445550791813	0.012528485997500689	0.012755083327886621	0.012613750337436147	0.014351524978551305	0.014070217180565161	0.014057234357347919	0.013532132486203441	0.013023609463206354	0.013546458521460412	0.013717337500316087	0.012816472754226442	0.01365558838744607	0.012906924629336756	0.012687536459305218	0.013254807771271148	0.012983190578256176	0.012915535389415778	0.013362478285513226	0.013200854480691342	0.012549710938759985	0.014019652024297904	0.015097051751651958	0.013344178120420169	0.013499232597561073	0.013147347815798634	0.01414561497044982	0.013507617532547289	0.013425128729067431	0.01363669591963159	0.012910006327350992	0.012539823616884709	0.014399562829157088	0.013810175703294682	0.012598315302733611	0.013759612148386667	0.013019464704054547	0.012848226238910361	0.011728593801725903	0.013608184034471211	0.013207916556754155	0.01372687411833661	0.012229573382296733	0.013184373304823133	0.011889812344129922	0.013921360558556323	0.013157218937861205	0.01349720827381891	0.011664090304013696	0.010914168068334361	0.01369614152773086	0.013321051388464622	0.0130436291108798	0.013850085071557154	0.01206523224443024	0.012330169077427013	0.012403761276426523	0.011389454005273573	0.013905603992351872	0.014396064560953154	0.013217183527261176	0.013304210901995215	0.013380391301635623	0.012382019787718879	0.013381388734336412	0.013395870777698451	0.012988584050283958	0.012871733160352799	0.013023815756810024	0.01407064636524433	0.013948926396842809	0.012249849006463769	0.01373975571951027	0.01303662514267575	0.013165592469973826	0.013790889242578635	0.014376667060908737	0.013386668310317896	0.01241630844827543	0.012932656366381792	0.012701753814935659	0.014522605837549014	0.012995114554164511	0.014044221020402951	0.012741128630319338	0.013828811561656608	0.013736110232431016	0.013261714206410273	0.013892794787089813	0.013935430879011532	0.013241539050015176	0.012921056321140824	0.012527553823103641	0.01388749553678802	0.013327790535695019	0.013492121622148663	0.013909872002030697	0.013195903177366426	0.014453279414789822	0.014213989453640325	0.012560792165777832	0.012562463880441794	0.013997124400739445	0.0130877249157729	0.013271835835646397	0.012226689453689472	0.013467081392043343	0.014048284389431858	0.013669040900588212	0.01130991569961047	0.013662849150664236	0.013364905979281949	0.01185206724449029	0.013095300658211908	0.012995037761309858	0.013802089328378071	0.014238501414236089	0.012329753963871957	0.013384763926979473	0.013158777633435467	0.013486988851102938	0.01232218900337001	0.012161214427084528	0.012365368616167416	0.012288525352136998	0.013176425402839706	0.014082670263322425	0.012225156760258806	0.012148019050545224	0.012472894121915505	0.013672973368924025	0.01284495203648621	0.013438493183892144	0.013690427963870268	0.013211780644533891	0.0	0.012986711896300747	0.014786262017921922	0.01379287107864456
wren	0.013106860196406183	0.014326641955057527	0.014081580013458977	0.01366710195130147	0.013946100591864536	0.014653129941352008	0.013622845274287105	0.013832600612942041	0.012600540449430044	0.014103446930179111	0.01406042597711836	0.014126500746203115	0.014398403403232604	0.013685490960907074	0.01374491414104958	0.014409906619839284	0.01455709813237159	0.013636879309650029	0.013873552400108522	0.014495238100649762	0.012348888414892985	0.014183155141280823	0.01381690277440514	0.013985156744523075	0.014328233726044515	0.014344817032110577	0.012832677554759284	0.014051103933942393	0.014176443531098228	0.014346157983456773	0.014681071994763166	0.013771051311617677	0.014962455228050415	0.0136014958349913	0.014137645384396425	0.014993017645863917	0.01449733890249822	0.013918645238699505	0.014431002065170714	0.014419286837873078	0.01315298266554666	0.014792068089295752	0.014313871548708819	0.014210435171549334	0.01456837288198737	0.013938729497240144	0.013714862324613395	0.013668340389478997	0.014660060272408853	0.01403534598623884	0.013878225520761683	0.014085149157440007	0.012433742823204523	0.01240952245780636	0.014376023018868107	0.01396287614582482	0.013857857129682733	0.013875026552668493	0.014062840228251921	0.013776713300780154	0.013641796782126608	0.014857264784624577	0.012603042948553678	0.013477597804558105	0.013148262884383104	0.013399051371591189	0.014564277982279338	0.014395380384080336	0.013628749362987715	0.01415569291394404	0.013469991204485663	0.013520506055097114	0.01092214784035251	0.014173687355390844	0.013917594987376734	0.0140539373799585	0.014540133777597237	0.013600585290083109	0.013414207436911678	0.014216266264271972	0.013939783187797762	0.014161956881814737	0.013191054787256476	0.01367389124445545	0.013320262839042639	0.014260975078241138	0.014171379476508874	0.0142076738329224	0.013166060205831219	0.014442649610846488	0.01326066488577433	0.01384446134105684	0.014227314446314287	0.012180934866495763	0.013731858781467467	0.013994630020773667	0.014587607177042146	0.013828821823854294	0.013607850136974383	0.013113794382392557	0.014045194775767045	0.014465838386635257	0.013825930158060327	0.014041658066632259	0.012466905494374576	0.014488381915277843	0.013926713397061917	0.014348950968647045	0.013878046568392997	0.012169674031888976	0.01429348503668104	0.0131815402077546	0.0135332738308868	0.0144910445308584	0.01357463704349268	0.013052283378869973	0.014563317404664282	0.013847011355802852	0.0138719710971467	0.014009636857569598	0.014161139908464999	0.013979057137259379	0.014063969475023553	0.014566478527778886	0.012287789459379226	0.014253195337575384	0.012914097139859788	0.014218807202167475	0.014225170974597731	0.014300091087386115	0.014063076267137743	0.013510733450555298	0.013930089051539554	0.014647998333872208	0.014267558849881415	0.01378090103726265	0.014397718094731742	0.013670733621132674	0.012105241374605093	0.012397140486347713	0.01378129547722405	0.01390637491849702	0.014145855521138461	0.013311369393870056	0.01356509114284703	0.01242863710945708	0.013203284990193846	0.01445505559897939	0.014805041881768989	0.01298799172635831	0.012810175120584006	0.012322159761034377	0.014286254617689988	0.012747379575169528	0.01321485697993512	0.013857311898642376	0.012912898467277665	0.014326572735033984	0.012648175288538304	0.013142066257797598	0.01486565874132074	0.013799407813590908	0.013754098461774772	0.014054302773194426	0.01335627130991429	0.014126489248896033	0.01416882687023753	0.013706226019752547	0.013126080414773382	0.014216486168962497	0.014313026043687034	0.01417400557857882	0.013655606835698055	0.013928788199949929	0.013990630264250497	0.013200209216597763	0.012498330246450466	0.014647760843568215	0.013345151382910765	0.01404343529809617	0.013830873060075542	0.014573148241302156	0.012943788391533007	0.013805583527436806	0.014171089753619335	0.013349912305989602	0.01355718270166737	0.01439703322141438	0.014228512259703388	0.013754863710474083	0.01399773275184539	0.013878392759311502	0.013970466461692381	0.013483355405817986	0.014046736501088165	0.014407998758225446	0.014381575470011612	0.014688806443901288	0.014611327769826994	0.013812211471039424	0.013930423615647234	0.013854230732501402	0.014040396003052503	0.014349748487062356	0.01455650459112799	0.013904031975002172	0.011464859358203286	0.014672420526315238	0.014292951327865414	0.014451993879142467	0.013001628463239401	0.014184601281226695	0.013879558161304569	0.012996310474301024	0.012875364193635741	0.013958455693057576	0.01238407716383639	0.013049623829020257	0.014310614521370717	0.01397433499336643	0.014300653236544319	0.014155850363491545	0.013200740802200326	0.013497398053109323	0.01392279256926835	0.013528834258142828	0.013858815881479138	0.015311673600588114	0.013121926947155436	0.013474074705777907	0.01344664489733265	0.013853465674120113	0.013354394442689156	0.013920026836943237	0.01371518584019433	0.012774912527419004	0.012986711896300747	0.0	0.014850643236570715	0.013775346286533829
yak	0.013002449622759107	0.013557039183842204	0.013806451111686442	0.014154175905549453	0.013554833105022873	0.014192127672504535	0.014178349973870621	0.013823723569021801	0.013578201721573958	0.014186649261571706	0.013997155651006002	0.014122121471952147	0.013733901959559735	0.01412627108695124	0.014056241378497923	0.013316407618263184	0.013977032364607511	0.015155581508060248	0.01329059968633847	0.013567799389471127	0.013655722999222788	0.014091303670313296	0.013791632957840631	0.014287549661814298	0.013801496536311273	0.014245519546550843	0.014783299135000039	0.013927503698853682	0.014580438761632468	0.014265926739181858	0.01281262968215144	0.014764183224055063	0.014020700536581807	0.013467027909770068	0.013970395597672668	0.01418200984329341	0.01501718434629053	0.014113988811199192	0.013521834208992459	0.014281300430303403	0.013164530705290651	0.014074176679930592	0.014264976282881694	0.013682956783708176	0.014273011049308247	0.01464658379420079	0.014888356148402632	0.015153377526833151	0.013207937528150415	0.01342128364282591	0.014161014174621464	0.01296914905964308	0.014378752296451011	0.01373074664703392	0.014757403227859622	0.013455189337810263	0.013295191619821272	0.014598639075788051	0.0136565319636803	0.013149912288176248	0.014091427973072078	0.013527033480631622	0.01404752668051141	0.013067733457670412	0.013040474333240484	0.01349985750639371	0.013968115285304712	0.0141951704769692	0.013267732822768535	0.014178045673343059	0.013662707403956031	0.01366949672800631	0.014631514441447075	0.01380828828210731	0.013893921392551188	0.013995315806641815	0.013664671385122992	0.014513081354749107	0.013986894762978012	0.014856372538398405	0.01381487874819694	0.013041936723185411	0.014394294321307613	0.014558219804881622	0.015065280458058281	0.013183259770037157	0.013103549271832264	0.014051699785822453	0.013421669183427933	0.014198349760253208	0.013530092261852415	0.013736392717075102	0.013503646860924758	0.013165614855418435	0.01445632591773706	0.013518087258916966	0.01379457986406612	0.013848089904799086	0.01413930847947417	0.013296466890325756	0.013631047717888282	0.013565548492777859	0.01331272314822446	0.014394930663441156	0.013526247085362469	0.013387904757475772	0.014640732797023185	0.014423643086694655	0.014393254682704852	0.013941887452272728	0.013868892608239997	0.014225945465184228	0.014008290528299399	0.014082341993062913	0.014059979924019497	0.014169665625335857	0.012738580829954833	0.013984783765020634	0.014057301745677701	0.01273170706813029	0.014307509774650597	0.01382886678079187	0.013449008683227327	0.014752641132347578	0.013815777529177897	0.013816687338417682	0.014074262477183477	0.013952750861445784	0.01431214875687581	0.014127910642974008	0.014663268158674884	0.01411373883967138	0.01332889798355927	0.013706309522115838	0.013732398312304874	0.013773633470474316	0.013590324515064372	0.015288055290947778	0.014308867007318678	0.01483721260637221	0.014058082396532199	0.01412106760366675	0.013733064200605848	0.012953407759892	0.013360934476584665	0.01378990464878446	0.014797594940065526	0.013171039552505695	0.014132616801521914	0.015177221132896782	0.014146754046231542	0.013970883139717803	0.013787531637636442	0.014081346681021845	0.015017171494864999	0.014480519149677478	0.013786383274910625	0.013296021844147823	0.013854678607974378	0.0148812232018315	0.014161271630117371	0.014437354024469683	0.013924739739998073	0.013608273142132046	0.013255187073672672	0.01411260913152878	0.013428695347827225	0.014344173171091774	0.014485863843619176	0.013925404210738259	0.013140230178527213	0.01402841982230891	0.013578541939857983	0.013922879146109188	0.013921439115400272	0.014219333640418412	0.014119294970396632	0.014885533479079577	0.01480787469237229	0.01359247196722042	0.013084792630654684	0.013043972718966713	0.01516468664503059	0.014212434483985974	0.015071745150580263	0.014125470298054783	0.014026428250450376	0.013892399448071087	0.014655498156247797	0.014755714165824874	0.013232581917430439	0.013963441497022553	0.01410462382451506	0.014947488790539617	0.014434909402634043	0.013844217347356297	0.01324824142320225	0.014865607346907535	0.013573390418883481	0.013500043303111546	0.01295265641266801	0.013611699152828935	0.01406739996843613	0.014093146132313905	0.01427853851036104	0.01407476996133459	0.014448809980284914	0.01367853915226896	0.014387139992659455	0.013937177920127074	0.013810851703311932	0.014743838468965542	0.013683237560997598	0.01329263069788089	0.014044772762793378	0.01449998459633679	0.01461627615810968	0.014488520086492283	0.013474475437223401	0.015353042644391387	0.014422819842778139	0.013146623595922311	0.013880621231888247	0.014335148344611788	0.013854461016350376	0.013895973658466072	0.013924980175634599	0.014310873380993162	0.014136310479684253	0.013611953881246284	0.012674256152663245	0.013951868722767222	0.012342456526192315	0.013735357132455725	0.014114784298322055	0.013672878335483564	0.014786262017921922	0.014850643236570715	0.0	0.013639648964981335
zebra	0.012293031662208005	0.012230934213941985	0.012502105263174253	0.012849365723527559	0.011978200113208408	0.013882710497984714	0.012557757081964507	0.01175693622461836	0.012629218707857475	0.012979693961102698	0.012829037978705661	0.013472625833618664	0.012920788996349533	0.012993534256180881	0.013031246365023461	0.012938700403865532	0.012425370874692854	0.01376594146551054	0.012259474111174014	0.012537320349994689	0.013293663817901914	0.013143516487482153	0.012339763990721479	0.013531607457455972	0.011633771604580847	0.013190421535014223	0.01462480694577004	0.012582232320688648	0.012658461765613837	0.0124286592872331	0.012220910157581004	0.013833257389514035	0.013823647801118465	0.012214857901016427	0.012810429242280302	0.01249667605150586	0.013165876285508098	0.011528485014118937	0.012771205729460815	0.012427750646236229	0.013557447167647296	0.012795069178860035	0.01198927464416691	0.013593566809935525	0.013285817053760711	0.01378847326206885	0.012820018706491833	0.012623699367783257	0.012682578820878396	0.012205425923555195	0.01268315417156458	0.011260546977740699	0.012967299477240395	0.012196140717406524	0.012188661801541005	0.0118323832679582	0.012953924390207601	0.013253885727015897	0.011841817227704894	0.01199802606676913	0.011619154299774668	0.012661524435166582	0.012717316065138264	0.012883915110048138	0.012642358134292184	0.012722972803368128	0.013474551257752763	0.012690756777127318	0.01127706668789349	0.013332942240971766	0.012695038459998658	0.013426382025373662	0.012729144499464629	0.012469655749384379	0.01186683806741691	0.012932830249596962	0.013578543540063916	0.01346331515489977	0.012036569330827734	0.013344727080380729	0.014502216357767717	0.011887902521543205	0.012565448548807591	0.012432801516567213	0.014137437148140865	0.010146735833596487	0.012365630344298238	0.012371731204252754	0.012999584118124234	0.011519404799323533	0.012417389663847226	0.012235229386227573	0.012370239329812656	0.01348311779188077	0.013785289541462114	0.013551028885035519	0.012347728515732412	0.013291801799192255	0.01321025044248047	0.012445284958885439	0.01285733030783118	0.013141391581139172	0.011480508276594602	0.012355071622463298	0.012612931895525935	0.013290388491648883	0.0134849265392518	0.01253955972112588	0.012535790823988433	0.013170555785725497	0.012564078635305	0.012688199484628824	0.012179012000145886	0.01311173370970501	0.013116683968885075	0.01344965878517096	0.010692141197555466	0.011662654257282783	0.012577060076546407	0.01259915664624176	0.012714445673065997	0.012284256475748847	0.012843633984626726	0.014543536971867128	0.013330551096338537	0.01259795190913738	0.013125460758992149	0.013469793291726602	0.01291267497269145	0.012565883546141916	0.012982528125416688	0.01209442591682288	0.012180361150067487	0.012966173073027271	0.014189637027744095	0.011917423875744893	0.01288783251827536	0.012976878022968454	0.013602372223160448	0.013802760666447289	0.013616785747916159	0.012374772545332475	0.012193549830047496	0.011712567228277505	0.012912406422592107	0.012403413794070834	0.013110094106595076	0.01218546528726486	0.01278788433169777	0.013286667923474972	0.012513268054949796	0.013204553767954263	0.012772531404758779	0.012204509598058822	0.01223757978939503	0.013425027746421831	0.013196437113215357	0.012612576360701028	0.012577053054538594	0.01420512974374519	0.01220634170880417	0.012971603631383959	0.01187730228732325	0.011755115142059364	0.011757219738843765	0.012959280486778644	0.012230749676075157	0.012906418001849615	0.012724595894995607	0.01294315971233094	0.012753569529486562	0.012761679222105613	0.012089308700188556	0.012819024402811373	0.012504438124928009	0.013027720051681006	0.012572032659584453	0.013354904482190764	0.012973537202835592	0.011694680606340413	0.012964877313996563	0.011660577967567903	0.014033552697528236	0.013288706893321322	0.012954888564878825	0.013170277776724486	0.013648971622668283	0.013762970345150137	0.012483392697007782	0.013394730192260928	0.01221406079800883	0.013128744754442857	0.012276690691973728	0.01291426506654094	0.013514092375050645	0.012014953805023184	0.012596154455595641	0.013740799281906102	0.012715416083662882	0.013738910760817576	0.013052068526891168	0.012606634774065411	0.01282567526413283	0.013223002007605273	0.013178180702668066	0.01259393329764287	0.012447803567279916	0.013125054477223707	0.01266700375154134	0.013254488044825754	0.01226630403418868	0.012456746712950786	0.011893411602824913	0.012555054096029281	0.012817227221128444	0.012487672740848993	0.013331847514550643	0.013323959918381631	0.011644381613923267	0.013521903814550358	0.012468801950202795	0.0117736719442208	0.01368174054462296	0.012228604040810512	0.012129631176631985	0.012062678780792969	0.013266082872118804	0.014356854464797834	0.011791875808039169	0.012512393974639373	0.01282629426393845	0.013003131418982765	0.012231233058410331	0.01273472305478615	0.012163642672063355	0.01249147195615932	0.01379287107864456	0.013775346286533829	0.013639648964981335	0.0
